    0.0000000000E+00    -0.1893725234E+03
    0.1000000000E+01    -0.1850740714E+03
    0.2000000000E+01    -0.1814586631E+03
    0.3000000000E+01    -0.1782386124E+03
    0.4000000000E+01    -0.1752954241E+03
    0.5000000000E+01    -0.1725651527E+03
    0.6000000000E+01    -0.1700072228E+03
    0.7000000000E+01    -0.1675930765E+03
    0.8000000000E+01    -0.1653012343E+03
    0.9000000000E+01    -0.1631176929E+03
    0.1000000000E+02    -0.1610293002E+03
    0.1100000000E+02    -0.1590265185E+03
    0.1200000000E+02    -0.1570999755E+03
    0.1300000000E+02    -0.1552436997E+03
    0.1400000000E+02    -0.1534510342E+03
    0.1500000000E+02    -0.1517170843E+03
    0.1600000000E+02    -0.1500374306E+03
    0.1700000000E+02    -0.1484092550E+03
    0.1800000000E+02    -0.1468270906E+03
    0.1900000000E+02    -0.1452893133E+03
    0.2000000000E+02    -0.1437938034E+03
    0.2100000000E+02    -0.1423368642E+03
    0.2200000000E+02    -0.1409160554E+03
    0.2300000000E+02    -0.1395305531E+03
    0.2400000000E+02    -0.1381778627E+03
    0.2500000000E+02    -0.1368558422E+03
    0.2600000000E+02    -0.1355637477E+03
    0.2700000000E+02    -0.1342991568E+03
    0.2800000000E+02    -0.1330620140E+03
    0.2900000000E+02    -0.1318502925E+03
    0.3000000000E+02    -0.1306627702E+03
    0.3100000000E+02    -0.1294977418E+03
    0.3200000000E+02    -0.1283546129E+03
    0.3300000000E+02    -0.1272331076E+03
    0.3400000000E+02    -0.1261319426E+03
    0.3500000000E+02    -0.1250489925E+03
    0.3600000000E+02    -0.1239853692E+03
    0.3700000000E+02    -0.1229394837E+03
    0.3800000000E+02    -0.1219122455E+03
    0.3900000000E+02    -0.1209011354E+03
    0.4000000000E+02    -0.1199061138E+03
    0.4100000000E+02    -0.1189268364E+03
    0.4200000000E+02    -0.1179624555E+03
    0.4300000000E+02    -0.1170121427E+03
    0.4400000000E+02    -0.1160748338E+03
    0.4500000000E+02    -0.1151518307E+03
    0.4600000000E+02    -0.1142417416E+03
    0.4700000000E+02    -0.1133430612E+03
    0.4800000000E+02    -0.1124568435E+03
    0.4900000000E+02    -0.1115833649E+03
    0.5000000000E+02    -0.1107196298E+03
    0.5100000000E+02    -0.1098669580E+03
    0.5200000000E+02    -0.1090257054E+03
    0.5300000000E+02    -0.1081939553E+03
    0.5400000000E+02    -0.1073725485E+03
    0.5500000000E+02    -0.1065603440E+03
    0.5600000000E+02    -0.1057568278E+03
    0.5700000000E+02    -0.1049631741E+03
    0.5800000000E+02    -0.1041775567E+03
    0.5900000000E+02    -0.1034002739E+03
    0.6000000000E+02    -0.1026323696E+03
    0.6100000000E+02    -0.1018720924E+03
    0.6200000000E+02    -0.1011185059E+03
    0.6300000000E+02    -0.1003728488E+03
    0.6400000000E+02    -0.9963422823E+02
    0.6500000000E+02    -0.9890311002E+02
    0.6600000000E+02    -0.9817924852E+02
    0.6700000000E+02    -0.9746175304E+02
    0.6800000000E+02    -0.9675064353E+02
    0.6900000000E+02    -0.9604625731E+02
    0.7000000000E+02    -0.9534735805E+02
    0.7100000000E+02    -0.9465372454E+02
    0.7200000000E+02    -0.9396548093E+02
    0.7300000000E+02    -0.9328276608E+02
    0.7400000000E+02    -0.9260673247E+02
    0.7500000000E+02    -0.9193669077E+02
    0.7600000000E+02    -0.9127088866E+02
    0.7700000000E+02    -0.9060924294E+02
    0.7800000000E+02    -0.8995301386E+02
    0.7900000000E+02    -0.8930048758E+02
    0.8000000000E+02    -0.8865278661E+02
    0.8100000000E+02    -0.8800983495E+02
    0.8200000000E+02    -0.8737094729E+02
    0.8300000000E+02    -0.8673642824E+02
    0.8400000000E+02    -0.8610686965E+02
    0.8500000000E+02    -0.8548092348E+02
    0.8600000000E+02    -0.8485916609E+02
    0.8700000000E+02    -0.8424134672E+02
    0.8800000000E+02    -0.8362788484E+02
    0.8900000000E+02    -0.8301790480E+02
    0.9000000000E+02    -0.8241148322E+02
    0.9100000000E+02    -0.8180877137E+02
    0.9200000000E+02    -0.8120810132E+02
    0.9300000000E+02    -0.8061129404E+02
    0.9400000000E+02    -0.8001830603E+02
    0.9500000000E+02    -0.7942855776E+02
    0.9600000000E+02    -0.7884144403E+02
    0.9700000000E+02    -0.7825779432E+02
    0.9800000000E+02    -0.7767690438E+02
    0.9900000000E+02    -0.7709818756E+02
    0.1000000000E+03    -0.7652300356E+02
    0.1010000000E+03    -0.7595000723E+02
    0.1020000000E+03    -0.7538016428E+02
    0.1030000000E+03    -0.7481303766E+02
    0.1040000000E+03    -0.7424847019E+02
    0.1050000000E+03    -0.7368596761E+02
    0.1060000000E+03    -0.7312629164E+02
    0.1070000000E+03    -0.7256766370E+02
    0.1080000000E+03    -0.7201235069E+02
    0.1090000000E+03    -0.7145919242E+02
    0.1100000000E+03    -0.7090783830E+02
    0.1110000000E+03    -0.7035941512E+02
    0.1120000000E+03    -0.6981189982E+02
    0.1130000000E+03    -0.6926758285E+02
    0.1140000000E+03    -0.6872545168E+02
    0.1150000000E+03    -0.6818414591E+02
    0.1160000000E+03    -0.6764617576E+02
    0.1170000000E+03    -0.6711105500E+02
    0.1180000000E+03    -0.6657587471E+02
    0.1190000000E+03    -0.6604366626E+02
    0.1200000000E+03    -0.6551274875E+02
    0.1210000000E+03    -0.6498321303E+02
    0.1220000000E+03    -0.6445535934E+02
    0.1230000000E+03    -0.6392974715E+02
    0.1240000000E+03    -0.6340663608E+02
    0.1250000000E+03    -0.6288431628E+02
    0.1260000000E+03    -0.6236303783E+02
    0.1270000000E+03    -0.6184267376E+02
    0.1280000000E+03    -0.6132475173E+02
    0.1290000000E+03    -0.6080865981E+02
    0.1300000000E+03    -0.6029396093E+02
    0.1310000000E+03    -0.5978076405E+02
    0.1320000000E+03    -0.5926903377E+02
    0.1330000000E+03    -0.5875967977E+02
    0.1340000000E+03    -0.5825166108E+02
    0.1350000000E+03    -0.5774446270E+02
    0.1360000000E+03    -0.5723851408E+02
    0.1370000000E+03    -0.5673360578E+02
    0.1380000000E+03    -0.5623098555E+02
    0.1390000000E+03    -0.5572957938E+02
    0.1400000000E+03    -0.5522944840E+02
    0.1410000000E+03    -0.5473016222E+02
    0.1420000000E+03    -0.5423192674E+02
    0.1430000000E+03    -0.5373546387E+02
    0.1440000000E+03    -0.5324015844E+02
    0.1450000000E+03    -0.5274572767E+02
    0.1460000000E+03    -0.5225389445E+02
    0.1470000000E+03    -0.5176234084E+02
    0.1480000000E+03    -0.5127321395E+02
    0.1490000000E+03    -0.5078490038E+02
    0.1500000000E+03    -0.5029701684E+02
    0.1510000000E+03    -0.4981063659E+02
    0.1520000000E+03    -0.4932587976E+02
    0.1530000000E+03    -0.4884122953E+02
    0.1540000000E+03    -0.4835782163E+02
    0.1550000000E+03    -0.4787673582E+02
    0.1560000000E+03    -0.4739795846E+02
    0.1570000000E+03    -0.4691948941E+02
    0.1580000000E+03    -0.4644091217E+02
    0.1590000000E+03    -0.4596443109E+02
    0.1600000000E+03    -0.4548715810E+02
    0.1610000000E+03    -0.4501254505E+02
    0.1620000000E+03    -0.4453844313E+02
    0.1630000000E+03    -0.4406690023E+02
    0.1640000000E+03    -0.4359583370E+02
    0.1650000000E+03    -0.4312742948E+02
    0.1660000000E+03    -0.4265877739E+02
    0.1670000000E+03    -0.4219217503E+02
    0.1680000000E+03    -0.4172651983E+02
    0.1690000000E+03    -0.4126259626E+02
    0.1700000000E+03    -0.4079986305E+02
    0.1710000000E+03    -0.4033823257E+02
    0.1720000000E+03    -0.3987971657E+02
    0.1730000000E+03    -0.3942008475E+02
    0.1740000000E+03    -0.3896041608E+02
    0.1750000000E+03    -0.3850282928E+02
    0.1760000000E+03    -0.3804721392E+02
    0.1770000000E+03    -0.3759240611E+02
    0.1780000000E+03    -0.3713970270E+02
    0.1790000000E+03    -0.3668858584E+02
    0.1800000000E+03    -0.3623865175E+02
    0.1810000000E+03    -0.3578889861E+02
    0.1820000000E+03    -0.3534189177E+02
    0.1830000000E+03    -0.3489497505E+02
    0.1840000000E+03    -0.3444957141E+02
    0.1850000000E+03    -0.3400621072E+02
    0.1860000000E+03    -0.3356372040E+02
    0.1870000000E+03    -0.3312214570E+02
    0.1880000000E+03    -0.3268341261E+02
    0.1890000000E+03    -0.3224549551E+02
    0.1900000000E+03    -0.3180957260E+02
    0.1910000000E+03    -0.3137516165E+02
    0.1920000000E+03    -0.3094118346E+02
    0.1930000000E+03    -0.3050905193E+02
    0.1940000000E+03    -0.3007986032E+02
    0.1950000000E+03    -0.2965230696E+02
    0.1960000000E+03    -0.2922593529E+02
    0.1970000000E+03    -0.2880155112E+02
    0.1980000000E+03    -0.2837867239E+02
    0.1990000000E+03    -0.2795800912E+02
    0.2000000000E+03    -0.2753890034E+02
    0.2010000000E+03    -0.2712193622E+02
    0.2020000000E+03    -0.2670751539E+02
    0.2030000000E+03    -0.2629394263E+02
    0.2040000000E+03    -0.2588278770E+02
    0.2050000000E+03    -0.2547258448E+02
    0.2060000000E+03    -0.2506389841E+02
    0.2070000000E+03    -0.2465848081E+02
    0.2080000000E+03    -0.2425271342E+02
    0.2090000000E+03    -0.2385154041E+02
    0.2100000000E+03    -0.2345055847E+02
    0.2110000000E+03    -0.2305402189E+02
    0.2120000000E+03    -0.2265744715E+02
    0.2130000000E+03    -0.2226267883E+02
    0.2140000000E+03    -0.2187318101E+02
    0.2150000000E+03    -0.2148546479E+02
    0.2160000000E+03    -0.2109877277E+02
    0.2170000000E+03    -0.2071532539E+02
    0.2180000000E+03    -0.2033564901E+02
    0.2190000000E+03    -0.1995742443E+02
    0.2200000000E+03    -0.1958088104E+02
    0.2210000000E+03    -0.1920902311E+02
    0.2220000000E+03    -0.1883701356E+02
    0.2230000000E+03    -0.1846813155E+02
    0.2240000000E+03    -0.1810141651E+02
    0.2250000000E+03    -0.1773656044E+02
    0.2260000000E+03    -0.1737794806E+02
    0.2270000000E+03    -0.1702099741E+02
    0.2280000000E+03    -0.1666696111E+02
    0.2290000000E+03    -0.1631646619E+02
    0.2300000000E+03    -0.1596744918E+02
    0.2310000000E+03    -0.1562238065E+02
    0.2320000000E+03    -0.1527990792E+02
    0.2330000000E+03    -0.1494056818E+02
    0.2340000000E+03    -0.1460424957E+02
    0.2350000000E+03    -0.1427250605E+02
    0.2360000000E+03    -0.1394314011E+02
    0.2370000000E+03    -0.1361878356E+02
    0.2380000000E+03    -0.1329556599E+02
    0.2390000000E+03    -0.1297854637E+02
    0.2400000000E+03    -0.1266382782E+02
    0.2410000000E+03    -0.1235286984E+02
    0.2420000000E+03    -0.1204547068E+02
    0.2430000000E+03    -0.1174171238E+02
    0.2440000000E+03    -0.1143995898E+02
    0.2450000000E+03    -0.1114320506E+02
    0.2460000000E+03    -0.1084930831E+02
    0.2470000000E+03    -0.1056209088E+02
    0.2480000000E+03    -0.1028001281E+02
    0.2490000000E+03    -0.1000000580E+02
    0.2500000000E+03    -0.9725286839E+01
    0.2510000000E+03    -0.9453412804E+01
    0.2520000000E+03    -0.9187749414E+01
    0.2530000000E+03    -0.8925538064E+01
    0.2540000000E+03    -0.8670312591E+01
    0.2550000000E+03    -0.8418563226E+01
    0.2560000000E+03    -0.8171474027E+01
    0.2570000000E+03    -0.7927393311E+01
    0.2580000000E+03    -0.7688322642E+01
    0.2590000000E+03    -0.7455309243E+01
    0.2600000000E+03    -0.7230453420E+01
    0.2610000000E+03    -0.7008384738E+01
    0.2620000000E+03    -0.6792059756E+01
    0.2630000000E+03    -0.6580897199E+01
    0.2640000000E+03    -0.6374258067E+01
    0.2650000000E+03    -0.6172440400E+01
    0.2660000000E+03    -0.5977185430E+01
    0.2670000000E+03    -0.5788936472E+01
    0.2680000000E+03    -0.5610121586E+01
    0.2690000000E+03    -0.5436251667E+01
    0.2700000000E+03    -0.5266238058E+01
    0.2710000000E+03    -0.5097793610E+01
    0.2720000000E+03    -0.4939003828E+01
    0.2730000000E+03    -0.4787617125E+01
    0.2740000000E+03    -0.4643877908E+01
    0.2750000000E+03    -0.4506870929E+01
    0.2760000000E+03    -0.4375885065E+01
    0.2770000000E+03    -0.4248989970E+01
    0.2780000000E+03    -0.4132198488E+01
    0.2790000000E+03    -0.4023420843E+01
    0.2800000000E+03    -0.3923270592E+01
    0.2810000000E+03    -0.3826584246E+01
    0.2820000000E+03    -0.3735598370E+01
    0.2830000000E+03    -0.3654815753E+01
    0.2840000000E+03    -0.3581130274E+01
    0.2850000000E+03    -0.3515646776E+01
    0.2860000000E+03    -0.3458787653E+01
    0.2870000000E+03    -0.3407844990E+01
    0.2880000000E+03    -0.3369029165E+01
    0.2890000000E+03    -0.3336553984E+01
    0.2900000000E+03    -0.3312250344E+01
    0.2910000000E+03    -0.3294686997E+01
    0.2920000000E+03    -0.3286594388E+01
    0.2930000000E+03    -0.3286921502E+01
    0.2940000000E+03    -0.3295575967E+01
    0.2950000000E+03    -0.3312514560E+01
    0.2960000000E+03    -0.3340205949E+01
    0.2970000000E+03    -0.3378952604E+01
    0.2980000000E+03    -0.3425396236E+01
    0.2990000000E+03    -0.3484089637E+01
    0.3000000000E+03    -0.3548517065E+01
    0.3010000000E+03    -0.3625922275E+01
    0.3020000000E+03    -0.3714618874E+01
    0.3030000000E+03    -0.3813527969E+01
    0.3040000000E+03    -0.3924833267E+01
    0.3050000000E+03    -0.4046085383E+01
    0.3060000000E+03    -0.4171755433E+01
    0.3070000000E+03    -0.4312180301E+01
    0.3080000000E+03    -0.4460597955E+01
    0.3090000000E+03    -0.4626554722E+01
    0.3100000000E+03    -0.4800263861E+01
    0.3110000000E+03    -0.4984247673E+01
    0.3120000000E+03    -0.5183997804E+01
    0.3130000000E+03    -0.5395299291E+01
    0.3140000000E+03    -0.5619794761E+01
    0.3150000000E+03    -0.5856821805E+01
    0.3160000000E+03    -0.6104611639E+01
    0.3170000000E+03    -0.6362907440E+01
    0.3180000000E+03    -0.6632770853E+01
    0.3190000000E+03    -0.6918099051E+01
    0.3200000000E+03    -0.7218290985E+01
    0.3210000000E+03    -0.7529846607E+01
    0.3220000000E+03    -0.7852547389E+01
    0.3230000000E+03    -0.8191662309E+01
    0.3240000000E+03    -0.8547736146E+01
    0.3250000000E+03    -0.8916887845E+01
    0.3260000000E+03    -0.9300709742E+01
    0.3270000000E+03    -0.9691082452E+01
    0.3280000000E+03    -0.1010485690E+02
    0.3290000000E+03    -0.1052716107E+02
    0.3300000000E+03    -0.1096900651E+02
    0.3310000000E+03    -0.1142436086E+02
    0.3320000000E+03    -0.1189663252E+02
    0.3330000000E+03    -0.1238262106E+02
    0.3340000000E+03    -0.1288984985E+02
    0.3350000000E+03    -0.1341104537E+02
    0.3360000000E+03    -0.1394640693E+02
    0.3370000000E+03    -0.1449066238E+02
    0.3380000000E+03    -0.1505712941E+02
    0.3390000000E+03    -0.1563532705E+02
    0.3400000000E+03    -0.1623478647E+02
    0.3410000000E+03    -0.1686075454E+02
    0.3420000000E+03    -0.1750106241E+02
    0.3430000000E+03    -0.1815622354E+02
    0.3440000000E+03    -0.1882932964E+02
    0.3450000000E+03    -0.1952484012E+02
    0.3460000000E+03    -0.2022596462E+02
    0.3470000000E+03    -0.2095127183E+02
    0.3480000000E+03    -0.2169730154E+02
    0.3490000000E+03    -0.2245861894E+02
    0.3500000000E+03    -0.2323968925E+02
    0.3510000000E+03    -0.2403993913E+02
    0.3520000000E+03    -0.2485672908E+02
    0.3530000000E+03    -0.2570449049E+02
    0.3540000000E+03    -0.2657596264E+02
    0.3550000000E+03    -0.2745794050E+02
    0.3560000000E+03    -0.2836145760E+02
    0.3570000000E+03    -0.2929001208E+02
    0.3580000000E+03    -0.3023999806E+02
    0.3590000000E+03    -0.3121456595E+02
    0.3600000000E+03    -0.3219591610E+02
    0.3610000000E+03    -0.3319882684E+02
    0.3620000000E+03    -0.3423518992E+02
    0.3630000000E+03    -0.3529049328E+02
    0.3640000000E+03    -0.3636198796E+02
    0.3650000000E+03    -0.3746679096E+02
    0.3660000000E+03    -0.3859272131E+02
    0.3670000000E+03    -0.3973226025E+02
    0.3680000000E+03    -0.4090391185E+02
    0.3690000000E+03    -0.4209619889E+02
    0.3700000000E+03    -0.4331805910E+02
