       0   -0.70857628E-09
       1   -0.60574070E-03
       2   -0.34170819E-01
       3   -0.10078349E+00
       4   -0.20048139E+00
       5   -0.33286064E+00
       6   -0.49859346E+00
       7   -0.69740627E+00
       8   -0.92941045E+00
       9   -0.11935222E+01
      10   -0.14915416E+01
      11   -0.18228203E+01
      12   -0.21861293E+01
      13   -0.25816417E+01
      14   -0.30116737E+01
      15   -0.34749496E+01
      16   -0.39691438E+01
      17   -0.44976377E+01
      18   -0.50599101E+01
      19   -0.56542843E+01
      20   -0.62812197E+01
      21   -0.69407797E+01
      22   -0.76313293E+01
      23   -0.83571051E+01
      24   -0.91160015E+01
      25   -0.99092961E+01
      26   -0.10733349E+02
      27   -0.11591051E+02
      28   -0.12479226E+02
      29   -0.13401823E+02
      30   -0.14357567E+02
      31   -0.15344694E+02
      32   -0.16363913E+02
      33   -0.17416721E+02
      34   -0.18504283E+02
      35   -0.19624834E+02
      36   -0.20774220E+02
      37   -0.21955819E+02
      38   -0.23171462E+02
      39   -0.24418093E+02
      40   -0.25698790E+02
      41   -0.27008623E+02
      42   -0.28354263E+02
      43   -0.29733063E+02
      44   -0.31139441E+02
      45   -0.32578603E+02
      46   -0.34049714E+02
      47   -0.35557228E+02
      48   -0.37089560E+02
      49   -0.38657768E+02
      50   -0.40260512E+02
      51   -0.41895073E+02
      52   -0.43560186E+02
      53   -0.45255289E+02
      54   -0.46980397E+02
      55   -0.48734392E+02
      56   -0.50527576E+02
      57   -0.52354657E+02
      58   -0.54211448E+02
      59   -0.56090664E+02
      60   -0.58000533E+02
      61   -0.59944278E+02
      62   -0.61914435E+02
      63   -0.63917897E+02
      64   -0.65954598E+02
      65   -0.68011598E+02
      66   -0.70095959E+02
      67   -0.72218896E+02
      68   -0.74376963E+02
      69   -0.76570001E+02
      70   -0.78788262E+02
      71   -0.81031578E+02
      72   -0.83298130E+02
      73   -0.85596489E+02
      74   -0.87928032E+02
      75   -0.90285280E+02
      76   -0.92674446E+02
      77   -0.95093169E+02
      78   -0.97548250E+02
      79   -0.10003457E+03
      80   -0.10252979E+03
      81   -0.10505650E+03
      82   -0.10760717E+03
      83   -0.11017006E+03
      84   -0.11277962E+03
      85   -0.11541756E+03
      86   -0.11807580E+03
      87   -0.12077335E+03
      88   -0.12349384E+03
      89   -0.12625053E+03
      90   -0.12902260E+03
      91   -0.13181925E+03
      92   -0.13464695E+03
      93   -0.13749945E+03
      94   -0.14038117E+03
      95   -0.14328302E+03
      96   -0.14621251E+03
      97   -0.14918665E+03
      98   -0.15216394E+03
      99   -0.15516598E+03
     100   -0.15819324E+03
     101   -0.16124990E+03
     102   -0.16433039E+03
     103   -0.16743455E+03
     104   -0.17055132E+03
     105   -0.17369041E+03
     106   -0.17687444E+03
     107   -0.18006807E+03
     108   -0.18328956E+03
     109   -0.18653084E+03
     110   -0.18981228E+03
     111   -0.19310649E+03
     112   -0.19642006E+03
     113   -0.19976998E+03
     114   -0.20312585E+03
     115   -0.20651295E+03
     116   -0.20992609E+03
     117   -0.21335779E+03
     118   -0.21682379E+03
     119   -0.22031744E+03
     120   -0.22379649E+03
     121   -0.22732519E+03
     122   -0.23089005E+03
     123   -0.23445087E+03
     124   -0.23802978E+03
     125   -0.24163754E+03
     126   -0.24527427E+03
     127   -0.24891723E+03
     128   -0.25257167E+03
     129   -0.25627138E+03
     130   -0.25998629E+03
     131   -0.26371183E+03
     132   -0.26746060E+03
     133   -0.27124845E+03
     134   -0.27502657E+03
     135   -0.27885568E+03
     136   -0.28271597E+03
     137   -0.28656552E+03
     138   -0.29040543E+03
     139   -0.29426517E+03
     140   -0.29816779E+03
     141   -0.30212655E+03
     142   -0.30608519E+03
     143   -0.31004254E+03
     144   -0.31403973E+03
     145   -0.31806726E+03
     146   -0.32207169E+03
     147   -0.32610041E+03
     148   -0.33018513E+03
     149   -0.33428932E+03
     150   -0.33837861E+03
     151   -0.34248605E+03
     152   -0.34663634E+03
     153   -0.35081398E+03
     154   -0.35499911E+03
     155   -0.35921301E+03
     156   -0.36343747E+03
     157   -0.36768194E+03
     158   -0.37195337E+03
     159   -0.37623136E+03
     160   -0.38052171E+03
     161   -0.38486115E+03
     162   -0.38918949E+03
     163   -0.39354819E+03
     164   -0.39793041E+03
     165   -0.40232309E+03
     166   -0.40674214E+03
     167   -0.41118805E+03
     168   -0.41565334E+03
     169   -0.42013993E+03
     170   -0.42464396E+03
     171   -0.42914332E+03
     172   -0.43369271E+03
     173   -0.43826653E+03
     174   -0.44281814E+03
     175   -0.44741699E+03
     176   -0.45202993E+03
     177   -0.45668150E+03
     178   -0.46132073E+03
     179   -0.46600060E+03
     180   -0.47069058E+03
     181   -0.47543096E+03
     182   -0.48015690E+03
     183   -0.48491032E+03
     184   -0.48969318E+03
     185   -0.49449455E+03
     186   -0.49928659E+03
     187   -0.50410074E+03
     188   -0.50894746E+03
     189   -0.51381204E+03
     190   -0.51871862E+03
     191   -0.52361893E+03
     192   -0.52855966E+03
     193   -0.53352694E+03
     194   -0.53852469E+03
     195   -0.54352565E+03
     196   -0.54852893E+03
     197   -0.55354741E+03
     198   -0.55855439E+03
     199   -0.56362254E+03
     200   -0.56872591E+03
     201   -0.57383466E+03
     202   -0.57897006E+03
     203   -0.58411263E+03
     204   -0.58928283E+03
     205   -0.59451897E+03
     206   -0.59974434E+03
     207   -0.60497308E+03
     208   -0.61021400E+03
     209   -0.61553344E+03
     210   -0.62085512E+03
     211   -0.62619575E+03
     212   -0.63157271E+03
     213   -0.63698004E+03
     214   -0.64240749E+03
     215   -0.64785936E+03
     216   -0.65329961E+03
     217   -0.65873277E+03
     218   -0.66425872E+03
     219   -0.66980144E+03
     220   -0.67536728E+03
     221   -0.68094462E+03
     222   -0.68658806E+03
     223   -0.69222360E+03
     224   -0.69784886E+03
     225   -0.70353662E+03
     226   -0.70923973E+03
     227   -0.71495660E+03
     228   -0.72070860E+03
     229   -0.72651433E+03
     230   -0.73232546E+03
     231   -0.73811322E+03
     232   -0.74399384E+03
     233   -0.74990970E+03
     234   -0.75581415E+03
     235   -0.76174994E+03
     236   -0.76768721E+03
     237   -0.77369870E+03
     238   -0.77970890E+03
     239   -0.78573822E+03
     240   -0.79181506E+03
     241   -0.79794177E+03
     242   -0.80406793E+03
     243   -0.81024804E+03
     244   -0.81642909E+03
     245   -0.82261089E+03
     246   -0.82886112E+03
     247   -0.83513699E+03
     248   -0.84141028E+03
     249   -0.84771169E+03
     250   -0.85403450E+03
     251   -0.86040635E+03
     252   -0.86682320E+03
     253   -0.87326121E+03
     254   -0.87974615E+03
     255   -0.88625349E+03
     256   -0.89283605E+03
     257   -0.89941181E+03
     258   -0.90597631E+03
     259   -0.91260282E+03
     260   -0.91927509E+03
     261   -0.92599841E+03
     262   -0.93270497E+03
     263   -0.93942953E+03
     264   -0.94617777E+03
     265   -0.95294111E+03
     266   -0.95978219E+03
     267   -0.96669977E+03
     268   -0.97359465E+03
     269   -0.98055689E+03
     270   -0.98748304E+03
     271   -0.99445450E+03
     272   -0.10014196E+04
     273   -0.10084290E+04
     274   -0.10155095E+04
     275   -0.10226240E+04
     276   -0.10297323E+04
     277   -0.10368392E+04
     278   -0.10440231E+04
     279   -0.10512777E+04
     280   -0.10585637E+04
     281   -0.10658568E+04
     282   -0.10732083E+04
     283   -0.10805235E+04
     284   -0.10879041E+04
     285   -0.10953020E+04
     286   -0.11027711E+04
     287   -0.11102591E+04
     288   -0.11177468E+04
     289   -0.11252813E+04
     290   -0.11327829E+04
     291   -0.11403696E+04
     292   -0.11479968E+04
     293   -0.11556836E+04
     294   -0.11633670E+04
     295   -0.11711245E+04
     296   -0.11789275E+04
     297   -0.11866472E+04
     298   -0.11943873E+04
     299   -0.12022783E+04
     300   -0.12101722E+04
     301   -0.12180556E+04
     302   -0.12259328E+04
     303   -0.12338829E+04
     304   -0.12419654E+04
     305   -0.12499665E+04
     306   -0.12579986E+04
     307   -0.12660411E+04
     308   -0.12741375E+04
     309   -0.12822377E+04
     310   -0.12903950E+04
     311   -0.12985029E+04
     312   -0.13067365E+04
     313   -0.13150167E+04
     314   -0.13233337E+04
     315   -0.13315260E+04
     316   -0.13398556E+04
     317   -0.13481621E+04
     318   -0.13566077E+04
     319   -0.13650443E+04
     320   -0.13734690E+04
     321   -0.13819850E+04
     322   -0.13904962E+04
     323   -0.13990126E+04
     324   -0.14076340E+04
     325   -0.14162268E+04
     326   -0.14247598E+04
     327   -0.14334212E+04
     328   -0.14421537E+04
     329   -0.14509458E+04
     330   -0.14595902E+04
     331   -0.14683761E+04
     332   -0.14771000E+04
     333   -0.14857260E+04
     334   -0.14945069E+04
     335   -0.15033250E+04
     336   -0.15121470E+04
     337   -0.15210247E+04
     338   -0.15299119E+04
     339   -0.15388941E+04
     340   -0.15478806E+04
     341   -0.15568662E+04
     342   -0.15658648E+04
     343   -0.15748427E+04
     344   -0.15838729E+04
     345   -0.15930316E+04
     346   -0.16021853E+04
     347   -0.16113017E+04
     348   -0.16204718E+04
     349   -0.16297420E+04
     350   -0.16389771E+04
     351   -0.16480436E+04
     352   -0.16574089E+04
     353   -0.16665949E+04
     354   -0.16758524E+04
     355   -0.16850971E+04
     356   -0.16941662E+04
     357   -0.17034457E+04
     358   -0.17129091E+04
     359   -0.17222032E+04
     360   -0.17316298E+04
     361   -0.17410544E+04
     362   -0.17505220E+04
     363   -0.17599117E+04
     364   -0.17692048E+04
     365   -0.17785175E+04
     366   -0.17881699E+04
     367   -0.17976244E+04
     368   -0.18071258E+04
     369   -0.18166363E+04
     370   -0.18259693E+04
     371   -0.18357319E+04
     372   -0.18452224E+04
     373   -0.18548528E+04
     374   -0.18644592E+04
     375   -0.18741439E+04
     376   -0.18840575E+04
     377   -0.18937406E+04
     378   -0.19033774E+04
     379   -0.19127561E+04
     380   -0.19223677E+04
     381   -0.19323489E+04
     382   -0.19422374E+04
     383   -0.19520077E+04
     384   -0.19617522E+04
     385   -0.19713605E+04
     386   -0.19812468E+04
     387   -0.19906098E+04
     388   -0.20001542E+04
     389   -0.20099881E+04
     390   -0.20197656E+04
     391   -0.20295107E+04
     392   -0.20392287E+04
     393   -0.20489426E+04
     394   -0.20587615E+04
     395   -0.20686988E+04
     396   -0.20786339E+04
     397   -0.20884557E+04
     398   -0.20984982E+04
     399   -0.21087357E+04
     400   -0.21183883E+04
