    0.0000000000E+00    -0.6262214705E+03
    0.1000000000E+01    -0.6207505764E+03
    0.2000000000E+01    -0.6159613281E+03
    0.3000000000E+01    -0.6115653666E+03
    0.4000000000E+01    -0.6074461158E+03
    0.5000000000E+01    -0.6035388060E+03
    0.6000000000E+01    -0.5998026534E+03
    0.7000000000E+01    -0.5962100983E+03
    0.8000000000E+01    -0.5927404221E+03
    0.9000000000E+01    -0.5893770988E+03
    0.1000000000E+02    -0.5861075218E+03
    0.1100000000E+02    -0.5829228810E+03
    0.1200000000E+02    -0.5798143063E+03
    0.1300000000E+02    -0.5767750871E+03
    0.1400000000E+02    -0.5737997935E+03
    0.1500000000E+02    -0.5708819635E+03
    0.1600000000E+02    -0.5680186173E+03
    0.1700000000E+02    -0.5652047207E+03
    0.1800000000E+02    -0.5624372050E+03
    0.1900000000E+02    -0.5597125782E+03
    0.2000000000E+02    -0.5570283917E+03
    0.2100000000E+02    -0.5543820744E+03
    0.2200000000E+02    -0.5517721366E+03
    0.2300000000E+02    -0.5491966402E+03
    0.2400000000E+02    -0.5466533851E+03
    0.2500000000E+02    -0.5441399412E+03
    0.2600000000E+02    -0.5416561872E+03
    0.2700000000E+02    -0.5391994703E+03
    0.2800000000E+02    -0.5367683334E+03
    0.2900000000E+02    -0.5343614865E+03
    0.3000000000E+02    -0.5319783839E+03
    0.3100000000E+02    -0.5296177606E+03
    0.3200000000E+02    -0.5272784190E+03
    0.3300000000E+02    -0.5249594716E+03
    0.3400000000E+02    -0.5226605626E+03
    0.3500000000E+02    -0.5203804344E+03
    0.3600000000E+02    -0.5181171661E+03
    0.3700000000E+02    -0.5158714030E+03
    0.3800000000E+02    -0.5136430217E+03
    0.3900000000E+02    -0.5114309948E+03
    0.4000000000E+02    -0.5092350454E+03
    0.4100000000E+02    -0.5070525980E+03
    0.4200000000E+02    -0.5048841658E+03
    0.4300000000E+02    -0.5027294066E+03
    0.4400000000E+02    -0.5005878324E+03
    0.4500000000E+02    -0.4984589529E+03
    0.4600000000E+02    -0.4963418582E+03
    0.4700000000E+02    -0.4942360244E+03
    0.4800000000E+02    -0.4921424926E+03
    0.4900000000E+02    -0.4900597923E+03
    0.5000000000E+02    -0.4879883730E+03
    0.5100000000E+02    -0.4859267551E+03
    0.5200000000E+02    -0.4838742992E+03
    0.5300000000E+02    -0.4818308377E+03
    0.5400000000E+02    -0.4797975240E+03
    0.5500000000E+02    -0.4777733578E+03
    0.5600000000E+02    -0.4757571988E+03
    0.5700000000E+02    -0.4737507192E+03
    0.5800000000E+02    -0.4717514738E+03
    0.5900000000E+02    -0.4697592969E+03
    0.6000000000E+02    -0.4677743922E+03
    0.6100000000E+02    -0.4657972951E+03
    0.6200000000E+02    -0.4638278963E+03
    0.6300000000E+02    -0.4618643564E+03
    0.6400000000E+02    -0.4599073170E+03
    0.6500000000E+02    -0.4579563747E+03
    0.6600000000E+02    -0.4560116964E+03
    0.6700000000E+02    -0.4540732450E+03
    0.6800000000E+02    -0.4521404122E+03
    0.6900000000E+02    -0.4502128114E+03
    0.7000000000E+02    -0.4482917761E+03
    0.7100000000E+02    -0.4463760861E+03
    0.7200000000E+02    -0.4444649444E+03
    0.7300000000E+02    -0.4425584779E+03
    0.7400000000E+02    -0.4406574611E+03
    0.7500000000E+02    -0.4387617263E+03
    0.7600000000E+02    -0.4368699224E+03
    0.7700000000E+02    -0.4349818409E+03
    0.7800000000E+02    -0.4330977361E+03
    0.7900000000E+02    -0.4312189005E+03
    0.8000000000E+02    -0.4293430066E+03
    0.8100000000E+02    -0.4274706721E+03
    0.8200000000E+02    -0.4256029158E+03
    0.8300000000E+02    -0.4237383413E+03
    0.8400000000E+02    -0.4218782594E+03
    0.8500000000E+02    -0.4200207800E+03
    0.8600000000E+02    -0.4181671034E+03
    0.8700000000E+02    -0.4163164500E+03
    0.8800000000E+02    -0.4144694704E+03
    0.8900000000E+02    -0.4126243101E+03
    0.9000000000E+02    -0.4107830526E+03
    0.9100000000E+02    -0.4089439032E+03
    0.9200000000E+02    -0.4071074014E+03
    0.9300000000E+02    -0.4052745139E+03
    0.9400000000E+02    -0.4034443189E+03
    0.9500000000E+02    -0.4016172218E+03
    0.9600000000E+02    -0.3997912455E+03
    0.9700000000E+02    -0.3979675952E+03
    0.9800000000E+02    -0.3961475552E+03
    0.9900000000E+02    -0.3943291471E+03
    0.1000000000E+03    -0.3925131880E+03
    0.1010000000E+03    -0.3906985214E+03
    0.1020000000E+03    -0.3888875079E+03
    0.1030000000E+03    -0.3870788080E+03
    0.1040000000E+03    -0.3852695837E+03
    0.1050000000E+03    -0.3834632502E+03
    0.1060000000E+03    -0.3816576803E+03
    0.1070000000E+03    -0.3798548516E+03
    0.1080000000E+03    -0.3780534144E+03
    0.1090000000E+03    -0.3762536074E+03
    0.1100000000E+03    -0.3744555777E+03
    0.1110000000E+03    -0.3726588712E+03
    0.1120000000E+03    -0.3708648310E+03
    0.1130000000E+03    -0.3690719267E+03
    0.1140000000E+03    -0.3672800360E+03
    0.1150000000E+03    -0.3654903582E+03
    0.1160000000E+03    -0.3637005971E+03
    0.1170000000E+03    -0.3619125218E+03
    0.1180000000E+03    -0.3601253513E+03
    0.1190000000E+03    -0.3583392209E+03
    0.1200000000E+03    -0.3565553295E+03
    0.1210000000E+03    -0.3547714977E+03
    0.1220000000E+03    -0.3529903266E+03
    0.1230000000E+03    -0.3512097748E+03
    0.1240000000E+03    -0.3494298812E+03
    0.1250000000E+03    -0.3476513718E+03
    0.1260000000E+03    -0.3458737014E+03
    0.1270000000E+03    -0.3440982869E+03
    0.1280000000E+03    -0.3423243864E+03
    0.1290000000E+03    -0.3405508897E+03
    0.1300000000E+03    -0.3387788087E+03
    0.1310000000E+03    -0.3370062447E+03
    0.1320000000E+03    -0.3352354595E+03
    0.1330000000E+03    -0.3334665299E+03
    0.1340000000E+03    -0.3316964999E+03
    0.1350000000E+03    -0.3299280141E+03
    0.1360000000E+03    -0.3281603633E+03
    0.1370000000E+03    -0.3263941118E+03
    0.1380000000E+03    -0.3246283285E+03
    0.1390000000E+03    -0.3228625471E+03
    0.1400000000E+03    -0.3210990451E+03
    0.1410000000E+03    -0.3193349754E+03
    0.1420000000E+03    -0.3175733474E+03
    0.1430000000E+03    -0.3158119700E+03
    0.1440000000E+03    -0.3140505721E+03
    0.1450000000E+03    -0.3122900828E+03
    0.1460000000E+03    -0.3105303309E+03
    0.1470000000E+03    -0.3087720761E+03
    0.1480000000E+03    -0.3070137669E+03
    0.1490000000E+03    -0.3052554699E+03
    0.1500000000E+03    -0.3034971504E+03
    0.1510000000E+03    -0.3017384573E+03
    0.1520000000E+03    -0.2999794919E+03
    0.1530000000E+03    -0.2982236445E+03
    0.1540000000E+03    -0.2964676390E+03
    0.1550000000E+03    -0.2947124766E+03
    0.1560000000E+03    -0.2929587601E+03
    0.1570000000E+03    -0.2912065935E+03
    0.1580000000E+03    -0.2894545404E+03
    0.1590000000E+03    -0.2877029569E+03
    0.1600000000E+03    -0.2859503252E+03
    0.1610000000E+03    -0.2842011595E+03
    0.1620000000E+03    -0.2824522307E+03
    0.1630000000E+03    -0.2807054716E+03
    0.1640000000E+03    -0.2789568363E+03
    0.1650000000E+03    -0.2772089804E+03
    0.1660000000E+03    -0.2754634306E+03
    0.1670000000E+03    -0.2737171378E+03
    0.1680000000E+03    -0.2719708830E+03
    0.1690000000E+03    -0.2702269445E+03
    0.1700000000E+03    -0.2684833468E+03
    0.1710000000E+03    -0.2667390784E+03
    0.1720000000E+03    -0.2649956790E+03
    0.1730000000E+03    -0.2632531310E+03
    0.1740000000E+03    -0.2615120682E+03
    0.1750000000E+03    -0.2597734418E+03
    0.1760000000E+03    -0.2580330924E+03
    0.1770000000E+03    -0.2562946849E+03
    0.1780000000E+03    -0.2545561836E+03
    0.1790000000E+03    -0.2528183971E+03
    0.1800000000E+03    -0.2510812927E+03
    0.1810000000E+03    -0.2493435021E+03
    0.1820000000E+03    -0.2476065093E+03
    0.1830000000E+03    -0.2458717351E+03
    0.1840000000E+03    -0.2441374634E+03
    0.1850000000E+03    -0.2424037008E+03
    0.1860000000E+03    -0.2406711190E+03
    0.1870000000E+03    -0.2389402046E+03
    0.1880000000E+03    -0.2372083000E+03
    0.1890000000E+03    -0.2354794791E+03
    0.1900000000E+03    -0.2337508868E+03
    0.1910000000E+03    -0.2320232555E+03
    0.1920000000E+03    -0.2302981067E+03
    0.1930000000E+03    -0.2285738592E+03
    0.1940000000E+03    -0.2268490731E+03
    0.1950000000E+03    -0.2251259246E+03
    0.1960000000E+03    -0.2234028019E+03
    0.1970000000E+03    -0.2216807534E+03
    0.1980000000E+03    -0.2199607699E+03
    0.1990000000E+03    -0.2182426879E+03
    0.2000000000E+03    -0.2165243583E+03
    0.2010000000E+03    -0.2148074860E+03
    0.2020000000E+03    -0.2130901959E+03
    0.2030000000E+03    -0.2113761028E+03
    0.2040000000E+03    -0.2096637583E+03
    0.2050000000E+03    -0.2079532974E+03
    0.2060000000E+03    -0.2062409494E+03
    0.2070000000E+03    -0.2045330732E+03
    0.2080000000E+03    -0.2028254710E+03
    0.2090000000E+03    -0.2011179221E+03
    0.2100000000E+03    -0.1994131086E+03
    0.2110000000E+03    -0.1977102832E+03
    0.2120000000E+03    -0.1960099728E+03
    0.2130000000E+03    -0.1943081106E+03
    0.2140000000E+03    -0.1926106421E+03
    0.2150000000E+03    -0.1909161884E+03
    0.2160000000E+03    -0.1892218923E+03
    0.2170000000E+03    -0.1875300572E+03
    0.2180000000E+03    -0.1858395046E+03
    0.2190000000E+03    -0.1841538251E+03
    0.2200000000E+03    -0.1824664524E+03
    0.2210000000E+03    -0.1807831819E+03
    0.2220000000E+03    -0.1791015128E+03
    0.2230000000E+03    -0.1774193715E+03
    0.2240000000E+03    -0.1757396781E+03
    0.2250000000E+03    -0.1740632379E+03
    0.2260000000E+03    -0.1723880286E+03
    0.2270000000E+03    -0.1707147079E+03
    0.2280000000E+03    -0.1690434139E+03
    0.2290000000E+03    -0.1673733777E+03
    0.2300000000E+03    -0.1657067517E+03
    0.2310000000E+03    -0.1640441302E+03
    0.2320000000E+03    -0.1623827459E+03
    0.2330000000E+03    -0.1607234566E+03
    0.2340000000E+03    -0.1590669943E+03
    0.2350000000E+03    -0.1574121262E+03
    0.2360000000E+03    -0.1557627463E+03
    0.2370000000E+03    -0.1541158780E+03
    0.2380000000E+03    -0.1524734850E+03
    0.2390000000E+03    -0.1508305649E+03
    0.2400000000E+03    -0.1491929720E+03
    0.2410000000E+03    -0.1475563136E+03
    0.2420000000E+03    -0.1459222799E+03
    0.2430000000E+03    -0.1442929429E+03
    0.2440000000E+03    -0.1426652313E+03
    0.2450000000E+03    -0.1410422072E+03
    0.2460000000E+03    -0.1394220380E+03
    0.2470000000E+03    -0.1378075315E+03
    0.2480000000E+03    -0.1361940062E+03
    0.2490000000E+03    -0.1345817715E+03
    0.2500000000E+03    -0.1329758109E+03
    0.2510000000E+03    -0.1313725483E+03
    0.2520000000E+03    -0.1297774629E+03
    0.2530000000E+03    -0.1281813572E+03
    0.2540000000E+03    -0.1265912833E+03
    0.2550000000E+03    -0.1250023618E+03
    0.2560000000E+03    -0.1234203922E+03
    0.2570000000E+03    -0.1218423333E+03
    0.2580000000E+03    -0.1202698011E+03
    0.2590000000E+03    -0.1186996114E+03
    0.2600000000E+03    -0.1171344787E+03
    0.2610000000E+03    -0.1155741818E+03
    0.2620000000E+03    -0.1140200545E+03
    0.2630000000E+03    -0.1124697430E+03
    0.2640000000E+03    -0.1109247278E+03
    0.2650000000E+03    -0.1093835972E+03
    0.2660000000E+03    -0.1078483627E+03
    0.2670000000E+03    -0.1063186266E+03
    0.2680000000E+03    -0.1047990029E+03
    0.2690000000E+03    -0.1032785524E+03
    0.2700000000E+03    -0.1017685060E+03
    0.2710000000E+03    -0.1002627802E+03
    0.2720000000E+03    -0.9876043589E+02
    0.2730000000E+03    -0.9726484314E+02
    0.2740000000E+03    -0.9577287338E+02
    0.2750000000E+03    -0.9428495184E+02
    0.2760000000E+03    -0.9280559397E+02
    0.2770000000E+03    -0.9133356541E+02
    0.2780000000E+03    -0.8986851687E+02
    0.2790000000E+03    -0.8840945222E+02
    0.2800000000E+03    -0.8696009754E+02
    0.2810000000E+03    -0.8551370060E+02
    0.2820000000E+03    -0.8407253836E+02
    0.2830000000E+03    -0.8263946889E+02
    0.2840000000E+03    -0.8121173300E+02
    0.2850000000E+03    -0.7979453909E+02
    0.2860000000E+03    -0.7838201909E+02
    0.2870000000E+03    -0.7697390560E+02
    0.2880000000E+03    -0.7558135146E+02
    0.2890000000E+03    -0.7419067878E+02
    0.2900000000E+03    -0.7280703073E+02
    0.2910000000E+03    -0.7143317045E+02
    0.2920000000E+03    -0.7006588065E+02
    0.2930000000E+03    -0.6870621628E+02
    0.2940000000E+03    -0.6736002234E+02
    0.2950000000E+03    -0.6602125733E+02
    0.2960000000E+03    -0.6468888051E+02
    0.2970000000E+03    -0.6336863788E+02
    0.2980000000E+03    -0.6205808625E+02
    0.2990000000E+03    -0.6075393730E+02
    0.3000000000E+03    -0.5946148749E+02
    0.3010000000E+03    -0.5817799925E+02
    0.3020000000E+03    -0.5690246896E+02
    0.3030000000E+03    -0.5563802306E+02
    0.3040000000E+03    -0.5438433794E+02
    0.3050000000E+03    -0.5313812991E+02
    0.3060000000E+03    -0.5190514483E+02
    0.3070000000E+03    -0.5067862638E+02
    0.3080000000E+03    -0.4946158182E+02
    0.3090000000E+03    -0.4825737503E+02
    0.3100000000E+03    -0.4706212469E+02
    0.3110000000E+03    -0.4588435180E+02
    0.3120000000E+03    -0.4470923010E+02
    0.3130000000E+03    -0.4354685989E+02
    0.3140000000E+03    -0.4239762201E+02
    0.3150000000E+03    -0.4126437261E+02
    0.3160000000E+03    -0.4013552858E+02
    0.3170000000E+03    -0.3902151795E+02
    0.3180000000E+03    -0.3792148934E+02
    0.3190000000E+03    -0.3682914385E+02
    0.3200000000E+03    -0.3575028945E+02
    0.3210000000E+03    -0.3468514282E+02
    0.3220000000E+03    -0.3363661743E+02
    0.3230000000E+03    -0.3260319019E+02
    0.3240000000E+03    -0.3157609925E+02
    0.3250000000E+03    -0.3056259275E+02
    0.3260000000E+03    -0.2956768767E+02
    0.3270000000E+03    -0.2858305393E+02
    0.3280000000E+03    -0.2761504956E+02
    0.3290000000E+03    -0.2666424339E+02
    0.3300000000E+03    -0.2571953234E+02
    0.3310000000E+03    -0.2479275148E+02
    0.3320000000E+03    -0.2387531682E+02
    0.3330000000E+03    -0.2297826600E+02
    0.3340000000E+03    -0.2209670431E+02
    0.3350000000E+03    -0.2122921725E+02
    0.3360000000E+03    -0.2037992768E+02
    0.3370000000E+03    -0.1954640809E+02
    0.3380000000E+03    -0.1873310905E+02
    0.3390000000E+03    -0.1792945079E+02
    0.3400000000E+03    -0.1714796130E+02
    0.3410000000E+03    -0.1637970531E+02
    0.3420000000E+03    -0.1563026670E+02
    0.3430000000E+03    -0.1489373712E+02
    0.3440000000E+03    -0.1417805340E+02
    0.3450000000E+03    -0.1348047505E+02
    0.3460000000E+03    -0.1280420141E+02
    0.3470000000E+03    -0.1214172386E+02
    0.3480000000E+03    -0.1149936001E+02
    0.3490000000E+03    -0.1086875417E+02
    0.3500000000E+03    -0.1026618142E+02
    0.3510000000E+03    -0.9673388360E+01
    0.3520000000E+03    -0.9101508144E+01
    0.3530000000E+03    -0.8558922726E+01
    0.3540000000E+03    -0.8029482137E+01
    0.3550000000E+03    -0.7523123929E+01
    0.3560000000E+03    -0.7031793412E+01
    0.3570000000E+03    -0.6567979995E+01
    0.3580000000E+03    -0.6117575427E+01
    0.3590000000E+03    -0.5694938128E+01
    0.3600000000E+03    -0.5286210479E+01
    0.3610000000E+03    -0.4908971813E+01
    0.3620000000E+03    -0.4547400958E+01
    0.3630000000E+03    -0.4205781354E+01
    0.3640000000E+03    -0.3886987224E+01
    0.3650000000E+03    -0.3580180450E+01
    0.3660000000E+03    -0.3314652624E+01
    0.3670000000E+03    -0.3065672089E+01
    0.3680000000E+03    -0.2844870379E+01
    0.3690000000E+03    -0.2644565068E+01
    0.3700000000E+03    -0.2470743419E+01
    0.3710000000E+03    -0.2320460752E+01
    0.3720000000E+03    -0.2200494033E+01
    0.3730000000E+03    -0.2091069118E+01
    0.3740000000E+03    -0.2009003844E+01
    0.3750000000E+03    -0.1957631708E+01
