       0   -0.72315010E-09
       1   -0.60574072E-03
       2   -0.34167916E-01
       3   -0.10087805E+00
       4   -0.20040039E+00
       5   -0.33298093E+00
       6   -0.49896909E+00
       7   -0.69754808E+00
       8   -0.92927575E+00
       9   -0.11938989E+01
      10   -0.14913874E+01
      11   -0.18220201E+01
      12   -0.21855380E+01
      13   -0.25817856E+01
      14   -0.30116083E+01
      15   -0.34746782E+01
      16   -0.39693172E+01
      17   -0.44980188E+01
      18   -0.50594322E+01
      19   -0.56511351E+01
      20   -0.62793107E+01
      21   -0.69400336E+01
      22   -0.76315482E+01
      23   -0.83577338E+01
      24   -0.91178423E+01
      25   -0.99090393E+01
      26   -0.10734282E+02
      27   -0.11593430E+02
      28   -0.12481506E+02
      29   -0.13402060E+02
      30   -0.14357353E+02
      31   -0.15344239E+02
      32   -0.16364405E+02
      33   -0.17416156E+02
      34   -0.18501933E+02
      35   -0.19620761E+02
      36   -0.20769758E+02
      37   -0.21949198E+02
      38   -0.23161684E+02
      39   -0.24410419E+02
      40   -0.25691435E+02
      41   -0.26999804E+02
      42   -0.28344129E+02
      43   -0.29725494E+02
      44   -0.31136229E+02
      45   -0.32574863E+02
      46   -0.34048053E+02
      47   -0.35549318E+02
      48   -0.37086512E+02
      49   -0.38657146E+02
      50   -0.40259798E+02
      51   -0.41896379E+02
      52   -0.43561239E+02
      53   -0.45259390E+02
      54   -0.46984019E+02
      55   -0.48744107E+02
      56   -0.50524693E+02
      57   -0.52349863E+02
      58   -0.54200082E+02
      59   -0.56080276E+02
      60   -0.57992685E+02
      61   -0.59933772E+02
      62   -0.61914567E+02
      63   -0.63912654E+02
      64   -0.65945717E+02
      65   -0.68022339E+02
      66   -0.70120523E+02
      67   -0.72250204E+02
      68   -0.74403644E+02
      69   -0.76592050E+02
      70   -0.78807423E+02
      71   -0.81048738E+02
      72   -0.83318707E+02
      73   -0.85624346E+02
      74   -0.87953210E+02
      75   -0.90314028E+02
      76   -0.92695044E+02
      77   -0.95103330E+02
      78   -0.97548161E+02
      79   -0.10001517E+03
      80   -0.10251739E+03
      81   -0.10503745E+03
      82   -0.10759426E+03
      83   -0.11017061E+03
      84   -0.11278264E+03
      85   -0.11542269E+03
      86   -0.11808955E+03
      87   -0.12078832E+03
      88   -0.12350121E+03
      89   -0.12624320E+03
      90   -0.12901793E+03
      91   -0.13181819E+03
      92   -0.13463187E+03
      93   -0.13749203E+03
      94   -0.14037532E+03
      95   -0.14327664E+03
      96   -0.14619580E+03
      97   -0.14914021E+03
      98   -0.15211062E+03
      99   -0.15512030E+03
     100   -0.15815587E+03
     101   -0.16120616E+03
     102   -0.16428010E+03
     103   -0.16738358E+03
     104   -0.17051854E+03
     105   -0.17369277E+03
     106   -0.17688275E+03
     107   -0.18008933E+03
     108   -0.18332151E+03
     109   -0.18657137E+03
     110   -0.18985140E+03
     111   -0.19315187E+03
     112   -0.19647271E+03
     113   -0.19982103E+03
     114   -0.20318541E+03
     115   -0.20656417E+03
     116   -0.20997064E+03
     117   -0.21339608E+03
     118   -0.21685848E+03
     119   -0.22033064E+03
     120   -0.22383099E+03
     121   -0.22735170E+03
     122   -0.23086552E+03
     123   -0.23441609E+03
     124   -0.23798644E+03
     125   -0.24157815E+03
     126   -0.24519141E+03
     127   -0.24884545E+03
     128   -0.25252117E+03
     129   -0.25620660E+03
     130   -0.25992174E+03
     131   -0.26364721E+03
     132   -0.26739199E+03
     133   -0.27115814E+03
     134   -0.27494405E+03
     135   -0.27876476E+03
     136   -0.28260202E+03
     137   -0.28645198E+03
     138   -0.29032071E+03
     139   -0.29419480E+03
     140   -0.29812175E+03
     141   -0.30208246E+03
     142   -0.30605607E+03
     143   -0.31005219E+03
     144   -0.31407246E+03
     145   -0.31804651E+03
     146   -0.32207880E+03
     147   -0.32612927E+03
     148   -0.33019218E+03
     149   -0.33426856E+03
     150   -0.33836045E+03
     151   -0.34249214E+03
     152   -0.34662401E+03
     153   -0.35082452E+03
     154   -0.35502355E+03
     155   -0.35921708E+03
     156   -0.36345879E+03
     157   -0.36770838E+03
     158   -0.37196289E+03
     159   -0.37625884E+03
     160   -0.38056332E+03
     161   -0.38489370E+03
     162   -0.38927573E+03
     163   -0.39363887E+03
     164   -0.39799598E+03
     165   -0.40240402E+03
     166   -0.40682064E+03
     167   -0.41127265E+03
     168   -0.41572960E+03
     169   -0.42019327E+03
     170   -0.42467829E+03
     171   -0.42919353E+03
     172   -0.43373652E+03
     173   -0.43827922E+03
     174   -0.44283265E+03
     175   -0.44741641E+03
     176   -0.45201744E+03
     177   -0.45670013E+03
     178   -0.46136413E+03
     179   -0.46603805E+03
     180   -0.47071651E+03
     181   -0.47538469E+03
     182   -0.48011846E+03
     183   -0.48489086E+03
     184   -0.48963426E+03
     185   -0.49437923E+03
     186   -0.49918565E+03
     187   -0.50401365E+03
     188   -0.50887790E+03
     189   -0.51375030E+03
     190   -0.51862435E+03
     191   -0.52354131E+03
     192   -0.52846543E+03
     193   -0.53342882E+03
     194   -0.53844752E+03
     195   -0.54346615E+03
     196   -0.54847065E+03
     197   -0.55352448E+03
     198   -0.55860031E+03
     199   -0.56372600E+03
     200   -0.56880462E+03
     201   -0.57387437E+03
     202   -0.57901539E+03
     203   -0.58416660E+03
     204   -0.58932146E+03
     205   -0.59451145E+03
     206   -0.59969251E+03
     207   -0.60496583E+03
     208   -0.61022041E+03
     209   -0.61551680E+03
     210   -0.62084387E+03
     211   -0.62615505E+03
     212   -0.63152852E+03
     213   -0.63690363E+03
     214   -0.64233777E+03
     215   -0.64777616E+03
     216   -0.65324496E+03
     217   -0.65876384E+03
     218   -0.66424689E+03
     219   -0.66972117E+03
     220   -0.67526947E+03
     221   -0.68083805E+03
     222   -0.68645008E+03
     223   -0.69213402E+03
     224   -0.69777383E+03
     225   -0.70344874E+03
     226   -0.70915654E+03
     227   -0.71487519E+03
     228   -0.72064642E+03
     229   -0.72641165E+03
     230   -0.73220055E+03
     231   -0.73798506E+03
     232   -0.74386491E+03
     233   -0.74974861E+03
     234   -0.75568313E+03
     235   -0.76157343E+03
     236   -0.76758038E+03
     237   -0.77354123E+03
     238   -0.77957127E+03
     239   -0.78563233E+03
     240   -0.79171059E+03
     241   -0.79782807E+03
     242   -0.80396327E+03
     243   -0.81013956E+03
     244   -0.81632743E+03
     245   -0.82252618E+03
     246   -0.82884215E+03
     247   -0.83514395E+03
     248   -0.84146369E+03
     249   -0.84783881E+03
     250   -0.85423299E+03
     251   -0.86062266E+03
     252   -0.86706006E+03
     253   -0.87349883E+03
     254   -0.87997233E+03
     255   -0.88640549E+03
     256   -0.89294222E+03
     257   -0.89949579E+03
     258   -0.90606441E+03
     259   -0.91269393E+03
     260   -0.91934589E+03
     261   -0.92597302E+03
     262   -0.93273740E+03
     263   -0.93948043E+03
     264   -0.94625994E+03
     265   -0.95304017E+03
     266   -0.95984062E+03
     267   -0.96672823E+03
     268   -0.97362239E+03
     269   -0.98058738E+03
     270   -0.98758961E+03
     271   -0.99453926E+03
     272   -0.10015999E+04
     273   -0.10086771E+04
     274   -0.10157498E+04
     275   -0.10228013E+04
     276   -0.10299832E+04
     277   -0.10371451E+04
     278   -0.10442927E+04
     279   -0.10514461E+04
     280   -0.10587082E+04
     281   -0.10660027E+04
     282   -0.10733236E+04
     283   -0.10806568E+04
     284   -0.10880340E+04
     285   -0.10954015E+04
     286   -0.11028185E+04
     287   -0.11103384E+04
     288   -0.11178833E+04
     289   -0.11254359E+04
     290   -0.11329788E+04
     291   -0.11405924E+04
     292   -0.11482393E+04
     293   -0.11558678E+04
     294   -0.11635299E+04
     295   -0.11712646E+04
     296   -0.11790375E+04
     297   -0.11868199E+04
     298   -0.11945997E+04
     299   -0.12024077E+04
     300   -0.12103418E+04
     301   -0.12182331E+04
     302   -0.12261539E+04
     303   -0.12341097E+04
     304   -0.12421167E+04
     305   -0.12501359E+04
     306   -0.12581109E+04
     307   -0.12662336E+04
     308   -0.12743467E+04
     309   -0.12825083E+04
     310   -0.12905529E+04
     311   -0.12987356E+04
     312   -0.13069282E+04
     313   -0.13151724E+04
     314   -0.13234719E+04
     315   -0.13318438E+04
     316   -0.13402623E+04
     317   -0.13485350E+04
     318   -0.13569428E+04
     319   -0.13653040E+04
     320   -0.13736667E+04
     321   -0.13820168E+04
     322   -0.13905123E+04
     323   -0.13990128E+04
     324   -0.14075715E+04
     325   -0.14161364E+04
     326   -0.14247666E+04
     327   -0.14334274E+04
     328   -0.14420213E+04
     329   -0.14507507E+04
     330   -0.14594328E+04
     331   -0.14681379E+04
     332   -0.14768878E+04
     333   -0.14856823E+04
     334   -0.14944062E+04
     335   -0.15032787E+04
     336   -0.15120914E+04
     337   -0.15209985E+04
     338   -0.15298319E+04
     339   -0.15388337E+04
     340   -0.15478139E+04
     341   -0.15567965E+04
     342   -0.15658920E+04
     343   -0.15748733E+04
     344   -0.15839911E+04
     345   -0.15930494E+04
     346   -0.16021447E+04
     347   -0.16112324E+04
     348   -0.16204118E+04
     349   -0.16295642E+04
     350   -0.16387715E+04
     351   -0.16481253E+04
     352   -0.16573516E+04
     353   -0.16664922E+04
     354   -0.16756841E+04
     355   -0.16850609E+04
     356   -0.16942989E+04
     357   -0.17035919E+04
     358   -0.17128962E+04
     359   -0.17223431E+04
     360   -0.17317926E+04
     361   -0.17411656E+04
     362   -0.17504513E+04
     363   -0.17597561E+04
     364   -0.17690505E+04
     365   -0.17786622E+04
     366   -0.17878472E+04
     367   -0.17973267E+04
     368   -0.18069871E+04
     369   -0.18165049E+04
     370   -0.18261691E+04
     371   -0.18357027E+04
     372   -0.18454258E+04
     373   -0.18550637E+04
     374   -0.18645173E+04
     375   -0.18739394E+04
     376   -0.18838390E+04
     377   -0.18931208E+04
     378   -0.19031487E+04
     379   -0.19129101E+04
     380   -0.19226030E+04
     381   -0.19323575E+04
     382   -0.19418834E+04
     383   -0.19517040E+04
     384   -0.19613859E+04
     385   -0.19711395E+04
     386   -0.19807750E+04
     387   -0.19906116E+04
     388   -0.20003396E+04
     389   -0.20099347E+04
     390   -0.20195344E+04
     391   -0.20294995E+04
     392   -0.20394061E+04
     393   -0.20492546E+04
     394   -0.20591246E+04
     395   -0.20688091E+04
     396   -0.20787627E+04
     397   -0.20885781E+04
     398   -0.20986847E+04
     399   -0.21088907E+04
     400   -0.21185682E+04
