       0   -0.14036241E-08
       1   -0.60574140E-03
       2   -0.37950158E-01
       3   -0.11203540E+00
       4   -0.22298231E+00
       5   -0.37066562E+00
       6   -0.55581260E+00
       7   -0.77807387E+00
       8   -0.10370318E+01
       9   -0.13334976E+01
      10   -0.16679869E+01
      11   -0.20388397E+01
      12   -0.24482803E+01
      13   -0.28951292E+01
      14   -0.33806002E+01
      15   -0.39041571E+01
      16   -0.44670801E+01
      17   -0.50682638E+01
      18   -0.57080116E+01
      19   -0.63853292E+01
      20   -0.71020139E+01
      21   -0.78580167E+01
      22   -0.86526784E+01
      23   -0.94898315E+01
      24   -0.10362854E+02
      25   -0.11276777E+02
      26   -0.12233216E+02
      27   -0.13227201E+02
      28   -0.14263892E+02
      29   -0.15340965E+02
      30   -0.16460298E+02
      31   -0.17619465E+02
      32   -0.18816453E+02
      33   -0.20054649E+02
      34   -0.21339566E+02
      35   -0.22668225E+02
      36   -0.24042868E+02
      37   -0.25455839E+02
      38   -0.26907863E+02
      39   -0.28410538E+02
      40   -0.29948929E+02
      41   -0.31534723E+02
      42   -0.33162906E+02
      43   -0.34831001E+02
      44   -0.36554016E+02
      45   -0.38316533E+02
      46   -0.40121194E+02
      47   -0.41976196E+02
      48   -0.43868163E+02
      49   -0.45815220E+02
      50   -0.47798226E+02
      51   -0.49829096E+02
      52   -0.51896028E+02
      53   -0.54015415E+02
      54   -0.56186146E+02
      55   -0.58406968E+02
      56   -0.60665430E+02
      57   -0.62970678E+02
      58   -0.65314089E+02
      59   -0.67709713E+02
      60   -0.70156239E+02
      61   -0.72635866E+02
      62   -0.75163137E+02
      63   -0.77732607E+02
      64   -0.80361430E+02
      65   -0.83024539E+02
      66   -0.85722032E+02
      67   -0.88476291E+02
      68   -0.91275978E+02
      69   -0.94095858E+02
      70   -0.96961912E+02
      71   -0.99885991E+02
      72   -0.10283324E+03
      73   -0.10580870E+03
      74   -0.10884818E+03
      75   -0.11192703E+03
      76   -0.11504147E+03
      77   -0.11818908E+03
      78   -0.12134483E+03
      79   -0.12455435E+03
      80   -0.12779504E+03
      81   -0.13108520E+03
      82   -0.13441907E+03
      83   -0.13776880E+03
      84   -0.14114289E+03
      85   -0.14455018E+03
      86   -0.14798929E+03
      87   -0.15145431E+03
      88   -0.15494210E+03
      89   -0.15845306E+03
      90   -0.16201262E+03
      91   -0.16558945E+03
      92   -0.16918951E+03
      93   -0.17282464E+03
      94   -0.17646070E+03
      95   -0.18010207E+03
      96   -0.18379534E+03
      97   -0.18751729E+03
      98   -0.19124437E+03
      99   -0.19501701E+03
     100   -0.19883798E+03
     101   -0.20265698E+03
     102   -0.20650253E+03
     103   -0.21035046E+03
     104   -0.21421048E+03
     105   -0.21807029E+03
     106   -0.22195588E+03
     107   -0.22585593E+03
     108   -0.22981842E+03
     109   -0.23377434E+03
     110   -0.23777393E+03
     111   -0.24174510E+03
     112   -0.24574914E+03
     113   -0.24979942E+03
     114   -0.25382801E+03
     115   -0.25791079E+03
     116   -0.26202143E+03
     117   -0.26611123E+03
     118   -0.27022552E+03
     119   -0.27436311E+03
     120   -0.27851755E+03
     121   -0.28268735E+03
     122   -0.28685736E+03
     123   -0.29102570E+03
     124   -0.29524420E+03
     125   -0.29947704E+03
     126   -0.30369085E+03
     127   -0.30791834E+03
     128   -0.31218228E+03
     129   -0.31646451E+03
     130   -0.32076912E+03
     131   -0.32508145E+03
     132   -0.32945234E+03
     133   -0.33376882E+03
     134   -0.33814731E+03
     135   -0.34252034E+03
     136   -0.34689974E+03
     137   -0.35126614E+03
     138   -0.35564858E+03
     139   -0.36005947E+03
     140   -0.36448911E+03
     141   -0.36889890E+03
     142   -0.37339666E+03
     143   -0.37792054E+03
     144   -0.38240225E+03
     145   -0.38690786E+03
     146   -0.39140872E+03
     147   -0.39596026E+03
     148   -0.40051401E+03
     149   -0.40510470E+03
     150   -0.40967758E+03
     151   -0.41420830E+03
     152   -0.41876839E+03
     153   -0.42336981E+03
     154   -0.42799371E+03
     155   -0.43261096E+03
     156   -0.43726044E+03
     157   -0.44193225E+03
     158   -0.44658673E+03
     159   -0.45129446E+03
     160   -0.45603394E+03
     161   -0.46072907E+03
     162   -0.46544522E+03
     163   -0.47008735E+03
     164   -0.47483400E+03
     165   -0.47958513E+03
     166   -0.48435836E+03
     167   -0.48917504E+03
     168   -0.49393220E+03
     169   -0.49869406E+03
     170   -0.50350742E+03
     171   -0.50829266E+03
     172   -0.51310728E+03
     173   -0.51793265E+03
     174   -0.52276618E+03
     175   -0.52753630E+03
     176   -0.53232989E+03
     177   -0.53717630E+03
     178   -0.54200567E+03
     179   -0.54688676E+03
     180   -0.55171003E+03
     181   -0.55656293E+03
     182   -0.56137252E+03
     183   -0.56625226E+03
     184   -0.57113877E+03
     185   -0.57599064E+03
     186   -0.58091571E+03
     187   -0.58584690E+03
     188   -0.59081207E+03
     189   -0.59570123E+03
     190   -0.60068041E+03
     191   -0.60560555E+03
     192   -0.61051158E+03
     193   -0.61542872E+03
     194   -0.62040925E+03
     195   -0.62535264E+03
     196   -0.63033449E+03
     197   -0.63533886E+03
     198   -0.64035567E+03
     199   -0.64528971E+03
     200   -0.65024213E+03
     201   -0.65527208E+03
     202   -0.66032295E+03
     203   -0.66539656E+03
     204   -0.67036165E+03
     205   -0.67539056E+03
     206   -0.68043541E+03
     207   -0.68545823E+03
     208   -0.69051000E+03
     209   -0.69564924E+03
     210   -0.70087210E+03
     211   -0.70594744E+03
     212   -0.71106377E+03
     213   -0.71629025E+03
     214   -0.72146571E+03
     215   -0.72662012E+03
     216   -0.73191315E+03
     217   -0.73717056E+03
     218   -0.74236658E+03
     219   -0.74760902E+03
     220   -0.75289747E+03
     221   -0.75821087E+03
     222   -0.76351145E+03
     223   -0.76880828E+03
     224   -0.77416055E+03
     225   -0.77949600E+03
     226   -0.78485000E+03
     227   -0.79021364E+03
     228   -0.79563095E+03
     229   -0.80101098E+03
     230   -0.80642733E+03
     231   -0.81185213E+03
     232   -0.81727513E+03
     233   -0.82277048E+03
     234   -0.82828790E+03
     235   -0.83376427E+03
     236   -0.83921163E+03
     237   -0.84478254E+03
     238   -0.85033506E+03
     239   -0.85592328E+03
     240   -0.86150889E+03
     241   -0.86708651E+03
     242   -0.87265661E+03
     243   -0.87826140E+03
     244   -0.88389383E+03
     245   -0.88959664E+03
     246   -0.89522817E+03
     247   -0.90085698E+03
     248   -0.90656215E+03
     249   -0.91229042E+03
     250   -0.91801052E+03
     251   -0.92379102E+03
     252   -0.92967288E+03
     253   -0.93555928E+03
     254   -0.94147874E+03
     255   -0.94739102E+03
     256   -0.95321857E+03
     257   -0.95909341E+03
     258   -0.96504428E+03
     259   -0.97103329E+03
     260   -0.97703458E+03
     261   -0.98319929E+03
     262   -0.98924993E+03
     263   -0.99536123E+03
     264   -0.10014898E+04
     265   -0.10076224E+04
     266   -0.10137879E+04
     267   -0.10200483E+04
     268   -0.10263225E+04
     269   -0.10326279E+04
     270   -0.10389434E+04
     271   -0.10453105E+04
     272   -0.10517073E+04
     273   -0.10581988E+04
     274   -0.10647057E+04
     275   -0.10712446E+04
     276   -0.10778835E+04
     277   -0.10845391E+04
     278   -0.10911674E+04
     279   -0.10979371E+04
     280   -0.11047123E+04
     281   -0.11115528E+04
     282   -0.11184207E+04
     283   -0.11252287E+04
     284   -0.11321689E+04
     285   -0.11391432E+04
     286   -0.11461774E+04
     287   -0.11533097E+04
     288   -0.11604124E+04
     289   -0.11676773E+04
     290   -0.11748760E+04
     291   -0.11821357E+04
     292   -0.11894021E+04
     293   -0.11967682E+04
     294   -0.12041624E+04
     295   -0.12116572E+04
     296   -0.12191549E+04
     297   -0.12266986E+04
     298   -0.12342873E+04
     299   -0.12420137E+04
     300   -0.12496760E+04
     301   -0.12573442E+04
     302   -0.12651075E+04
     303   -0.12729211E+04
     304   -0.12807549E+04
     305   -0.12886072E+04
     306   -0.12966063E+04
     307   -0.13046622E+04
     308   -0.13127043E+04
     309   -0.13207889E+04
     310   -0.13288843E+04
     311   -0.13371405E+04
     312   -0.13452705E+04
     313   -0.13535261E+04
     314   -0.13618486E+04
     315   -0.13701417E+04
     316   -0.13784133E+04
     317   -0.13868097E+04
     318   -0.13952284E+04
     319   -0.14037225E+04
     320   -0.14122402E+04
     321   -0.14207240E+04
     322   -0.14293416E+04
     323   -0.14379940E+04
     324   -0.14466031E+04
     325   -0.14552940E+04
     326   -0.14639132E+04
     327   -0.14726432E+04
     328   -0.14815877E+04
     329   -0.14903969E+04
     330   -0.14993356E+04
     331   -0.15082418E+04
     332   -0.15170691E+04
     333   -0.15259808E+04
     334   -0.15349497E+04
     335   -0.15438676E+04
     336   -0.15530523E+04
     337   -0.15622330E+04
     338   -0.15713576E+04
     339   -0.15806320E+04
     340   -0.15898646E+04
     341   -0.15991099E+04
     342   -0.16082723E+04
     343   -0.16175863E+04
     344   -0.16269327E+04
     345   -0.16362505E+04
     346   -0.16456255E+04
     347   -0.16550930E+04
     348   -0.16644235E+04
     349   -0.16737752E+04
     350   -0.16831671E+04
     351   -0.16925779E+04
     352   -0.17021887E+04
     353   -0.17115854E+04
     354   -0.17210896E+04
     355   -0.17307216E+04
     356   -0.17404347E+04
     357   -0.17500813E+04
     358   -0.17597426E+04
     359   -0.17693769E+04
     360   -0.17792103E+04
     361   -0.17891793E+04
     362   -0.17987271E+04
     363   -0.18084321E+04
     364   -0.18183451E+04
     365   -0.18281823E+04
     366   -0.18382686E+04
     367   -0.18480743E+04
     368   -0.18580977E+04
     369   -0.18680357E+04
     370   -0.18777118E+04
     371   -0.18876835E+04
     372   -0.18975863E+04
     373   -0.19076679E+04
     374   -0.19177739E+04
     375   -0.19277321E+04
     376   -0.19377920E+04
     377   -0.19478939E+04
     378   -0.19579867E+04
     379   -0.19681225E+04
     380   -0.19780110E+04
     381   -0.19882797E+04
     382   -0.19983081E+04
     383   -0.20085227E+04
     384   -0.20186797E+04
     385   -0.20292143E+04
     386   -0.20393714E+04
     387   -0.20497869E+04
     388   -0.20598809E+04
     389   -0.20702034E+04
     390   -0.20804673E+04
     391   -0.20905818E+04
     392   -0.21008924E+04
     393   -0.21114597E+04
     394   -0.21218172E+04
     395   -0.21320329E+04
     396   -0.21422690E+04
     397   -0.21529073E+04
     398   -0.21633089E+04
     399   -0.21736596E+04
     400   -0.21843442E+04
     401   -0.21950806E+04
     402   -0.22057428E+04
     403   -0.22159032E+04
     404   -0.22263976E+04
     405   -0.22366400E+04
     406   -0.22467223E+04
     407   -0.22571000E+04
     408   -0.22674351E+04
     409   -0.22780957E+04
     410   -0.22885783E+04
     411   -0.22988880E+04
     412   -0.23097171E+04
     413   -0.23204297E+04
     414   -0.23308311E+04
     415   -0.23409511E+04
     416   -0.23517545E+04
     417   -0.23620562E+04
     418   -0.23725154E+04
     419   -0.23830882E+04
     420   -0.23934602E+04
     421   -0.24041797E+04
     422   -0.24147257E+04
     423   -0.24255592E+04
     424   -0.24361479E+04
     425   -0.24466175E+04
     426   -0.24559481E+04
     427   -0.24664444E+04
     428   -0.24769172E+04
     429   -0.24882063E+04
     430   -0.24998348E+04
     431   -0.25097798E+04
     432   -0.25191242E+04
     433   -0.25303757E+04
     434   -0.25416351E+04
     435   -0.25521343E+04
     436   -0.25620187E+04
     437   -0.25718515E+04
     438   -0.25825157E+04
     439   -0.25936242E+04
     440   -0.26035514E+04
     441   -0.26143458E+04
     442   -0.26239623E+04
     443   -0.26349701E+04
     444   -0.26454265E+04
     445   -0.26556080E+04
     446   -0.26654699E+04
     447   -0.26758500E+04
     448   -0.26868240E+04
     449   -0.26953675E+04
     450   -0.27055894E+04
     451   -0.27150376E+04
     452   -0.27249893E+04
     453   -0.27376171E+04
     454   -0.27489805E+04
     455   -0.27581338E+04
     456   -0.27689069E+04
     457   -0.27772940E+04
     458   -0.27897992E+04
     459   -0.27999867E+04
     460   -0.28104166E+04
     461   -0.28189599E+04
     462   -0.28288964E+04
     463   -0.28405180E+04
     464   -0.28518540E+04
     465   -0.28604949E+04
