       0   -0.19994693E-09
       1   -0.60574020E-03
       2   -0.31881650E-01
       3   -0.93854815E-01
       4   -0.18631482E+00
       5   -0.30968197E+00
       6   -0.46328208E+00
       7   -0.64692074E+00
       8   -0.86178966E+00
       9   -0.11073802E+01
      10   -0.13826758E+01
      11   -0.16883706E+01
      12   -0.20244421E+01
      13   -0.23907967E+01
      14   -0.27887022E+01
      15   -0.32161408E+01
      16   -0.36719325E+01
      17   -0.41581851E+01
      18   -0.46776828E+01
      19   -0.52276990E+01
      20   -0.58061125E+01
      21   -0.64146752E+01
      22   -0.70510158E+01
      23   -0.77148337E+01
      24   -0.84136728E+01
      25   -0.91413417E+01
      26   -0.98983427E+01
      27   -0.10684190E+02
      28   -0.11499777E+02
      29   -0.12348497E+02
      30   -0.13226037E+02
      31   -0.14130798E+02
      32   -0.15065490E+02
      33   -0.16032316E+02
      34   -0.17022184E+02
      35   -0.18042914E+02
      36   -0.19094748E+02
      37   -0.20173154E+02
      38   -0.21285776E+02
      39   -0.22425324E+02
      40   -0.23590797E+02
      41   -0.24790317E+02
      42   -0.26017168E+02
      43   -0.27271452E+02
      44   -0.28554088E+02
      45   -0.29865343E+02
      46   -0.31209160E+02
      47   -0.32577570E+02
      48   -0.33976683E+02
      49   -0.35404227E+02
      50   -0.36856337E+02
      51   -0.38340795E+02
      52   -0.39844158E+02
      53   -0.41389889E+02
      54   -0.42960033E+02
      55   -0.44556137E+02
      56   -0.46180736E+02
      57   -0.47833057E+02
      58   -0.49516582E+02
      59   -0.51222846E+02
      60   -0.52960985E+02
      61   -0.54719743E+02
      62   -0.56516806E+02
      63   -0.58344380E+02
      64   -0.60189235E+02
      65   -0.62059324E+02
      66   -0.63949587E+02
      67   -0.65875952E+02
      68   -0.67831205E+02
      69   -0.69808209E+02
      70   -0.71810800E+02
      71   -0.73844675E+02
      72   -0.75917251E+02
      73   -0.78004420E+02
      74   -0.80114423E+02
      75   -0.82255433E+02
      76   -0.84416558E+02
      77   -0.86608252E+02
      78   -0.88830186E+02
      79   -0.91096146E+02
      80   -0.93363702E+02
      81   -0.95670603E+02
      82   -0.97985382E+02
      83   -0.10032827E+03
      84   -0.10270559E+03
      85   -0.10510158E+03
      86   -0.10753113E+03
      87   -0.10998598E+03
      88   -0.11245481E+03
      89   -0.11496251E+03
      90   -0.11747234E+03
      91   -0.12002395E+03
      92   -0.12261407E+03
      93   -0.12522946E+03
      94   -0.12784207E+03
      95   -0.13048468E+03
      96   -0.13316236E+03
      97   -0.13587400E+03
      98   -0.13860422E+03
      99   -0.14135629E+03
     100   -0.14412891E+03
     101   -0.14693231E+03
     102   -0.14974837E+03
     103   -0.15260679E+03
     104   -0.15548267E+03
     105   -0.15840872E+03
     106   -0.16134493E+03
     107   -0.16429178E+03
     108   -0.16725393E+03
     109   -0.17025102E+03
     110   -0.17328378E+03
     111   -0.17632639E+03
     112   -0.17937672E+03
     113   -0.18247098E+03
     114   -0.18559291E+03
     115   -0.18873144E+03
     116   -0.19188795E+03
     117   -0.19506491E+03
     118   -0.19827262E+03
     119   -0.20150582E+03
     120   -0.20477357E+03
     121   -0.20806385E+03
     122   -0.21136658E+03
     123   -0.21468188E+03
     124   -0.21800705E+03
     125   -0.22137413E+03
     126   -0.22477704E+03
     127   -0.22819851E+03
     128   -0.23164532E+03
     129   -0.23512799E+03
     130   -0.23863302E+03
     131   -0.24215331E+03
     132   -0.24570286E+03
     133   -0.24924856E+03
     134   -0.25282705E+03
     135   -0.25642148E+03
     136   -0.26003071E+03
     137   -0.26367798E+03
     138   -0.26735630E+03
     139   -0.27103280E+03
     140   -0.27474816E+03
     141   -0.27848939E+03
     142   -0.28222987E+03
     143   -0.28599003E+03
     144   -0.28976506E+03
     145   -0.29356941E+03
     146   -0.29741387E+03
     147   -0.30130972E+03
     148   -0.30522730E+03
     149   -0.30912850E+03
     150   -0.31306670E+03
     151   -0.31703466E+03
     152   -0.32105054E+03
     153   -0.32504748E+03
     154   -0.32909812E+03
     155   -0.33315345E+03
     156   -0.33723952E+03
     157   -0.34134841E+03
     158   -0.34546129E+03
     159   -0.34959794E+03
     160   -0.35374655E+03
     161   -0.35792681E+03
     162   -0.36215319E+03
     163   -0.36638445E+03
     164   -0.37062363E+03
     165   -0.37490995E+03
     166   -0.37922026E+03
     167   -0.38352792E+03
     168   -0.38788694E+03
     169   -0.39225220E+03
     170   -0.39663926E+03
     171   -0.40105215E+03
     172   -0.40550232E+03
     173   -0.40997363E+03
     174   -0.41447234E+03
     175   -0.41896265E+03
     176   -0.42349136E+03
     177   -0.42803454E+03
     178   -0.43257544E+03
     179   -0.43715366E+03
     180   -0.44176377E+03
     181   -0.44643208E+03
     182   -0.45112071E+03
     183   -0.45579740E+03
     184   -0.46056597E+03
     185   -0.46530405E+03
     186   -0.47004915E+03
     187   -0.47484601E+03
     188   -0.47966987E+03
     189   -0.48450800E+03
     190   -0.48932146E+03
     191   -0.49421352E+03
     192   -0.49912365E+03
     193   -0.50399904E+03
     194   -0.50897443E+03
     195   -0.51394944E+03
     196   -0.51897009E+03
     197   -0.52399130E+03
     198   -0.52903596E+03
     199   -0.53411496E+03
     200   -0.53923733E+03
     201   -0.54437436E+03
     202   -0.54950726E+03
     203   -0.55468568E+03
     204   -0.55988497E+03
     205   -0.56510293E+03
     206   -0.57033620E+03
     207   -0.57564957E+03
     208   -0.58093494E+03
     209   -0.58626914E+03
     210   -0.59157119E+03
     211   -0.59689545E+03
     212   -0.60227588E+03
     213   -0.60768533E+03
     214   -0.61308913E+03
     215   -0.61855520E+03
     216   -0.62408631E+03
     217   -0.62958859E+03
     218   -0.63515938E+03
     219   -0.64076093E+03
     220   -0.64633635E+03
     221   -0.65197667E+03
     222   -0.65762641E+03
     223   -0.66333257E+03
     224   -0.66901966E+03
     225   -0.67472135E+03
     226   -0.68045386E+03
     227   -0.68620302E+03
     228   -0.69194285E+03
     229   -0.69780997E+03
     230   -0.70367829E+03
     231   -0.70957170E+03
     232   -0.71543315E+03
     233   -0.72137553E+03
     234   -0.72729661E+03
     235   -0.73328330E+03
     236   -0.73926464E+03
     237   -0.74533703E+03
     238   -0.75141786E+03
     239   -0.75748580E+03
     240   -0.76361737E+03
     241   -0.76974972E+03
     242   -0.77587401E+03
     243   -0.78206635E+03
     244   -0.78824270E+03
     245   -0.79450388E+03
     246   -0.80080115E+03
     247   -0.80712436E+03
     248   -0.81344225E+03
     249   -0.81983413E+03
     250   -0.82625353E+03
     251   -0.83267084E+03
     252   -0.83908231E+03
     253   -0.84560685E+03
     254   -0.85210651E+03
     255   -0.85863150E+03
     256   -0.86521223E+03
     257   -0.87186317E+03
     258   -0.87852248E+03
     259   -0.88510309E+03
     260   -0.89174845E+03
     261   -0.89840738E+03
     262   -0.90513519E+03
     263   -0.91187864E+03
     264   -0.91864682E+03
     265   -0.92546737E+03
     266   -0.93231613E+03
     267   -0.93914732E+03
     268   -0.94605125E+03
     269   -0.95296779E+03
     270   -0.95984803E+03
     271   -0.96669369E+03
     272   -0.97367943E+03
     273   -0.98067687E+03
     274   -0.98781109E+03
     275   -0.99489920E+03
     276   -0.10019608E+04
     277   -0.10091048E+04
     278   -0.10162482E+04
     279   -0.10234803E+04
     280   -0.10306513E+04
     281   -0.10378938E+04
     282   -0.10451858E+04
     283   -0.10525130E+04
     284   -0.10597825E+04
     285   -0.10670316E+04
     286   -0.10744242E+04
     287   -0.10817614E+04
     288   -0.10892061E+04
     289   -0.10967247E+04
     290   -0.11042645E+04
     291   -0.11116843E+04
     292   -0.11192109E+04
     293   -0.11267691E+04
     294   -0.11342269E+04
     295   -0.11419120E+04
     296   -0.11495227E+04
     297   -0.11570754E+04
     298   -0.11648602E+04
     299   -0.11726526E+04
     300   -0.11803518E+04
     301   -0.11881094E+04
     302   -0.11959500E+04
     303   -0.12038078E+04
     304   -0.12116166E+04
     305   -0.12195560E+04
     306   -0.12273027E+04
     307   -0.12353045E+04
     308   -0.12431873E+04
     309   -0.12511913E+04
     310   -0.12591626E+04
     311   -0.12672137E+04
     312   -0.12752768E+04
     313   -0.12832462E+04
     314   -0.12913052E+04
     315   -0.12994136E+04
     316   -0.13075003E+04
     317   -0.13158333E+04
     318   -0.13239990E+04
     319   -0.13322235E+04
     320   -0.13403878E+04
     321   -0.13486974E+04
     322   -0.13569671E+04
     323   -0.13653130E+04
     324   -0.13735378E+04
     325   -0.13817585E+04
     326   -0.13899960E+04
     327   -0.13984068E+04
     328   -0.14067452E+04
     329   -0.14152596E+04
     330   -0.14237353E+04
     331   -0.14321314E+04
     332   -0.14407781E+04
     333   -0.14492692E+04
     334   -0.14578866E+04
     335   -0.14664350E+04
     336   -0.14750772E+04
     337   -0.14835658E+04
     338   -0.14922982E+04
     339   -0.15010872E+04
     340   -0.15097846E+04
     341   -0.15184071E+04
     342   -0.15272236E+04
     343   -0.15358836E+04
     344   -0.15447971E+04
     345   -0.15534526E+04
     346   -0.15619846E+04
     347   -0.15707625E+04
     348   -0.15795574E+04
     349   -0.15883610E+04
     350   -0.15969836E+04
     351   -0.16060653E+04
     352   -0.16150521E+04
     353   -0.16239537E+04
     354   -0.16330512E+04
     355   -0.16417724E+04
     356   -0.16508600E+04
     357   -0.16600228E+04
     358   -0.16690138E+04
     359   -0.16777937E+04
     360   -0.16866387E+04
     361   -0.16953867E+04
     362   -0.17044821E+04
     363   -0.17135586E+04
     364   -0.17226906E+04
     365   -0.17318144E+04
     366   -0.17410824E+04
     367   -0.17502362E+04
     368   -0.17592322E+04
     369   -0.17684709E+04
     370   -0.17776551E+04
     371   -0.17865858E+04
     372   -0.17956274E+04
     373   -0.18044929E+04
     374   -0.18138258E+04
     375   -0.18232844E+04
     376   -0.18324344E+04
     377   -0.18415863E+04
     378   -0.18509116E+04
     379   -0.18604048E+04
     380   -0.18696721E+04
