    0.0000000000E+00    -0.1100278970E+03
    0.1000000000E+01    -0.1087258111E+03
    0.2000000000E+01    -0.1080870398E+03
    0.3000000000E+01    -0.1078243372E+03
    0.4000000000E+01    -0.1078188214E+03
    0.5000000000E+01    -0.1080058748E+03
    0.6000000000E+01    -0.1083451456E+03
    0.7000000000E+01    -0.1088081150E+03
    0.8000000000E+01    -0.1093740798E+03
    0.9000000000E+01    -0.1100275217E+03
    0.1000000000E+02    -0.1107564353E+03
    0.1100000000E+02    -0.1115503258E+03
    0.1200000000E+02    -0.1124009117E+03
    0.1300000000E+02    -0.1133012677E+03
    0.1400000000E+02    -0.1142453928E+03
    0.1500000000E+02    -0.1152274028E+03
    0.1600000000E+02    -0.1162434260E+03
    0.1700000000E+02    -0.1172900904E+03
    0.1800000000E+02    -0.1183622862E+03
    0.1900000000E+02    -0.1194583247E+03
    0.2000000000E+02    -0.1205745877E+03
    0.2100000000E+02    -0.1217085684E+03
    0.2200000000E+02    -0.1228580215E+03
    0.2300000000E+02    -0.1240202325E+03
    0.2400000000E+02    -0.1251940281E+03
    0.2500000000E+02    -0.1263774770E+03
    0.2600000000E+02    -0.1275685190E+03
    0.2700000000E+02    -0.1287658623E+03
    0.2800000000E+02    -0.1299676834E+03
    0.2900000000E+02    -0.1311721539E+03
    0.3000000000E+02    -0.1323788168E+03
    0.3100000000E+02    -0.1335856697E+03
    0.3200000000E+02    -0.1347910512E+03
    0.3300000000E+02    -0.1359949835E+03
    0.3400000000E+02    -0.1371955990E+03
    0.3500000000E+02    -0.1383920266E+03
    0.3600000000E+02    -0.1395829723E+03
    0.3700000000E+02    -0.1407680267E+03
    0.3800000000E+02    -0.1419453215E+03
    0.3900000000E+02    -0.1431144821E+03
    0.4000000000E+02    -0.1442751114E+03
    0.4100000000E+02    -0.1454263107E+03
    0.4200000000E+02    -0.1465657704E+03
    0.4300000000E+02    -0.1476946597E+03
    0.4400000000E+02    -0.1488125578E+03
    0.4500000000E+02    -0.1499193091E+03
    0.4600000000E+02    -0.1510119518E+03
    0.4700000000E+02    -0.1520915335E+03
    0.4800000000E+02    -0.1531566078E+03
    0.4900000000E+02    -0.1542086215E+03
    0.5000000000E+02    -0.1552472223E+03
    0.5100000000E+02    -0.1562716989E+03
    0.5200000000E+02    -0.1572825256E+03
    0.5300000000E+02    -0.1582787711E+03
    0.5400000000E+02    -0.1592624225E+03
    0.5500000000E+02    -0.1602324711E+03
    0.5600000000E+02    -0.1611880399E+03
    0.5700000000E+02    -0.1621303786E+03
    0.5800000000E+02    -0.1630603699E+03
    0.5900000000E+02    -0.1639758005E+03
    0.6000000000E+02    -0.1648783770E+03
    0.6100000000E+02    -0.1657703442E+03
    0.6200000000E+02    -0.1666474342E+03
    0.6300000000E+02    -0.1675124565E+03
    0.6400000000E+02    -0.1683646023E+03
    0.6500000000E+02    -0.1692060432E+03
    0.6600000000E+02    -0.1700352685E+03
    0.6700000000E+02    -0.1708519710E+03
    0.6800000000E+02    -0.1716564047E+03
    0.6900000000E+02    -0.1724495795E+03
    0.7000000000E+02    -0.1732317244E+03
    0.7100000000E+02    -0.1740022775E+03
    0.7200000000E+02    -0.1747616355E+03
    0.7300000000E+02    -0.1755099674E+03
    0.7400000000E+02    -0.1762454530E+03
    0.7500000000E+02    -0.1769713297E+03
    0.7600000000E+02    -0.1776852542E+03
    0.7700000000E+02    -0.1783881882E+03
    0.7800000000E+02    -0.1790809411E+03
    0.7900000000E+02    -0.1797623768E+03
    0.8000000000E+02    -0.1804327009E+03
    0.8100000000E+02    -0.1810929701E+03
    0.8200000000E+02    -0.1817433364E+03
    0.8300000000E+02    -0.1823839509E+03
    0.8400000000E+02    -0.1830136023E+03
    0.8500000000E+02    -0.1836322620E+03
    0.8600000000E+02    -0.1842405511E+03
    0.8700000000E+02    -0.1848390015E+03
    0.8800000000E+02    -0.1854290982E+03
    0.8900000000E+02    -0.1860095429E+03
    0.9000000000E+02    -0.1865788788E+03
    0.9100000000E+02    -0.1871392984E+03
    0.9200000000E+02    -0.1876891630E+03
    0.9300000000E+02    -0.1882301703E+03
    0.9400000000E+02    -0.1887618684E+03
    0.9500000000E+02    -0.1892850687E+03
    0.9600000000E+02    -0.1897987121E+03
    0.9700000000E+02    -0.1903037601E+03
    0.9800000000E+02    -0.1908007661E+03
    0.9900000000E+02    -0.1912878198E+03
    0.1000000000E+03    -0.1917678560E+03
    0.1010000000E+03    -0.1922370867E+03
    0.1020000000E+03    -0.1926989326E+03
    0.1030000000E+03    -0.1931508939E+03
    0.1040000000E+03    -0.1935946378E+03
    0.1050000000E+03    -0.1940294266E+03
    0.1060000000E+03    -0.1944558735E+03
    0.1070000000E+03    -0.1948730369E+03
    0.1080000000E+03    -0.1952821792E+03
    0.1090000000E+03    -0.1956827968E+03
    0.1100000000E+03    -0.1960750957E+03
    0.1110000000E+03    -0.1964584841E+03
    0.1120000000E+03    -0.1968322671E+03
    0.1130000000E+03    -0.1972011266E+03
    0.1140000000E+03    -0.1975608322E+03
    0.1150000000E+03    -0.1979100155E+03
    0.1160000000E+03    -0.1982512187E+03
    0.1170000000E+03    -0.1985842401E+03
    0.1180000000E+03    -0.1989092403E+03
    0.1190000000E+03    -0.1992248668E+03
    0.1200000000E+03    -0.1995301604E+03
    0.1210000000E+03    -0.1998270137E+03
    0.1220000000E+03    -0.2001172403E+03
    0.1230000000E+03    -0.2003971385E+03
    0.1240000000E+03    -0.2006685186E+03
    0.1250000000E+03    -0.2009309019E+03
    0.1260000000E+03    -0.2011828302E+03
    0.1270000000E+03    -0.2014263046E+03
    0.1280000000E+03    -0.2016599949E+03
    0.1290000000E+03    -0.2018855772E+03
    0.1300000000E+03    -0.2021022960E+03
    0.1310000000E+03    -0.2023089135E+03
    0.1320000000E+03    -0.2025046818E+03
    0.1330000000E+03    -0.2026920161E+03
    0.1340000000E+03    -0.2028692362E+03
    0.1350000000E+03    -0.2030354711E+03
    0.1360000000E+03    -0.2031937493E+03
    0.1370000000E+03    -0.2033389752E+03
    0.1380000000E+03    -0.2034762165E+03
    0.1390000000E+03    -0.2036017635E+03
    0.1400000000E+03    -0.2037153677E+03
    0.1410000000E+03    -0.2038202320E+03
    0.1420000000E+03    -0.2039143281E+03
    0.1430000000E+03    -0.2040007032E+03
    0.1440000000E+03    -0.2040732427E+03
    0.1450000000E+03    -0.2041376584E+03
    0.1460000000E+03    -0.2041916115E+03
    0.1470000000E+03    -0.2042355433E+03
    0.1480000000E+03    -0.2042704045E+03
    0.1490000000E+03    -0.2042935182E+03
    0.1500000000E+03    -0.2043076429E+03
    0.1510000000E+03    -0.2043127926E+03
    0.1520000000E+03    -0.2043076018E+03
    0.1530000000E+03    -0.2042943431E+03
    0.1540000000E+03    -0.2042722411E+03
    0.1550000000E+03    -0.2042412077E+03
    0.1560000000E+03    -0.2042017460E+03
    0.1570000000E+03    -0.2041566436E+03
    0.1580000000E+03    -0.2041018215E+03
    0.1590000000E+03    -0.2040407325E+03
    0.1600000000E+03    -0.2039703450E+03
    0.1610000000E+03    -0.2038941451E+03
    0.1620000000E+03    -0.2038088686E+03
    0.1630000000E+03    -0.2037182708E+03
    0.1640000000E+03    -0.2036224040E+03
    0.1650000000E+03    -0.2035192338E+03
    0.1660000000E+03    -0.2034115390E+03
    0.1670000000E+03    -0.2032948861E+03
    0.1680000000E+03    -0.2031749648E+03
    0.1690000000E+03    -0.2030482376E+03
    0.1700000000E+03    -0.2029167607E+03
    0.1710000000E+03    -0.2027814103E+03
    0.1720000000E+03    -0.2026403708E+03
    0.1730000000E+03    -0.2024936584E+03
    0.1740000000E+03    -0.2023418153E+03
    0.1750000000E+03    -0.2021891284E+03
    0.1760000000E+03    -0.2020292287E+03
    0.1770000000E+03    -0.2018647506E+03
    0.1780000000E+03    -0.2016967228E+03
    0.1790000000E+03    -0.2015253882E+03
    0.1800000000E+03    -0.2013499445E+03
    0.1810000000E+03    -0.2011689409E+03
    0.1820000000E+03    -0.2009832939E+03
    0.1830000000E+03    -0.2007916881E+03
    0.1840000000E+03    -0.2005989400E+03
    0.1850000000E+03    -0.2004015452E+03
    0.1860000000E+03    -0.2001995504E+03
    0.1870000000E+03    -0.1999950865E+03
    0.1880000000E+03    -0.1997868698E+03
    0.1890000000E+03    -0.1995729908E+03
    0.1900000000E+03    -0.1993554880E+03
    0.1910000000E+03    -0.1991346669E+03
    0.1920000000E+03    -0.1989102852E+03
    0.1930000000E+03    -0.1986837052E+03
    0.1940000000E+03    -0.1984519415E+03
    0.1950000000E+03    -0.1982159342E+03
    0.1960000000E+03    -0.1979766157E+03
    0.1970000000E+03    -0.1977350971E+03
    0.1980000000E+03    -0.1974859400E+03
    0.1990000000E+03    -0.1972322980E+03
    0.2000000000E+03    -0.1969757549E+03
    0.2010000000E+03    -0.1967165716E+03
    0.2020000000E+03    -0.1964505081E+03
    0.2030000000E+03    -0.1961789019E+03
    0.2040000000E+03    -0.1959021758E+03
    0.2050000000E+03    -0.1956231029E+03
    0.2060000000E+03    -0.1953389891E+03
    0.2070000000E+03    -0.1950479039E+03
    0.2080000000E+03    -0.1947527581E+03
    0.2090000000E+03    -0.1944504762E+03
    0.2100000000E+03    -0.1941453152E+03
    0.2110000000E+03    -0.1938354642E+03
    0.2120000000E+03    -0.1935187226E+03
    0.2130000000E+03    -0.1931956913E+03
    0.2140000000E+03    -0.1928659755E+03
    0.2150000000E+03    -0.1925298742E+03
    0.2160000000E+03    -0.1921868477E+03
    0.2170000000E+03    -0.1918337799E+03
    0.2180000000E+03    -0.1914764250E+03
    0.2190000000E+03    -0.1911070402E+03
    0.2200000000E+03    -0.1907323169E+03
    0.2210000000E+03    -0.1903509108E+03
    0.2220000000E+03    -0.1899606011E+03
    0.2230000000E+03    -0.1895600378E+03
    0.2240000000E+03    -0.1891485664E+03
    0.2250000000E+03    -0.1887299136E+03
    0.2260000000E+03    -0.1883013539E+03
    0.2270000000E+03    -0.1878615678E+03
    0.2280000000E+03    -0.1874115904E+03
    0.2290000000E+03    -0.1869510446E+03
    0.2300000000E+03    -0.1864816158E+03
    0.2310000000E+03    -0.1860022316E+03
    0.2320000000E+03    -0.1855107090E+03
    0.2330000000E+03    -0.1850102400E+03
    0.2340000000E+03    -0.1844991301E+03
    0.2350000000E+03    -0.1839779201E+03
    0.2360000000E+03    -0.1834456278E+03
    0.2370000000E+03    -0.1829038502E+03
    0.2380000000E+03    -0.1823521410E+03
    0.2390000000E+03    -0.1817904792E+03
    0.2400000000E+03    -0.1812170311E+03
    0.2410000000E+03    -0.1806352058E+03
    0.2420000000E+03    -0.1800472446E+03
    0.2430000000E+03    -0.1794496912E+03
    0.2440000000E+03    -0.1788397940E+03
    0.2450000000E+03    -0.1782195668E+03
    0.2460000000E+03    -0.1775922967E+03
    0.2470000000E+03    -0.1769546076E+03
    0.2480000000E+03    -0.1763064907E+03
    0.2490000000E+03    -0.1756506260E+03
    0.2500000000E+03    -0.1749872855E+03
    0.2510000000E+03    -0.1743147184E+03
    0.2520000000E+03    -0.1736322348E+03
    0.2530000000E+03    -0.1729420123E+03
    0.2540000000E+03    -0.1722420751E+03
    0.2550000000E+03    -0.1715325829E+03
    0.2560000000E+03    -0.1708161823E+03
    0.2570000000E+03    -0.1700923591E+03
    0.2580000000E+03    -0.1693587439E+03
    0.2590000000E+03    -0.1686193421E+03
    0.2600000000E+03    -0.1678693264E+03
    0.2610000000E+03    -0.1671086515E+03
    0.2620000000E+03    -0.1663412349E+03
    0.2630000000E+03    -0.1655652137E+03
    0.2640000000E+03    -0.1647827022E+03
    0.2650000000E+03    -0.1639937376E+03
    0.2660000000E+03    -0.1631928445E+03
    0.2670000000E+03    -0.1623843332E+03
    0.2680000000E+03    -0.1615660357E+03
    0.2690000000E+03    -0.1607401866E+03
    0.2700000000E+03    -0.1599051242E+03
    0.2710000000E+03    -0.1590628506E+03
    0.2720000000E+03    -0.1582114719E+03
    0.2730000000E+03    -0.1573509441E+03
    0.2740000000E+03    -0.1564858497E+03
    0.2750000000E+03    -0.1556099567E+03
    0.2760000000E+03    -0.1547233709E+03
    0.2770000000E+03    -0.1538274947E+03
    0.2780000000E+03    -0.1529249226E+03
    0.2790000000E+03    -0.1520144483E+03
    0.2800000000E+03    -0.1510926094E+03
    0.2810000000E+03    -0.1501606599E+03
    0.2820000000E+03    -0.1492209987E+03
    0.2830000000E+03    -0.1482723822E+03
    0.2840000000E+03    -0.1473146316E+03
    0.2850000000E+03    -0.1463467103E+03
    0.2860000000E+03    -0.1453706116E+03
    0.2870000000E+03    -0.1443836865E+03
    0.2880000000E+03    -0.1433897533E+03
    0.2890000000E+03    -0.1423842689E+03
    0.2900000000E+03    -0.1413663861E+03
    0.2910000000E+03    -0.1403415155E+03
    0.2920000000E+03    -0.1393022172E+03
    0.2930000000E+03    -0.1382537380E+03
    0.2940000000E+03    -0.1371955174E+03
    0.2950000000E+03    -0.1361292368E+03
    0.2960000000E+03    -0.1350478435E+03
    0.2970000000E+03    -0.1339556322E+03
    0.2980000000E+03    -0.1328547387E+03
    0.2990000000E+03    -0.1317391405E+03
    0.3000000000E+03    -0.1306143345E+03
    0.3010000000E+03    -0.1294778006E+03
    0.3020000000E+03    -0.1283326282E+03
    0.3030000000E+03    -0.1271705922E+03
    0.3040000000E+03    -0.1260006640E+03
    0.3050000000E+03    -0.1248178920E+03
    0.3060000000E+03    -0.1236214994E+03
    0.3070000000E+03    -0.1224142230E+03
    0.3080000000E+03    -0.1211975550E+03
    0.3090000000E+03    -0.1199639613E+03
    0.3100000000E+03    -0.1187215849E+03
    0.3110000000E+03    -0.1174670959E+03
    0.3120000000E+03    -0.1161971093E+03
    0.3130000000E+03    -0.1149201617E+03
    0.3140000000E+03    -0.1136233974E+03
    0.3150000000E+03    -0.1123185643E+03
    0.3160000000E+03    -0.1109999889E+03
    0.3170000000E+03    -0.1096708432E+03
    0.3180000000E+03    -0.1083319875E+03
    0.3190000000E+03    -0.1069808157E+03
    0.3200000000E+03    -0.1056222124E+03
    0.3210000000E+03    -0.1042534989E+03
    0.3220000000E+03    -0.1028745776E+03
    0.3230000000E+03    -0.1014856405E+03
    0.3240000000E+03    -0.1000867175E+03
    0.3250000000E+03    -0.9868191975E+02
    0.3260000000E+03    -0.9726960165E+02
    0.3270000000E+03    -0.9585645596E+02
    0.3280000000E+03    -0.9443622264E+02
    0.3290000000E+03    -0.9300798654E+02
    0.3300000000E+03    -0.9157599169E+02
    0.3310000000E+03    -0.9013984739E+02
    0.3320000000E+03    -0.8870147040E+02
    0.3330000000E+03    -0.8725349307E+02
    0.3340000000E+03    -0.8580422248E+02
    0.3350000000E+03    -0.8435393200E+02
    0.3360000000E+03    -0.8289820832E+02
    0.3370000000E+03    -0.8145199807E+02
    0.3380000000E+03    -0.8000143182E+02
    0.3390000000E+03    -0.7854694992E+02
    0.3400000000E+03    -0.7709803965E+02
    0.3410000000E+03    -0.7564752130E+02
    0.3420000000E+03    -0.7419169320E+02
    0.3430000000E+03    -0.7274155322E+02
    0.3440000000E+03    -0.7129924532E+02
    0.3450000000E+03    -0.6985364084E+02
    0.3460000000E+03    -0.6841237858E+02
    0.3470000000E+03    -0.6697405515E+02
    0.3480000000E+03    -0.6553878753E+02
    0.3490000000E+03    -0.6411064000E+02
    0.3500000000E+03    -0.6268686138E+02
    0.3510000000E+03    -0.6126586685E+02
    0.3520000000E+03    -0.5985839552E+02
    0.3530000000E+03    -0.5844568271E+02
    0.3540000000E+03    -0.5704474645E+02
    0.3550000000E+03    -0.5564836168E+02
    0.3560000000E+03    -0.5424939580E+02
    0.3570000000E+03    -0.5287167107E+02
    0.3580000000E+03    -0.5150307830E+02
    0.3590000000E+03    -0.5014983253E+02
    0.3600000000E+03    -0.4879671036E+02
    0.3610000000E+03    -0.4745359022E+02
    0.3620000000E+03    -0.4612436885E+02
    0.3630000000E+03    -0.4480197235E+02
    0.3640000000E+03    -0.4348535908E+02
    0.3650000000E+03    -0.4218538808E+02
    0.3660000000E+03    -0.4088850064E+02
    0.3670000000E+03    -0.3961567931E+02
    0.3680000000E+03    -0.3835362720E+02
    0.3690000000E+03    -0.3711758183E+02
    0.3700000000E+03    -0.3588392088E+02
    0.3710000000E+03    -0.3466766472E+02
    0.3720000000E+03    -0.3346017672E+02
    0.3730000000E+03    -0.3226370228E+02
    0.3740000000E+03    -0.3109138617E+02
    0.3750000000E+03    -0.2994228981E+02
    0.3760000000E+03    -0.2880792487E+02
    0.3770000000E+03    -0.2767461786E+02
    0.3780000000E+03    -0.2656314913E+02
    0.3790000000E+03    -0.2547591684E+02
    0.3800000000E+03    -0.2441185280E+02
    0.3810000000E+03    -0.2336282896E+02
    0.3820000000E+03    -0.2232689308E+02
    0.3830000000E+03    -0.2131288069E+02
    0.3840000000E+03    -0.2033137034E+02
    0.3850000000E+03    -0.1937506895E+02
    0.3860000000E+03    -0.1843579938E+02
    0.3870000000E+03    -0.1749366797E+02
    0.3880000000E+03    -0.1657544747E+02
    0.3890000000E+03    -0.1569246916E+02
    0.3900000000E+03    -0.1483758638E+02
    0.3910000000E+03    -0.1399454137E+02
    0.3920000000E+03    -0.1318436427E+02
    0.3930000000E+03    -0.1239546868E+02
    0.3940000000E+03    -0.1163266393E+02
    0.3950000000E+03    -0.1087970018E+02
    0.3960000000E+03    -0.1016588745E+02
    0.3970000000E+03    -0.9494998288E+01
    0.3980000000E+03    -0.8829375981E+01
    0.3990000000E+03    -0.8199762831E+01
    0.4000000000E+03    -0.7601087917E+01
    0.4010000000E+03    -0.7045598987E+01
    0.4020000000E+03    -0.6510775996E+01
    0.4030000000E+03    -0.6016249602E+01
    0.4040000000E+03    -0.5549959233E+01
    0.4050000000E+03    -0.5098466123E+01
    0.4060000000E+03    -0.4715069316E+01
    0.4070000000E+03    -0.4323741356E+01
    0.4080000000E+03    -0.3987387355E+01
    0.4090000000E+03    -0.3671462422E+01
    0.4100000000E+03    -0.3411785598E+01
    0.4110000000E+03    -0.3173797122E+01
    0.4120000000E+03    -0.2962726279E+01
    0.4130000000E+03    -0.2774380086E+01
    0.4140000000E+03    -0.2634507228E+01
    0.4150000000E+03    -0.2544530517E+01
    0.4160000000E+03    -0.2483682632E+01
    0.4170000000E+03    -0.2486155083E+01
    0.4180000000E+03    -0.2511381940E+01
    0.4190000000E+03    -0.2617707038E+01
    0.4200000000E+03    -0.2782093446E+01
    0.4210000000E+03    -0.2978620691E+01
    0.4220000000E+03    -0.3170299564E+01
    0.4230000000E+03    -0.3432291620E+01
    0.4240000000E+03    -0.3735430909E+01
    0.4250000000E+03    -0.4078242856E+01
    0.4260000000E+03    -0.4459241516E+01
    0.4270000000E+03    -0.4846791083E+01
    0.4280000000E+03    -0.5364084863E+01
    0.4290000000E+03    -0.5911208018E+01
    0.4300000000E+03    -0.6446450340E+01
    0.4310000000E+03    -0.7032488297E+01
    0.4320000000E+03    -0.7706777305E+01
    0.4330000000E+03    -0.8423368557E+01
    0.4340000000E+03    -0.9230598353E+01
    0.4350000000E+03    -0.1012169473E+02
    0.4360000000E+03    -0.1101481080E+02
    0.4370000000E+03    -0.1189982478E+02
    0.4380000000E+03    -0.1286163613E+02
    0.4390000000E+03    -0.1392068997E+02
    0.4400000000E+03    -0.1505268510E+02
    0.4410000000E+03    -0.1618347326E+02
    0.4420000000E+03    -0.1737527059E+02
    0.4430000000E+03    -0.1859227990E+02
    0.4440000000E+03    -0.1990720895E+02
    0.4450000000E+03    -0.2128467793E+02
    0.4460000000E+03    -0.2266541810E+02
    0.4470000000E+03    -0.2416261129E+02
    0.4480000000E+03    -0.2568081114E+02
    0.4490000000E+03    -0.2728545888E+02
    0.4500000000E+03    -0.2889774264E+02
    0.4510000000E+03    -0.3061189990E+02
    0.4520000000E+03    -0.3241799169E+02
    0.4530000000E+03    -0.3432442891E+02
    0.4540000000E+03    -0.3623479049E+02
    0.4550000000E+03    -0.3821415422E+02
    0.4560000000E+03    -0.4030079677E+02
    0.4570000000E+03    -0.4234285987E+02
    0.4580000000E+03    -0.4447953073E+02
    0.4590000000E+03    -0.4672277187E+02
    0.4600000000E+03    -0.4902818278E+02
    0.4610000000E+03    -0.5143762668E+02
    0.4620000000E+03    -0.5393210583E+02
    0.4630000000E+03    -0.5656776022E+02
    0.4640000000E+03    -0.5917646490E+02
    0.4650000000E+03    -0.6191280898E+02
    0.4660000000E+03    -0.6474168870E+02
    0.4670000000E+03    -0.6768374723E+02
    0.4680000000E+03    -0.7063667562E+02
    0.4690000000E+03    -0.7363807227E+02
    0.4700000000E+03    -0.7668416584E+02
