    0.0000000000E+00    -0.1687177149E+02
    0.1000000000E+01    -0.1445607370E+02
    0.2000000000E+01    -0.1271302870E+02
    0.3000000000E+01    -0.1135453891E+02
    0.4000000000E+01    -0.1026353878E+02
    0.5000000000E+01    -0.9375278039E+01
    0.6000000000E+01    -0.8648392470E+01
    0.7000000000E+01    -0.8055100693E+01
    0.8000000000E+01    -0.7575239403E+01
    0.9000000000E+01    -0.7192964596E+01
    0.1000000000E+02    -0.6895331385E+01
    0.1100000000E+02    -0.6672630421E+01
    0.1200000000E+02    -0.6516964142E+01
    0.1300000000E+02    -0.6421094541E+01
    0.1400000000E+02    -0.6378616609E+01
    0.1500000000E+02    -0.6384780828E+01
    0.1600000000E+02    -0.6435754970E+01
    0.1700000000E+02    -0.6527006776E+01
    0.1800000000E+02    -0.6655780218E+01
    0.1900000000E+02    -0.6818425013E+01
    0.2000000000E+02    -0.7012583218E+01
    0.2100000000E+02    -0.7235266381E+01
    0.2200000000E+02    -0.7484201055E+01
    0.2300000000E+02    -0.7757444734E+01
    0.2400000000E+02    -0.8053858693E+01
    0.2500000000E+02    -0.8371516240E+01
    0.2600000000E+02    -0.8708821700E+01
    0.2700000000E+02    -0.9063372525E+01
    0.2800000000E+02    -0.9434795963E+01
    0.2900000000E+02    -0.9821662897E+01
    0.3000000000E+02    -0.1022237567E+02
    0.3100000000E+02    -0.1063678858E+02
    0.3200000000E+02    -0.1106414368E+02
    0.3300000000E+02    -0.1150150459E+02
    0.3400000000E+02    -0.1194956846E+02
    0.3500000000E+02    -0.1240741661E+02
    0.3600000000E+02    -0.1287361601E+02
    0.3700000000E+02    -0.1334710707E+02
    0.3800000000E+02    -0.1382778308E+02
    0.3900000000E+02    -0.1431554831E+02
    0.4000000000E+02    -0.1480972374E+02
    0.4100000000E+02    -0.1530927057E+02
    0.4200000000E+02    -0.1581355420E+02
    0.4300000000E+02    -0.1632259549E+02
    0.4400000000E+02    -0.1683590079E+02
    0.4500000000E+02    -0.1735220148E+02
    0.4600000000E+02    -0.1787124240E+02
    0.4700000000E+02    -0.1839300547E+02
    0.4800000000E+02    -0.1891633369E+02
    0.4900000000E+02    -0.1944216154E+02
    0.5000000000E+02    -0.1996961730E+02
    0.5100000000E+02    -0.2049772942E+02
    0.5200000000E+02    -0.2102644518E+02
    0.5300000000E+02    -0.2155546076E+02
    0.5400000000E+02    -0.2208509207E+02
    0.5500000000E+02    -0.2261364750E+02
    0.5600000000E+02    -0.2314197182E+02
    0.5700000000E+02    -0.2367045268E+02
    0.5800000000E+02    -0.2419835676E+02
    0.5900000000E+02    -0.2472492026E+02
    0.6000000000E+02    -0.2524887461E+02
    0.6100000000E+02    -0.2577130633E+02
    0.6200000000E+02    -0.2629232613E+02
    0.6300000000E+02    -0.2681146380E+02
    0.6400000000E+02    -0.2732823232E+02
    0.6500000000E+02    -0.2784297235E+02
    0.6600000000E+02    -0.2835501282E+02
    0.6700000000E+02    -0.2886401897E+02
    0.6800000000E+02    -0.2937108777E+02
    0.6900000000E+02    -0.2987526588E+02
    0.7000000000E+02    -0.3037554985E+02
    0.7100000000E+02    -0.3087313614E+02
    0.7200000000E+02    -0.3136749342E+02
    0.7300000000E+02    -0.3185827392E+02
    0.7400000000E+02    -0.3234551092E+02
    0.7500000000E+02    -0.3282823873E+02
    0.7600000000E+02    -0.3330757717E+02
    0.7700000000E+02    -0.3378267954E+02
    0.7800000000E+02    -0.3425418872E+02
    0.7900000000E+02    -0.3472223639E+02
    0.8000000000E+02    -0.3518622585E+02
    0.8100000000E+02    -0.3564494794E+02
    0.8200000000E+02    -0.3609858479E+02
    0.8300000000E+02    -0.3654823062E+02
    0.8400000000E+02    -0.3699401803E+02
    0.8500000000E+02    -0.3743565092E+02
    0.8600000000E+02    -0.3787273548E+02
    0.8700000000E+02    -0.3830527452E+02
    0.8800000000E+02    -0.3873539479E+02
    0.8900000000E+02    -0.3915888471E+02
    0.9000000000E+02    -0.3957796888E+02
    0.9100000000E+02    -0.3999294717E+02
    0.9200000000E+02    -0.4040259253E+02
    0.9300000000E+02    -0.4080798352E+02
    0.9400000000E+02    -0.4120772998E+02
    0.9500000000E+02    -0.4160196706E+02
    0.9600000000E+02    -0.4199195628E+02
    0.9700000000E+02    -0.4237750686E+02
    0.9800000000E+02    -0.4275881617E+02
    0.9900000000E+02    -0.4313407771E+02
    0.1000000000E+03    -0.4350506360E+02
    0.1010000000E+03    -0.4387062606E+02
    0.1020000000E+03    -0.4423078515E+02
    0.1030000000E+03    -0.4458528805E+02
    0.1040000000E+03    -0.4493711435E+02
    0.1050000000E+03    -0.4528314183E+02
    0.1060000000E+03    -0.4562302095E+02
    0.1070000000E+03    -0.4595871641E+02
    0.1080000000E+03    -0.4628874733E+02
    0.1090000000E+03    -0.4661358784E+02
    0.1100000000E+03    -0.4693351214E+02
    0.1110000000E+03    -0.4724919988E+02
    0.1120000000E+03    -0.4755916383E+02
    0.1130000000E+03    -0.4786473386E+02
    0.1140000000E+03    -0.4816534803E+02
    0.1150000000E+03    -0.4846063095E+02
    0.1160000000E+03    -0.4875084901E+02
    0.1170000000E+03    -0.4903581813E+02
    0.1180000000E+03    -0.4931614425E+02
    0.1190000000E+03    -0.4959228595E+02
    0.1200000000E+03    -0.4986355399E+02
    0.1210000000E+03    -0.5012999157E+02
    0.1220000000E+03    -0.5039039583E+02
    0.1230000000E+03    -0.5064537311E+02
    0.1240000000E+03    -0.5089666458E+02
    0.1250000000E+03    -0.5114215639E+02
    0.1260000000E+03    -0.5138132253E+02
    0.1270000000E+03    -0.5161598025E+02
    0.1280000000E+03    -0.5184608460E+02
    0.1290000000E+03    -0.5207095612E+02
    0.1300000000E+03    -0.5229247104E+02
    0.1310000000E+03    -0.5250802942E+02
    0.1320000000E+03    -0.5271883005E+02
    0.1330000000E+03    -0.5292382263E+02
    0.1340000000E+03    -0.5312412979E+02
    0.1350000000E+03    -0.5331965815E+02
    0.1360000000E+03    -0.5351092868E+02
    0.1370000000E+03    -0.5369709049E+02
    0.1380000000E+03    -0.5387893884E+02
    0.1390000000E+03    -0.5405543910E+02
    0.1400000000E+03    -0.5422625447E+02
    0.1410000000E+03    -0.5439239123E+02
    0.1420000000E+03    -0.5455329119E+02
    0.1430000000E+03    -0.5470988849E+02
    0.1440000000E+03    -0.5486215816E+02
    0.1450000000E+03    -0.5500895590E+02
    0.1460000000E+03    -0.5515176702E+02
    0.1470000000E+03    -0.5528979194E+02
    0.1480000000E+03    -0.5542213329E+02
    0.1490000000E+03    -0.5554969475E+02
    0.1500000000E+03    -0.5567209049E+02
    0.1510000000E+03    -0.5578911573E+02
    0.1520000000E+03    -0.5590175046E+02
    0.1530000000E+03    -0.5601091050E+02
    0.1540000000E+03    -0.5611583000E+02
    0.1550000000E+03    -0.5621467639E+02
    0.1560000000E+03    -0.5630913758E+02
    0.1570000000E+03    -0.5639865084E+02
    0.1580000000E+03    -0.5648382091E+02
    0.1590000000E+03    -0.5656427584E+02
    0.1600000000E+03    -0.5663992257E+02
    0.1610000000E+03    -0.5671082776E+02
    0.1620000000E+03    -0.5677694932E+02
    0.1630000000E+03    -0.5683801448E+02
    0.1640000000E+03    -0.5689396927E+02
    0.1650000000E+03    -0.5694651611E+02
    0.1660000000E+03    -0.5699284311E+02
    0.1670000000E+03    -0.5703507026E+02
    0.1680000000E+03    -0.5707298902E+02
    0.1690000000E+03    -0.5710554473E+02
    0.1700000000E+03    -0.5713335264E+02
    0.1710000000E+03    -0.5715732577E+02
    0.1720000000E+03    -0.5717611119E+02
    0.1730000000E+03    -0.5719113775E+02
    0.1740000000E+03    -0.5719931773E+02
    0.1750000000E+03    -0.5720275573E+02
    0.1760000000E+03    -0.5720201317E+02
    0.1770000000E+03    -0.5719605388E+02
    0.1780000000E+03    -0.5718430202E+02
    0.1790000000E+03    -0.5716903855E+02
    0.1800000000E+03    -0.5714951289E+02
    0.1810000000E+03    -0.5712503314E+02
    0.1820000000E+03    -0.5709499872E+02
    0.1830000000E+03    -0.5706030418E+02
    0.1840000000E+03    -0.5702050959E+02
    0.1850000000E+03    -0.5697710967E+02
    0.1860000000E+03    -0.5692846396E+02
    0.1870000000E+03    -0.5687518984E+02
    0.1880000000E+03    -0.5681903343E+02
    0.1890000000E+03    -0.5675602273E+02
    0.1900000000E+03    -0.5669006804E+02
    0.1910000000E+03    -0.5661807297E+02
    0.1920000000E+03    -0.5654132030E+02
    0.1930000000E+03    -0.5645983535E+02
    0.1940000000E+03    -0.5637277963E+02
    0.1950000000E+03    -0.5628056653E+02
    0.1960000000E+03    -0.5618475557E+02
    0.1970000000E+03    -0.5608295724E+02
    0.1980000000E+03    -0.5597826658E+02
    0.1990000000E+03    -0.5586742357E+02
    0.2000000000E+03    -0.5575402140E+02
    0.2010000000E+03    -0.5563255335E+02
    0.2020000000E+03    -0.5550753345E+02
    0.2030000000E+03    -0.5537890052E+02
    0.2040000000E+03    -0.5524382200E+02
    0.2050000000E+03    -0.5510362388E+02
    0.2060000000E+03    -0.5495974768E+02
    0.2070000000E+03    -0.5481117389E+02
    0.2080000000E+03    -0.5465803412E+02
    0.2090000000E+03    -0.5449962072E+02
    0.2100000000E+03    -0.5433641283E+02
    0.2110000000E+03    -0.5416778552E+02
    0.2120000000E+03    -0.5399581568E+02
    0.2130000000E+03    -0.5381771344E+02
    0.2140000000E+03    -0.5363648880E+02
    0.2150000000E+03    -0.5345119553E+02
    0.2160000000E+03    -0.5325983286E+02
    0.2170000000E+03    -0.5306290240E+02
    0.2180000000E+03    -0.5286252557E+02
    0.2190000000E+03    -0.5265492818E+02
    0.2200000000E+03    -0.5244517837E+02
    0.2210000000E+03    -0.5222909548E+02
    0.2220000000E+03    -0.5200785923E+02
    0.2230000000E+03    -0.5178081223E+02
    0.2240000000E+03    -0.5155043969E+02
    0.2250000000E+03    -0.5131604345E+02
    0.2260000000E+03    -0.5107576498E+02
    0.2270000000E+03    -0.5083136454E+02
    0.2280000000E+03    -0.5058128948E+02
    0.2290000000E+03    -0.5032825411E+02
    0.2300000000E+03    -0.5007025338E+02
    0.2310000000E+03    -0.4980644167E+02
    0.2320000000E+03    -0.4953744515E+02
    0.2330000000E+03    -0.4926389124E+02
    0.2340000000E+03    -0.4898643266E+02
    0.2350000000E+03    -0.4870396596E+02
    0.2360000000E+03    -0.4841603116E+02
    0.2370000000E+03    -0.4812359285E+02
    0.2380000000E+03    -0.4782688747E+02
    0.2390000000E+03    -0.4752560859E+02
    0.2400000000E+03    -0.4721883205E+02
    0.2410000000E+03    -0.4690771387E+02
    0.2420000000E+03    -0.4659250719E+02
    0.2430000000E+03    -0.4627107026E+02
    0.2440000000E+03    -0.4594605177E+02
    0.2450000000E+03    -0.4561659806E+02
    0.2460000000E+03    -0.4528296220E+02
    0.2470000000E+03    -0.4494344174E+02
    0.2480000000E+03    -0.4459897200E+02
    0.2490000000E+03    -0.4425033817E+02
    0.2500000000E+03    -0.4389815871E+02
    0.2510000000E+03    -0.4354029823E+02
    0.2520000000E+03    -0.4317877743E+02
    0.2530000000E+03    -0.4281474659E+02
    0.2540000000E+03    -0.4244668694E+02
    0.2550000000E+03    -0.4207198077E+02
    0.2560000000E+03    -0.4169448950E+02
    0.2570000000E+03    -0.4131148727E+02
    0.2580000000E+03    -0.4092446044E+02
    0.2590000000E+03    -0.4053429261E+02
    0.2600000000E+03    -0.4013808095E+02
    0.2610000000E+03    -0.3973845216E+02
    0.2620000000E+03    -0.3933499258E+02
    0.2630000000E+03    -0.3892800360E+02
    0.2640000000E+03    -0.3851896533E+02
    0.2650000000E+03    -0.3810472981E+02
    0.2660000000E+03    -0.3768867615E+02
    0.2670000000E+03    -0.3726536694E+02
    0.2680000000E+03    -0.3683955842E+02
    0.2690000000E+03    -0.3641290487E+02
    0.2700000000E+03    -0.3598195435E+02
    0.2710000000E+03    -0.3554863271E+02
    0.2720000000E+03    -0.3511132597E+02
    0.2730000000E+03    -0.3467115076E+02
    0.2740000000E+03    -0.3422835006E+02
    0.2750000000E+03    -0.3378076657E+02
    0.2760000000E+03    -0.3333073220E+02
    0.2770000000E+03    -0.3287837030E+02
    0.2780000000E+03    -0.3242488864E+02
    0.2790000000E+03    -0.3196845103E+02
    0.2800000000E+03    -0.3150935691E+02
    0.2810000000E+03    -0.3104976681E+02
    0.2820000000E+03    -0.3058704587E+02
    0.2830000000E+03    -0.3012308064E+02
    0.2840000000E+03    -0.2965784205E+02
    0.2850000000E+03    -0.2918821495E+02
    0.2860000000E+03    -0.2871669074E+02
    0.2870000000E+03    -0.2824530574E+02
    0.2880000000E+03    -0.2777384829E+02
    0.2890000000E+03    -0.2730131315E+02
    0.2900000000E+03    -0.2682559853E+02
    0.2910000000E+03    -0.2634846610E+02
    0.2920000000E+03    -0.2587436302E+02
    0.2930000000E+03    -0.2539807048E+02
    0.2940000000E+03    -0.2491832260E+02
    0.2950000000E+03    -0.2444117105E+02
    0.2960000000E+03    -0.2396661697E+02
    0.2970000000E+03    -0.2349031275E+02
    0.2980000000E+03    -0.2301315075E+02
    0.2990000000E+03    -0.2253515737E+02
    0.3000000000E+03    -0.2205858634E+02
    0.3010000000E+03    -0.2158287588E+02
    0.3020000000E+03    -0.2111039254E+02
    0.3030000000E+03    -0.2063780254E+02
    0.3040000000E+03    -0.2016685902E+02
    0.3050000000E+03    -0.1969763336E+02
    0.3060000000E+03    -0.1923065564E+02
    0.3070000000E+03    -0.1876558204E+02
    0.3080000000E+03    -0.1830225649E+02
    0.3090000000E+03    -0.1784339616E+02
    0.3100000000E+03    -0.1738165945E+02
    0.3110000000E+03    -0.1692581956E+02
    0.3120000000E+03    -0.1647401806E+02
    0.3130000000E+03    -0.1602274211E+02
    0.3140000000E+03    -0.1557691745E+02
    0.3150000000E+03    -0.1513239085E+02
    0.3160000000E+03    -0.1469713711E+02
    0.3170000000E+03    -0.1425967175E+02
    0.3180000000E+03    -0.1383015993E+02
    0.3190000000E+03    -0.1340447914E+02
    0.3200000000E+03    -0.1298427946E+02
    0.3210000000E+03    -0.1256748592E+02
    0.3220000000E+03    -0.1215706574E+02
    0.3230000000E+03    -0.1174993990E+02
    0.3240000000E+03    -0.1134849070E+02
    0.3250000000E+03    -0.1095435132E+02
    0.3260000000E+03    -0.1057279533E+02
    0.3270000000E+03    -0.1019608450E+02
    0.3280000000E+03    -0.9820228984E+01
    0.3290000000E+03    -0.9450419345E+01
    0.3300000000E+03    -0.9093044901E+01
    0.3310000000E+03    -0.8739090029E+01
    0.3320000000E+03    -0.8393012133E+01
    0.3330000000E+03    -0.8063931401E+01
    0.3340000000E+03    -0.7736748008E+01
    0.3350000000E+03    -0.7415206150E+01
    0.3360000000E+03    -0.7107665382E+01
    0.3370000000E+03    -0.6805316378E+01
    0.3380000000E+03    -0.6513196873E+01
    0.3390000000E+03    -0.6231116339E+01
    0.3400000000E+03    -0.5958691987E+01
    0.3410000000E+03    -0.5695910849E+01
    0.3420000000E+03    -0.5441594591E+01
    0.3430000000E+03    -0.5197773672E+01
    0.3440000000E+03    -0.4961057183E+01
    0.3450000000E+03    -0.4744318986E+01
    0.3460000000E+03    -0.4535176585E+01
    0.3470000000E+03    -0.4332922795E+01
    0.3480000000E+03    -0.4148906158E+01
    0.3490000000E+03    -0.3979543818E+01
    0.3500000000E+03    -0.3826411743E+01
    0.3510000000E+03    -0.3672577820E+01
    0.3520000000E+03    -0.3538359599E+01
    0.3530000000E+03    -0.3414925259E+01
    0.3540000000E+03    -0.3309010226E+01
    0.3550000000E+03    -0.3215712447E+01
    0.3560000000E+03    -0.3142602738E+01
    0.3570000000E+03    -0.3079491613E+01
    0.3580000000E+03    -0.3036467405E+01
    0.3590000000E+03    -0.3001552332E+01
    0.3600000000E+03    -0.2990706178E+01
    0.3610000000E+03    -0.2993396545E+01
    0.3620000000E+03    -0.3013929347E+01
    0.3630000000E+03    -0.3052803892E+01
    0.3640000000E+03    -0.3106116834E+01
    0.3650000000E+03    -0.3176807348E+01
    0.3660000000E+03    -0.3268370358E+01
    0.3670000000E+03    -0.3387882294E+01
    0.3680000000E+03    -0.3517913720E+01
    0.3690000000E+03    -0.3666127480E+01
    0.3700000000E+03    -0.3839350096E+01
    0.3710000000E+03    -0.4025316420E+01
    0.3720000000E+03    -0.4227050895E+01
    0.3730000000E+03    -0.4448941750E+01
    0.3740000000E+03    -0.4687799020E+01
    0.3750000000E+03    -0.4945022217E+01
    0.3760000000E+03    -0.5229813193E+01
    0.3770000000E+03    -0.5534032004E+01
    0.3780000000E+03    -0.5857642971E+01
    0.3790000000E+03    -0.6207848321E+01
    0.3800000000E+03    -0.6587895302E+01
    0.3810000000E+03    -0.7011469195E+01
    0.3820000000E+03    -0.7441777651E+01
    0.3830000000E+03    -0.7900529412E+01
    0.3840000000E+03    -0.8386417728E+01
    0.3850000000E+03    -0.8882666753E+01
    0.3860000000E+03    -0.9414623529E+01
    0.3870000000E+03    -0.9972888849E+01
    0.3880000000E+03    -0.1053723682E+02
    0.3890000000E+03    -0.1114598984E+02
    0.3900000000E+03    -0.1177460318E+02
    0.3910000000E+03    -0.1244434950E+02
    0.3920000000E+03    -0.1313394848E+02
    0.3930000000E+03    -0.1386494097E+02
    0.3940000000E+03    -0.1462150835E+02
    0.3950000000E+03    -0.1539755562E+02
    0.3960000000E+03    -0.1620751090E+02
    0.3970000000E+03    -0.1705601615E+02
    0.3980000000E+03    -0.1794910535E+02
    0.3990000000E+03    -0.1886066636E+02
    0.4000000000E+03    -0.1980333413E+02
    0.4010000000E+03    -0.2078357684E+02
    0.4020000000E+03    -0.2177278685E+02
    0.4030000000E+03    -0.2281131336E+02
    0.4040000000E+03    -0.2388949552E+02
    0.4050000000E+03    -0.2500515699E+02
    0.4060000000E+03    -0.2615873460E+02
    0.4070000000E+03    -0.2735231508E+02
    0.4080000000E+03    -0.2855535829E+02
    0.4090000000E+03    -0.2981753720E+02
    0.4100000000E+03    -0.3109829120E+02
    0.4110000000E+03    -0.3241297012E+02
    0.4120000000E+03    -0.3376867312E+02
    0.4130000000E+03    -0.3516670915E+02
    0.4140000000E+03    -0.3659588253E+02
    0.4150000000E+03    -0.3807351358E+02
    0.4160000000E+03    -0.3958626026E+02
    0.4170000000E+03    -0.4115360423E+02
    0.4180000000E+03    -0.4276044093E+02
    0.4190000000E+03    -0.4440921901E+02
    0.4200000000E+03    -0.4609970887E+02
    0.4210000000E+03    -0.4780480870E+02
    0.4220000000E+03    -0.4957150374E+02
    0.4230000000E+03    -0.5136799862E+02
    0.4240000000E+03    -0.5322726922E+02
    0.4250000000E+03    -0.5513309227E+02
