       0   -0.94184381E-09
       1   -0.60574094E-03
       2   -0.31902571E-01
       3   -0.93887890E-01
       4   -0.18649797E+00
       5   -0.30924172E+00
       6   -0.46324724E+00
       7   -0.64769995E+00
       8   -0.86185949E+00
       9   -0.11074429E+01
      10   -0.13826893E+01
      11   -0.16882983E+01
      12   -0.20248890E+01
      13   -0.23916148E+01
      14   -0.27893306E+01
      15   -0.32150451E+01
      16   -0.36728980E+01
      17   -0.41588936E+01
      18   -0.46753763E+01
      19   -0.52229816E+01
      20   -0.57994997E+01
      21   -0.64079174E+01
      22   -0.70460370E+01
      23   -0.77127850E+01
      24   -0.84107301E+01
      25   -0.91384278E+01
      26   -0.98958491E+01
      27   -0.10683024E+02
      28   -0.11500514E+02
      29   -0.12345288E+02
      30   -0.13222718E+02
      31   -0.14130726E+02
      32   -0.15067683E+02
      33   -0.16034784E+02
      34   -0.17029015E+02
      35   -0.18050106E+02
      36   -0.19100620E+02
      37   -0.20179318E+02
      38   -0.21288934E+02
      39   -0.22429965E+02
      40   -0.23595571E+02
      41   -0.24789995E+02
      42   -0.26013794E+02
      43   -0.27269924E+02
      44   -0.28553576E+02
      45   -0.29863709E+02
      46   -0.31206059E+02
      47   -0.32579517E+02
      48   -0.33977024E+02
      49   -0.35404202E+02
      50   -0.36859096E+02
      51   -0.38340343E+02
      52   -0.39853899E+02
      53   -0.41390192E+02
      54   -0.42955556E+02
      55   -0.44549814E+02
      56   -0.46174244E+02
      57   -0.47821631E+02
      58   -0.49500447E+02
      59   -0.51210232E+02
      60   -0.52947874E+02
      61   -0.54707558E+02
      62   -0.56495190E+02
      63   -0.58316875E+02
      64   -0.60168821E+02
      65   -0.62038632E+02
      66   -0.63943990E+02
      67   -0.65871592E+02
      68   -0.67821746E+02
      69   -0.69799360E+02
      70   -0.71805616E+02
      71   -0.73850765E+02
      72   -0.75899196E+02
      73   -0.77982624E+02
      74   -0.80091473E+02
      75   -0.82238296E+02
      76   -0.84411282E+02
      77   -0.86612487E+02
      78   -0.88832727E+02
      79   -0.91074620E+02
      80   -0.93352890E+02
      81   -0.95642137E+02
      82   -0.97953659E+02
      83   -0.10030026E+03
      84   -0.10267697E+03
      85   -0.10507884E+03
      86   -0.10750658E+03
      87   -0.10995078E+03
      88   -0.11243274E+03
      89   -0.11494758E+03
      90   -0.11748139E+03
      91   -0.12002674E+03
      92   -0.12259613E+03
      93   -0.12520030E+03
      94   -0.12782136E+03
      95   -0.13048705E+03
      96   -0.13317085E+03
      97   -0.13587258E+03
      98   -0.13858632E+03
      99   -0.14133654E+03
     100   -0.14411607E+03
     101   -0.14692940E+03
     102   -0.14975687E+03
     103   -0.15260804E+03
     104   -0.15548786E+03
     105   -0.15838054E+03
     106   -0.16129693E+03
     107   -0.16424223E+03
     108   -0.16720404E+03
     109   -0.17020483E+03
     110   -0.17323461E+03
     111   -0.17626571E+03
     112   -0.17932641E+03
     113   -0.18241403E+03
     114   -0.18553064E+03
     115   -0.18868398E+03
     116   -0.19184507E+03
     117   -0.19503785E+03
     118   -0.19825363E+03
     119   -0.20149365E+03
     120   -0.20476647E+03
     121   -0.20804185E+03
     122   -0.21133765E+03
     123   -0.21466741E+03
     124   -0.21800332E+03
     125   -0.22140475E+03
     126   -0.22480576E+03
     127   -0.22821318E+03
     128   -0.23165406E+03
     129   -0.23510329E+03
     130   -0.23859391E+03
     131   -0.24210256E+03
     132   -0.24567032E+03
     133   -0.24922371E+03
     134   -0.25278695E+03
     135   -0.25638518E+03
     136   -0.25999070E+03
     137   -0.26364675E+03
     138   -0.26730117E+03
     139   -0.27098474E+03
     140   -0.27470270E+03
     141   -0.27845611E+03
     142   -0.28223462E+03
     143   -0.28601574E+03
     144   -0.28981026E+03
     145   -0.29364830E+03
     146   -0.29749146E+03
     147   -0.30138609E+03
     148   -0.30528859E+03
     149   -0.30918575E+03
     150   -0.31311845E+03
     151   -0.31709963E+03
     152   -0.32108721E+03
     153   -0.32508309E+03
     154   -0.32910968E+03
     155   -0.33317020E+03
     156   -0.33725837E+03
     157   -0.34135333E+03
     158   -0.34547826E+03
     159   -0.34958155E+03
     160   -0.35376113E+03
     161   -0.35794109E+03
     162   -0.36212426E+03
     163   -0.36634461E+03
     164   -0.37059221E+03
     165   -0.37484944E+03
     166   -0.37915387E+03
     167   -0.38350101E+03
     168   -0.38785669E+03
     169   -0.39223066E+03
     170   -0.39660470E+03
     171   -0.40102262E+03
     172   -0.40548481E+03
     173   -0.40994393E+03
     174   -0.41442279E+03
     175   -0.41892858E+03
     176   -0.42343677E+03
     177   -0.42800100E+03
     178   -0.43256426E+03
     179   -0.43713978E+03
     180   -0.44179484E+03
     181   -0.44643717E+03
     182   -0.45110041E+03
     183   -0.45579818E+03
     184   -0.46050454E+03
     185   -0.46524130E+03
     186   -0.47003510E+03
     187   -0.47483542E+03
     188   -0.47966865E+03
     189   -0.48450753E+03
     190   -0.48935734E+03
     191   -0.49422579E+03
     192   -0.49913934E+03
     193   -0.50403423E+03
     194   -0.50900323E+03
     195   -0.51402139E+03
     196   -0.51899619E+03
     197   -0.52399792E+03
     198   -0.52903359E+03
     199   -0.53409500E+03
     200   -0.53918683E+03
     201   -0.54430408E+03
     202   -0.54944598E+03
     203   -0.55460147E+03
     204   -0.55978057E+03
     205   -0.56496534E+03
     206   -0.57020232E+03
     207   -0.57545902E+03
     208   -0.58075313E+03
     209   -0.58605967E+03
     210   -0.59140356E+03
     211   -0.59680179E+03
     212   -0.60222881E+03
     213   -0.60762523E+03
     214   -0.61309054E+03
     215   -0.61861359E+03
     216   -0.62410613E+03
     217   -0.62961325E+03
     218   -0.63517001E+03
     219   -0.64075003E+03
     220   -0.64634015E+03
     221   -0.65197766E+03
     222   -0.65766098E+03
     223   -0.66328487E+03
     224   -0.66901437E+03
     225   -0.67472148E+03
     226   -0.68047991E+03
     227   -0.68623067E+03
     228   -0.69202637E+03
     229   -0.69783987E+03
     230   -0.70367566E+03
     231   -0.70953635E+03
     232   -0.71545425E+03
     233   -0.72139091E+03
     234   -0.72735411E+03
     235   -0.73334465E+03
     236   -0.73935946E+03
     237   -0.74540663E+03
     238   -0.75145021E+03
     239   -0.75750438E+03
     240   -0.76363737E+03
     241   -0.76975091E+03
     242   -0.77595942E+03
     243   -0.78211510E+03
     244   -0.78828225E+03
     245   -0.79456285E+03
     246   -0.80087790E+03
     247   -0.80714723E+03
     248   -0.81349917E+03
     249   -0.81978743E+03
     250   -0.82620703E+03
     251   -0.83262852E+03
     252   -0.83902329E+03
     253   -0.84552625E+03
     254   -0.85198057E+03
     255   -0.85857789E+03
     256   -0.86512956E+03
     257   -0.87175826E+03
     258   -0.87841330E+03
     259   -0.88502779E+03
     260   -0.89165023E+03
     261   -0.89840269E+03
     262   -0.90518391E+03
     263   -0.91197180E+03
     264   -0.91877014E+03
     265   -0.92551003E+03
     266   -0.93232330E+03
     267   -0.93910578E+03
     268   -0.94593567E+03
     269   -0.95285364E+03
     270   -0.95972060E+03
     271   -0.96665535E+03
     272   -0.97367342E+03
     273   -0.98067282E+03
     274   -0.98767894E+03
     275   -0.99477698E+03
     276   -0.10018431E+04
     277   -0.10089389E+04
     278   -0.10161022E+04
     279   -0.10233000E+04
     280   -0.10305127E+04
     281   -0.10377398E+04
     282   -0.10449834E+04
     283   -0.10522704E+04
     284   -0.10594984E+04
     285   -0.10668874E+04
     286   -0.10742479E+04
     287   -0.10816541E+04
     288   -0.10891142E+04
     289   -0.10966052E+04
     290   -0.11040776E+04
     291   -0.11116676E+04
     292   -0.11192361E+04
     293   -0.11266912E+04
     294   -0.11342471E+04
     295   -0.11418840E+04
     296   -0.11496177E+04
     297   -0.11572562E+04
     298   -0.11649064E+04
     299   -0.11725806E+04
     300   -0.11803079E+04
     301   -0.11881486E+04
     302   -0.11959483E+04
     303   -0.12036511E+04
     304   -0.12114358E+04
     305   -0.12193788E+04
     306   -0.12272941E+04
     307   -0.12350849E+04
     308   -0.12430175E+04
     309   -0.12509859E+04
     310   -0.12589351E+04
     311   -0.12669841E+04
     312   -0.12750633E+04
     313   -0.12831712E+04
     314   -0.12911104E+04
     315   -0.12991688E+04
     316   -0.13071020E+04
     317   -0.13152217E+04
     318   -0.13234956E+04
     319   -0.13318065E+04
     320   -0.13399403E+04
     321   -0.13482260E+04
     322   -0.13565562E+04
     323   -0.13649019E+04
     324   -0.13731793E+04
     325   -0.13814921E+04
     326   -0.13898376E+04
     327   -0.13982356E+04
     328   -0.14067122E+04
     329   -0.14151609E+04
     330   -0.14236678E+04
     331   -0.14322641E+04
     332   -0.14408760E+04
     333   -0.14492852E+04
     334   -0.14579040E+04
     335   -0.14664282E+04
     336   -0.14750884E+04
     337   -0.14835618E+04
     338   -0.14923901E+04
     339   -0.15010794E+04
     340   -0.15098256E+04
     341   -0.15185732E+04
     342   -0.15271399E+04
     343   -0.15357402E+04
     344   -0.15444126E+04
     345   -0.15533009E+04
     346   -0.15622853E+04
     347   -0.15710509E+04
     348   -0.15798830E+04
     349   -0.15887213E+04
     350   -0.15976886E+04
     351   -0.16066554E+04
     352   -0.16154619E+04
     353   -0.16243747E+04
     354   -0.16331433E+04
     355   -0.16419845E+04
     356   -0.16509161E+04
     357   -0.16598704E+04
     358   -0.16687580E+04
     359   -0.16776422E+04
     360   -0.16865476E+04
     361   -0.16954510E+04
     362   -0.17044227E+04
     363   -0.17135546E+04
     364   -0.17223756E+04
     365   -0.17315253E+04
     366   -0.17406355E+04
     367   -0.17499418E+04
     368   -0.17590181E+04
     369   -0.17682212E+04
     370   -0.17775547E+04
     371   -0.17869389E+04
     372   -0.17962458E+04
     373   -0.18054479E+04
     374   -0.18144335E+04
     375   -0.18235707E+04
     376   -0.18327596E+04
     377   -0.18418665E+04
     378   -0.18509089E+04
     379   -0.18605003E+04
     380   -0.18698930E+04
