    0.0000000000E+00    -0.1003097229E+03
    0.1000000000E+01    -0.9861155891E+02
    0.2000000000E+01    -0.9757858875E+02
    0.3000000000E+01    -0.9692468418E+02
    0.4000000000E+01    -0.9653099775E+02
    0.5000000000E+01    -0.9633343364E+02
    0.6000000000E+01    -0.9629046157E+02
    0.7000000000E+01    -0.9637371503E+02
    0.8000000000E+01    -0.9656398744E+02
    0.9000000000E+01    -0.9684448196E+02
    0.1000000000E+02    -0.9720330587E+02
    0.1100000000E+02    -0.9763072413E+02
    0.1200000000E+02    -0.9811872358E+02
    0.1300000000E+02    -0.9865886483E+02
    0.1400000000E+02    -0.9924646429E+02
    0.1500000000E+02    -0.9987559295E+02
    0.1600000000E+02    -0.1005423004E+03
    0.1700000000E+02    -0.1012416434E+03
    0.1800000000E+02    -0.1019710606E+03
    0.1900000000E+02    -0.1027270936E+03
    0.2000000000E+02    -0.1035077361E+03
    0.2100000000E+02    -0.1043101485E+03
    0.2200000000E+02    -0.1051311654E+03
    0.2300000000E+02    -0.1059694091E+03
    0.2400000000E+02    -0.1068226124E+03
    0.2500000000E+02    -0.1076898336E+03
    0.2600000000E+02    -0.1085691176E+03
    0.2700000000E+02    -0.1094579662E+03
    0.2800000000E+02    -0.1103560805E+03
    0.2900000000E+02    -0.1112619689E+03
    0.3000000000E+02    -0.1121738369E+03
    0.3100000000E+02    -0.1130908533E+03
    0.3200000000E+02    -0.1140125020E+03
    0.3300000000E+02    -0.1149370813E+03
    0.3400000000E+02    -0.1158636748E+03
    0.3500000000E+02    -0.1167918760E+03
    0.3600000000E+02    -0.1177195217E+03
    0.3700000000E+02    -0.1186468021E+03
    0.3800000000E+02    -0.1195726586E+03
    0.3900000000E+02    -0.1204972643E+03
    0.4000000000E+02    -0.1214185535E+03
    0.4100000000E+02    -0.1223350362E+03
    0.4200000000E+02    -0.1232482843E+03
    0.4300000000E+02    -0.1241578584E+03
    0.4400000000E+02    -0.1250620458E+03
    0.4500000000E+02    -0.1259598660E+03
    0.4600000000E+02    -0.1268516769E+03
    0.4700000000E+02    -0.1277373454E+03
    0.4800000000E+02    -0.1286160836E+03
    0.4900000000E+02    -0.1294873442E+03
    0.5000000000E+02    -0.1303496422E+03
    0.5100000000E+02    -0.1312029472E+03
    0.5200000000E+02    -0.1320483406E+03
    0.5300000000E+02    -0.1328846389E+03
    0.5400000000E+02    -0.1337122991E+03
    0.5500000000E+02    -0.1345308924E+03
    0.5600000000E+02    -0.1353394190E+03
    0.5700000000E+02    -0.1361377064E+03
    0.5800000000E+02    -0.1369259130E+03
    0.5900000000E+02    -0.1377040283E+03
    0.6000000000E+02    -0.1384727353E+03
    0.6100000000E+02    -0.1392308551E+03
    0.6200000000E+02    -0.1399786424E+03
    0.6300000000E+02    -0.1407165142E+03
    0.6400000000E+02    -0.1414446177E+03
    0.6500000000E+02    -0.1421629802E+03
    0.6600000000E+02    -0.1428704308E+03
    0.6700000000E+02    -0.1435682681E+03
    0.6800000000E+02    -0.1442550017E+03
    0.6900000000E+02    -0.1449320350E+03
    0.7000000000E+02    -0.1455981766E+03
    0.7100000000E+02    -0.1462555167E+03
    0.7200000000E+02    -0.1469024265E+03
    0.7300000000E+02    -0.1475402314E+03
    0.7400000000E+02    -0.1481681712E+03
    0.7500000000E+02    -0.1487850619E+03
    0.7600000000E+02    -0.1493942848E+03
    0.7700000000E+02    -0.1499930034E+03
    0.7800000000E+02    -0.1505823735E+03
    0.7900000000E+02    -0.1511614958E+03
    0.8000000000E+02    -0.1517319009E+03
    0.8100000000E+02    -0.1522932397E+03
    0.8200000000E+02    -0.1528450933E+03
    0.8300000000E+02    -0.1533871257E+03
    0.8400000000E+02    -0.1539211721E+03
    0.8500000000E+02    -0.1544449306E+03
    0.8600000000E+02    -0.1549611718E+03
    0.8700000000E+02    -0.1554668772E+03
    0.8800000000E+02    -0.1559634253E+03
    0.8900000000E+02    -0.1564521466E+03
    0.9000000000E+02    -0.1569320125E+03
    0.9100000000E+02    -0.1574040683E+03
    0.9200000000E+02    -0.1578665463E+03
    0.9300000000E+02    -0.1583210103E+03
    0.9400000000E+02    -0.1587677308E+03
    0.9500000000E+02    -0.1592056078E+03
    0.9600000000E+02    -0.1596352766E+03
    0.9700000000E+02    -0.1600570376E+03
    0.9800000000E+02    -0.1604697459E+03
    0.9900000000E+02    -0.1608733821E+03
    0.1000000000E+03    -0.1612692617E+03
    0.1010000000E+03    -0.1616577786E+03
    0.1020000000E+03    -0.1620372946E+03
    0.1030000000E+03    -0.1624097855E+03
    0.1040000000E+03    -0.1627745614E+03
    0.1050000000E+03    -0.1631313045E+03
    0.1060000000E+03    -0.1634802021E+03
    0.1070000000E+03    -0.1638209681E+03
    0.1080000000E+03    -0.1641543255E+03
    0.1090000000E+03    -0.1644799067E+03
    0.1100000000E+03    -0.1647968150E+03
    0.1110000000E+03    -0.1651054065E+03
    0.1120000000E+03    -0.1654085108E+03
    0.1130000000E+03    -0.1657032350E+03
    0.1140000000E+03    -0.1659902886E+03
    0.1150000000E+03    -0.1662689418E+03
    0.1160000000E+03    -0.1665405607E+03
    0.1170000000E+03    -0.1668050582E+03
    0.1180000000E+03    -0.1670603948E+03
    0.1190000000E+03    -0.1673092751E+03
    0.1200000000E+03    -0.1675496627E+03
    0.1210000000E+03    -0.1677819394E+03
    0.1220000000E+03    -0.1680066806E+03
    0.1230000000E+03    -0.1682232809E+03
    0.1240000000E+03    -0.1684324555E+03
    0.1250000000E+03    -0.1686353665E+03
    0.1260000000E+03    -0.1688296660E+03
    0.1270000000E+03    -0.1690170736E+03
    0.1280000000E+03    -0.1691962126E+03
    0.1290000000E+03    -0.1693673751E+03
    0.1300000000E+03    -0.1695298231E+03
    0.1310000000E+03    -0.1696854480E+03
    0.1320000000E+03    -0.1698328970E+03
    0.1330000000E+03    -0.1699723195E+03
    0.1340000000E+03    -0.1701047569E+03
    0.1350000000E+03    -0.1702278779E+03
    0.1360000000E+03    -0.1703425598E+03
    0.1370000000E+03    -0.1704503494E+03
    0.1380000000E+03    -0.1705501774E+03
    0.1390000000E+03    -0.1706415687E+03
    0.1400000000E+03    -0.1707241590E+03
    0.1410000000E+03    -0.1708007324E+03
    0.1420000000E+03    -0.1708666365E+03
    0.1430000000E+03    -0.1709250352E+03
    0.1440000000E+03    -0.1709768440E+03
    0.1450000000E+03    -0.1710197809E+03
    0.1460000000E+03    -0.1710550997E+03
    0.1470000000E+03    -0.1710836269E+03
    0.1480000000E+03    -0.1711054645E+03
    0.1490000000E+03    -0.1711186558E+03
    0.1500000000E+03    -0.1711230102E+03
    0.1510000000E+03    -0.1711200813E+03
    0.1520000000E+03    -0.1711108437E+03
    0.1530000000E+03    -0.1710937420E+03
    0.1540000000E+03    -0.1710673015E+03
    0.1550000000E+03    -0.1710344879E+03
    0.1560000000E+03    -0.1709956154E+03
    0.1570000000E+03    -0.1709503794E+03
    0.1580000000E+03    -0.1708985244E+03
    0.1590000000E+03    -0.1708398160E+03
    0.1600000000E+03    -0.1707754418E+03
    0.1610000000E+03    -0.1707036232E+03
    0.1620000000E+03    -0.1706256859E+03
    0.1630000000E+03    -0.1705418874E+03
    0.1640000000E+03    -0.1704529158E+03
    0.1650000000E+03    -0.1703568518E+03
    0.1660000000E+03    -0.1702543373E+03
    0.1670000000E+03    -0.1701456053E+03
    0.1680000000E+03    -0.1700322800E+03
    0.1690000000E+03    -0.1699147526E+03
    0.1700000000E+03    -0.1697907857E+03
    0.1710000000E+03    -0.1696604604E+03
    0.1720000000E+03    -0.1695248022E+03
    0.1730000000E+03    -0.1693843739E+03
    0.1740000000E+03    -0.1692384370E+03
    0.1750000000E+03    -0.1690884131E+03
    0.1760000000E+03    -0.1689315074E+03
    0.1770000000E+03    -0.1687701574E+03
    0.1780000000E+03    -0.1686047293E+03
    0.1790000000E+03    -0.1684336374E+03
    0.1800000000E+03    -0.1682576182E+03
    0.1810000000E+03    -0.1680779125E+03
    0.1820000000E+03    -0.1678920284E+03
    0.1830000000E+03    -0.1677021399E+03
    0.1840000000E+03    -0.1675079133E+03
    0.1850000000E+03    -0.1673077189E+03
    0.1860000000E+03    -0.1671038497E+03
    0.1870000000E+03    -0.1668925777E+03
    0.1880000000E+03    -0.1666783068E+03
    0.1890000000E+03    -0.1664601755E+03
    0.1900000000E+03    -0.1662379109E+03
    0.1910000000E+03    -0.1660077456E+03
    0.1920000000E+03    -0.1657731286E+03
    0.1930000000E+03    -0.1655367492E+03
    0.1940000000E+03    -0.1652921339E+03
    0.1950000000E+03    -0.1650436541E+03
    0.1960000000E+03    -0.1647880064E+03
    0.1970000000E+03    -0.1645277698E+03
    0.1980000000E+03    -0.1642616556E+03
    0.1990000000E+03    -0.1639885034E+03
    0.2000000000E+03    -0.1637110937E+03
    0.2010000000E+03    -0.1634280428E+03
    0.2020000000E+03    -0.1631399437E+03
    0.2030000000E+03    -0.1628454212E+03
    0.2040000000E+03    -0.1625445156E+03
    0.2050000000E+03    -0.1622377873E+03
    0.2060000000E+03    -0.1619233724E+03
    0.2070000000E+03    -0.1616029962E+03
    0.2080000000E+03    -0.1612751543E+03
    0.2090000000E+03    -0.1609412165E+03
    0.2100000000E+03    -0.1606007695E+03
    0.2110000000E+03    -0.1602519212E+03
    0.2120000000E+03    -0.1598953678E+03
    0.2130000000E+03    -0.1595332026E+03
    0.2140000000E+03    -0.1591635693E+03
    0.2150000000E+03    -0.1587867855E+03
    0.2160000000E+03    -0.1584019082E+03
    0.2170000000E+03    -0.1580114419E+03
    0.2180000000E+03    -0.1576116293E+03
    0.2190000000E+03    -0.1572049743E+03
    0.2200000000E+03    -0.1567901808E+03
    0.2210000000E+03    -0.1563680703E+03
    0.2220000000E+03    -0.1559371790E+03
    0.2230000000E+03    -0.1554992447E+03
    0.2240000000E+03    -0.1550527061E+03
    0.2250000000E+03    -0.1545985920E+03
    0.2260000000E+03    -0.1541348375E+03
    0.2270000000E+03    -0.1536660481E+03
    0.2280000000E+03    -0.1531879987E+03
    0.2290000000E+03    -0.1527037133E+03
    0.2300000000E+03    -0.1522108532E+03
    0.2310000000E+03    -0.1517096012E+03
    0.2320000000E+03    -0.1512002391E+03
    0.2330000000E+03    -0.1506844025E+03
    0.2340000000E+03    -0.1501599303E+03
    0.2350000000E+03    -0.1496289319E+03
    0.2360000000E+03    -0.1490914687E+03
    0.2370000000E+03    -0.1485442797E+03
    0.2380000000E+03    -0.1479898054E+03
    0.2390000000E+03    -0.1474266749E+03
    0.2400000000E+03    -0.1468569499E+03
    0.2410000000E+03    -0.1462798774E+03
    0.2420000000E+03    -0.1456942112E+03
    0.2430000000E+03    -0.1451009906E+03
    0.2440000000E+03    -0.1444997058E+03
    0.2450000000E+03    -0.1438932005E+03
    0.2460000000E+03    -0.1432798281E+03
    0.2470000000E+03    -0.1426551723E+03
    0.2480000000E+03    -0.1420275073E+03
    0.2490000000E+03    -0.1413909166E+03
    0.2500000000E+03    -0.1407488038E+03
    0.2510000000E+03    -0.1400982171E+03
    0.2520000000E+03    -0.1394387495E+03
    0.2530000000E+03    -0.1387708422E+03
    0.2540000000E+03    -0.1380964557E+03
    0.2550000000E+03    -0.1374162656E+03
    0.2560000000E+03    -0.1367272550E+03
    0.2570000000E+03    -0.1360315321E+03
    0.2580000000E+03    -0.1353259793E+03
    0.2590000000E+03    -0.1346122847E+03
    0.2600000000E+03    -0.1338944635E+03
    0.2610000000E+03    -0.1331692684E+03
    0.2620000000E+03    -0.1324347620E+03
    0.2630000000E+03    -0.1316925024E+03
    0.2640000000E+03    -0.1309425979E+03
    0.2650000000E+03    -0.1301827932E+03
    0.2660000000E+03    -0.1294161751E+03
    0.2670000000E+03    -0.1286430064E+03
    0.2680000000E+03    -0.1278607586E+03
    0.2690000000E+03    -0.1270690476E+03
    0.2700000000E+03    -0.1262696922E+03
    0.2710000000E+03    -0.1254611280E+03
    0.2720000000E+03    -0.1246455110E+03
    0.2730000000E+03    -0.1238220091E+03
    0.2740000000E+03    -0.1229879406E+03
    0.2750000000E+03    -0.1221446411E+03
    0.2760000000E+03    -0.1212932516E+03
    0.2770000000E+03    -0.1204331700E+03
    0.2780000000E+03    -0.1195656994E+03
    0.2790000000E+03    -0.1186873604E+03
    0.2800000000E+03    -0.1178003578E+03
    0.2810000000E+03    -0.1169059907E+03
    0.2820000000E+03    -0.1160033209E+03
    0.2830000000E+03    -0.1150912120E+03
    0.2840000000E+03    -0.1141742414E+03
    0.2850000000E+03    -0.1132441097E+03
    0.2860000000E+03    -0.1123066893E+03
    0.2870000000E+03    -0.1113564259E+03
    0.2880000000E+03    -0.1103993084E+03
    0.2890000000E+03    -0.1094336101E+03
    0.2900000000E+03    -0.1084571155E+03
    0.2910000000E+03    -0.1074698776E+03
    0.2920000000E+03    -0.1064765008E+03
    0.2930000000E+03    -0.1054727525E+03
    0.2940000000E+03    -0.1044613467E+03
    0.2950000000E+03    -0.1034402131E+03
    0.2960000000E+03    -0.1024108254E+03
    0.2970000000E+03    -0.1013694877E+03
    0.2980000000E+03    -0.1003218971E+03
    0.2990000000E+03    -0.9926417492E+02
    0.3000000000E+03    -0.9819799319E+02
    0.3010000000E+03    -0.9712204916E+02
    0.3020000000E+03    -0.9603893522E+02
    0.3030000000E+03    -0.9494471211E+02
    0.3040000000E+03    -0.9384332604E+02
    0.3050000000E+03    -0.9273439449E+02
    0.3060000000E+03    -0.9161940075E+02
    0.3070000000E+03    -0.9049635239E+02
    0.3080000000E+03    -0.8936706432E+02
    0.3090000000E+03    -0.8822905492E+02
    0.3100000000E+03    -0.8708371856E+02
    0.3110000000E+03    -0.8593711998E+02
    0.3120000000E+03    -0.8478119657E+02
    0.3130000000E+03    -0.8361997615E+02
    0.3140000000E+03    -0.8245445860E+02
    0.3150000000E+03    -0.8128400786E+02
    0.3160000000E+03    -0.8010653172E+02
    0.3170000000E+03    -0.7892659874E+02
    0.3180000000E+03    -0.7774406975E+02
    0.3190000000E+03    -0.7655416235E+02
    0.3200000000E+03    -0.7536463236E+02
    0.3210000000E+03    -0.7417065174E+02
    0.3220000000E+03    -0.7297873418E+02
    0.3230000000E+03    -0.7177982623E+02
    0.3240000000E+03    -0.7058408804E+02
    0.3250000000E+03    -0.6938451875E+02
    0.3260000000E+03    -0.6818332998E+02
    0.3270000000E+03    -0.6698021734E+02
    0.3280000000E+03    -0.6577935547E+02
    0.3290000000E+03    -0.6457958879E+02
    0.3300000000E+03    -0.6337967712E+02
    0.3310000000E+03    -0.6218307701E+02
    0.3320000000E+03    -0.6098535110E+02
    0.3330000000E+03    -0.5978983243E+02
    0.3340000000E+03    -0.5859250360E+02
    0.3350000000E+03    -0.5739481649E+02
    0.3360000000E+03    -0.5620313671E+02
    0.3370000000E+03    -0.5501066650E+02
    0.3380000000E+03    -0.5382086052E+02
    0.3390000000E+03    -0.5264357275E+02
    0.3400000000E+03    -0.5146661833E+02
    0.3410000000E+03    -0.5029486466E+02
    0.3420000000E+03    -0.4913067108E+02
    0.3430000000E+03    -0.4797383535E+02
    0.3440000000E+03    -0.4681904428E+02
    0.3450000000E+03    -0.4566517726E+02
    0.3460000000E+03    -0.4451676651E+02
    0.3470000000E+03    -0.4337874797E+02
    0.3480000000E+03    -0.4225068680E+02
    0.3490000000E+03    -0.4112668109E+02
    0.3500000000E+03    -0.4001182074E+02
    0.3510000000E+03    -0.3890676892E+02
    0.3520000000E+03    -0.3780949033E+02
    0.3530000000E+03    -0.3672435931E+02
    0.3540000000E+03    -0.3564170087E+02
    0.3550000000E+03    -0.3457034522E+02
    0.3560000000E+03    -0.3350605326E+02
    0.3570000000E+03    -0.3245461498E+02
    0.3580000000E+03    -0.3142085902E+02
    0.3590000000E+03    -0.3039966397E+02
    0.3600000000E+03    -0.2937944286E+02
    0.3610000000E+03    -0.2836321534E+02
    0.3620000000E+03    -0.2736694546E+02
    0.3630000000E+03    -0.2637416952E+02
    0.3640000000E+03    -0.2540447147E+02
    0.3650000000E+03    -0.2443892903E+02
    0.3660000000E+03    -0.2349380212E+02
    0.3670000000E+03    -0.2255997667E+02
    0.3680000000E+03    -0.2163505317E+02
    0.3690000000E+03    -0.2073195230E+02
    0.3700000000E+03    -0.1984940848E+02
    0.3710000000E+03    -0.1898181237E+02
    0.3720000000E+03    -0.1813062100E+02
    0.3730000000E+03    -0.1729938294E+02
    0.3740000000E+03    -0.1647820746E+02
    0.3750000000E+03    -0.1568508292E+02
    0.3760000000E+03    -0.1491329512E+02
    0.3770000000E+03    -0.1415723702E+02
    0.3780000000E+03    -0.1341806497E+02
    0.3790000000E+03    -0.1269641451E+02
    0.3800000000E+03    -0.1200101538E+02
    0.3810000000E+03    -0.1132421172E+02
    0.3820000000E+03    -0.1066691322E+02
    0.3830000000E+03    -0.1002952564E+02
    0.3840000000E+03    -0.9421384881E+01
    0.3850000000E+03    -0.8834688380E+01
    0.3860000000E+03    -0.8270055863E+01
    0.3870000000E+03    -0.7743155813E+01
    0.3880000000E+03    -0.7224114809E+01
    0.3890000000E+03    -0.6734373662E+01
    0.3900000000E+03    -0.6268391773E+01
    0.3910000000E+03    -0.5837141763E+01
    0.3920000000E+03    -0.5426344863E+01
    0.3930000000E+03    -0.5039249367E+01
    0.3940000000E+03    -0.4672755879E+01
    0.3950000000E+03    -0.4334636597E+01
    0.3960000000E+03    -0.4018668662E+01
    0.3970000000E+03    -0.3737796111E+01
    0.3980000000E+03    -0.3489026719E+01
    0.3990000000E+03    -0.3270513807E+01
    0.4000000000E+03    -0.3083673554E+01
    0.4010000000E+03    -0.2934745257E+01
    0.4020000000E+03    -0.2817580954E+01
    0.4030000000E+03    -0.2731578146E+01
    0.4040000000E+03    -0.2672470414E+01
    0.4050000000E+03    -0.2639090011E+01
    0.4060000000E+03    -0.2651136444E+01
    0.4070000000E+03    -0.2675562160E+01
    0.4080000000E+03    -0.2750941025E+01
    0.4090000000E+03    -0.2850823692E+01
    0.4100000000E+03    -0.2977578859E+01
    0.4110000000E+03    -0.3142254166E+01
    0.4120000000E+03    -0.3337407829E+01
    0.4130000000E+03    -0.3573948838E+01
    0.4140000000E+03    -0.3855698205E+01
    0.4150000000E+03    -0.4173135529E+01
    0.4160000000E+03    -0.4542948421E+01
    0.4170000000E+03    -0.4939179524E+01
    0.4180000000E+03    -0.5387407139E+01
    0.4190000000E+03    -0.5853850009E+01
    0.4200000000E+03    -0.6373545416E+01
    0.4210000000E+03    -0.6935461966E+01
    0.4220000000E+03    -0.7555185767E+01
    0.4230000000E+03    -0.8193782669E+01
    0.4240000000E+03    -0.8889187131E+01
    0.4250000000E+03    -0.9626073271E+01
    0.4260000000E+03    -0.1041723737E+02
    0.4270000000E+03    -0.1124479706E+02
    0.4280000000E+03    -0.1212668477E+02
    0.4290000000E+03    -0.1306797068E+02
    0.4300000000E+03    -0.1403978157E+02
    0.4310000000E+03    -0.1507148437E+02
    0.4320000000E+03    -0.1615607653E+02
    0.4330000000E+03    -0.1730180583E+02
    0.4340000000E+03    -0.1846252245E+02
    0.4350000000E+03    -0.1969334954E+02
    0.4360000000E+03    -0.2096365886E+02
    0.4370000000E+03    -0.2227486118E+02
    0.4380000000E+03    -0.2364730623E+02
    0.4390000000E+03    -0.2511203984E+02
    0.4400000000E+03    -0.2656103704E+02
    0.4410000000E+03    -0.2808106965E+02
    0.4420000000E+03    -0.2966009987E+02
    0.4430000000E+03    -0.3132659263E+02
    0.4440000000E+03    -0.3306437045E+02
    0.4450000000E+03    -0.3487519050E+02
    0.4460000000E+03    -0.3671449094E+02
    0.4470000000E+03    -0.3859764137E+02
    0.4480000000E+03    -0.4054331349E+02
    0.4490000000E+03    -0.4257395007E+02
    0.4500000000E+03    -0.4462984547E+02
    0.4510000000E+03    -0.4678927776E+02
    0.4520000000E+03    -0.4898509142E+02
    0.4530000000E+03    -0.5132148814E+02
    0.4540000000E+03    -0.5371447436E+02
    0.4550000000E+03    -0.5613845571E+02
    0.4560000000E+03    -0.5859771503E+02
    0.4570000000E+03    -0.6108360133E+02
    0.4580000000E+03    -0.6369555777E+02
    0.4590000000E+03    -0.6633990167E+02
    0.4600000000E+03    -0.6902919554E+02
    0.4610000000E+03    -0.7185308770E+02
    0.4620000000E+03    -0.7475889906E+02
    0.4630000000E+03    -0.7765379829E+02
    0.4640000000E+03    -0.8068132161E+02
    0.4650000000E+03    -0.8370700234E+02
    0.4660000000E+03    -0.8687771121E+02
    0.4670000000E+03    -0.9007480642E+02
    0.4680000000E+03    -0.9336237330E+02
    0.4690000000E+03    -0.9674074536E+02
    0.4700000000E+03    -0.1002469638E+03
