       0   -0.83881258E-09
       1   -0.60574084E-03
       2   -0.31419035E-01
       3   -0.92367630E-01
       4   -0.18350524E+00
       5   -0.30486141E+00
       6   -0.45657430E+00
       7   -0.63832120E+00
       8   -0.84970347E+00
       9   -0.10909332E+01
      10   -0.13618410E+01
      11   -0.16624220E+01
      12   -0.19926033E+01
      13   -0.23537542E+01
      14   -0.27443972E+01
      15   -0.31640789E+01
      16   -0.36151494E+01
      17   -0.40968909E+01
      18   -0.46054906E+01
      19   -0.51459514E+01
      20   -0.57149009E+01
      21   -0.63126664E+01
      22   -0.69389495E+01
      23   -0.75958072E+01
      24   -0.82828116E+01
      25   -0.89998743E+01
      26   -0.97454666E+01
      27   -0.10519126E+02
      28   -0.11320231E+02
      29   -0.12149594E+02
      30   -0.13009443E+02
      31   -0.13900182E+02
      32   -0.14818735E+02
      33   -0.15768981E+02
      34   -0.16744888E+02
      35   -0.17748471E+02
      36   -0.18778466E+02
      37   -0.19840761E+02
      38   -0.20934064E+02
      39   -0.22058916E+02
      40   -0.23208225E+02
      41   -0.24378543E+02
      42   -0.25586995E+02
      43   -0.26824170E+02
      44   -0.28091171E+02
      45   -0.29382851E+02
      46   -0.30704277E+02
      47   -0.32046257E+02
      48   -0.33411802E+02
      49   -0.34818377E+02
      50   -0.36248504E+02
      51   -0.37705634E+02
      52   -0.39191049E+02
      53   -0.40707957E+02
      54   -0.42250361E+02
      55   -0.43821062E+02
      56   -0.45420898E+02
      57   -0.47040314E+02
      58   -0.48687271E+02
      59   -0.50367421E+02
      60   -0.52073734E+02
      61   -0.53805162E+02
      62   -0.55572443E+02
      63   -0.57362564E+02
      64   -0.59176907E+02
      65   -0.61011787E+02
      66   -0.62878476E+02
      67   -0.64773337E+02
      68   -0.66693499E+02
      69   -0.68640350E+02
      70   -0.70616451E+02
      71   -0.72614024E+02
      72   -0.74638482E+02
      73   -0.76691494E+02
      74   -0.78777686E+02
      75   -0.80880166E+02
      76   -0.83017994E+02
      77   -0.85180064E+02
      78   -0.87365150E+02
      79   -0.89579191E+02
      80   -0.91815099E+02
      81   -0.94087335E+02
      82   -0.96371092E+02
      83   -0.98692426E+02
      84   -0.10102701E+03
      85   -0.10338614E+03
      86   -0.10578153E+03
      87   -0.10819062E+03
      88   -0.11062325E+03
      89   -0.11309040E+03
      90   -0.11558544E+03
      91   -0.11810539E+03
      92   -0.12065015E+03
      93   -0.12321628E+03
      94   -0.12580397E+03
      95   -0.12841731E+03
      96   -0.13104627E+03
      97   -0.13371363E+03
      98   -0.13640111E+03
      99   -0.13911462E+03
     100   -0.14185197E+03
     101   -0.14461338E+03
     102   -0.14740276E+03
     103   -0.15021064E+03
     104   -0.15305311E+03
     105   -0.15593525E+03
     106   -0.15881122E+03
     107   -0.16172129E+03
     108   -0.16463529E+03
     109   -0.16757035E+03
     110   -0.17055992E+03
     111   -0.17356605E+03
     112   -0.17660525E+03
     113   -0.17966456E+03
     114   -0.18274375E+03
     115   -0.18583633E+03
     116   -0.18896523E+03
     117   -0.19212612E+03
     118   -0.19529008E+03
     119   -0.19847702E+03
     120   -0.20169620E+03
     121   -0.20493445E+03
     122   -0.20819739E+03
     123   -0.21148955E+03
     124   -0.21480988E+03
     125   -0.21812896E+03
     126   -0.22149173E+03
     127   -0.22488756E+03
     128   -0.22830523E+03
     129   -0.23175541E+03
     130   -0.23520058E+03
     131   -0.23869248E+03
     132   -0.24220069E+03
     133   -0.24572354E+03
     134   -0.24925860E+03
     135   -0.25282760E+03
     136   -0.25642051E+03
     137   -0.26002948E+03
     138   -0.26364415E+03
     139   -0.26729937E+03
     140   -0.27097602E+03
     141   -0.27468845E+03
     142   -0.27840411E+03
     143   -0.28213020E+03
     144   -0.28592621E+03
     145   -0.28971942E+03
     146   -0.29354929E+03
     147   -0.29740033E+03
     148   -0.30126812E+03
     149   -0.30514351E+03
     150   -0.30905809E+03
     151   -0.31299077E+03
     152   -0.31693053E+03
     153   -0.32091608E+03
     154   -0.32492432E+03
     155   -0.32895894E+03
     156   -0.33305036E+03
     157   -0.33712684E+03
     158   -0.34120199E+03
     159   -0.34534855E+03
     160   -0.34946184E+03
     161   -0.35362780E+03
     162   -0.35781182E+03
     163   -0.36201502E+03
     164   -0.36623855E+03
     165   -0.37050536E+03
     166   -0.37475997E+03
     167   -0.37907027E+03
     168   -0.38340374E+03
     169   -0.38774127E+03
     170   -0.39211843E+03
     171   -0.39649495E+03
     172   -0.40091701E+03
     173   -0.40537042E+03
     174   -0.40984963E+03
     175   -0.41434386E+03
     176   -0.41885151E+03
     177   -0.42337058E+03
     178   -0.42789610E+03
     179   -0.43248983E+03
     180   -0.43710198E+03
     181   -0.44171440E+03
     182   -0.44636888E+03
     183   -0.45105540E+03
     184   -0.45576146E+03
     185   -0.46047504E+03
     186   -0.46523933E+03
     187   -0.47000561E+03
     188   -0.47481102E+03
     189   -0.47964141E+03
     190   -0.48448257E+03
     191   -0.48935121E+03
     192   -0.49422916E+03
     193   -0.49911552E+03
     194   -0.50406385E+03
     195   -0.50899893E+03
     196   -0.51397367E+03
     197   -0.51899285E+03
     198   -0.52404829E+03
     199   -0.52910305E+03
     200   -0.53420733E+03
     201   -0.53929538E+03
     202   -0.54446209E+03
     203   -0.54957479E+03
     204   -0.55475493E+03
     205   -0.55996146E+03
     206   -0.56516691E+03
     207   -0.57040427E+03
     208   -0.57572541E+03
     209   -0.58101617E+03
     210   -0.58635373E+03
     211   -0.59170643E+03
     212   -0.59710247E+03
     213   -0.60250432E+03
     214   -0.60792626E+03
     215   -0.61340552E+03
     216   -0.61889255E+03
     217   -0.62443227E+03
     218   -0.62993061E+03
     219   -0.63550454E+03
     220   -0.64107271E+03
     221   -0.64669532E+03
     222   -0.65230041E+03
     223   -0.65793406E+03
     224   -0.66363708E+03
     225   -0.66937066E+03
     226   -0.67510517E+03
     227   -0.68087154E+03
     228   -0.68665749E+03
     229   -0.69255003E+03
     230   -0.69841696E+03
     231   -0.70433437E+03
     232   -0.71027076E+03
     233   -0.71617509E+03
     234   -0.72206558E+03
     235   -0.72807079E+03
     236   -0.73408424E+03
     237   -0.74012827E+03
     238   -0.74618095E+03
     239   -0.75229574E+03
     240   -0.75838696E+03
     241   -0.76450849E+03
     242   -0.77068421E+03
     243   -0.77685131E+03
     244   -0.78303869E+03
     245   -0.78925351E+03
     246   -0.79556706E+03
     247   -0.80190079E+03
     248   -0.80814350E+03
     249   -0.81445158E+03
     250   -0.82083089E+03
     251   -0.82727928E+03
     252   -0.83365257E+03
     253   -0.84012203E+03
     254   -0.84663809E+03
     255   -0.85307802E+03
     256   -0.85965920E+03
     257   -0.86620298E+03
     258   -0.87276386E+03
     259   -0.87931432E+03
     260   -0.88594192E+03
     261   -0.89259741E+03
     262   -0.89925388E+03
     263   -0.90600589E+03
     264   -0.91276602E+03
     265   -0.91957040E+03
     266   -0.92639248E+03
     267   -0.93325307E+03
     268   -0.94012312E+03
     269   -0.94697728E+03
     270   -0.95385386E+03
     271   -0.96080873E+03
     272   -0.96776998E+03
     273   -0.97479048E+03
     274   -0.98179861E+03
     275   -0.98890548E+03
     276   -0.99591843E+03
     277   -0.10030317E+04
     278   -0.10101364E+04
     279   -0.10172443E+04
     280   -0.10243877E+04
     281   -0.10315935E+04
     282   -0.10387648E+04
     283   -0.10459861E+04
     284   -0.10532561E+04
     285   -0.10607038E+04
     286   -0.10680570E+04
     287   -0.10754311E+04
     288   -0.10828411E+04
     289   -0.10901955E+04
     290   -0.10977048E+04
     291   -0.11050867E+04
     292   -0.11125474E+04
     293   -0.11201030E+04
     294   -0.11276473E+04
     295   -0.11351954E+04
     296   -0.11428038E+04
     297   -0.11504608E+04
     298   -0.11582245E+04
     299   -0.11659053E+04
     300   -0.11736317E+04
     301   -0.11813593E+04
     302   -0.11890030E+04
     303   -0.11967028E+04
     304   -0.12045605E+04
     305   -0.12124272E+04
     306   -0.12202062E+04
     307   -0.12280788E+04
     308   -0.12358786E+04
     309   -0.12437498E+04
     310   -0.12518692E+04
     311   -0.12598681E+04
     312   -0.12677465E+04
     313   -0.12757718E+04
     314   -0.12836710E+04
     315   -0.12917750E+04
     316   -0.12998228E+04
     317   -0.13079941E+04
     318   -0.13159933E+04
     319   -0.13240979E+04
     320   -0.13322096E+04
     321   -0.13405203E+04
     322   -0.13487638E+04
     323   -0.13570451E+04
     324   -0.13653530E+04
     325   -0.13737641E+04
     326   -0.13819525E+04
     327   -0.13902804E+04
     328   -0.13987067E+04
     329   -0.14070536E+04
     330   -0.14153068E+04
     331   -0.14238220E+04
     332   -0.14323761E+04
     333   -0.14408720E+04
     334   -0.14493247E+04
     335   -0.14578235E+04
     336   -0.14662322E+04
     337   -0.14745434E+04
     338   -0.14830781E+04
     339   -0.14916612E+04
     340   -0.15003942E+04
     341   -0.15089722E+04
     342   -0.15176094E+04
     343   -0.15262800E+04
     344   -0.15350083E+04
     345   -0.15438034E+04
     346   -0.15525873E+04
     347   -0.15611719E+04
     348   -0.15698329E+04
     349   -0.15786094E+04
     350   -0.15872695E+04
     351   -0.15958766E+04
     352   -0.16046676E+04
     353   -0.16134239E+04
     354   -0.16220077E+04
     355   -0.16308048E+04
     356   -0.16398351E+04
     357   -0.16488252E+04
     358   -0.16579342E+04
     359   -0.16667971E+04
     360   -0.16758223E+04
     361   -0.16846097E+04
     362   -0.16936827E+04
     363   -0.17028447E+04
     364   -0.17114074E+04
     365   -0.17205362E+04
     366   -0.17295207E+04
     367   -0.17385547E+04
     368   -0.17476809E+04
     369   -0.17568133E+04
     370   -0.17660722E+04
     371   -0.17753617E+04
     372   -0.17845230E+04
     373   -0.17935871E+04
     374   -0.18027609E+04
     375   -0.18115788E+04
