    0.0000000000E+00    -0.1893438042E+03
    0.1000000000E+01    -0.1850464715E+03
    0.2000000000E+01    -0.1814318469E+03
    0.3000000000E+01    -0.1782111290E+03
    0.4000000000E+01    -0.1752684223E+03
    0.5000000000E+01    -0.1725381388E+03
    0.6000000000E+01    -0.1699804884E+03
    0.7000000000E+01    -0.1675663391E+03
    0.8000000000E+01    -0.1652753624E+03
    0.9000000000E+01    -0.1630918078E+03
    0.1000000000E+02    -0.1610027707E+03
    0.1100000000E+02    -0.1589995274E+03
    0.1200000000E+02    -0.1570736829E+03
    0.1300000000E+02    -0.1552168773E+03
    0.1400000000E+02    -0.1534239690E+03
    0.1500000000E+02    -0.1516900441E+03
    0.1600000000E+02    -0.1500109125E+03
    0.1700000000E+02    -0.1483826460E+03
    0.1800000000E+02    -0.1468012158E+03
    0.1900000000E+02    -0.1452634977E+03
    0.2000000000E+02    -0.1437676088E+03
    0.2100000000E+02    -0.1423108827E+03
    0.2200000000E+02    -0.1408900921E+03
    0.2300000000E+02    -0.1395040990E+03
    0.2400000000E+02    -0.1381507990E+03
    0.2500000000E+02    -0.1368289399E+03
    0.2600000000E+02    -0.1355371295E+03
    0.2700000000E+02    -0.1342723302E+03
    0.2800000000E+02    -0.1330339892E+03
    0.2900000000E+02    -0.1318214788E+03
    0.3000000000E+02    -0.1306341062E+03
    0.3100000000E+02    -0.1294691457E+03
    0.3200000000E+02    -0.1283269389E+03
    0.3300000000E+02    -0.1272056078E+03
    0.3400000000E+02    -0.1261044998E+03
    0.3500000000E+02    -0.1250222459E+03
    0.3600000000E+02    -0.1239592701E+03
    0.3700000000E+02    -0.1229137449E+03
    0.3800000000E+02    -0.1218861188E+03
    0.3900000000E+02    -0.1208746864E+03
    0.4000000000E+02    -0.1198799727E+03
    0.4100000000E+02    -0.1189006180E+03
    0.4200000000E+02    -0.1179357343E+03
    0.4300000000E+02    -0.1169851519E+03
    0.4400000000E+02    -0.1160479318E+03
    0.4500000000E+02    -0.1151244615E+03
    0.4600000000E+02    -0.1142139433E+03
    0.4700000000E+02    -0.1133153649E+03
    0.4800000000E+02    -0.1124284383E+03
    0.4900000000E+02    -0.1115543229E+03
    0.5000000000E+02    -0.1106914171E+03
    0.5100000000E+02    -0.1098398499E+03
    0.5200000000E+02    -0.1089983120E+03
    0.5300000000E+02    -0.1081663946E+03
    0.5400000000E+02    -0.1073450132E+03
    0.5500000000E+02    -0.1065324953E+03
    0.5600000000E+02    -0.1057296333E+03
    0.5700000000E+02    -0.1049353929E+03
    0.5800000000E+02    -0.1041513356E+03
    0.5900000000E+02    -0.1033744175E+03
    0.6000000000E+02    -0.1026059253E+03
    0.6100000000E+02    -0.1018458589E+03
    0.6200000000E+02    -0.1010929651E+03
    0.6300000000E+02    -0.1003476171E+03
    0.6400000000E+02    -0.9960916210E+02
    0.6500000000E+02    -0.9887654541E+02
    0.6600000000E+02    -0.9815193550E+02
    0.6700000000E+02    -0.9743462407E+02
    0.6800000000E+02    -0.9672358747E+02
    0.6900000000E+02    -0.9601814378E+02
    0.7000000000E+02    -0.9531935112E+02
    0.7100000000E+02    -0.9462628462E+02
    0.7200000000E+02    -0.9393818654E+02
    0.7300000000E+02    -0.9325614325E+02
    0.7400000000E+02    -0.9258051415E+02
    0.7500000000E+02    -0.9191010032E+02
    0.7600000000E+02    -0.9124365468E+02
    0.7700000000E+02    -0.9058366871E+02
    0.7800000000E+02    -0.8992788756E+02
    0.7900000000E+02    -0.8927602500E+02
    0.8000000000E+02    -0.8862964374E+02
    0.8100000000E+02    -0.8798733423E+02
    0.8200000000E+02    -0.8734926292E+02
    0.8300000000E+02    -0.8671488323E+02
    0.8400000000E+02    -0.8608519679E+02
    0.8500000000E+02    -0.8545978503E+02
    0.8600000000E+02    -0.8483838889E+02
    0.8700000000E+02    -0.8422136606E+02
    0.8800000000E+02    -0.8360690949E+02
    0.8900000000E+02    -0.8299722655E+02
    0.9000000000E+02    -0.8239129542E+02
    0.9100000000E+02    -0.8178917876E+02
    0.9200000000E+02    -0.8119052799E+02
    0.9300000000E+02    -0.8059476670E+02
    0.9400000000E+02    -0.8000103171E+02
    0.9500000000E+02    -0.7941139124E+02
    0.9600000000E+02    -0.7882402531E+02
    0.9700000000E+02    -0.7824130417E+02
    0.9800000000E+02    -0.7766032817E+02
    0.9900000000E+02    -0.7708209519E+02
    0.1000000000E+03    -0.7650681084E+02
    0.1010000000E+03    -0.7593481966E+02
    0.1020000000E+03    -0.7536522447E+02
    0.1030000000E+03    -0.7479705603E+02
    0.1040000000E+03    -0.7423202811E+02
    0.1050000000E+03    -0.7367034290E+02
    0.1060000000E+03    -0.7311013817E+02
    0.1070000000E+03    -0.7255275371E+02
    0.1080000000E+03    -0.7199852403E+02
    0.1090000000E+03    -0.7144623038E+02
    0.1100000000E+03    -0.7089497371E+02
    0.1110000000E+03    -0.7034643600E+02
    0.1120000000E+03    -0.6980018224E+02
    0.1130000000E+03    -0.6925613939E+02
    0.1140000000E+03    -0.6871361010E+02
    0.1150000000E+03    -0.6817281195E+02
    0.1160000000E+03    -0.6763464431E+02
    0.1170000000E+03    -0.6709905079E+02
    0.1180000000E+03    -0.6656449110E+02
    0.1190000000E+03    -0.6603130773E+02
    0.1200000000E+03    -0.6550081347E+02
    0.1210000000E+03    -0.6497165693E+02
    0.1220000000E+03    -0.6444504549E+02
    0.1230000000E+03    -0.6392073369E+02
    0.1240000000E+03    -0.6339604005E+02
    0.1250000000E+03    -0.6287471323E+02
    0.1260000000E+03    -0.6235439409E+02
    0.1270000000E+03    -0.6183511815E+02
    0.1280000000E+03    -0.6131790665E+02
    0.1290000000E+03    -0.6080248680E+02
    0.1300000000E+03    -0.6028886578E+02
    0.1310000000E+03    -0.5977658318E+02
    0.1320000000E+03    -0.5926567237E+02
    0.1330000000E+03    -0.5875566372E+02
    0.1340000000E+03    -0.5824658958E+02
    0.1350000000E+03    -0.5773900661E+02
    0.1360000000E+03    -0.5723496530E+02
    0.1370000000E+03    -0.5673184529E+02
    0.1380000000E+03    -0.5622904157E+02
    0.1390000000E+03    -0.5572693754E+02
    0.1400000000E+03    -0.5522692218E+02
    0.1410000000E+03    -0.5472754496E+02
    0.1420000000E+03    -0.5423021747E+02
    0.1430000000E+03    -0.5373227540E+02
    0.1440000000E+03    -0.5323736593E+02
    0.1450000000E+03    -0.5274486313E+02
    0.1460000000E+03    -0.5225212670E+02
    0.1470000000E+03    -0.5176071337E+02
    0.1480000000E+03    -0.5126992464E+02
    0.1490000000E+03    -0.5078028225E+02
    0.1500000000E+03    -0.5029175534E+02
    0.1510000000E+03    -0.4980470088E+02
    0.1520000000E+03    -0.4931932116E+02
    0.1530000000E+03    -0.4883506895E+02
    0.1540000000E+03    -0.4835213688E+02
    0.1550000000E+03    -0.4787016237E+02
    0.1560000000E+03    -0.4739034181E+02
    0.1570000000E+03    -0.4690960651E+02
    0.1580000000E+03    -0.4643210190E+02
    0.1590000000E+03    -0.4595533153E+02
    0.1600000000E+03    -0.4547997867E+02
    0.1610000000E+03    -0.4500580547E+02
    0.1620000000E+03    -0.4453341887E+02
    0.1630000000E+03    -0.4406146763E+02
    0.1640000000E+03    -0.4359071264E+02
    0.1650000000E+03    -0.4312072999E+02
    0.1660000000E+03    -0.4265065778E+02
    0.1670000000E+03    -0.4218362712E+02
    0.1680000000E+03    -0.4171683063E+02
    0.1690000000E+03    -0.4125270090E+02
    0.1700000000E+03    -0.4078956974E+02
    0.1710000000E+03    -0.4032731132E+02
    0.1720000000E+03    -0.3986570370E+02
    0.1730000000E+03    -0.3940726275E+02
    0.1740000000E+03    -0.3895080442E+02
    0.1750000000E+03    -0.3849453220E+02
    0.1760000000E+03    -0.3803901295E+02
    0.1770000000E+03    -0.3758509938E+02
    0.1780000000E+03    -0.3713116143E+02
    0.1790000000E+03    -0.3668066447E+02
    0.1800000000E+03    -0.3623193357E+02
    0.1810000000E+03    -0.3578305829E+02
    0.1820000000E+03    -0.3533489000E+02
    0.1830000000E+03    -0.3488889362E+02
    0.1840000000E+03    -0.3444462338E+02
    0.1850000000E+03    -0.3399972022E+02
    0.1860000000E+03    -0.3355800011E+02
    0.1870000000E+03    -0.3311630352E+02
    0.1880000000E+03    -0.3267692522E+02
    0.1890000000E+03    -0.3223944194E+02
    0.1900000000E+03    -0.3180349179E+02
    0.1910000000E+03    -0.3136782429E+02
    0.1920000000E+03    -0.3093479608E+02
    0.1930000000E+03    -0.3050260677E+02
    0.1940000000E+03    -0.3007353998E+02
    0.1950000000E+03    -0.2964580899E+02
    0.1960000000E+03    -0.2921948890E+02
    0.1970000000E+03    -0.2879548577E+02
    0.1980000000E+03    -0.2837248049E+02
    0.1990000000E+03    -0.2795126163E+02
    0.2000000000E+03    -0.2753196318E+02
    0.2010000000E+03    -0.2711528385E+02
    0.2020000000E+03    -0.2670127888E+02
    0.2030000000E+03    -0.2628779867E+02
    0.2040000000E+03    -0.2587632818E+02
    0.2050000000E+03    -0.2546654482E+02
    0.2060000000E+03    -0.2505943820E+02
    0.2070000000E+03    -0.2465393881E+02
    0.2080000000E+03    -0.2425055898E+02
    0.2090000000E+03    -0.2384876631E+02
    0.2100000000E+03    -0.2345131885E+02
    0.2110000000E+03    -0.2305412712E+02
    0.2120000000E+03    -0.2266165399E+02
    0.2130000000E+03    -0.2226665731E+02
    0.2140000000E+03    -0.2187503946E+02
    0.2150000000E+03    -0.2148649935E+02
    0.2160000000E+03    -0.2109771644E+02
    0.2170000000E+03    -0.2071258292E+02
    0.2180000000E+03    -0.2033208027E+02
    0.2190000000E+03    -0.1995143451E+02
    0.2200000000E+03    -0.1957438721E+02
    0.2210000000E+03    -0.1919946671E+02
    0.2220000000E+03    -0.1882585419E+02
    0.2230000000E+03    -0.1845754579E+02
    0.2240000000E+03    -0.1809214790E+02
    0.2250000000E+03    -0.1772853877E+02
    0.2260000000E+03    -0.1736832619E+02
    0.2270000000E+03    -0.1701059721E+02
    0.2280000000E+03    -0.1665814127E+02
    0.2290000000E+03    -0.1630564691E+02
    0.2300000000E+03    -0.1595900638E+02
    0.2310000000E+03    -0.1561435108E+02
    0.2320000000E+03    -0.1527194814E+02
    0.2330000000E+03    -0.1493101934E+02
    0.2340000000E+03    -0.1459370431E+02
    0.2350000000E+03    -0.1426053479E+02
    0.2360000000E+03    -0.1393050440E+02
    0.2370000000E+03    -0.1360517125E+02
    0.2380000000E+03    -0.1328256601E+02
    0.2390000000E+03    -0.1296611434E+02
    0.2400000000E+03    -0.1265252868E+02
    0.2410000000E+03    -0.1234140798E+02
    0.2420000000E+03    -0.1203121367E+02
    0.2430000000E+03    -0.1172457257E+02
    0.2440000000E+03    -0.1142331252E+02
    0.2450000000E+03    -0.1112855968E+02
    0.2460000000E+03    -0.1083696069E+02
    0.2470000000E+03    -0.1054791258E+02
    0.2480000000E+03    -0.1026358074E+02
    0.2490000000E+03    -0.9981945208E+01
    0.2500000000E+03    -0.9707245828E+01
    0.2510000000E+03    -0.9436208739E+01
    0.2520000000E+03    -0.9171049561E+01
    0.2530000000E+03    -0.8911556761E+01
    0.2540000000E+03    -0.8655733915E+01
    0.2550000000E+03    -0.8405474855E+01
    0.2560000000E+03    -0.8159058291E+01
    0.2570000000E+03    -0.7918727118E+01
    0.2580000000E+03    -0.7678984950E+01
    0.2590000000E+03    -0.7451792411E+01
    0.2600000000E+03    -0.7223938814E+01
    0.2610000000E+03    -0.7002153932E+01
    0.2620000000E+03    -0.6786448735E+01
    0.2630000000E+03    -0.6573167840E+01
    0.2640000000E+03    -0.6364236142E+01
    0.2650000000E+03    -0.6165773402E+01
    0.2660000000E+03    -0.5968768776E+01
    0.2670000000E+03    -0.5779533582E+01
    0.2680000000E+03    -0.5599275134E+01
    0.2690000000E+03    -0.5423416175E+01
    0.2700000000E+03    -0.5252000572E+01
    0.2710000000E+03    -0.5084719839E+01
    0.2720000000E+03    -0.4923466666E+01
    0.2730000000E+03    -0.4773242105E+01
    0.2740000000E+03    -0.4628159029E+01
    0.2750000000E+03    -0.4490238634E+01
    0.2760000000E+03    -0.4360660533E+01
    0.2770000000E+03    -0.4236387462E+01
    0.2780000000E+03    -0.4120770771E+01
    0.2790000000E+03    -0.4013439889E+01
    0.2800000000E+03    -0.3910478522E+01
    0.2810000000E+03    -0.3817356502E+01
    0.2820000000E+03    -0.3731463327E+01
    0.2830000000E+03    -0.3652858955E+01
    0.2840000000E+03    -0.3581496540E+01
    0.2850000000E+03    -0.3515710199E+01
    0.2860000000E+03    -0.3456731301E+01
    0.2870000000E+03    -0.3409028596E+01
    0.2880000000E+03    -0.3366148505E+01
    0.2890000000E+03    -0.3334429754E+01
    0.2900000000E+03    -0.3309868244E+01
    0.2910000000E+03    -0.3290699068E+01
    0.2920000000E+03    -0.3283527264E+01
    0.2930000000E+03    -0.3284109707E+01
    0.2940000000E+03    -0.3293601765E+01
    0.2950000000E+03    -0.3310516955E+01
    0.2960000000E+03    -0.3341808353E+01
    0.2970000000E+03    -0.3382287038E+01
    0.2980000000E+03    -0.3430461222E+01
    0.2990000000E+03    -0.3487510462E+01
    0.3000000000E+03    -0.3558827586E+01
    0.3010000000E+03    -0.3636791344E+01
    0.3020000000E+03    -0.3723084724E+01
    0.3030000000E+03    -0.3825104423E+01
    0.3040000000E+03    -0.3932689613E+01
    0.3050000000E+03    -0.4049764518E+01
    0.3060000000E+03    -0.4180972916E+01
    0.3070000000E+03    -0.4324091987E+01
    0.3080000000E+03    -0.4476925980E+01
    0.3090000000E+03    -0.4643186571E+01
    0.3100000000E+03    -0.4819870279E+01
    0.3110000000E+03    -0.5011063067E+01
    0.3120000000E+03    -0.5203333199E+01
    0.3130000000E+03    -0.5415169350E+01
    0.3140000000E+03    -0.5636102969E+01
    0.3150000000E+03    -0.5869849809E+01
    0.3160000000E+03    -0.6113279290E+01
    0.3170000000E+03    -0.6374376270E+01
    0.3180000000E+03    -0.6648271475E+01
    0.3190000000E+03    -0.6932678489E+01
    0.3200000000E+03    -0.7232662524E+01
    0.3210000000E+03    -0.7542299609E+01
    0.3220000000E+03    -0.7868709192E+01
    0.3230000000E+03    -0.8208926227E+01
    0.3240000000E+03    -0.8563723710E+01
    0.3250000000E+03    -0.8929952777E+01
    0.3260000000E+03    -0.9310026551E+01
    0.3270000000E+03    -0.9704149084E+01
    0.3280000000E+03    -0.1010796924E+02
    0.3290000000E+03    -0.1053145293E+02
    0.3300000000E+03    -0.1097021628E+02
    0.3310000000E+03    -0.1142723397E+02
    0.3320000000E+03    -0.1189354829E+02
    0.3330000000E+03    -0.1238570593E+02
    0.3340000000E+03    -0.1288608087E+02
    0.3350000000E+03    -0.1340330138E+02
    0.3360000000E+03    -0.1393911450E+02
    0.3370000000E+03    -0.1449178813E+02
    0.3380000000E+03    -0.1506059181E+02
    0.3390000000E+03    -0.1564910002E+02
    0.3400000000E+03    -0.1624794240E+02
    0.3410000000E+03    -0.1686391070E+02
    0.3420000000E+03    -0.1749437401E+02
    0.3430000000E+03    -0.1814416577E+02
    0.3440000000E+03    -0.1881681813E+02
    0.3450000000E+03    -0.1950635375E+02
    0.3460000000E+03    -0.2021418825E+02
    0.3470000000E+03    -0.2094087075E+02
    0.3480000000E+03    -0.2168759672E+02
    0.3490000000E+03    -0.2245166837E+02
    0.3500000000E+03    -0.2323899830E+02
    0.3510000000E+03    -0.2404753798E+02
    0.3520000000E+03    -0.2487648887E+02
    0.3530000000E+03    -0.2571953023E+02
    0.3540000000E+03    -0.2658468674E+02
    0.3550000000E+03    -0.2746934607E+02
    0.3560000000E+03    -0.2837239887E+02
    0.3570000000E+03    -0.2930266413E+02
    0.3580000000E+03    -0.3025265124E+02
    0.3590000000E+03    -0.3122278824E+02
    0.3600000000E+03    -0.3220259520E+02
    0.3610000000E+03    -0.3321378017E+02
    0.3620000000E+03    -0.3424642003E+02
    0.3630000000E+03    -0.3529868956E+02
    0.3640000000E+03    -0.3637895352E+02
    0.3650000000E+03    -0.3747384751E+02
    0.3660000000E+03    -0.3858995211E+02
    0.3670000000E+03    -0.3973545401E+02
    0.3680000000E+03    -0.4090760585E+02
    0.3690000000E+03    -0.4210044684E+02
    0.3700000000E+03    -0.4332105331E+02
