    0.0000000000E+00    -0.7229853154E+02
    0.1000000000E+01    -0.6949639592E+02
    0.2000000000E+01    -0.6736876322E+02
    0.3000000000E+01    -0.6562753910E+02
    0.4000000000E+01    -0.6415473480E+02
    0.5000000000E+01    -0.6288691698E+02
    0.6000000000E+01    -0.6178236095E+02
    0.7000000000E+01    -0.6081372500E+02
    0.8000000000E+01    -0.5995873940E+02
    0.9000000000E+01    -0.5920254779E+02
    0.1000000000E+02    -0.5853377783E+02
    0.1100000000E+02    -0.5794223101E+02
    0.1200000000E+02    -0.5741839921E+02
    0.1300000000E+02    -0.5695681728E+02
    0.1400000000E+02    -0.5655057286E+02
    0.1500000000E+02    -0.5619493698E+02
    0.1600000000E+02    -0.5588533503E+02
    0.1700000000E+02    -0.5561828656E+02
    0.1800000000E+02    -0.5538915981E+02
    0.1900000000E+02    -0.5519508202E+02
    0.2000000000E+02    -0.5503484110E+02
    0.2100000000E+02    -0.5490492243E+02
    0.2200000000E+02    -0.5480343518E+02
    0.2300000000E+02    -0.5472831797E+02
    0.2400000000E+02    -0.5467739220E+02
    0.2500000000E+02    -0.5464903254E+02
    0.2600000000E+02    -0.5464188589E+02
    0.2700000000E+02    -0.5465452647E+02
    0.2800000000E+02    -0.5468560744E+02
    0.2900000000E+02    -0.5473369996E+02
    0.3000000000E+02    -0.5479719929E+02
    0.3100000000E+02    -0.5487759523E+02
    0.3200000000E+02    -0.5497127946E+02
    0.3300000000E+02    -0.5507727360E+02
    0.3400000000E+02    -0.5519557329E+02
    0.3500000000E+02    -0.5532563074E+02
    0.3600000000E+02    -0.5546567675E+02
    0.3700000000E+02    -0.5561515694E+02
    0.3800000000E+02    -0.5577399206E+02
    0.3900000000E+02    -0.5594222516E+02
    0.4000000000E+02    -0.5611795515E+02
    0.4100000000E+02    -0.5630072292E+02
    0.4200000000E+02    -0.5648844557E+02
    0.4300000000E+02    -0.5668329724E+02
    0.4400000000E+02    -0.5688329277E+02
    0.4500000000E+02    -0.5708857430E+02
    0.4600000000E+02    -0.5729970191E+02
    0.4700000000E+02    -0.5751495653E+02
    0.4800000000E+02    -0.5773300527E+02
    0.4900000000E+02    -0.5795507409E+02
    0.5000000000E+02    -0.5818001258E+02
    0.5100000000E+02    -0.5840775629E+02
    0.5200000000E+02    -0.5863792262E+02
    0.5300000000E+02    -0.5887164585E+02
    0.5400000000E+02    -0.5910629546E+02
    0.5500000000E+02    -0.5934230677E+02
    0.5600000000E+02    -0.5957902555E+02
    0.5700000000E+02    -0.5981717111E+02
    0.5800000000E+02    -0.6005646876E+02
    0.5900000000E+02    -0.6029627576E+02
    0.6000000000E+02    -0.6053715696E+02
    0.6100000000E+02    -0.6077857346E+02
    0.6200000000E+02    -0.6101945607E+02
    0.6300000000E+02    -0.6126054285E+02
    0.6400000000E+02    -0.6149954508E+02
    0.6500000000E+02    -0.6173754316E+02
    0.6600000000E+02    -0.6197575154E+02
    0.6700000000E+02    -0.6221336325E+02
    0.6800000000E+02    -0.6244875389E+02
    0.6900000000E+02    -0.6268220340E+02
    0.7000000000E+02    -0.6291571769E+02
    0.7100000000E+02    -0.6314729555E+02
    0.7200000000E+02    -0.6337793030E+02
    0.7300000000E+02    -0.6360602663E+02
    0.7400000000E+02    -0.6383276945E+02
    0.7500000000E+02    -0.6405709912E+02
    0.7600000000E+02    -0.6427790307E+02
    0.7700000000E+02    -0.6449873491E+02
    0.7800000000E+02    -0.6471442548E+02
    0.7900000000E+02    -0.6492769358E+02
    0.8000000000E+02    -0.6514029195E+02
    0.8100000000E+02    -0.6534999124E+02
    0.8200000000E+02    -0.6555658663E+02
    0.8300000000E+02    -0.6576105967E+02
    0.8400000000E+02    -0.6596282690E+02
    0.8500000000E+02    -0.6616140148E+02
    0.8600000000E+02    -0.6635625579E+02
    0.8700000000E+02    -0.6654753692E+02
    0.8800000000E+02    -0.6673432689E+02
    0.8900000000E+02    -0.6691806143E+02
    0.9000000000E+02    -0.6710066956E+02
    0.9100000000E+02    -0.6727981802E+02
    0.9200000000E+02    -0.6745469780E+02
    0.9300000000E+02    -0.6762573502E+02
    0.9400000000E+02    -0.6779331998E+02
    0.9500000000E+02    -0.6795871448E+02
    0.9600000000E+02    -0.6811966667E+02
    0.9700000000E+02    -0.6827685829E+02
    0.9800000000E+02    -0.6843080776E+02
    0.9900000000E+02    -0.6857994728E+02
    0.1000000000E+03    -0.6872654384E+02
    0.1010000000E+03    -0.6886986389E+02
    0.1020000000E+03    -0.6900752329E+02
    0.1030000000E+03    -0.6914149623E+02
    0.1040000000E+03    -0.6927308065E+02
    0.1050000000E+03    -0.6940113423E+02
    0.1060000000E+03    -0.6952396779E+02
    0.1070000000E+03    -0.6964234575E+02
    0.1080000000E+03    -0.6975750762E+02
    0.1090000000E+03    -0.6986823640E+02
    0.1100000000E+03    -0.6997555576E+02
    0.1110000000E+03    -0.7007876840E+02
    0.1120000000E+03    -0.7017714884E+02
    0.1130000000E+03    -0.7027239507E+02
    0.1140000000E+03    -0.7036363975E+02
    0.1150000000E+03    -0.7044944147E+02
    0.1160000000E+03    -0.7053275359E+02
    0.1170000000E+03    -0.7061296820E+02
    0.1180000000E+03    -0.7068782250E+02
    0.1190000000E+03    -0.7075851441E+02
    0.1200000000E+03    -0.7082554240E+02
    0.1210000000E+03    -0.7088818862E+02
    0.1220000000E+03    -0.7094675813E+02
    0.1230000000E+03    -0.7100250757E+02
    0.1240000000E+03    -0.7105302607E+02
    0.1250000000E+03    -0.7109853198E+02
    0.1260000000E+03    -0.7114042720E+02
    0.1270000000E+03    -0.7117894962E+02
    0.1280000000E+03    -0.7121488800E+02
    0.1290000000E+03    -0.7124462531E+02
    0.1300000000E+03    -0.7127129716E+02
    0.1310000000E+03    -0.7129283223E+02
    0.1320000000E+03    -0.7131065232E+02
    0.1330000000E+03    -0.7132434176E+02
    0.1340000000E+03    -0.7133312990E+02
    0.1350000000E+03    -0.7133739779E+02
    0.1360000000E+03    -0.7133931810E+02
    0.1370000000E+03    -0.7133515488E+02
    0.1380000000E+03    -0.7132807243E+02
    0.1390000000E+03    -0.7131752504E+02
    0.1400000000E+03    -0.7130182559E+02
    0.1410000000E+03    -0.7128375703E+02
    0.1420000000E+03    -0.7126012728E+02
    0.1430000000E+03    -0.7123246225E+02
    0.1440000000E+03    -0.7120121339E+02
    0.1450000000E+03    -0.7116607607E+02
    0.1460000000E+03    -0.7112493155E+02
    0.1470000000E+03    -0.7108089518E+02
    0.1480000000E+03    -0.7103263427E+02
    0.1490000000E+03    -0.7098107379E+02
    0.1500000000E+03    -0.7092536742E+02
    0.1510000000E+03    -0.7086382830E+02
    0.1520000000E+03    -0.7079706441E+02
    0.1530000000E+03    -0.7072743884E+02
    0.1540000000E+03    -0.7065417723E+02
    0.1550000000E+03    -0.7057728259E+02
    0.1560000000E+03    -0.7049586120E+02
    0.1570000000E+03    -0.7041023758E+02
    0.1580000000E+03    -0.7032002419E+02
    0.1590000000E+03    -0.7022573126E+02
    0.1600000000E+03    -0.7012653447E+02
    0.1610000000E+03    -0.7002309645E+02
    0.1620000000E+03    -0.6991505214E+02
    0.1630000000E+03    -0.6980582894E+02
    0.1640000000E+03    -0.6969160497E+02
    0.1650000000E+03    -0.6957312072E+02
    0.1660000000E+03    -0.6945091646E+02
    0.1670000000E+03    -0.6932562413E+02
    0.1680000000E+03    -0.6919686111E+02
    0.1690000000E+03    -0.6906116199E+02
    0.1700000000E+03    -0.6892424428E+02
    0.1710000000E+03    -0.6878103760E+02
    0.1720000000E+03    -0.6863501539E+02
    0.1730000000E+03    -0.6848248273E+02
    0.1740000000E+03    -0.6832714019E+02
    0.1750000000E+03    -0.6816863896E+02
    0.1760000000E+03    -0.6800533530E+02
    0.1770000000E+03    -0.6783732592E+02
    0.1780000000E+03    -0.6766637238E+02
    0.1790000000E+03    -0.6749169642E+02
    0.1800000000E+03    -0.6731203224E+02
    0.1810000000E+03    -0.6713075786E+02
    0.1820000000E+03    -0.6694308003E+02
    0.1830000000E+03    -0.6674982961E+02
    0.1840000000E+03    -0.6655471448E+02
    0.1850000000E+03    -0.6635327742E+02
    0.1860000000E+03    -0.6614840784E+02
    0.1870000000E+03    -0.6593869781E+02
    0.1880000000E+03    -0.6572637116E+02
    0.1890000000E+03    -0.6551186756E+02
    0.1900000000E+03    -0.6529170388E+02
    0.1910000000E+03    -0.6506829495E+02
    0.1920000000E+03    -0.6483989304E+02
    0.1930000000E+03    -0.6460730597E+02
    0.1940000000E+03    -0.6437043098E+02
    0.1950000000E+03    -0.6412796618E+02
    0.1960000000E+03    -0.6388316848E+02
    0.1970000000E+03    -0.6363325592E+02
    0.1980000000E+03    -0.6337933847E+02
    0.1990000000E+03    -0.6312405801E+02
    0.2000000000E+03    -0.6286338412E+02
    0.2010000000E+03    -0.6259718508E+02
    0.2020000000E+03    -0.6232904633E+02
    0.2030000000E+03    -0.6205439849E+02
    0.2040000000E+03    -0.6177688682E+02
    0.2050000000E+03    -0.6149453245E+02
    0.2060000000E+03    -0.6120838220E+02
    0.2070000000E+03    -0.6092006514E+02
    0.2080000000E+03    -0.6062625293E+02
    0.2090000000E+03    -0.6032818996E+02
    0.2100000000E+03    -0.6002548183E+02
    0.2110000000E+03    -0.5972167775E+02
    0.2120000000E+03    -0.5941129403E+02
    0.2130000000E+03    -0.5909750430E+02
    0.2140000000E+03    -0.5877996334E+02
    0.2150000000E+03    -0.5846024788E+02
    0.2160000000E+03    -0.5813558508E+02
    0.2170000000E+03    -0.5780758532E+02
    0.2180000000E+03    -0.5747257824E+02
    0.2190000000E+03    -0.5713414878E+02
    0.2200000000E+03    -0.5679107895E+02
    0.2210000000E+03    -0.5644637000E+02
    0.2220000000E+03    -0.5609613566E+02
    0.2230000000E+03    -0.5574321490E+02
    0.2240000000E+03    -0.5538525849E+02
    0.2250000000E+03    -0.5502256228E+02
    0.2260000000E+03    -0.5465909513E+02
    0.2270000000E+03    -0.5429056753E+02
    0.2280000000E+03    -0.5391839870E+02
    0.2290000000E+03    -0.5354185993E+02
    0.2300000000E+03    -0.5316186106E+02
    0.2310000000E+03    -0.5277844029E+02
    0.2320000000E+03    -0.5239268023E+02
    0.2330000000E+03    -0.5200000899E+02
    0.2340000000E+03    -0.5160661166E+02
    0.2350000000E+03    -0.5121195067E+02
    0.2360000000E+03    -0.5080904623E+02
    0.2370000000E+03    -0.5040097748E+02
    0.2380000000E+03    -0.4999314840E+02
    0.2390000000E+03    -0.4958278852E+02
    0.2400000000E+03    -0.4916741395E+02
    0.2410000000E+03    -0.4874796515E+02
    0.2420000000E+03    -0.4832482852E+02
    0.2430000000E+03    -0.4789828647E+02
    0.2440000000E+03    -0.4746829007E+02
    0.2450000000E+03    -0.4703274965E+02
    0.2460000000E+03    -0.4659384371E+02
    0.2470000000E+03    -0.4615288205E+02
    0.2480000000E+03    -0.4571030232E+02
    0.2490000000E+03    -0.4526425626E+02
    0.2500000000E+03    -0.4481432685E+02
    0.2510000000E+03    -0.4436125114E+02
    0.2520000000E+03    -0.4390840206E+02
    0.2530000000E+03    -0.4345111025E+02
    0.2540000000E+03    -0.4298910852E+02
    0.2550000000E+03    -0.4252797548E+02
    0.2560000000E+03    -0.4206202577E+02
    0.2570000000E+03    -0.4159487630E+02
    0.2580000000E+03    -0.4112210812E+02
    0.2590000000E+03    -0.4064953640E+02
    0.2600000000E+03    -0.4017452531E+02
    0.2610000000E+03    -0.3969654873E+02
    0.2620000000E+03    -0.3921543370E+02
    0.2630000000E+03    -0.3872955783E+02
    0.2640000000E+03    -0.3824077869E+02
    0.2650000000E+03    -0.3775661573E+02
    0.2660000000E+03    -0.3726769583E+02
    0.2670000000E+03    -0.3677142277E+02
    0.2680000000E+03    -0.3627900372E+02
    0.2690000000E+03    -0.3578383590E+02
    0.2700000000E+03    -0.3528850017E+02
    0.2710000000E+03    -0.3479078208E+02
    0.2720000000E+03    -0.3429315495E+02
    0.2730000000E+03    -0.3378861907E+02
    0.2740000000E+03    -0.3328869822E+02
    0.2750000000E+03    -0.3278610313E+02
    0.2760000000E+03    -0.3228579362E+02
    0.2770000000E+03    -0.3178181103E+02
    0.2780000000E+03    -0.3127464903E+02
    0.2790000000E+03    -0.3076827471E+02
    0.2800000000E+03    -0.3026167292E+02
    0.2810000000E+03    -0.2975361418E+02
    0.2820000000E+03    -0.2924730824E+02
    0.2830000000E+03    -0.2873819028E+02
    0.2840000000E+03    -0.2823230903E+02
    0.2850000000E+03    -0.2772386906E+02
    0.2860000000E+03    -0.2721700884E+02
    0.2870000000E+03    -0.2671142221E+02
    0.2880000000E+03    -0.2620492927E+02
    0.2890000000E+03    -0.2570078924E+02
    0.2900000000E+03    -0.2519663980E+02
    0.2910000000E+03    -0.2469072476E+02
    0.2920000000E+03    -0.2418387692E+02
    0.2930000000E+03    -0.2367795343E+02
    0.2940000000E+03    -0.2317874738E+02
    0.2950000000E+03    -0.2268167482E+02
    0.2960000000E+03    -0.2218483954E+02
    0.2970000000E+03    -0.2169059255E+02
    0.2980000000E+03    -0.2119892043E+02
    0.2990000000E+03    -0.2070351163E+02
    0.3000000000E+03    -0.2021471678E+02
    0.3010000000E+03    -0.1973050588E+02
    0.3020000000E+03    -0.1924615099E+02
    0.3030000000E+03    -0.1877095005E+02
    0.3040000000E+03    -0.1829141740E+02
    0.3050000000E+03    -0.1781740655E+02
    0.3060000000E+03    -0.1734561319E+02
    0.3070000000E+03    -0.1688609699E+02
    0.3080000000E+03    -0.1641982730E+02
    0.3090000000E+03    -0.1596416088E+02
    0.3100000000E+03    -0.1550970982E+02
    0.3110000000E+03    -0.1506222674E+02
    0.3120000000E+03    -0.1462147482E+02
    0.3130000000E+03    -0.1417960498E+02
    0.3140000000E+03    -0.1374392389E+02
    0.3150000000E+03    -0.1330857302E+02
    0.3160000000E+03    -0.1288514450E+02
    0.3170000000E+03    -0.1246603005E+02
    0.3180000000E+03    -0.1205731727E+02
    0.3190000000E+03    -0.1164661450E+02
    0.3200000000E+03    -0.1124676930E+02
    0.3210000000E+03    -0.1085607897E+02
    0.3220000000E+03    -0.1046925964E+02
    0.3230000000E+03    -0.1008613869E+02
    0.3240000000E+03    -0.9708841982E+01
    0.3250000000E+03    -0.9335639065E+01
    0.3260000000E+03    -0.8975943283E+01
    0.3270000000E+03    -0.8624969059E+01
    0.3280000000E+03    -0.8282939041E+01
    0.3290000000E+03    -0.7949466204E+01
    0.3300000000E+03    -0.7626836350E+01
    0.3310000000E+03    -0.7305844950E+01
    0.3320000000E+03    -0.6998246297E+01
    0.3330000000E+03    -0.6691703111E+01
    0.3340000000E+03    -0.6396526274E+01
    0.3350000000E+03    -0.6108525250E+01
    0.3360000000E+03    -0.5831135771E+01
    0.3370000000E+03    -0.5572832921E+01
    0.3380000000E+03    -0.5320770475E+01
    0.3390000000E+03    -0.5079229134E+01
    0.3400000000E+03    -0.4854337810E+01
    0.3410000000E+03    -0.4641000428E+01
    0.3420000000E+03    -0.4435389076E+01
    0.3430000000E+03    -0.4248550186E+01
    0.3440000000E+03    -0.4081441486E+01
    0.3450000000E+03    -0.3922040084E+01
    0.3460000000E+03    -0.3772501026E+01
    0.3470000000E+03    -0.3628118733E+01
    0.3480000000E+03    -0.3509710228E+01
    0.3490000000E+03    -0.3395947447E+01
    0.3500000000E+03    -0.3300104119E+01
    0.3510000000E+03    -0.3210249351E+01
    0.3520000000E+03    -0.3136216613E+01
    0.3530000000E+03    -0.3072870841E+01
    0.3540000000E+03    -0.3031746096E+01
    0.3550000000E+03    -0.3009695472E+01
    0.3560000000E+03    -0.2999367216E+01
    0.3570000000E+03    -0.3002460996E+01
    0.3580000000E+03    -0.3023206866E+01
    0.3590000000E+03    -0.3051489794E+01
    0.3600000000E+03    -0.3097840129E+01
    0.3610000000E+03    -0.3177219564E+01
    0.3620000000E+03    -0.3265403083E+01
    0.3630000000E+03    -0.3370495850E+01
    0.3640000000E+03    -0.3492132051E+01
    0.3650000000E+03    -0.3641213103E+01
    0.3660000000E+03    -0.3803913287E+01
    0.3670000000E+03    -0.3984448600E+01
    0.3680000000E+03    -0.4179591478E+01
    0.3690000000E+03    -0.4397916306E+01
    0.3700000000E+03    -0.4640273584E+01
    0.3710000000E+03    -0.4905988143E+01
    0.3720000000E+03    -0.5177338715E+01
    0.3730000000E+03    -0.5474799791E+01
    0.3740000000E+03    -0.5808718203E+01
    0.3750000000E+03    -0.6169762620E+01
    0.3760000000E+03    -0.6545404901E+01
    0.3770000000E+03    -0.6937406187E+01
    0.3780000000E+03    -0.7368159323E+01
    0.3790000000E+03    -0.7798025248E+01
    0.3800000000E+03    -0.8269408073E+01
    0.3810000000E+03    -0.8774915948E+01
    0.3820000000E+03    -0.9294179519E+01
    0.3830000000E+03    -0.9842597123E+01
    0.3840000000E+03    -0.1041168082E+02
    0.3850000000E+03    -0.1100181923E+02
    0.3860000000E+03    -0.1162250427E+02
    0.3870000000E+03    -0.1227559061E+02
    0.3880000000E+03    -0.1296315764E+02
    0.3890000000E+03    -0.1367663807E+02
    0.3900000000E+03    -0.1442792517E+02
    0.3910000000E+03    -0.1520502523E+02
    0.3920000000E+03    -0.1602452889E+02
    0.3930000000E+03    -0.1685988986E+02
    0.3940000000E+03    -0.1771747955E+02
    0.3950000000E+03    -0.1859591562E+02
    0.3960000000E+03    -0.1950717777E+02
    0.3970000000E+03    -0.2044048324E+02
    0.3980000000E+03    -0.2139005970E+02
    0.3990000000E+03    -0.2237622448E+02
    0.4000000000E+03    -0.2341069603E+02
    0.4010000000E+03    -0.2448609753E+02
    0.4020000000E+03    -0.2559537459E+02
    0.4030000000E+03    -0.2674351099E+02
    0.4040000000E+03    -0.2790766454E+02
    0.4050000000E+03    -0.2910873433E+02
    0.4060000000E+03    -0.3037308246E+02
    0.4070000000E+03    -0.3165411227E+02
    0.4080000000E+03    -0.3296913892E+02
    0.4090000000E+03    -0.3433342776E+02
    0.4100000000E+03    -0.3575041376E+02
    0.4110000000E+03    -0.3717870437E+02
    0.4120000000E+03    -0.3867890006E+02
    0.4130000000E+03    -0.4017063743E+02
    0.4140000000E+03    -0.4172432687E+02
    0.4150000000E+03    -0.4329538626E+02
