    0.0000000000E+00    -0.1893717783E+03
    0.1000000000E+01    -0.1850737931E+03
    0.2000000000E+01    -0.1814583654E+03
    0.3000000000E+01    -0.1782377756E+03
    0.4000000000E+01    -0.1752942405E+03
    0.5000000000E+01    -0.1725639979E+03
    0.6000000000E+01    -0.1700058316E+03
    0.7000000000E+01    -0.1675913027E+03
    0.8000000000E+01    -0.1652992612E+03
    0.9000000000E+01    -0.1631152697E+03
    0.1000000000E+02    -0.1610265366E+03
    0.1100000000E+02    -0.1590228758E+03
    0.1200000000E+02    -0.1570965804E+03
    0.1300000000E+02    -0.1552402890E+03
    0.1400000000E+02    -0.1534475447E+03
    0.1500000000E+02    -0.1517139155E+03
    0.1600000000E+02    -0.1500338009E+03
    0.1700000000E+02    -0.1484050266E+03
    0.1800000000E+02    -0.1468237973E+03
    0.1900000000E+02    -0.1452871951E+03
    0.2000000000E+02    -0.1437917525E+03
    0.2100000000E+02    -0.1423342161E+03
    0.2200000000E+02    -0.1409138583E+03
    0.2300000000E+02    -0.1395282041E+03
    0.2400000000E+02    -0.1381749237E+03
    0.2500000000E+02    -0.1368530320E+03
    0.2600000000E+02    -0.1355604016E+03
    0.2700000000E+02    -0.1342958410E+03
    0.2800000000E+02    -0.1330573427E+03
    0.2900000000E+02    -0.1318452707E+03
    0.3000000000E+02    -0.1306576054E+03
    0.3100000000E+02    -0.1294920117E+03
    0.3200000000E+02    -0.1283496918E+03
    0.3300000000E+02    -0.1272275128E+03
    0.3400000000E+02    -0.1261266257E+03
    0.3500000000E+02    -0.1250447431E+03
    0.3600000000E+02    -0.1239817054E+03
    0.3700000000E+02    -0.1229361102E+03
    0.3800000000E+02    -0.1219087918E+03
    0.3900000000E+02    -0.1208978321E+03
    0.4000000000E+02    -0.1199025805E+03
    0.4100000000E+02    -0.1189227285E+03
    0.4200000000E+02    -0.1179583805E+03
    0.4300000000E+02    -0.1170080179E+03
    0.4400000000E+02    -0.1160713531E+03
    0.4500000000E+02    -0.1151481982E+03
    0.4600000000E+02    -0.1142374302E+03
    0.4700000000E+02    -0.1133401656E+03
    0.4800000000E+02    -0.1124539110E+03
    0.4900000000E+02    -0.1115787951E+03
    0.5000000000E+02    -0.1107161490E+03
    0.5100000000E+02    -0.1098633754E+03
    0.5200000000E+02    -0.1090206351E+03
    0.5300000000E+02    -0.1081883670E+03
    0.5400000000E+02    -0.1073656872E+03
    0.5500000000E+02    -0.1065528089E+03
    0.5600000000E+02    -0.1057495773E+03
    0.5700000000E+02    -0.1049561611E+03
    0.5800000000E+02    -0.1041699581E+03
    0.5900000000E+02    -0.1033929262E+03
    0.6000000000E+02    -0.1026238859E+03
    0.6100000000E+02    -0.1018631812E+03
    0.6200000000E+02    -0.1011103683E+03
    0.6300000000E+02    -0.1003639471E+03
    0.6400000000E+02    -0.9962520787E+02
    0.6500000000E+02    -0.9889405450E+02
    0.6600000000E+02    -0.9816999841E+02
    0.6700000000E+02    -0.9745208907E+02
    0.6800000000E+02    -0.9674002335E+02
    0.6900000000E+02    -0.9603516573E+02
    0.7000000000E+02    -0.9533674200E+02
    0.7100000000E+02    -0.9464378201E+02
    0.7200000000E+02    -0.9395585584E+02
    0.7300000000E+02    -0.9327452636E+02
    0.7400000000E+02    -0.9259915575E+02
    0.7500000000E+02    -0.9192849278E+02
    0.7600000000E+02    -0.9126252291E+02
    0.7700000000E+02    -0.9060133190E+02
    0.7800000000E+02    -0.8994591951E+02
    0.7900000000E+02    -0.8929418903E+02
    0.8000000000E+02    -0.8864730582E+02
    0.8100000000E+02    -0.8800558974E+02
    0.8200000000E+02    -0.8736780651E+02
    0.8300000000E+02    -0.8673469552E+02
    0.8400000000E+02    -0.8610604702E+02
    0.8500000000E+02    -0.8548070089E+02
    0.8600000000E+02    -0.8485974393E+02
    0.8700000000E+02    -0.8424229904E+02
    0.8800000000E+02    -0.8362918672E+02
    0.8900000000E+02    -0.8302040888E+02
    0.9000000000E+02    -0.8241291905E+02
    0.9100000000E+02    -0.8180997427E+02
    0.9200000000E+02    -0.8120974199E+02
    0.9300000000E+02    -0.8061203904E+02
    0.9400000000E+02    -0.8001843404E+02
    0.9500000000E+02    -0.7942906872E+02
    0.9600000000E+02    -0.7884122210E+02
    0.9700000000E+02    -0.7825717481E+02
    0.9800000000E+02    -0.7767605755E+02
    0.9900000000E+02    -0.7709813993E+02
    0.1000000000E+03    -0.7652376697E+02
    0.1010000000E+03    -0.7595063628E+02
    0.1020000000E+03    -0.7538119312E+02
    0.1030000000E+03    -0.7481416234E+02
    0.1040000000E+03    -0.7425029422E+02
    0.1050000000E+03    -0.7368840157E+02
    0.1060000000E+03    -0.7312829916E+02
    0.1070000000E+03    -0.7257033034E+02
    0.1080000000E+03    -0.7201604153E+02
    0.1090000000E+03    -0.7146178778E+02
    0.1100000000E+03    -0.7091108686E+02
    0.1110000000E+03    -0.7036258877E+02
    0.1120000000E+03    -0.6981617907E+02
    0.1130000000E+03    -0.6927178282E+02
    0.1140000000E+03    -0.6872965428E+02
    0.1150000000E+03    -0.6818898785E+02
    0.1160000000E+03    -0.6765159552E+02
    0.1170000000E+03    -0.6711515148E+02
    0.1180000000E+03    -0.6658059787E+02
    0.1190000000E+03    -0.6604737346E+02
    0.1200000000E+03    -0.6551744992E+02
    0.1210000000E+03    -0.6498842291E+02
    0.1220000000E+03    -0.6446019199E+02
    0.1230000000E+03    -0.6393475110E+02
    0.1240000000E+03    -0.6341071586E+02
    0.1250000000E+03    -0.6288886423E+02
    0.1260000000E+03    -0.6236818511E+02
    0.1270000000E+03    -0.6184880430E+02
    0.1280000000E+03    -0.6133138131E+02
    0.1290000000E+03    -0.6081562213E+02
    0.1300000000E+03    -0.6030065318E+02
    0.1310000000E+03    -0.5978695355E+02
    0.1320000000E+03    -0.5927411116E+02
    0.1330000000E+03    -0.5876409909E+02
    0.1340000000E+03    -0.5825636054E+02
    0.1350000000E+03    -0.5774987527E+02
    0.1360000000E+03    -0.5724497703E+02
    0.1370000000E+03    -0.5674050560E+02
    0.1380000000E+03    -0.5623744866E+02
    0.1390000000E+03    -0.5573585964E+02
    0.1400000000E+03    -0.5523521099E+02
    0.1410000000E+03    -0.5473492344E+02
    0.1420000000E+03    -0.5423686797E+02
    0.1430000000E+03    -0.5373981789E+02
    0.1440000000E+03    -0.5324383188E+02
    0.1450000000E+03    -0.5275027965E+02
    0.1460000000E+03    -0.5225859791E+02
    0.1470000000E+03    -0.5176717116E+02
    0.1480000000E+03    -0.5127619730E+02
    0.1490000000E+03    -0.5078558840E+02
    0.1500000000E+03    -0.5029780606E+02
    0.1510000000E+03    -0.4981163282E+02
    0.1520000000E+03    -0.4932595309E+02
    0.1530000000E+03    -0.4884121611E+02
    0.1540000000E+03    -0.4835859302E+02
    0.1550000000E+03    -0.4787814525E+02
    0.1560000000E+03    -0.4739733694E+02
    0.1570000000E+03    -0.4691808290E+02
    0.1580000000E+03    -0.4643967007E+02
    0.1590000000E+03    -0.4596334784E+02
    0.1600000000E+03    -0.4548862930E+02
    0.1610000000E+03    -0.4501441374E+02
    0.1620000000E+03    -0.4454264540E+02
    0.1630000000E+03    -0.4406950553E+02
    0.1640000000E+03    -0.4359893101E+02
    0.1650000000E+03    -0.4312881143E+02
    0.1660000000E+03    -0.4266162102E+02
    0.1670000000E+03    -0.4219546828E+02
    0.1680000000E+03    -0.4173045859E+02
    0.1690000000E+03    -0.4126628833E+02
    0.1700000000E+03    -0.4080338487E+02
    0.1710000000E+03    -0.4034177705E+02
    0.1720000000E+03    -0.3988107020E+02
    0.1730000000E+03    -0.3942141139E+02
    0.1740000000E+03    -0.3896430114E+02
    0.1750000000E+03    -0.3850683646E+02
    0.1760000000E+03    -0.3805037901E+02
    0.1770000000E+03    -0.3759521994E+02
    0.1780000000E+03    -0.3714178728E+02
    0.1790000000E+03    -0.3669074545E+02
    0.1800000000E+03    -0.3624038723E+02
    0.1810000000E+03    -0.3579073043E+02
    0.1820000000E+03    -0.3534276009E+02
    0.1830000000E+03    -0.3489565556E+02
    0.1840000000E+03    -0.3445054952E+02
    0.1850000000E+03    -0.3400821002E+02
    0.1860000000E+03    -0.3356733418E+02
    0.1870000000E+03    -0.3312681500E+02
    0.1880000000E+03    -0.3268740231E+02
    0.1890000000E+03    -0.3224847478E+02
    0.1900000000E+03    -0.3181261367E+02
    0.1910000000E+03    -0.3137829961E+02
    0.1920000000E+03    -0.3094447714E+02
    0.1930000000E+03    -0.3051450442E+02
    0.1940000000E+03    -0.3008659865E+02
    0.1950000000E+03    -0.2966014266E+02
    0.1960000000E+03    -0.2923254272E+02
    0.1970000000E+03    -0.2880862438E+02
    0.1980000000E+03    -0.2838441457E+02
    0.1990000000E+03    -0.2796293039E+02
    0.2000000000E+03    -0.2754239353E+02
    0.2010000000E+03    -0.2712580672E+02
    0.2020000000E+03    -0.2671115042E+02
    0.2030000000E+03    -0.2629805613E+02
    0.2040000000E+03    -0.2588671413E+02
    0.2050000000E+03    -0.2547660848E+02
    0.2060000000E+03    -0.2506940977E+02
    0.2070000000E+03    -0.2466489388E+02
    0.2080000000E+03    -0.2426104596E+02
    0.2090000000E+03    -0.2386040223E+02
    0.2100000000E+03    -0.2346234130E+02
    0.2110000000E+03    -0.2306488323E+02
    0.2120000000E+03    -0.2266973917E+02
    0.2130000000E+03    -0.2227743319E+02
    0.2140000000E+03    -0.2188735335E+02
    0.2150000000E+03    -0.2149913583E+02
    0.2160000000E+03    -0.2111492415E+02
    0.2170000000E+03    -0.2073289191E+02
    0.2180000000E+03    -0.2034866658E+02
    0.2190000000E+03    -0.1997013261E+02
    0.2200000000E+03    -0.1959358671E+02
    0.2210000000E+03    -0.1921826135E+02
    0.2220000000E+03    -0.1884704474E+02
    0.2230000000E+03    -0.1847797285E+02
    0.2240000000E+03    -0.1810916685E+02
    0.2250000000E+03    -0.1774566040E+02
    0.2260000000E+03    -0.1738546833E+02
    0.2270000000E+03    -0.1702924883E+02
    0.2280000000E+03    -0.1667419452E+02
    0.2290000000E+03    -0.1632272629E+02
    0.2300000000E+03    -0.1597440750E+02
    0.2310000000E+03    -0.1562666516E+02
    0.2320000000E+03    -0.1528317348E+02
    0.2330000000E+03    -0.1494420111E+02
    0.2340000000E+03    -0.1460737929E+02
    0.2350000000E+03    -0.1427701895E+02
    0.2360000000E+03    -0.1394879139E+02
    0.2370000000E+03    -0.1362280227E+02
    0.2380000000E+03    -0.1329871757E+02
    0.2390000000E+03    -0.1297905441E+02
    0.2400000000E+03    -0.1266371416E+02
    0.2410000000E+03    -0.1235512363E+02
    0.2420000000E+03    -0.1204633087E+02
    0.2430000000E+03    -0.1174197291E+02
    0.2440000000E+03    -0.1144200235E+02
    0.2450000000E+03    -0.1114724192E+02
    0.2460000000E+03    -0.1085486719E+02
    0.2470000000E+03    -0.1056785240E+02
    0.2480000000E+03    -0.1028244882E+02
    0.2490000000E+03    -0.1000324471E+02
    0.2500000000E+03    -0.9725767969E+01
    0.2510000000E+03    -0.9457936173E+01
    0.2520000000E+03    -0.9191456545E+01
    0.2530000000E+03    -0.8930693162E+01
    0.2540000000E+03    -0.8674816831E+01
    0.2550000000E+03    -0.8423854632E+01
    0.2560000000E+03    -0.8178195639E+01
    0.2570000000E+03    -0.7938014848E+01
    0.2580000000E+03    -0.7699786557E+01
    0.2590000000E+03    -0.7465225994E+01
    0.2600000000E+03    -0.7237095636E+01
    0.2610000000E+03    -0.7014631621E+01
    0.2620000000E+03    -0.6798400606E+01
    0.2630000000E+03    -0.6586316617E+01
    0.2640000000E+03    -0.6383451648E+01
    0.2650000000E+03    -0.6183589431E+01
    0.2660000000E+03    -0.5987616764E+01
    0.2670000000E+03    -0.5796615248E+01
    0.2680000000E+03    -0.5612342765E+01
    0.2690000000E+03    -0.5437138819E+01
    0.2700000000E+03    -0.5266781185E+01
    0.2710000000E+03    -0.5101031255E+01
    0.2720000000E+03    -0.4942279172E+01
    0.2730000000E+03    -0.4790166690E+01
    0.2740000000E+03    -0.4644454781E+01
    0.2750000000E+03    -0.4505140349E+01
    0.2760000000E+03    -0.4370616104E+01
    0.2770000000E+03    -0.4247216824E+01
    0.2780000000E+03    -0.4130261326E+01
    0.2790000000E+03    -0.4015703428E+01
    0.2800000000E+03    -0.3911542287E+01
    0.2810000000E+03    -0.3813187137E+01
    0.2820000000E+03    -0.3725671168E+01
    0.2830000000E+03    -0.3643668713E+01
    0.2840000000E+03    -0.3569859160E+01
    0.2850000000E+03    -0.3504336130E+01
    0.2860000000E+03    -0.3444144311E+01
    0.2870000000E+03    -0.3396291876E+01
    0.2880000000E+03    -0.3352978948E+01
    0.2890000000E+03    -0.3323640066E+01
    0.2900000000E+03    -0.3299654312E+01
    0.2910000000E+03    -0.3284677233E+01
    0.2920000000E+03    -0.3277975896E+01
    0.2930000000E+03    -0.3279088866E+01
    0.2940000000E+03    -0.3292952179E+01
    0.2950000000E+03    -0.3314435105E+01
    0.2960000000E+03    -0.3343914515E+01
    0.2970000000E+03    -0.3384797553E+01
    0.2980000000E+03    -0.3434500570E+01
    0.2990000000E+03    -0.3490688867E+01
    0.3000000000E+03    -0.3559996595E+01
    0.3010000000E+03    -0.3639044966E+01
    0.3020000000E+03    -0.3726711431E+01
    0.3030000000E+03    -0.3827535176E+01
    0.3040000000E+03    -0.3939853368E+01
    0.3050000000E+03    -0.4064449125E+01
    0.3060000000E+03    -0.4196636260E+01
    0.3070000000E+03    -0.4339020836E+01
    0.3080000000E+03    -0.4493290192E+01
    0.3090000000E+03    -0.4656749420E+01
    0.3100000000E+03    -0.4830931016E+01
    0.3110000000E+03    -0.5018828237E+01
    0.3120000000E+03    -0.5213900310E+01
    0.3130000000E+03    -0.5421798991E+01
    0.3140000000E+03    -0.5641356449E+01
    0.3150000000E+03    -0.5871591644E+01
    0.3160000000E+03    -0.6121112882E+01
    0.3170000000E+03    -0.6382107877E+01
    0.3180000000E+03    -0.6649575965E+01
    0.3190000000E+03    -0.6933870394E+01
    0.3200000000E+03    -0.7229143314E+01
    0.3210000000E+03    -0.7536225155E+01
    0.3220000000E+03    -0.7864020926E+01
    0.3230000000E+03    -0.8201177648E+01
    0.3240000000E+03    -0.8547128665E+01
    0.3250000000E+03    -0.8915732941E+01
    0.3260000000E+03    -0.9294335409E+01
    0.3270000000E+03    -0.9686955212E+01
    0.3280000000E+03    -0.1009480284E+02
    0.3290000000E+03    -0.1052071644E+02
    0.3300000000E+03    -0.1096211070E+02
    0.3310000000E+03    -0.1141626957E+02
    0.3320000000E+03    -0.1188488654E+02
    0.3330000000E+03    -0.1237212122E+02
    0.3340000000E+03    -0.1287060389E+02
    0.3350000000E+03    -0.1338953136E+02
    0.3360000000E+03    -0.1392584010E+02
    0.3370000000E+03    -0.1447576599E+02
    0.3380000000E+03    -0.1503791380E+02
    0.3390000000E+03    -0.1561452866E+02
    0.3400000000E+03    -0.1620960849E+02
    0.3410000000E+03    -0.1682191855E+02
    0.3420000000E+03    -0.1745171239E+02
    0.3430000000E+03    -0.1810107159E+02
    0.3440000000E+03    -0.1876324988E+02
    0.3450000000E+03    -0.1945185982E+02
    0.3460000000E+03    -0.2015439561E+02
    0.3470000000E+03    -0.2087905521E+02
    0.3480000000E+03    -0.2162438413E+02
    0.3490000000E+03    -0.2239230314E+02
    0.3500000000E+03    -0.2317682831E+02
    0.3510000000E+03    -0.2398567197E+02
    0.3520000000E+03    -0.2480398095E+02
    0.3530000000E+03    -0.2564986390E+02
    0.3540000000E+03    -0.2650814293E+02
    0.3550000000E+03    -0.2739422668E+02
    0.3560000000E+03    -0.2829563098E+02
    0.3570000000E+03    -0.2921868332E+02
    0.3580000000E+03    -0.3016197425E+02
    0.3590000000E+03    -0.3112519308E+02
    0.3600000000E+03    -0.3210639265E+02
    0.3610000000E+03    -0.3311650652E+02
    0.3620000000E+03    -0.3414248684E+02
    0.3630000000E+03    -0.3519110260E+02
    0.3640000000E+03    -0.3626529093E+02
    0.3650000000E+03    -0.3736074093E+02
    0.3660000000E+03    -0.3849116340E+02
    0.3670000000E+03    -0.3963207510E+02
    0.3680000000E+03    -0.4079857651E+02
    0.3690000000E+03    -0.4198814338E+02
    0.3700000000E+03    -0.4321222217E+02
