       0   -0.58991654E-09
       1   -0.60574059E-03
       2   -0.34160869E-01
       3   -0.10074343E+00
       4   -0.20053526E+00
       5   -0.33329493E+00
       6   -0.49864284E+00
       7   -0.69738152E+00
       8   -0.92905404E+00
       9   -0.11935338E+01
      10   -0.14911964E+01
      11   -0.18222770E+01
      12   -0.21857433E+01
      13   -0.25824714E+01
      14   -0.30112067E+01
      15   -0.34748133E+01
      16   -0.39708810E+01
      17   -0.44994793E+01
      18   -0.50603834E+01
      19   -0.56561666E+01
      20   -0.62837857E+01
      21   -0.69444328E+01
      22   -0.76366609E+01
      23   -0.83636645E+01
      24   -0.91223146E+01
      25   -0.99143232E+01
      26   -0.10738478E+02
      27   -0.11596291E+02
      28   -0.12486251E+02
      29   -0.13406977E+02
      30   -0.14361512E+02
      31   -0.15347719E+02
      32   -0.16366623E+02
      33   -0.17420170E+02
      34   -0.18504231E+02
      35   -0.19617925E+02
      36   -0.20769497E+02
      37   -0.21955649E+02
      38   -0.23171705E+02
      39   -0.24423649E+02
      40   -0.25707516E+02
      41   -0.27023478E+02
      42   -0.28370413E+02
      43   -0.29742864E+02
      44   -0.31150470E+02
      45   -0.32593639E+02
      46   -0.34067811E+02
      47   -0.35573031E+02
      48   -0.37113329E+02
      49   -0.38682598E+02
      50   -0.40283725E+02
      51   -0.41913245E+02
      52   -0.43575260E+02
      53   -0.45270320E+02
      54   -0.46998527E+02
      55   -0.48755333E+02
      56   -0.50550698E+02
      57   -0.52368937E+02
      58   -0.54217895E+02
      59   -0.56097428E+02
      60   -0.58004152E+02
      61   -0.59943591E+02
      62   -0.61911302E+02
      63   -0.63914664E+02
      64   -0.65937890E+02
      65   -0.67999265E+02
      66   -0.70089024E+02
      67   -0.72218690E+02
      68   -0.74371379E+02
      69   -0.76547429E+02
      70   -0.78758453E+02
      71   -0.80993810E+02
      72   -0.83271131E+02
      73   -0.85577817E+02
      74   -0.87918197E+02
      75   -0.90278657E+02
      76   -0.92666459E+02
      77   -0.95071947E+02
      78   -0.97523894E+02
      79   -0.99996657E+02
      80   -0.10249828E+03
      81   -0.10502519E+03
      82   -0.10758173E+03
      83   -0.11015875E+03
      84   -0.11276563E+03
      85   -0.11540530E+03
      86   -0.11807381E+03
      87   -0.12077047E+03
      88   -0.12348865E+03
      89   -0.12623040E+03
      90   -0.12899369E+03
      91   -0.13177678E+03
      92   -0.13460481E+03
      93   -0.13744724E+03
      94   -0.14032807E+03
      95   -0.14322802E+03
      96   -0.14616476E+03
      97   -0.14913157E+03
      98   -0.15212286E+03
      99   -0.15513239E+03
     100   -0.15816408E+03
     101   -0.16121961E+03
     102   -0.16428542E+03
     103   -0.16736902E+03
     104   -0.17049884E+03
     105   -0.17365470E+03
     106   -0.17684144E+03
     107   -0.18006808E+03
     108   -0.18328969E+03
     109   -0.18651171E+03
     110   -0.18978265E+03
     111   -0.19309031E+03
     112   -0.19642018E+03
     113   -0.19975644E+03
     114   -0.20312872E+03
     115   -0.20652061E+03
     116   -0.20993735E+03
     117   -0.21339234E+03
     118   -0.21685343E+03
     119   -0.22032826E+03
     120   -0.22380760E+03
     121   -0.22732050E+03
     122   -0.23086236E+03
     123   -0.23443364E+03
     124   -0.23801664E+03
     125   -0.24162074E+03
     126   -0.24524089E+03
     127   -0.24886884E+03
     128   -0.25252784E+03
     129   -0.25621620E+03
     130   -0.25991252E+03
     131   -0.26365669E+03
     132   -0.26740113E+03
     133   -0.27117831E+03
     134   -0.27497546E+03
     135   -0.27877171E+03
     136   -0.28261581E+03
     137   -0.28647697E+03
     138   -0.29036617E+03
     139   -0.29425297E+03
     140   -0.29817035E+03
     141   -0.30209363E+03
     142   -0.30604557E+03
     143   -0.31002971E+03
     144   -0.31403291E+03
     145   -0.31803838E+03
     146   -0.32206144E+03
     147   -0.32611007E+03
     148   -0.33016310E+03
     149   -0.33426703E+03
     150   -0.33840253E+03
     151   -0.34254632E+03
     152   -0.34670387E+03
     153   -0.35084983E+03
     154   -0.35506011E+03
     155   -0.35928346E+03
     156   -0.36353104E+03
     157   -0.36777900E+03
     158   -0.37202690E+03
     159   -0.37629666E+03
     160   -0.38058387E+03
     161   -0.38492625E+03
     162   -0.38926752E+03
     163   -0.39362392E+03
     164   -0.39804390E+03
     165   -0.40244754E+03
     166   -0.40683786E+03
     167   -0.41131482E+03
     168   -0.41577064E+03
     169   -0.42023375E+03
     170   -0.42471151E+03
     171   -0.42921649E+03
     172   -0.43375594E+03
     173   -0.43830678E+03
     174   -0.44289336E+03
     175   -0.44747905E+03
     176   -0.45207692E+03
     177   -0.45673349E+03
     178   -0.46137990E+03
     179   -0.46606001E+03
     180   -0.47072367E+03
     181   -0.47543238E+03
     182   -0.48014727E+03
     183   -0.48489301E+03
     184   -0.48966047E+03
     185   -0.49444574E+03
     186   -0.49925532E+03
     187   -0.50410763E+03
     188   -0.50899066E+03
     189   -0.51387027E+03
     190   -0.51877305E+03
     191   -0.52365273E+03
     192   -0.52857259E+03
     193   -0.53349821E+03
     194   -0.53849104E+03
     195   -0.54348592E+03
     196   -0.54849876E+03
     197   -0.55353585E+03
     198   -0.55858378E+03
     199   -0.56368402E+03
     200   -0.56876798E+03
     201   -0.57389588E+03
     202   -0.57901791E+03
     203   -0.58416364E+03
     204   -0.58934080E+03
     205   -0.59455093E+03
     206   -0.59974099E+03
     207   -0.60500052E+03
     208   -0.61027802E+03
     209   -0.61558223E+03
     210   -0.62088398E+03
     211   -0.62623269E+03
     212   -0.63158513E+03
     213   -0.63694249E+03
     214   -0.64232770E+03
     215   -0.64775031E+03
     216   -0.65324490E+03
     217   -0.65872144E+03
     218   -0.66422716E+03
     219   -0.66978157E+03
     220   -0.67534281E+03
     221   -0.68093410E+03
     222   -0.68655364E+03
     223   -0.69217310E+03
     224   -0.69783930E+03
     225   -0.70353002E+03
     226   -0.70926166E+03
     227   -0.71499542E+03
     228   -0.72071518E+03
     229   -0.72655829E+03
     230   -0.73240554E+03
     231   -0.73822125E+03
     232   -0.74407754E+03
     233   -0.74996574E+03
     234   -0.75588059E+03
     235   -0.76178812E+03
     236   -0.76773326E+03
     237   -0.77368965E+03
     238   -0.77971340E+03
     239   -0.78576087E+03
     240   -0.79184372E+03
     241   -0.79793320E+03
     242   -0.80406468E+03
     243   -0.81022184E+03
     244   -0.81640286E+03
     245   -0.82262845E+03
     246   -0.82888934E+03
     247   -0.83513744E+03
     248   -0.84139566E+03
     249   -0.84773995E+03
     250   -0.85410989E+03
     251   -0.86050311E+03
     252   -0.86687978E+03
     253   -0.87330089E+03
     254   -0.87978312E+03
     255   -0.88629419E+03
     256   -0.89279672E+03
     257   -0.89935724E+03
     258   -0.90595921E+03
     259   -0.91259129E+03
     260   -0.91920433E+03
     261   -0.92596337E+03
     262   -0.93270911E+03
     263   -0.93939805E+03
     264   -0.94617336E+03
     265   -0.95297139E+03
     266   -0.95980991E+03
     267   -0.96667203E+03
     268   -0.97353632E+03
     269   -0.98045967E+03
     270   -0.98734304E+03
     271   -0.99429582E+03
     272   -0.10012893E+04
     273   -0.10083427E+04
     274   -0.10154075E+04
     275   -0.10225306E+04
     276   -0.10296659E+04
     277   -0.10368116E+04
     278   -0.10440299E+04
     279   -0.10512574E+04
     280   -0.10584993E+04
     281   -0.10658283E+04
     282   -0.10731749E+04
     283   -0.10805749E+04
     284   -0.10879508E+04
     285   -0.10953758E+04
     286   -0.11028646E+04
     287   -0.11103575E+04
     288   -0.11178217E+04
     289   -0.11253505E+04
     290   -0.11329512E+04
     291   -0.11405591E+04
     292   -0.11482290E+04
     293   -0.11558328E+04
     294   -0.11634563E+04
     295   -0.11711558E+04
     296   -0.11788321E+04
     297   -0.11866992E+04
     298   -0.11945314E+04
     299   -0.12023541E+04
     300   -0.12102725E+04
     301   -0.12182078E+04
     302   -0.12261702E+04
     303   -0.12341023E+04
     304   -0.12420494E+04
     305   -0.12500642E+04
     306   -0.12581234E+04
     307   -0.12661544E+04
     308   -0.12742286E+04
     309   -0.12824281E+04
     310   -0.12905529E+04
     311   -0.12987379E+04
     312   -0.13069724E+04
     313   -0.13152072E+04
     314   -0.13235543E+04
     315   -0.13317683E+04
     316   -0.13400475E+04
     317   -0.13483664E+04
     318   -0.13567983E+04
     319   -0.13652387E+04
     320   -0.13737043E+04
     321   -0.13822035E+04
     322   -0.13907678E+04
     323   -0.13991957E+04
     324   -0.14076719E+04
     325   -0.14163038E+04
     326   -0.14248863E+04
     327   -0.14335281E+04
     328   -0.14422396E+04
     329   -0.14508950E+04
     330   -0.14595814E+04
     331   -0.14682785E+04
     332   -0.14770992E+04
     333   -0.14858481E+04
     334   -0.14946406E+04
     335   -0.15033630E+04
     336   -0.15122110E+04
     337   -0.15210949E+04
     338   -0.15300732E+04
     339   -0.15390374E+04
     340   -0.15479375E+04
     341   -0.15569268E+04
     342   -0.15660259E+04
     343   -0.15750013E+04
     344   -0.15839959E+04
     345   -0.15930098E+04
     346   -0.16020980E+04
     347   -0.16112351E+04
     348   -0.16202685E+04
     349   -0.16294418E+04
     350   -0.16385782E+04
     351   -0.16476753E+04
     352   -0.16567834E+04
     353   -0.16661633E+04
     354   -0.16753819E+04
     355   -0.16845520E+04
     356   -0.16938829E+04
     357   -0.17033158E+04
     358   -0.17126454E+04
     359   -0.17220486E+04
     360   -0.17314077E+04
     361   -0.17407515E+04
     362   -0.17503051E+04
     363   -0.17598845E+04
     364   -0.17692420E+04
     365   -0.17786784E+04
     366   -0.17879821E+04
     367   -0.17974170E+04
     368   -0.18069508E+04
     369   -0.18163926E+04
     370   -0.18258389E+04
     371   -0.18352426E+04
     372   -0.18448463E+04
     373   -0.18544188E+04
     374   -0.18641303E+04
     375   -0.18737242E+04
     376   -0.18835407E+04
     377   -0.18930329E+04
     378   -0.19025881E+04
     379   -0.19123408E+04
     380   -0.19219223E+04
     381   -0.19316046E+04
     382   -0.19413779E+04
     383   -0.19512763E+04
     384   -0.19611117E+04
     385   -0.19708274E+04
     386   -0.19804710E+04
     387   -0.19902132E+04
     388   -0.20000750E+04
     389   -0.20101786E+04
     390   -0.20200149E+04
     391   -0.20295310E+04
     392   -0.20389023E+04
     393   -0.20488945E+04
     394   -0.20585146E+04
     395   -0.20684168E+04
     396   -0.20785207E+04
     397   -0.20887467E+04
     398   -0.20985652E+04
     399   -0.21086020E+04
     400   -0.21183714E+04
