       0   -0.13187875E-08
       1   -0.60574132E-03
       2   -0.30967525E-01
       3   -0.91086456E-01
       4   -0.18083297E+00
       5   -0.30031936E+00
       6   -0.44954230E+00
       7   -0.62855134E+00
       8   -0.83652666E+00
       9   -0.10743059E+01
      10   -0.13410754E+01
      11   -0.16367685E+01
      12   -0.19624905E+01
      13   -0.23182968E+01
      14   -0.27030740E+01
      15   -0.31185503E+01
      16   -0.35621267E+01
      17   -0.40335438E+01
      18   -0.45344548E+01
      19   -0.50644626E+01
      20   -0.56246638E+01
      21   -0.62143809E+01
      22   -0.68330372E+01
      23   -0.74799713E+01
      24   -0.81561883E+01
      25   -0.88613854E+01
      26   -0.95965160E+01
      27   -0.10358526E+02
      28   -0.11148715E+02
      29   -0.11970111E+02
      30   -0.12817402E+02
      31   -0.13694138E+02
      32   -0.14602296E+02
      33   -0.15535271E+02
      34   -0.16497239E+02
      35   -0.17488318E+02
      36   -0.18508296E+02
      37   -0.19556019E+02
      38   -0.20632680E+02
      39   -0.21735616E+02
      40   -0.22872261E+02
      41   -0.24029059E+02
      42   -0.25223344E+02
      43   -0.26443471E+02
      44   -0.27685277E+02
      45   -0.28954084E+02
      46   -0.30253012E+02
      47   -0.31574549E+02
      48   -0.32928823E+02
      49   -0.34306415E+02
      50   -0.35717396E+02
      51   -0.37148570E+02
      52   -0.38611541E+02
      53   -0.40109847E+02
      54   -0.41624522E+02
      55   -0.43163114E+02
      56   -0.44734509E+02
      57   -0.46339380E+02
      58   -0.47967713E+02
      59   -0.49624082E+02
      60   -0.51303687E+02
      61   -0.53008034E+02
      62   -0.54736542E+02
      63   -0.56500827E+02
      64   -0.58288766E+02
      65   -0.60111741E+02
      66   -0.61956465E+02
      67   -0.63824397E+02
      68   -0.65714632E+02
      69   -0.67641571E+02
      70   -0.69586100E+02
      71   -0.71558234E+02
      72   -0.73550995E+02
      73   -0.75572842E+02
      74   -0.77618901E+02
      75   -0.79696725E+02
      76   -0.81786961E+02
      77   -0.83918577E+02
      78   -0.86074952E+02
      79   -0.88271408E+02
      80   -0.90484482E+02
      81   -0.92713513E+02
      82   -0.94968186E+02
      83   -0.97251093E+02
      84   -0.99557946E+02
      85   -0.10188596E+03
      86   -0.10423014E+03
      87   -0.10660958E+03
      88   -0.10900540E+03
      89   -0.11145308E+03
      90   -0.11391987E+03
      91   -0.11639714E+03
      92   -0.11887773E+03
      93   -0.12140895E+03
      94   -0.12397371E+03
      95   -0.12656748E+03
      96   -0.12916869E+03
      97   -0.13180688E+03
      98   -0.13448447E+03
      99   -0.13716144E+03
     100   -0.13986778E+03
     101   -0.14260043E+03
     102   -0.14535760E+03
     103   -0.14815409E+03
     104   -0.15096276E+03
     105   -0.15377726E+03
     106   -0.15663816E+03
     107   -0.15952076E+03
     108   -0.16242185E+03
     109   -0.16533575E+03
     110   -0.16829127E+03
     111   -0.17125024E+03
     112   -0.17425923E+03
     113   -0.17728413E+03
     114   -0.18033492E+03
     115   -0.18339981E+03
     116   -0.18649314E+03
     117   -0.18959948E+03
     118   -0.19272503E+03
     119   -0.19587212E+03
     120   -0.19906416E+03
     121   -0.20226581E+03
     122   -0.20550211E+03
     123   -0.20874658E+03
     124   -0.21203190E+03
     125   -0.21533423E+03
     126   -0.21865225E+03
     127   -0.22200315E+03
     128   -0.22535890E+03
     129   -0.22875755E+03
     130   -0.23218803E+03
     131   -0.23563548E+03
     132   -0.23910048E+03
     133   -0.24258684E+03
     134   -0.24608717E+03
     135   -0.24964252E+03
     136   -0.25321916E+03
     137   -0.25682368E+03
     138   -0.26041487E+03
     139   -0.26406365E+03
     140   -0.26772098E+03
     141   -0.27142441E+03
     142   -0.27512450E+03
     143   -0.27883489E+03
     144   -0.28258030E+03
     145   -0.28632130E+03
     146   -0.29012598E+03
     147   -0.29393455E+03
     148   -0.29780234E+03
     149   -0.30164385E+03
     150   -0.30550882E+03
     151   -0.30943001E+03
     152   -0.31336242E+03
     153   -0.31732985E+03
     154   -0.32130881E+03
     155   -0.32531043E+03
     156   -0.32932832E+03
     157   -0.33335946E+03
     158   -0.33743217E+03
     159   -0.34151213E+03
     160   -0.34563515E+03
     161   -0.34976360E+03
     162   -0.35390578E+03
     163   -0.35806949E+03
     164   -0.36228163E+03
     165   -0.36653334E+03
     166   -0.37081253E+03
     167   -0.37508045E+03
     168   -0.37936647E+03
     169   -0.38368337E+03
     170   -0.38802078E+03
     171   -0.39239247E+03
     172   -0.39679555E+03
     173   -0.40124473E+03
     174   -0.40570801E+03
     175   -0.41018341E+03
     176   -0.41466237E+03
     177   -0.41919084E+03
     178   -0.42371405E+03
     179   -0.42827704E+03
     180   -0.43285208E+03
     181   -0.43750878E+03
     182   -0.44215683E+03
     183   -0.44684431E+03
     184   -0.45151423E+03
     185   -0.45622401E+03
     186   -0.46097891E+03
     187   -0.46571875E+03
     188   -0.47053423E+03
     189   -0.47533823E+03
     190   -0.48014733E+03
     191   -0.48500361E+03
     192   -0.48984405E+03
     193   -0.49474951E+03
     194   -0.49964688E+03
     195   -0.50464073E+03
     196   -0.50959042E+03
     197   -0.51458589E+03
     198   -0.51960803E+03
     199   -0.52466399E+03
     200   -0.52973639E+03
     201   -0.53479915E+03
     202   -0.53992940E+03
     203   -0.54504723E+03
     204   -0.55022365E+03
     205   -0.55541955E+03
     206   -0.56060340E+03
     207   -0.56585049E+03
     208   -0.57113796E+03
     209   -0.57645132E+03
     210   -0.58177840E+03
     211   -0.58713645E+03
     212   -0.59246258E+03
     213   -0.59787244E+03
     214   -0.60328800E+03
     215   -0.60879687E+03
     216   -0.61426371E+03
     217   -0.61978722E+03
     218   -0.62531891E+03
     219   -0.63087635E+03
     220   -0.63645720E+03
     221   -0.64206552E+03
     222   -0.64774444E+03
     223   -0.65338394E+03
     224   -0.65908100E+03
     225   -0.66480666E+03
     226   -0.67050326E+03
     227   -0.67623665E+03
     228   -0.68197197E+03
     229   -0.68774924E+03
     230   -0.69356745E+03
     231   -0.69941590E+03
     232   -0.70529528E+03
     233   -0.71124238E+03
     234   -0.71713649E+03
     235   -0.72310521E+03
     236   -0.72906575E+03
     237   -0.73509214E+03
     238   -0.74112863E+03
     239   -0.74719861E+03
     240   -0.75328322E+03
     241   -0.75939103E+03
     242   -0.76554425E+03
     243   -0.77170403E+03
     244   -0.77785270E+03
     245   -0.78402271E+03
     246   -0.79024963E+03
     247   -0.79655504E+03
     248   -0.80281909E+03
     249   -0.80922263E+03
     250   -0.81553492E+03
     251   -0.82189404E+03
     252   -0.82829752E+03
     253   -0.83469996E+03
     254   -0.84112360E+03
     255   -0.84758935E+03
     256   -0.85411701E+03
     257   -0.86065357E+03
     258   -0.86722463E+03
     259   -0.87381446E+03
     260   -0.88046451E+03
     261   -0.88711461E+03
     262   -0.89377463E+03
     263   -0.90047428E+03
     264   -0.90724571E+03
     265   -0.91406687E+03
     266   -0.92084996E+03
     267   -0.92761936E+03
     268   -0.93449406E+03
     269   -0.94136649E+03
     270   -0.94829843E+03
     271   -0.95519340E+03
     272   -0.96211230E+03
     273   -0.96913393E+03
     274   -0.97603815E+03
     275   -0.98305588E+03
     276   -0.99001088E+03
     277   -0.99707304E+03
     278   -0.10041519E+04
     279   -0.10111757E+04
     280   -0.10183172E+04
     281   -0.10254792E+04
     282   -0.10327162E+04
     283   -0.10399901E+04
     284   -0.10473061E+04
     285   -0.10545297E+04
     286   -0.10619026E+04
     287   -0.10692070E+04
     288   -0.10766880E+04
     289   -0.10841523E+04
     290   -0.10914308E+04
     291   -0.10988306E+04
     292   -0.11063138E+04
     293   -0.11138063E+04
     294   -0.11213491E+04
     295   -0.11289223E+04
     296   -0.11365274E+04
     297   -0.11440795E+04
     298   -0.11516186E+04
     299   -0.11592731E+04
     300   -0.11668647E+04
     301   -0.11745230E+04
     302   -0.11822117E+04
     303   -0.11899471E+04
     304   -0.11976121E+04
     305   -0.12054125E+04
     306   -0.12131739E+04
     307   -0.12210313E+04
     308   -0.12288428E+04
     309   -0.12366283E+04
     310   -0.12445964E+04
     311   -0.12523845E+04
     312   -0.12604340E+04
     313   -0.12682180E+04
     314   -0.12761903E+04
     315   -0.12841773E+04
     316   -0.12921430E+04
     317   -0.13000784E+04
     318   -0.13082306E+04
     319   -0.13162175E+04
     320   -0.13243466E+04
     321   -0.13324520E+04
     322   -0.13405544E+04
     323   -0.13487520E+04
     324   -0.13569973E+04
     325   -0.13652282E+04
     326   -0.13734193E+04
     327   -0.13817703E+04
     328   -0.13901403E+04
     329   -0.13982481E+04
     330   -0.14064602E+04
     331   -0.14149318E+04
     332   -0.14233223E+04
     333   -0.14316062E+04
     334   -0.14402161E+04
     335   -0.14486365E+04
     336   -0.14570281E+04
     337   -0.14654597E+04
     338   -0.14740716E+04
     339   -0.14826661E+04
     340   -0.14912950E+04
     341   -0.14997842E+04
     342   -0.15082615E+04
     343   -0.15167270E+04
     344   -0.15254323E+04
     345   -0.15341635E+04
     346   -0.15428202E+04
     347   -0.15514668E+04
     348   -0.15600075E+04
     349   -0.15685647E+04
     350   -0.15770943E+04
     351   -0.15857026E+04
     352   -0.15945293E+04
     353   -0.16032984E+04
     354   -0.16119186E+04
     355   -0.16206941E+04
     356   -0.16296664E+04
     357   -0.16384607E+04
     358   -0.16474108E+04
     359   -0.16565952E+04
     360   -0.16655178E+04
     361   -0.16742495E+04
     362   -0.16830529E+04
     363   -0.16920164E+04
     364   -0.17008019E+04
     365   -0.17095963E+04
     366   -0.17184898E+04
     367   -0.17273107E+04
     368   -0.17360825E+04
     369   -0.17452142E+04
     370   -0.17540782E+04
