       0   -0.67960397E-10
       1   -0.60574007E-03
       2   -0.37845973E-01
       3   -0.11181593E+00
       4   -0.22263790E+00
       5   -0.37043614E+00
       6   -0.55544338E+00
       7   -0.77768917E+00
       8   -0.10366270E+01
       9   -0.13335304E+01
      10   -0.16672477E+01
      11   -0.20400049E+01
      12   -0.24491072E+01
      13   -0.28961638E+01
      14   -0.33818900E+01
      15   -0.39062231E+01
      16   -0.44679552E+01
      17   -0.50682024E+01
      18   -0.57072941E+01
      19   -0.63850527E+01
      20   -0.71022101E+01
      21   -0.78593276E+01
      22   -0.86548348E+01
      23   -0.94908282E+01
      24   -0.10366915E+02
      25   -0.11282574E+02
      26   -0.12236698E+02
      27   -0.13231432E+02
      28   -0.14265771E+02
      29   -0.15344009E+02
      30   -0.16464696E+02
      31   -0.17622938E+02
      32   -0.18823076E+02
      33   -0.20062632E+02
      34   -0.21346194E+02
      35   -0.22668780E+02
      36   -0.24032940E+02
      37   -0.25440996E+02
      38   -0.26897797E+02
      39   -0.28396426E+02
      40   -0.29940166E+02
      41   -0.31527066E+02
      42   -0.33160576E+02
      43   -0.34832272E+02
      44   -0.36548973E+02
      45   -0.38311543E+02
      46   -0.40116415E+02
      47   -0.41964005E+02
      48   -0.43860336E+02
      49   -0.45794891E+02
      50   -0.47782839E+02
      51   -0.49816560E+02
      52   -0.51895653E+02
      53   -0.54022669E+02
      54   -0.56193081E+02
      55   -0.58411037E+02
      56   -0.60664249E+02
      57   -0.62987578E+02
      58   -0.65362173E+02
      59   -0.67763722E+02
      60   -0.70220677E+02
      61   -0.72711907E+02
      62   -0.75236931E+02
      63   -0.77807183E+02
      64   -0.80423620E+02
      65   -0.83079006E+02
      66   -0.85796816E+02
      67   -0.88542757E+02
      68   -0.91328093E+02
      69   -0.94166321E+02
      70   -0.97035842E+02
      71   -0.99935560E+02
      72   -0.10289507E+03
      73   -0.10588480E+03
      74   -0.10889930E+03
      75   -0.11197306E+03
      76   -0.11506888E+03
      77   -0.11820882E+03
      78   -0.12138844E+03
      79   -0.12459906E+03
      80   -0.12781688E+03
      81   -0.13106706E+03
      82   -0.13436694E+03
      83   -0.13771788E+03
      84   -0.14110180E+03
      85   -0.14450683E+03
      86   -0.14794911E+03
      87   -0.15141204E+03
      88   -0.15491280E+03
      89   -0.15844630E+03
      90   -0.16200862E+03
      91   -0.16560816E+03
      92   -0.16921159E+03
      93   -0.17283385E+03
      94   -0.17647929E+03
      95   -0.18015849E+03
      96   -0.18387054E+03
      97   -0.18760085E+03
      98   -0.19134908E+03
      99   -0.19509635E+03
     100   -0.19886920E+03
     101   -0.20267851E+03
     102   -0.20651702E+03
     103   -0.21037226E+03
     104   -0.21421156E+03
     105   -0.21807115E+03
     106   -0.22196374E+03
     107   -0.22587562E+03
     108   -0.22982123E+03
     109   -0.23375503E+03
     110   -0.23775850E+03
     111   -0.24177718E+03
     112   -0.24576968E+03
     113   -0.24980607E+03
     114   -0.25385063E+03
     115   -0.25789375E+03
     116   -0.26194009E+03
     117   -0.26600841E+03
     118   -0.27011522E+03
     119   -0.27422880E+03
     120   -0.27835458E+03
     121   -0.28253755E+03
     122   -0.28670513E+03
     123   -0.29087334E+03
     124   -0.29506381E+03
     125   -0.29929577E+03
     126   -0.30354724E+03
     127   -0.30778377E+03
     128   -0.31204307E+03
     129   -0.31637509E+03
     130   -0.32066201E+03
     131   -0.32493961E+03
     132   -0.32925895E+03
     133   -0.33360283E+03
     134   -0.33795392E+03
     135   -0.34232155E+03
     136   -0.34669957E+03
     137   -0.35109690E+03
     138   -0.35557065E+03
     139   -0.35998363E+03
     140   -0.36442903E+03
     141   -0.36893075E+03
     142   -0.37340009E+03
     143   -0.37787674E+03
     144   -0.38237711E+03
     145   -0.38692076E+03
     146   -0.39145834E+03
     147   -0.39596209E+03
     148   -0.40053037E+03
     149   -0.40515946E+03
     150   -0.40973811E+03
     151   -0.41434707E+03
     152   -0.41888608E+03
     153   -0.42351511E+03
     154   -0.42817135E+03
     155   -0.43280754E+03
     156   -0.43742551E+03
     157   -0.44203505E+03
     158   -0.44671461E+03
     159   -0.45141749E+03
     160   -0.45606727E+03
     161   -0.46071404E+03
     162   -0.46536381E+03
     163   -0.47012867E+03
     164   -0.47482695E+03
     165   -0.47955053E+03
     166   -0.48429851E+03
     167   -0.48904729E+03
     168   -0.49388306E+03
     169   -0.49869376E+03
     170   -0.50346735E+03
     171   -0.50825253E+03
     172   -0.51307828E+03
     173   -0.51784067E+03
     174   -0.52269647E+03
     175   -0.52749008E+03
     176   -0.53228213E+03
     177   -0.53715698E+03
     178   -0.54196454E+03
     179   -0.54679504E+03
     180   -0.55157004E+03
     181   -0.55645004E+03
     182   -0.56132135E+03
     183   -0.56619681E+03
     184   -0.57103406E+03
     185   -0.57593596E+03
     186   -0.58085777E+03
     187   -0.58578207E+03
     188   -0.59066601E+03
     189   -0.59552093E+03
     190   -0.60038816E+03
     191   -0.60528622E+03
     192   -0.61024211E+03
     193   -0.61517182E+03
     194   -0.62008593E+03
     195   -0.62506385E+03
     196   -0.63005548E+03
     197   -0.63507395E+03
     198   -0.64004831E+03
     199   -0.64508928E+03
     200   -0.65015883E+03
     201   -0.65516781E+03
     202   -0.66018032E+03
     203   -0.66523676E+03
     204   -0.67033413E+03
     205   -0.67534945E+03
     206   -0.68047201E+03
     207   -0.68549848E+03
     208   -0.69059383E+03
     209   -0.69573043E+03
     210   -0.70085939E+03
     211   -0.70601043E+03
     212   -0.71117572E+03
     213   -0.71632654E+03
     214   -0.72151736E+03
     215   -0.72670310E+03
     216   -0.73194546E+03
     217   -0.73714286E+03
     218   -0.74232165E+03
     219   -0.74754061E+03
     220   -0.75279437E+03
     221   -0.75805010E+03
     222   -0.76336343E+03
     223   -0.76863821E+03
     224   -0.77393619E+03
     225   -0.77931246E+03
     226   -0.78471000E+03
     227   -0.79007027E+03
     228   -0.79549274E+03
     229   -0.80086365E+03
     230   -0.80625619E+03
     231   -0.81163206E+03
     232   -0.81706774E+03
     233   -0.82252665E+03
     234   -0.82797825E+03
     235   -0.83350307E+03
     236   -0.83905559E+03
     237   -0.84460206E+03
     238   -0.85008377E+03
     239   -0.85564551E+03
     240   -0.86124445E+03
     241   -0.86680637E+03
     242   -0.87242935E+03
     243   -0.87807394E+03
     244   -0.88371316E+03
     245   -0.88941703E+03
     246   -0.89513520E+03
     247   -0.90078935E+03
     248   -0.90641952E+03
     249   -0.91220114E+03
     250   -0.91788685E+03
     251   -0.92357024E+03
     252   -0.92935526E+03
     253   -0.93516832E+03
     254   -0.94102546E+03
     255   -0.94686181E+03
     256   -0.95283297E+03
     257   -0.95872125E+03
     258   -0.96477271E+03
     259   -0.97085847E+03
     260   -0.97690578E+03
     261   -0.98303118E+03
     262   -0.98906557E+03
     263   -0.99518810E+03
     264   -0.10013739E+04
     265   -0.10075661E+04
     266   -0.10137910E+04
     267   -0.10199433E+04
     268   -0.10262626E+04
     269   -0.10325078E+04
     270   -0.10388984E+04
     271   -0.10453042E+04
     272   -0.10516369E+04
     273   -0.10581394E+04
     274   -0.10646170E+04
     275   -0.10711914E+04
     276   -0.10777868E+04
     277   -0.10843531E+04
     278   -0.10910683E+04
     279   -0.10978162E+04
     280   -0.11046437E+04
     281   -0.11115066E+04
     282   -0.11183904E+04
     283   -0.11253091E+04
     284   -0.11323486E+04
     285   -0.11393369E+04
     286   -0.11464023E+04
     287   -0.11535092E+04
     288   -0.11605819E+04
     289   -0.11676595E+04
     290   -0.11748154E+04
     291   -0.11820795E+04
     292   -0.11894542E+04
     293   -0.11968562E+04
     294   -0.12043740E+04
     295   -0.12118206E+04
     296   -0.12193515E+04
     297   -0.12268847E+04
     298   -0.12344753E+04
     299   -0.12420667E+04
     300   -0.12497382E+04
     301   -0.12575525E+04
     302   -0.12653405E+04
     303   -0.12731366E+04
     304   -0.12810120E+04
     305   -0.12889522E+04
     306   -0.12968682E+04
     307   -0.13048265E+04
     308   -0.13128298E+04
     309   -0.13207832E+04
     310   -0.13288509E+04
     311   -0.13370000E+04
     312   -0.13451752E+04
     313   -0.13533273E+04
     314   -0.13615939E+04
     315   -0.13699269E+04
     316   -0.13783280E+04
     317   -0.13867713E+04
     318   -0.13952926E+04
     319   -0.14038147E+04
     320   -0.14123580E+04
     321   -0.14209048E+04
     322   -0.14294458E+04
     323   -0.14380872E+04
     324   -0.14467633E+04
     325   -0.14554430E+04
     326   -0.14641647E+04
     327   -0.14729767E+04
     328   -0.14816296E+04
     329   -0.14904419E+04
     330   -0.14994274E+04
     331   -0.15082907E+04
     332   -0.15172149E+04
     333   -0.15262201E+04
     334   -0.15353889E+04
     335   -0.15443592E+04
     336   -0.15534369E+04
     337   -0.15625522E+04
     338   -0.15716682E+04
     339   -0.15806568E+04
     340   -0.15898209E+04
     341   -0.15989626E+04
     342   -0.16082198E+04
     343   -0.16174258E+04
     344   -0.16266619E+04
     345   -0.16359938E+04
     346   -0.16453892E+04
     347   -0.16547557E+04
     348   -0.16642045E+04
     349   -0.16736193E+04
     350   -0.16830715E+04
     351   -0.16925047E+04
     352   -0.17020236E+04
     353   -0.17116914E+04
     354   -0.17210909E+04
     355   -0.17306586E+04
     356   -0.17402506E+04
     357   -0.17498209E+04
     358   -0.17596150E+04
     359   -0.17693262E+04
     360   -0.17790067E+04
     361   -0.17888377E+04
     362   -0.17986529E+04
     363   -0.18085585E+04
     364   -0.18181744E+04
     365   -0.18279896E+04
     366   -0.18379001E+04
     367   -0.18479906E+04
     368   -0.18577540E+04
     369   -0.18675773E+04
     370   -0.18774015E+04
     371   -0.18872758E+04
     372   -0.18973640E+04
     373   -0.19075530E+04
     374   -0.19176806E+04
     375   -0.19277800E+04
     376   -0.19376847E+04
     377   -0.19477089E+04
     378   -0.19577166E+04
     379   -0.19677636E+04
     380   -0.19781254E+04
     381   -0.19884450E+04
     382   -0.19986231E+04
     383   -0.20087007E+04
     384   -0.20190514E+04
     385   -0.20293410E+04
     386   -0.20397131E+04
     387   -0.20501163E+04
     388   -0.20598955E+04
     389   -0.20700577E+04
     390   -0.20805216E+04
     391   -0.20909164E+04
     392   -0.21012573E+04
     393   -0.21114355E+04
     394   -0.21215910E+04
     395   -0.21319084E+04
     396   -0.21422064E+04
     397   -0.21531845E+04
     398   -0.21632258E+04
     399   -0.21738563E+04
     400   -0.21840666E+04
     401   -0.21946385E+04
     402   -0.22053795E+04
     403   -0.22155055E+04
     404   -0.22262158E+04
     405   -0.22367366E+04
     406   -0.22472385E+04
     407   -0.22577955E+04
     408   -0.22685120E+04
     409   -0.22787979E+04
     410   -0.22889824E+04
     411   -0.22990094E+04
     412   -0.23094155E+04
     413   -0.23203146E+04
     414   -0.23310429E+04
     415   -0.23418105E+04
     416   -0.23524302E+04
     417   -0.23633301E+04
     418   -0.23736115E+04
     419   -0.23839381E+04
     420   -0.23943056E+04
     421   -0.24047554E+04
     422   -0.24153391E+04
     423   -0.24259020E+04
     424   -0.24358646E+04
     425   -0.24465665E+04
     426   -0.24572951E+04
     427   -0.24674914E+04
     428   -0.24779825E+04
     429   -0.24887274E+04
     430   -0.24990873E+04
     431   -0.25092103E+04
     432   -0.25192353E+04
     433   -0.25302459E+04
     434   -0.25399921E+04
     435   -0.25512100E+04
     436   -0.25622963E+04
     437   -0.25722400E+04
     438   -0.25825975E+04
     439   -0.25931904E+04
     440   -0.26030802E+04
     441   -0.26136672E+04
     442   -0.26244432E+04
     443   -0.26359413E+04
     444   -0.26471663E+04
     445   -0.26562800E+04
     446   -0.26666299E+04
     447   -0.26770408E+04
     448   -0.26875463E+04
     449   -0.26966228E+04
     450   -0.27080117E+04
     451   -0.27173506E+04
     452   -0.27271162E+04
     453   -0.27365979E+04
     454   -0.27466234E+04
     455   -0.27586269E+04
     456   -0.27698897E+04
     457   -0.27787226E+04
     458   -0.27893313E+04
     459   -0.27996193E+04
     460   -0.28097863E+04
     461   -0.28211322E+04
     462   -0.28311451E+04
     463   -0.28406483E+04
     464   -0.28499444E+04
     465   -0.28591260E+04
