       0   -0.70545939E-10
       1   -0.60574007E-03
       2   -0.42334907E-01
       3   -0.12539167E+00
       4   -0.25002099E+00
       5   -0.41721247E+00
       6   -0.62680260E+00
       7   -0.87895176E+00
       8   -0.11740984E+01
       9   -0.15144321E+01
      10   -0.18986846E+01
      11   -0.23283522E+01
      12   -0.28034445E+01
      13   -0.33243467E+01
      14   -0.38934859E+01
      15   -0.45100307E+01
      16   -0.51762321E+01
      17   -0.58927220E+01
      18   -0.66569250E+01
      19   -0.74725400E+01
      20   -0.83422993E+01
      21   -0.92713604E+01
      22   -0.10251867E+02
      23   -0.11290402E+02
      24   -0.12387596E+02
      25   -0.13543179E+02
      26   -0.14766431E+02
      27   -0.16052164E+02
      28   -0.17408161E+02
      29   -0.18828791E+02
      30   -0.20326014E+02
      31   -0.21905076E+02
      32   -0.23558813E+02
      33   -0.25302837E+02
      34   -0.27123724E+02
      35   -0.29039650E+02
      36   -0.31034628E+02
      37   -0.33133928E+02
      38   -0.35329490E+02
      39   -0.37630436E+02
      40   -0.40036326E+02
      41   -0.42536483E+02
      42   -0.45142741E+02
      43   -0.47857031E+02
      44   -0.50667769E+02
      45   -0.53563438E+02
      46   -0.56566234E+02
      47   -0.59659275E+02
      48   -0.62841804E+02
      49   -0.66117560E+02
      50   -0.69469528E+02
      51   -0.72870786E+02
      52   -0.76321751E+02
      53   -0.79858199E+02
      54   -0.83435975E+02
      55   -0.87029653E+02
      56   -0.90677377E+02
      57   -0.94351889E+02
      58   -0.98058751E+02
      59   -0.10180050E+03
      60   -0.10556482E+03
      61   -0.10935372E+03
      62   -0.11315521E+03
      63   -0.11695802E+03
      64   -0.12080989E+03
      65   -0.12468462E+03
      66   -0.12856615E+03
      67   -0.13245865E+03
      68   -0.13637579E+03
      69   -0.14029445E+03
      70   -0.14424720E+03
      71   -0.14821434E+03
      72   -0.15218092E+03
      73   -0.15620585E+03
      74   -0.16019834E+03
      75   -0.16419385E+03
      76   -0.16824166E+03
      77   -0.17233386E+03
      78   -0.17642581E+03
      79   -0.18053279E+03
      80   -0.18466394E+03
      81   -0.18880703E+03
      82   -0.19296208E+03
      83   -0.19711797E+03
      84   -0.20132196E+03
      85   -0.20552099E+03
      86   -0.20972020E+03
      87   -0.21395619E+03
      88   -0.21823092E+03
      89   -0.22254048E+03
      90   -0.22680266E+03
      91   -0.23108743E+03
      92   -0.23534252E+03
      93   -0.23964971E+03
      94   -0.24392519E+03
      95   -0.24827576E+03
      96   -0.25261960E+03
      97   -0.25697417E+03
      98   -0.26132571E+03
      99   -0.26567447E+03
     100   -0.27004025E+03
     101   -0.27440399E+03
     102   -0.27877531E+03
     103   -0.28316728E+03
     104   -0.28757059E+03
     105   -0.29197539E+03
     106   -0.29636929E+03
     107   -0.30082076E+03
     108   -0.30525319E+03
     109   -0.30970464E+03
     110   -0.31414683E+03
     111   -0.31857886E+03
     112   -0.32298892E+03
     113   -0.32741726E+03
     114   -0.33185964E+03
     115   -0.33630277E+03
     116   -0.34076171E+03
     117   -0.34525679E+03
     118   -0.34975934E+03
     119   -0.35423145E+03
     120   -0.35876365E+03
     121   -0.36329946E+03
     122   -0.36786239E+03
     123   -0.37242315E+03
     124   -0.37705055E+03
     125   -0.38163964E+03
     126   -0.38629403E+03
     127   -0.39097731E+03
     128   -0.39561579E+03
     129   -0.40031115E+03
     130   -0.40506304E+03
     131   -0.40982919E+03
     132   -0.41460238E+03
     133   -0.41939243E+03
     134   -0.42418824E+03
     135   -0.42911260E+03
     136   -0.43400484E+03
     137   -0.43894572E+03
     138   -0.44393103E+03
     139   -0.44896544E+03
     140   -0.45402871E+03
     141   -0.45914820E+03
     142   -0.46427645E+03
     143   -0.46946502E+03
     144   -0.47463151E+03
     145   -0.47991941E+03
     146   -0.48522289E+03
     147   -0.49057394E+03
     148   -0.49598592E+03
     149   -0.50142182E+03
     150   -0.50687911E+03
     151   -0.51233384E+03
     152   -0.51784601E+03
     153   -0.52338466E+03
     154   -0.52888095E+03
     155   -0.53448476E+03
     156   -0.54007127E+03
     157   -0.54565899E+03
     158   -0.55129351E+03
     159   -0.55684422E+03
     160   -0.56246059E+03
     161   -0.56805940E+03
     162   -0.57370830E+03
     163   -0.57929572E+03
     164   -0.58496876E+03
     165   -0.59061656E+03
     166   -0.59618655E+03
     167   -0.60182408E+03
     168   -0.60745436E+03
     169   -0.61312525E+03
     170   -0.61871980E+03
     171   -0.62431445E+03
     172   -0.62992214E+03
     173   -0.63540672E+03
     174   -0.64092384E+03
     175   -0.64644233E+03
     176   -0.65197474E+03
     177   -0.65759898E+03
     178   -0.66319298E+03
     179   -0.66868039E+03
     180   -0.67423046E+03
     181   -0.67978647E+03
     182   -0.68531995E+03
     183   -0.69084531E+03
     184   -0.69639804E+03
     185   -0.70185374E+03
     186   -0.70732209E+03
     187   -0.71278645E+03
     188   -0.71832434E+03
     189   -0.72378888E+03
     190   -0.72935561E+03
     191   -0.73478800E+03
     192   -0.74018504E+03
     193   -0.74557725E+03
     194   -0.75103292E+03
     195   -0.75647122E+03
     196   -0.76190243E+03
     197   -0.76725057E+03
     198   -0.77258568E+03
     199   -0.77786906E+03
     200   -0.78316830E+03
     201   -0.78846870E+03
     202   -0.79381962E+03
     203   -0.79920990E+03
     204   -0.80443232E+03
     205   -0.80969155E+03
     206   -0.81484048E+03
     207   -0.82001913E+03
     208   -0.82512151E+03
     209   -0.83020479E+03
     210   -0.83528990E+03
     211   -0.84038943E+03
     212   -0.84539805E+03
     213   -0.85037035E+03
     214   -0.85540103E+03
     215   -0.86027286E+03
     216   -0.86515790E+03
     217   -0.87001600E+03
     218   -0.87473850E+03
     219   -0.87956784E+03
     220   -0.88429649E+03
     221   -0.88902506E+03
     222   -0.89376376E+03
     223   -0.89849183E+03
     224   -0.90325145E+03
     225   -0.90796339E+03
     226   -0.91270771E+03
     227   -0.91752983E+03
     228   -0.92227499E+03
     229   -0.92713829E+03
     230   -0.93203368E+03
     231   -0.93688236E+03
     232   -0.94194485E+03
     233   -0.94685960E+03
     234   -0.95202081E+03
     235   -0.95708826E+03
     236   -0.96231409E+03
     237   -0.96744145E+03
     238   -0.97263295E+03
     239   -0.97792960E+03
     240   -0.98322742E+03
     241   -0.98856911E+03
     242   -0.99393603E+03
     243   -0.99937113E+03
     244   -0.10048700E+04
     245   -0.10104340E+04
     246   -0.10160421E+04
     247   -0.10217184E+04
     248   -0.10274380E+04
     249   -0.10330755E+04
     250   -0.10387369E+04
     251   -0.10444833E+04
     252   -0.10501203E+04
     253   -0.10559512E+04
     254   -0.10617853E+04
     255   -0.10676614E+04
     256   -0.10734474E+04
     257   -0.10792623E+04
     258   -0.10852086E+04
     259   -0.10910454E+04
     260   -0.10969160E+04
     261   -0.11028135E+04
     262   -0.11087147E+04
     263   -0.11146191E+04
     264   -0.11205173E+04
     265   -0.11264777E+04
     266   -0.11324602E+04
     267   -0.11383971E+04
     268   -0.11443765E+04
     269   -0.11502364E+04
     270   -0.11562218E+04
     271   -0.11621922E+04
     272   -0.11680874E+04
     273   -0.11740249E+04
     274   -0.11799243E+04
     275   -0.11857982E+04
     276   -0.11918205E+04
     277   -0.11977442E+04
     278   -0.12037241E+04
     279   -0.12096893E+04
     280   -0.12156644E+04
     281   -0.12216442E+04
     282   -0.12276487E+04
     283   -0.12335564E+04
     284   -0.12394603E+04
     285   -0.12453757E+04
     286   -0.12514104E+04
     287   -0.12575272E+04
     288   -0.12634683E+04
     289   -0.12692698E+04
     290   -0.12752595E+04
     291   -0.12812676E+04
     292   -0.12871534E+04
     293   -0.12931720E+04
     294   -0.12992015E+04
     295   -0.13052352E+04
     296   -0.13112274E+04
     297   -0.13172736E+04
     298   -0.13232225E+04
     299   -0.13292678E+04
     300   -0.13351641E+04
     301   -0.13411767E+04
     302   -0.13471706E+04
     303   -0.13532655E+04
     304   -0.13593663E+04
     305   -0.13653399E+04
     306   -0.13715358E+04
     307   -0.13777357E+04
     308   -0.13838182E+04
     309   -0.13900058E+04
     310   -0.13962837E+04
     311   -0.14024603E+04
     312   -0.14087086E+04
     313   -0.14151143E+04
     314   -0.14216432E+04
     315   -0.14282373E+04
     316   -0.14348234E+04
     317   -0.14415939E+04
     318   -0.14484222E+04
     319   -0.14555362E+04
     320   -0.14627624E+04
     321   -0.14699613E+04
     322   -0.14773127E+04
     323   -0.14848947E+04
     324   -0.14923949E+04
     325   -0.15001198E+04
     326   -0.15079315E+04
     327   -0.15158713E+04
     328   -0.15239443E+04
     329   -0.15320945E+04
     330   -0.15403156E+04
     331   -0.15486459E+04
     332   -0.15569680E+04
     333   -0.15655058E+04
     334   -0.15741029E+04
     335   -0.15828245E+04
     336   -0.15916046E+04
     337   -0.16004073E+04
     338   -0.16093929E+04
     339   -0.16184401E+04
     340   -0.16275301E+04
     341   -0.16364889E+04
     342   -0.16455738E+04
     343   -0.16547518E+04
     344   -0.16641550E+04
     345   -0.16736129E+04
     346   -0.16830266E+04
     347   -0.16924599E+04
     348   -0.17018771E+04
     349   -0.17113523E+04
     350   -0.17209931E+04
     351   -0.17305638E+04
     352   -0.17402571E+04
     353   -0.17499510E+04
     354   -0.17597491E+04
     355   -0.17695202E+04
     356   -0.17793487E+04
     357   -0.17890505E+04
     358   -0.17989619E+04
     359   -0.18088575E+04
     360   -0.18186356E+04
     361   -0.18286231E+04
     362   -0.18386213E+04
     363   -0.18486907E+04
     364   -0.18585049E+04
     365   -0.18683970E+04
     366   -0.18784592E+04
     367   -0.18884746E+04
     368   -0.18987879E+04
     369   -0.19090573E+04
     370   -0.19194802E+04
     371   -0.19296291E+04
     372   -0.19400260E+04
     373   -0.19504783E+04
     374   -0.19608230E+04
     375   -0.19712643E+04
     376   -0.19816080E+04
     377   -0.19920005E+04
     378   -0.20022850E+04
     379   -0.20128464E+04
     380   -0.20233134E+04
     381   -0.20341157E+04
     382   -0.20445774E+04
     383   -0.20551732E+04
     384   -0.20655813E+04
     385   -0.20758495E+04
     386   -0.20865207E+04
     387   -0.20971509E+04
     388   -0.21077753E+04
     389   -0.21184659E+04
     390   -0.21290852E+04
     391   -0.21397373E+04
     392   -0.21501219E+04
     393   -0.21608064E+04
     394   -0.21716503E+04
     395   -0.21824607E+04
     396   -0.21932007E+04
     397   -0.22040286E+04
     398   -0.22150442E+04
     399   -0.22258361E+04
     400   -0.22369143E+04
     401   -0.22476823E+04
     402   -0.22586883E+04
     403   -0.22694243E+04
     404   -0.22801765E+04
     405   -0.22907133E+04
     406   -0.23020605E+04
     407   -0.23131873E+04
     408   -0.23239661E+04
     409   -0.23350579E+04
     410   -0.23458669E+04
     411   -0.23574674E+04
     412   -0.23681289E+04
     413   -0.23791338E+04
     414   -0.23902054E+04
     415   -0.24008446E+04
     416   -0.24113445E+04
     417   -0.24226885E+04
     418   -0.24334299E+04
     419   -0.24438525E+04
     420   -0.24549535E+04
     421   -0.24663855E+04
     422   -0.24784834E+04
     423   -0.24891690E+04
     424   -0.25002930E+04
     425   -0.25113750E+04
     426   -0.25233273E+04
     427   -0.25336281E+04
     428   -0.25434412E+04
     429   -0.25551936E+04
     430   -0.25659088E+04
     431   -0.25768103E+04
     432   -0.25872103E+04
     433   -0.25991429E+04
     434   -0.26102383E+04
     435   -0.26206774E+04
     436   -0.26326547E+04
     437   -0.26442045E+04
     438   -0.26559272E+04
     439   -0.26666380E+04
     440   -0.26772485E+04
     441   -0.26883111E+04
     442   -0.26988439E+04
     443   -0.27098133E+04
     444   -0.27202648E+04
     445   -0.27316195E+04
     446   -0.27434037E+04
     447   -0.27545993E+04
     448   -0.27639387E+04
     449   -0.27737553E+04
     450   -0.27848119E+04
     451   -0.27972524E+04
     452   -0.28070311E+04
     453   -0.28184870E+04
     454   -0.28287523E+04
     455   -0.28398733E+04
     456   -0.28503279E+04
     457   -0.28609945E+04
     458   -0.28726983E+04
     459   -0.28838459E+04
     460   -0.28936161E+04
     461   -0.29052308E+04
     462   -0.29164379E+04
     463   -0.29277023E+04
     464   -0.29388717E+04
     465   -0.29478511E+04
     466   -0.29612074E+04
     467   -0.29687806E+04
     468   -0.29787735E+04
     469   -0.29912727E+04
     470   -0.30018868E+04
