       0   -0.49797164E-09
       1   -0.60574050E-03
       2   -0.31290876E-01
       3   -0.92314019E-01
       4   -0.18356374E+00
       5   -0.30490849E+00
       6   -0.45639072E+00
       7   -0.63783527E+00
       8   -0.84922446E+00
       9   -0.10904059E+01
      10   -0.13620259E+01
      11   -0.16631297E+01
      12   -0.19941174E+01
      13   -0.23542005E+01
      14   -0.27455927E+01
      15   -0.31647797E+01
      16   -0.36138900E+01
      17   -0.40934830E+01
      18   -0.46034437E+01
      19   -0.51426794E+01
      20   -0.57111605E+01
      21   -0.63092910E+01
      22   -0.69356915E+01
      23   -0.75911842E+01
      24   -0.82767745E+01
      25   -0.89909218E+01
      26   -0.97344186E+01
      27   -0.10506441E+02
      28   -0.11309899E+02
      29   -0.12141278E+02
      30   -0.13001648E+02
      31   -0.13892666E+02
      32   -0.14815963E+02
      33   -0.15765528E+02
      34   -0.16739734E+02
      35   -0.17742039E+02
      36   -0.18777036E+02
      37   -0.19842969E+02
      38   -0.20940157E+02
      39   -0.22061523E+02
      40   -0.23215266E+02
      41   -0.24393184E+02
      42   -0.25604662E+02
      43   -0.26840936E+02
      44   -0.28104075E+02
      45   -0.29393830E+02
      46   -0.30704061E+02
      47   -0.32051236E+02
      48   -0.33424736E+02
      49   -0.34827642E+02
      50   -0.36257742E+02
      51   -0.37714429E+02
      52   -0.39203114E+02
      53   -0.40717303E+02
      54   -0.42255652E+02
      55   -0.43822402E+02
      56   -0.45420753E+02
      57   -0.47044368E+02
      58   -0.48700579E+02
      59   -0.50378642E+02
      60   -0.52078016E+02
      61   -0.53814533E+02
      62   -0.55573156E+02
      63   -0.57357886E+02
      64   -0.59171098E+02
      65   -0.61011094E+02
      66   -0.62889088E+02
      67   -0.64784079E+02
      68   -0.66706778E+02
      69   -0.68661889E+02
      70   -0.70633384E+02
      71   -0.72638724E+02
      72   -0.74664153E+02
      73   -0.76704396E+02
      74   -0.78781678E+02
      75   -0.80890791E+02
      76   -0.83023339E+02
      77   -0.85185687E+02
      78   -0.87370168E+02
      79   -0.89572610E+02
      80   -0.91811354E+02
      81   -0.94079664E+02
      82   -0.96363413E+02
      83   -0.98678576E+02
      84   -0.10100968E+03
      85   -0.10338172E+03
      86   -0.10579136E+03
      87   -0.10820265E+03
      88   -0.11064388E+03
      89   -0.11310788E+03
      90   -0.11560857E+03
      91   -0.11812224E+03
      92   -0.12066501E+03
      93   -0.12322884E+03
      94   -0.12580796E+03
      95   -0.12841057E+03
      96   -0.13106479E+03
      97   -0.13374135E+03
      98   -0.13642266E+03
      99   -0.13913986E+03
     100   -0.14187450E+03
     101   -0.14465003E+03
     102   -0.14742609E+03
     103   -0.15025425E+03
     104   -0.15308787E+03
     105   -0.15595252E+03
     106   -0.15884833E+03
     107   -0.16176399E+03
     108   -0.16469490E+03
     109   -0.16766563E+03
     110   -0.17063732E+03
     111   -0.17362961E+03
     112   -0.17666258E+03
     113   -0.17969729E+03
     114   -0.18276827E+03
     115   -0.18586960E+03
     116   -0.18899245E+03
     117   -0.19213327E+03
     118   -0.19531436E+03
     119   -0.19851868E+03
     120   -0.20174299E+03
     121   -0.20498827E+03
     122   -0.20824760E+03
     123   -0.21154327E+03
     124   -0.21483408E+03
     125   -0.21816958E+03
     126   -0.22152194E+03
     127   -0.22492518E+03
     128   -0.22834400E+03
     129   -0.23175594E+03
     130   -0.23520761E+03
     131   -0.23867947E+03
     132   -0.24218666E+03
     133   -0.24569877E+03
     134   -0.24925167E+03
     135   -0.25282356E+03
     136   -0.25639361E+03
     137   -0.26001454E+03
     138   -0.26366615E+03
     139   -0.26731167E+03
     140   -0.27100263E+03
     141   -0.27470573E+03
     142   -0.27844467E+03
     143   -0.28218200E+03
     144   -0.28594555E+03
     145   -0.28971850E+03
     146   -0.29353720E+03
     147   -0.29736383E+03
     148   -0.30123806E+03
     149   -0.30512122E+03
     150   -0.30905864E+03
     151   -0.31298893E+03
     152   -0.31693638E+03
     153   -0.32092090E+03
     154   -0.32490001E+03
     155   -0.32892986E+03
     156   -0.33298918E+03
     157   -0.33708403E+03
     158   -0.34118285E+03
     159   -0.34527581E+03
     160   -0.34940235E+03
     161   -0.35354813E+03
     162   -0.35772570E+03
     163   -0.36194495E+03
     164   -0.36618953E+03
     165   -0.37046394E+03
     166   -0.37475714E+03
     167   -0.37906511E+03
     168   -0.38339440E+03
     169   -0.38774136E+03
     170   -0.39211138E+03
     171   -0.39653041E+03
     172   -0.40099663E+03
     173   -0.40545413E+03
     174   -0.40989621E+03
     175   -0.41439379E+03
     176   -0.41889058E+03
     177   -0.42339372E+03
     178   -0.42794684E+03
     179   -0.43250169E+03
     180   -0.43709417E+03
     181   -0.44174021E+03
     182   -0.44638791E+03
     183   -0.45103551E+03
     184   -0.45573315E+03
     185   -0.46044418E+03
     186   -0.46522585E+03
     187   -0.47001581E+03
     188   -0.47481738E+03
     189   -0.47967659E+03
     190   -0.48452980E+03
     191   -0.48943755E+03
     192   -0.49429496E+03
     193   -0.49916830E+03
     194   -0.50407021E+03
     195   -0.50903378E+03
     196   -0.51399468E+03
     197   -0.51899397E+03
     198   -0.52402801E+03
     199   -0.52909556E+03
     200   -0.53417869E+03
     201   -0.53926509E+03
     202   -0.54443624E+03
     203   -0.54958484E+03
     204   -0.55476001E+03
     205   -0.55995848E+03
     206   -0.56517539E+03
     207   -0.57045497E+03
     208   -0.57570355E+03
     209   -0.58106774E+03
     210   -0.58641489E+03
     211   -0.59178578E+03
     212   -0.59717708E+03
     213   -0.60256729E+03
     214   -0.60800623E+03
     215   -0.61348410E+03
     216   -0.61898581E+03
     217   -0.62451901E+03
     218   -0.63005975E+03
     219   -0.63562752E+03
     220   -0.64118208E+03
     221   -0.64678849E+03
     222   -0.65237436E+03
     223   -0.65808240E+03
     224   -0.66375750E+03
     225   -0.66947870E+03
     226   -0.67520918E+03
     227   -0.68099607E+03
     228   -0.68678802E+03
     229   -0.69260433E+03
     230   -0.69842748E+03
     231   -0.70431882E+03
     232   -0.71023467E+03
     233   -0.71621997E+03
     234   -0.72218046E+03
     235   -0.72812981E+03
     236   -0.73408922E+03
     237   -0.74006689E+03
     238   -0.74614112E+03
     239   -0.75228191E+03
     240   -0.75833446E+03
     241   -0.76451956E+03
     242   -0.77073191E+03
     243   -0.77687215E+03
     244   -0.78304979E+03
     245   -0.78931509E+03
     246   -0.79558200E+03
     247   -0.80183821E+03
     248   -0.80814812E+03
     249   -0.81449073E+03
     250   -0.82087475E+03
     251   -0.82724796E+03
     252   -0.83364460E+03
     253   -0.84011310E+03
     254   -0.84659453E+03
     255   -0.85308659E+03
     256   -0.85967451E+03
     257   -0.86620794E+03
     258   -0.87273726E+03
     259   -0.87934189E+03
     260   -0.88596239E+03
     261   -0.89258627E+03
     262   -0.89931167E+03
     263   -0.90610214E+03
     264   -0.91279898E+03
     265   -0.91963615E+03
     266   -0.92644867E+03
     267   -0.93325470E+03
     268   -0.94011910E+03
     269   -0.94702239E+03
     270   -0.95395774E+03
     271   -0.96086968E+03
     272   -0.96778004E+03
     273   -0.97478647E+03
     274   -0.98186590E+03
     275   -0.98888976E+03
     276   -0.99594682E+03
     277   -0.10030784E+04
     278   -0.10101564E+04
     279   -0.10173446E+04
     280   -0.10245810E+04
     281   -0.10317593E+04
     282   -0.10389870E+04
     283   -0.10462611E+04
     284   -0.10535212E+04
     285   -0.10607884E+04
     286   -0.10680829E+04
     287   -0.10753787E+04
     288   -0.10827860E+04
     289   -0.10902556E+04
     290   -0.10976975E+04
     291   -0.11051848E+04
     292   -0.11126432E+04
     293   -0.11202378E+04
     294   -0.11277650E+04
     295   -0.11353562E+04
     296   -0.11428784E+04
     297   -0.11504868E+04
     298   -0.11580422E+04
     299   -0.11657218E+04
     300   -0.11734269E+04
     301   -0.11810840E+04
     302   -0.11888228E+04
     303   -0.11965699E+04
     304   -0.12043596E+04
     305   -0.12120753E+04
     306   -0.12198889E+04
     307   -0.12276911E+04
     308   -0.12356196E+04
     309   -0.12436060E+04
     310   -0.12514942E+04
     311   -0.12595113E+04
     312   -0.12675370E+04
     313   -0.12754907E+04
     314   -0.12836105E+04
     315   -0.12917739E+04
     316   -0.12999045E+04
     317   -0.13080771E+04
     318   -0.13162492E+04
     319   -0.13243568E+04
     320   -0.13323759E+04
     321   -0.13405530E+04
     322   -0.13488934E+04
     323   -0.13571631E+04
     324   -0.13654624E+04
     325   -0.13736362E+04
     326   -0.13818919E+04
     327   -0.13901243E+04
     328   -0.13986027E+04
     329   -0.14069020E+04
     330   -0.14153034E+04
     331   -0.14234510E+04
     332   -0.14318597E+04
     333   -0.14404649E+04
     334   -0.14490523E+04
     335   -0.14574531E+04
     336   -0.14658910E+04
     337   -0.14745912E+04
     338   -0.14832892E+04
     339   -0.14918957E+04
     340   -0.15004547E+04
     341   -0.15089944E+04
     342   -0.15176282E+04
     343   -0.15264884E+04
     344   -0.15351963E+04
     345   -0.15437747E+04
     346   -0.15523492E+04
     347   -0.15610933E+04
     348   -0.15698003E+04
     349   -0.15786139E+04
     350   -0.15874687E+04
     351   -0.15961414E+04
     352   -0.16049441E+04
     353   -0.16138436E+04
     354   -0.16228147E+04
     355   -0.16316131E+04
     356   -0.16403933E+04
     357   -0.16491497E+04
     358   -0.16579823E+04
     359   -0.16667447E+04
     360   -0.16759710E+04
     361   -0.16847245E+04
     362   -0.16936153E+04
     363   -0.17027272E+04
     364   -0.17119863E+04
     365   -0.17209349E+04
     366   -0.17299015E+04
     367   -0.17388339E+04
     368   -0.17478178E+04
     369   -0.17572412E+04
     370   -0.17660020E+04
     371   -0.17752511E+04
     372   -0.17842590E+04
     373   -0.17932015E+04
     374   -0.18023919E+04
     375   -0.18112649E+04
