       0   -0.10568027E-09
       1   -0.60574011E-03
       2   -0.40561380E-01
       3   -0.12001569E+00
       4   -0.23959407E+00
       5   -0.39936406E+00
       6   -0.59920540E+00
       7   -0.83931401E+00
       8   -0.11200808E+01
       9   -0.14426213E+01
      10   -0.18070650E+01
      11   -0.22126970E+01
      12   -0.26610242E+01
      13   -0.31508846E+01
      14   -0.36844477E+01
      15   -0.42609989E+01
      16   -0.48801875E+01
      17   -0.55479256E+01
      18   -0.62589753E+01
      19   -0.70156816E+01
      20   -0.78175875E+01
      21   -0.86691752E+01
      22   -0.95669807E+01
      23   -0.10512566E+02
      24   -0.11506435E+02
      25   -0.12552545E+02
      26   -0.13646358E+02
      27   -0.14792630E+02
      28   -0.15990987E+02
      29   -0.17241034E+02
      30   -0.18549022E+02
      31   -0.19915327E+02
      32   -0.21343478E+02
      33   -0.22825423E+02
      34   -0.24364127E+02
      35   -0.25970452E+02
      36   -0.27639270E+02
      37   -0.29370908E+02
      38   -0.31172516E+02
      39   -0.33027700E+02
      40   -0.34955605E+02
      41   -0.36952852E+02
      42   -0.39017954E+02
      43   -0.41158121E+02
      44   -0.43375879E+02
      45   -0.45663042E+02
      46   -0.48030792E+02
      47   -0.50462717E+02
      48   -0.52976041E+02
      49   -0.55564813E+02
      50   -0.58233386E+02
      51   -0.60978674E+02
      52   -0.63781224E+02
      53   -0.66683244E+02
      54   -0.69619659E+02
      55   -0.72635082E+02
      56   -0.75698377E+02
      57   -0.78840197E+02
      58   -0.82038555E+02
      59   -0.85286878E+02
      60   -0.88595117E+02
      61   -0.91967468E+02
      62   -0.95362379E+02
      63   -0.98808513E+02
      64   -0.10230879E+03
      65   -0.10586147E+03
      66   -0.10944371E+03
      67   -0.11303958E+03
      68   -0.11665383E+03
      69   -0.12033476E+03
      70   -0.12403101E+03
      71   -0.12773531E+03
      72   -0.13149659E+03
      73   -0.13526660E+03
      74   -0.13907021E+03
      75   -0.14290041E+03
      76   -0.14671932E+03
      77   -0.15061915E+03
      78   -0.15452564E+03
      79   -0.15843647E+03
      80   -0.16234722E+03
      81   -0.16630923E+03
      82   -0.17023504E+03
      83   -0.17420560E+03
      84   -0.17820710E+03
      85   -0.18221743E+03
      86   -0.18625023E+03
      87   -0.19031442E+03
      88   -0.19436177E+03
      89   -0.19840296E+03
      90   -0.20248369E+03
      91   -0.20659219E+03
      92   -0.21072911E+03
      93   -0.21486074E+03
      94   -0.21899301E+03
      95   -0.22313399E+03
      96   -0.22725594E+03
      97   -0.23145584E+03
      98   -0.23567579E+03
      99   -0.23986515E+03
     100   -0.24408320E+03
     101   -0.24831932E+03
     102   -0.25256108E+03
     103   -0.25678254E+03
     104   -0.26103402E+03
     105   -0.26528147E+03
     106   -0.26955664E+03
     107   -0.27385753E+03
     108   -0.27817288E+03
     109   -0.28243582E+03
     110   -0.28679448E+03
     111   -0.29113175E+03
     112   -0.29549625E+03
     113   -0.29983557E+03
     114   -0.30421282E+03
     115   -0.30860086E+03
     116   -0.31293860E+03
     117   -0.31728028E+03
     118   -0.32171568E+03
     119   -0.32617477E+03
     120   -0.33057420E+03
     121   -0.33496026E+03
     122   -0.33942280E+03
     123   -0.34390483E+03
     124   -0.34838320E+03
     125   -0.35294433E+03
     126   -0.35750586E+03
     127   -0.36207308E+03
     128   -0.36662020E+03
     129   -0.37122098E+03
     130   -0.37586062E+03
     131   -0.38051111E+03
     132   -0.38513858E+03
     133   -0.38986668E+03
     134   -0.39456028E+03
     135   -0.39929206E+03
     136   -0.40404034E+03
     137   -0.40883191E+03
     138   -0.41358644E+03
     139   -0.41842231E+03
     140   -0.42330114E+03
     141   -0.42823278E+03
     142   -0.43321687E+03
     143   -0.43816568E+03
     144   -0.44314457E+03
     145   -0.44809780E+03
     146   -0.45312383E+03
     147   -0.45824798E+03
     148   -0.46334834E+03
     149   -0.46844805E+03
     150   -0.47355917E+03
     151   -0.47871080E+03
     152   -0.48387083E+03
     153   -0.48906748E+03
     154   -0.49423336E+03
     155   -0.49943583E+03
     156   -0.50467465E+03
     157   -0.50993467E+03
     158   -0.51513300E+03
     159   -0.52038224E+03
     160   -0.52565731E+03
     161   -0.53093234E+03
     162   -0.53618697E+03
     163   -0.54148455E+03
     164   -0.54684243E+03
     165   -0.55213365E+03
     166   -0.55746406E+03
     167   -0.56279874E+03
     168   -0.56808417E+03
     169   -0.57342337E+03
     170   -0.57874663E+03
     171   -0.58407583E+03
     172   -0.58940159E+03
     173   -0.59476277E+03
     174   -0.60007973E+03
     175   -0.60534977E+03
     176   -0.61066195E+03
     177   -0.61595512E+03
     178   -0.62120692E+03
     179   -0.62644875E+03
     180   -0.63162420E+03
     181   -0.63690519E+03
     182   -0.64213208E+03
     183   -0.64735752E+03
     184   -0.65262840E+03
     185   -0.65787672E+03
     186   -0.66300757E+03
     187   -0.66812706E+03
     188   -0.67335659E+03
     189   -0.67848364E+03
     190   -0.68358413E+03
     191   -0.68868377E+03
     192   -0.69377014E+03
     193   -0.69883596E+03
     194   -0.70383153E+03
     195   -0.70878017E+03
     196   -0.71385317E+03
     197   -0.71894846E+03
     198   -0.72389457E+03
     199   -0.72893117E+03
     200   -0.73396637E+03
     201   -0.73897248E+03
     202   -0.74387221E+03
     203   -0.74884176E+03
     204   -0.75379827E+03
     205   -0.75872697E+03
     206   -0.76368437E+03
     207   -0.76852633E+03
     208   -0.77339468E+03
     209   -0.77829354E+03
     210   -0.78318426E+03
     211   -0.78806458E+03
     212   -0.79296109E+03
     213   -0.79796016E+03
     214   -0.80289088E+03
     215   -0.80779003E+03
     216   -0.81281003E+03
     217   -0.81774568E+03
     218   -0.82272817E+03
     219   -0.82766828E+03
     220   -0.83265088E+03
     221   -0.83772797E+03
     222   -0.84283696E+03
     223   -0.84785935E+03
     224   -0.85301110E+03
     225   -0.85815983E+03
     226   -0.86335469E+03
     227   -0.86839453E+03
     228   -0.87358172E+03
     229   -0.87873388E+03
     230   -0.88393605E+03
     231   -0.88921724E+03
     232   -0.89448380E+03
     233   -0.89978883E+03
     234   -0.90513564E+03
     235   -0.91049843E+03
     236   -0.91589783E+03
     237   -0.92137990E+03
     238   -0.92688433E+03
     239   -0.93242101E+03
     240   -0.93793875E+03
     241   -0.94353172E+03
     242   -0.94913152E+03
     243   -0.95466530E+03
     244   -0.96023888E+03
     245   -0.96582353E+03
     246   -0.97147341E+03
     247   -0.97706225E+03
     248   -0.98264438E+03
     249   -0.98827975E+03
     250   -0.99399356E+03
     251   -0.99968634E+03
     252   -0.10053141E+04
     253   -0.10109960E+04
     254   -0.10167215E+04
     255   -0.10224920E+04
     256   -0.10282074E+04
     257   -0.10340574E+04
     258   -0.10397632E+04
     259   -0.10455909E+04
     260   -0.10514340E+04
     261   -0.10571320E+04
     262   -0.10629093E+04
     263   -0.10686326E+04
     264   -0.10743289E+04
     265   -0.10800755E+04
     266   -0.10858232E+04
     267   -0.10916106E+04
     268   -0.10974367E+04
     269   -0.11032253E+04
     270   -0.11089917E+04
     271   -0.11147153E+04
     272   -0.11205533E+04
     273   -0.11264204E+04
     274   -0.11323036E+04
     275   -0.11381450E+04
     276   -0.11440557E+04
     277   -0.11499023E+04
     278   -0.11558057E+04
     279   -0.11616667E+04
     280   -0.11676549E+04
     281   -0.11735836E+04
     282   -0.11795245E+04
     283   -0.11854988E+04
     284   -0.11913219E+04
     285   -0.11973296E+04
     286   -0.12033419E+04
     287   -0.12094270E+04
     288   -0.12154273E+04
     289   -0.12215420E+04
     290   -0.12275817E+04
     291   -0.12335952E+04
     292   -0.12397997E+04
     293   -0.12460311E+04
     294   -0.12523156E+04
     295   -0.12586742E+04
     296   -0.12650433E+04
     297   -0.12714197E+04
     298   -0.12779470E+04
     299   -0.12845655E+04
     300   -0.12912056E+04
     301   -0.12977251E+04
     302   -0.13044534E+04
     303   -0.13111796E+04
     304   -0.13179980E+04
     305   -0.13249655E+04
     306   -0.13320504E+04
     307   -0.13392509E+04
     308   -0.13464835E+04
     309   -0.13538789E+04
     310   -0.13610934E+04
     311   -0.13684421E+04
     312   -0.13759681E+04
     313   -0.13835267E+04
     314   -0.13912068E+04
     315   -0.13988721E+04
     316   -0.14066223E+04
     317   -0.14146318E+04
     318   -0.14226275E+04
     319   -0.14307819E+04
     320   -0.14389232E+04
     321   -0.14470968E+04
     322   -0.14553460E+04
     323   -0.14636523E+04
     324   -0.14721279E+04
     325   -0.14805834E+04
     326   -0.14890093E+04
     327   -0.14976125E+04
     328   -0.15062461E+04
     329   -0.15148071E+04
     330   -0.15236403E+04
     331   -0.15325575E+04
     332   -0.15412902E+04
     333   -0.15501278E+04
     334   -0.15589357E+04
     335   -0.15678200E+04
     336   -0.15767686E+04
     337   -0.15857886E+04
     338   -0.15948995E+04
     339   -0.16041029E+04
     340   -0.16131902E+04
     341   -0.16225097E+04
     342   -0.16317536E+04
     343   -0.16412702E+04
     344   -0.16507216E+04
     345   -0.16601458E+04
     346   -0.16696231E+04
     347   -0.16789644E+04
     348   -0.16883901E+04
     349   -0.16979980E+04
     350   -0.17074365E+04
     351   -0.17170992E+04
     352   -0.17266776E+04
     353   -0.17362008E+04
     354   -0.17459080E+04
     355   -0.17555621E+04
     356   -0.17653189E+04
     357   -0.17751864E+04
     358   -0.17851042E+04
     359   -0.17949970E+04
     360   -0.18050093E+04
     361   -0.18150759E+04
     362   -0.18249773E+04
     363   -0.18349609E+04
     364   -0.18449146E+04
     365   -0.18549124E+04
     366   -0.18647804E+04
     367   -0.18748408E+04
     368   -0.18848078E+04
     369   -0.18948659E+04
     370   -0.19050367E+04
     371   -0.19152822E+04
     372   -0.19254469E+04
     373   -0.19355795E+04
     374   -0.19457434E+04
     375   -0.19559595E+04
     376   -0.19662279E+04
     377   -0.19766770E+04
     378   -0.19870761E+04
     379   -0.19973451E+04
     380   -0.20076253E+04
     381   -0.20179917E+04
     382   -0.20281644E+04
     383   -0.20384602E+04
     384   -0.20491069E+04
     385   -0.20596821E+04
     386   -0.20698105E+04
     387   -0.20804558E+04
     388   -0.20910525E+04
     389   -0.21013623E+04
     390   -0.21118942E+04
     391   -0.21223127E+04
     392   -0.21328610E+04
     393   -0.21438067E+04
     394   -0.21544481E+04
     395   -0.21656346E+04
     396   -0.21764997E+04
     397   -0.21873751E+04
     398   -0.21973221E+04
     399   -0.22078610E+04
     400   -0.22186971E+04
     401   -0.22291564E+04
     402   -0.22398149E+04
     403   -0.22505080E+04
     404   -0.22613929E+04
     405   -0.22721173E+04
     406   -0.22831620E+04
     407   -0.22940866E+04
     408   -0.23044467E+04
     409   -0.23150509E+04
     410   -0.23262765E+04
     411   -0.23374543E+04
     412   -0.23482252E+04
     413   -0.23592646E+04
     414   -0.23697092E+04
     415   -0.23804238E+04
     416   -0.23910617E+04
     417   -0.24017651E+04
     418   -0.24125463E+04
     419   -0.24231192E+04
     420   -0.24339257E+04
     421   -0.24444112E+04
     422   -0.24551643E+04
     423   -0.24670426E+04
     424   -0.24779098E+04
     425   -0.24894451E+04
     426   -0.25006599E+04
     427   -0.25119020E+04
     428   -0.25233984E+04
     429   -0.25329210E+04
     430   -0.25440486E+04
     431   -0.25539657E+04
     432   -0.25652815E+04
     433   -0.25758118E+04
     434   -0.25870570E+04
     435   -0.25975461E+04
     436   -0.26081661E+04
     437   -0.26188661E+04
     438   -0.26303410E+04
     439   -0.26409497E+04
     440   -0.26520680E+04
     441   -0.26622271E+04
     442   -0.26729177E+04
     443   -0.26840801E+04
     444   -0.26938884E+04
     445   -0.27053758E+04
     446   -0.27160200E+04
     447   -0.27271363E+04
     448   -0.27370747E+04
     449   -0.27474384E+04
     450   -0.27600045E+04
     451   -0.27707242E+04
     452   -0.27806311E+04
     453   -0.27908311E+04
     454   -0.28011781E+04
     455   -0.28124153E+04
     456   -0.28231041E+04
     457   -0.28345953E+04
     458   -0.28443957E+04
     459   -0.28547979E+04
     460   -0.28665766E+04
     461   -0.28758895E+04
     462   -0.28851255E+04
     463   -0.28970471E+04
     464   -0.29084853E+04
     465   -0.29167921E+04
     466   -0.29275711E+04
     467   -0.29392856E+04
     468   -0.29477000E+04
     469   -0.29609385E+04
     470   -0.29699892E+04
