    0.0000000000E+00    -0.1217280732E+03
    0.1000000000E+01    -0.1208897527E+03
    0.2000000000E+01    -0.1207104328E+03
    0.3000000000E+01    -0.1209028425E+03
    0.4000000000E+01    -0.1213489241E+03
    0.5000000000E+01    -0.1219851847E+03
    0.6000000000E+01    -0.1227701154E+03
    0.7000000000E+01    -0.1236745431E+03
    0.8000000000E+01    -0.1246788276E+03
    0.9000000000E+01    -0.1257658329E+03
    0.1000000000E+02    -0.1269249731E+03
    0.1100000000E+02    -0.1281451280E+03
    0.1200000000E+02    -0.1294180076E+03
    0.1300000000E+02    -0.1307357782E+03
    0.1400000000E+02    -0.1320933539E+03
    0.1500000000E+02    -0.1334854657E+03
    0.1600000000E+02    -0.1349065958E+03
    0.1700000000E+02    -0.1363533747E+03
    0.1800000000E+02    -0.1378225318E+03
    0.1900000000E+02    -0.1393098430E+03
    0.2000000000E+02    -0.1408125567E+03
    0.2100000000E+02    -0.1423281562E+03
    0.2200000000E+02    -0.1438539827E+03
    0.2300000000E+02    -0.1453872352E+03
    0.2400000000E+02    -0.1469263293E+03
    0.2500000000E+02    -0.1484685243E+03
    0.2600000000E+02    -0.1500128504E+03
    0.2700000000E+02    -0.1515561224E+03
    0.2800000000E+02    -0.1530964208E+03
    0.2900000000E+02    -0.1546328143E+03
    0.3000000000E+02    -0.1561633937E+03
    0.3100000000E+02    -0.1576861751E+03
    0.3200000000E+02    -0.1591993992E+03
    0.3300000000E+02    -0.1607022596E+03
    0.3400000000E+02    -0.1621925701E+03
    0.3500000000E+02    -0.1636686009E+03
    0.3600000000E+02    -0.1651297127E+03
    0.3700000000E+02    -0.1665743443E+03
    0.3800000000E+02    -0.1680016436E+03
    0.3900000000E+02    -0.1694096241E+03
    0.4000000000E+02    -0.1707979143E+03
    0.4100000000E+02    -0.1721671079E+03
    0.4200000000E+02    -0.1735170385E+03
    0.4300000000E+02    -0.1748464829E+03
    0.4400000000E+02    -0.1761567858E+03
    0.4500000000E+02    -0.1774462923E+03
    0.4600000000E+02    -0.1787169231E+03
    0.4700000000E+02    -0.1799681334E+03
    0.4800000000E+02    -0.1811997170E+03
    0.4900000000E+02    -0.1824131632E+03
    0.5000000000E+02    -0.1836086863E+03
    0.5100000000E+02    -0.1847884640E+03
    0.5200000000E+02    -0.1859512263E+03
    0.5300000000E+02    -0.1870976217E+03
    0.5400000000E+02    -0.1882290247E+03
    0.5500000000E+02    -0.1893447995E+03
    0.5600000000E+02    -0.1904469085E+03
    0.5700000000E+02    -0.1915332529E+03
    0.5800000000E+02    -0.1926047600E+03
    0.5900000000E+02    -0.1936634215E+03
    0.6000000000E+02    -0.1947072222E+03
    0.6100000000E+02    -0.1957384565E+03
    0.6200000000E+02    -0.1967549480E+03
    0.6300000000E+02    -0.1977592035E+03
    0.6400000000E+02    -0.1987487128E+03
    0.6500000000E+02    -0.1997271277E+03
    0.6600000000E+02    -0.2006897464E+03
    0.6700000000E+02    -0.2016397756E+03
    0.6800000000E+02    -0.2025767039E+03
    0.6900000000E+02    -0.2035001801E+03
    0.7000000000E+02    -0.2044102386E+03
    0.7100000000E+02    -0.2053083983E+03
    0.7200000000E+02    -0.2061920530E+03
    0.7300000000E+02    -0.2070643993E+03
    0.7400000000E+02    -0.2079231309E+03
    0.7500000000E+02    -0.2087688091E+03
    0.7600000000E+02    -0.2096026679E+03
    0.7700000000E+02    -0.2104234520E+03
    0.7800000000E+02    -0.2112322588E+03
    0.7900000000E+02    -0.2120268699E+03
    0.8000000000E+02    -0.2128090320E+03
    0.8100000000E+02    -0.2135802194E+03
    0.8200000000E+02    -0.2143373543E+03
    0.8300000000E+02    -0.2150823164E+03
    0.8400000000E+02    -0.2158154800E+03
    0.8500000000E+02    -0.2165394378E+03
    0.8600000000E+02    -0.2172505267E+03
    0.8700000000E+02    -0.2179505791E+03
    0.8800000000E+02    -0.2186399071E+03
    0.8900000000E+02    -0.2193187971E+03
    0.9000000000E+02    -0.2199870032E+03
    0.9100000000E+02    -0.2206444594E+03
    0.9200000000E+02    -0.2212919603E+03
    0.9300000000E+02    -0.2219313106E+03
    0.9400000000E+02    -0.2225598919E+03
    0.9500000000E+02    -0.2231779078E+03
    0.9600000000E+02    -0.2237875397E+03
    0.9700000000E+02    -0.2243862394E+03
    0.9800000000E+02    -0.2249763875E+03
    0.9900000000E+02    -0.2255578583E+03
    0.1000000000E+03    -0.2261292436E+03
    0.1010000000E+03    -0.2266924507E+03
    0.1020000000E+03    -0.2272464709E+03
    0.1030000000E+03    -0.2277912416E+03
    0.1040000000E+03    -0.2283280478E+03
    0.1050000000E+03    -0.2288560729E+03
    0.1060000000E+03    -0.2293748058E+03
    0.1070000000E+03    -0.2298848569E+03
    0.1080000000E+03    -0.2303867942E+03
    0.1090000000E+03    -0.2308786319E+03
    0.1100000000E+03    -0.2313624528E+03
    0.1110000000E+03    -0.2318384446E+03
    0.1120000000E+03    -0.2323048608E+03
    0.1130000000E+03    -0.2327605077E+03
    0.1140000000E+03    -0.2332089649E+03
    0.1150000000E+03    -0.2336474751E+03
    0.1160000000E+03    -0.2340778891E+03
    0.1170000000E+03    -0.2344962656E+03
    0.1180000000E+03    -0.2349059066E+03
    0.1190000000E+03    -0.2353056804E+03
    0.1200000000E+03    -0.2356959920E+03
    0.1210000000E+03    -0.2360770521E+03
    0.1220000000E+03    -0.2364462535E+03
    0.1230000000E+03    -0.2368053872E+03
    0.1240000000E+03    -0.2371547676E+03
    0.1250000000E+03    -0.2374926112E+03
    0.1260000000E+03    -0.2378205782E+03
    0.1270000000E+03    -0.2381352335E+03
    0.1280000000E+03    -0.2384387462E+03
    0.1290000000E+03    -0.2387307687E+03
    0.1300000000E+03    -0.2390108728E+03
    0.1310000000E+03    -0.2392779990E+03
    0.1320000000E+03    -0.2395334843E+03
    0.1330000000E+03    -0.2397781157E+03
    0.1340000000E+03    -0.2400095229E+03
    0.1350000000E+03    -0.2402274179E+03
    0.1360000000E+03    -0.2404304528E+03
    0.1370000000E+03    -0.2406222095E+03
    0.1380000000E+03    -0.2408006109E+03
    0.1390000000E+03    -0.2409654538E+03
    0.1400000000E+03    -0.2411156036E+03
    0.1410000000E+03    -0.2412518950E+03
    0.1420000000E+03    -0.2413750931E+03
    0.1430000000E+03    -0.2414836834E+03
    0.1440000000E+03    -0.2415775178E+03
    0.1450000000E+03    -0.2416586537E+03
    0.1460000000E+03    -0.2417247231E+03
    0.1470000000E+03    -0.2417787911E+03
    0.1480000000E+03    -0.2418195395E+03
    0.1490000000E+03    -0.2418480121E+03
    0.1500000000E+03    -0.2418642457E+03
    0.1510000000E+03    -0.2418693100E+03
    0.1520000000E+03    -0.2418627563E+03
    0.1530000000E+03    -0.2418463721E+03
    0.1540000000E+03    -0.2418179273E+03
    0.1550000000E+03    -0.2417783648E+03
    0.1560000000E+03    -0.2417308572E+03
    0.1570000000E+03    -0.2416728091E+03
    0.1580000000E+03    -0.2416058139E+03
    0.1590000000E+03    -0.2415308058E+03
    0.1600000000E+03    -0.2414496041E+03
    0.1610000000E+03    -0.2413597363E+03
    0.1620000000E+03    -0.2412635715E+03
    0.1630000000E+03    -0.2411583554E+03
    0.1640000000E+03    -0.2410472210E+03
    0.1650000000E+03    -0.2409315443E+03
    0.1660000000E+03    -0.2408102042E+03
    0.1670000000E+03    -0.2406844199E+03
    0.1680000000E+03    -0.2405515702E+03
    0.1690000000E+03    -0.2404137160E+03
    0.1700000000E+03    -0.2402687384E+03
    0.1710000000E+03    -0.2401205472E+03
    0.1720000000E+03    -0.2399666289E+03
    0.1730000000E+03    -0.2398079158E+03
    0.1740000000E+03    -0.2396460826E+03
    0.1750000000E+03    -0.2394797750E+03
    0.1760000000E+03    -0.2393095878E+03
    0.1770000000E+03    -0.2391352836E+03
    0.1780000000E+03    -0.2389571938E+03
    0.1790000000E+03    -0.2387756125E+03
    0.1800000000E+03    -0.2385895664E+03
    0.1810000000E+03    -0.2384006437E+03
    0.1820000000E+03    -0.2382054771E+03
    0.1830000000E+03    -0.2380080202E+03
    0.1840000000E+03    -0.2378067177E+03
    0.1850000000E+03    -0.2376020072E+03
    0.1860000000E+03    -0.2373939993E+03
    0.1870000000E+03    -0.2371839213E+03
    0.1880000000E+03    -0.2369701546E+03
    0.1890000000E+03    -0.2367521705E+03
    0.1900000000E+03    -0.2365305791E+03
    0.1910000000E+03    -0.2363057057E+03
    0.1920000000E+03    -0.2360768364E+03
    0.1930000000E+03    -0.2358460050E+03
    0.1940000000E+03    -0.2356125703E+03
    0.1950000000E+03    -0.2353754267E+03
    0.1960000000E+03    -0.2351346999E+03
    0.1970000000E+03    -0.2348916230E+03
    0.1980000000E+03    -0.2346440794E+03
    0.1990000000E+03    -0.2343927238E+03
    0.2000000000E+03    -0.2341405033E+03
    0.2010000000E+03    -0.2338848097E+03
    0.2020000000E+03    -0.2336242631E+03
    0.2030000000E+03    -0.2333604846E+03
    0.2040000000E+03    -0.2330943901E+03
    0.2050000000E+03    -0.2328230571E+03
    0.2060000000E+03    -0.2325488355E+03
    0.2070000000E+03    -0.2322729302E+03
    0.2080000000E+03    -0.2319925504E+03
    0.2090000000E+03    -0.2317071852E+03
    0.2100000000E+03    -0.2314205007E+03
    0.2110000000E+03    -0.2311287347E+03
    0.2120000000E+03    -0.2308309481E+03
    0.2130000000E+03    -0.2305272862E+03
    0.2140000000E+03    -0.2302218801E+03
    0.2150000000E+03    -0.2299122605E+03
    0.2160000000E+03    -0.2295976850E+03
    0.2170000000E+03    -0.2292796269E+03
    0.2180000000E+03    -0.2289560249E+03
    0.2190000000E+03    -0.2286252895E+03
    0.2200000000E+03    -0.2282917835E+03
    0.2210000000E+03    -0.2279539199E+03
    0.2220000000E+03    -0.2276116161E+03
    0.2230000000E+03    -0.2272605646E+03
    0.2240000000E+03    -0.2269039835E+03
    0.2250000000E+03    -0.2265409972E+03
    0.2260000000E+03    -0.2261721003E+03
    0.2270000000E+03    -0.2257959061E+03
    0.2280000000E+03    -0.2254111864E+03
    0.2290000000E+03    -0.2250171877E+03
    0.2300000000E+03    -0.2246140521E+03
    0.2310000000E+03    -0.2242010390E+03
    0.2320000000E+03    -0.2237758227E+03
    0.2330000000E+03    -0.2233417331E+03
    0.2340000000E+03    -0.2228987141E+03
    0.2350000000E+03    -0.2224435298E+03
    0.2360000000E+03    -0.2219751691E+03
    0.2370000000E+03    -0.2214950740E+03
    0.2380000000E+03    -0.2209982864E+03
    0.2390000000E+03    -0.2204906801E+03
    0.2400000000E+03    -0.2199685635E+03
    0.2410000000E+03    -0.2194330112E+03
    0.2420000000E+03    -0.2188814918E+03
    0.2430000000E+03    -0.2183169622E+03
    0.2440000000E+03    -0.2177372358E+03
    0.2450000000E+03    -0.2171401370E+03
    0.2460000000E+03    -0.2165283377E+03
    0.2470000000E+03    -0.2159061282E+03
    0.2480000000E+03    -0.2152686603E+03
    0.2490000000E+03    -0.2146175320E+03
    0.2500000000E+03    -0.2139509130E+03
    0.2510000000E+03    -0.2132743759E+03
    0.2520000000E+03    -0.2125859901E+03
    0.2530000000E+03    -0.2118819413E+03
    0.2540000000E+03    -0.2111657804E+03
    0.2550000000E+03    -0.2104384403E+03
    0.2560000000E+03    -0.2097016853E+03
    0.2570000000E+03    -0.2089535459E+03
    0.2580000000E+03    -0.2081942973E+03
    0.2590000000E+03    -0.2074243564E+03
    0.2600000000E+03    -0.2066442446E+03
    0.2610000000E+03    -0.2058515003E+03
    0.2620000000E+03    -0.2050498164E+03
    0.2630000000E+03    -0.2042383715E+03
    0.2640000000E+03    -0.2034188412E+03
    0.2650000000E+03    -0.2025893414E+03
    0.2660000000E+03    -0.2017485746E+03
    0.2670000000E+03    -0.2008971834E+03
    0.2680000000E+03    -0.2000378445E+03
    0.2690000000E+03    -0.1991712877E+03
    0.2700000000E+03    -0.1982942057E+03
    0.2710000000E+03    -0.1974091453E+03
    0.2720000000E+03    -0.1965158275E+03
    0.2730000000E+03    -0.1956128053E+03
    0.2740000000E+03    -0.1947000406E+03
    0.2750000000E+03    -0.1937793599E+03
    0.2760000000E+03    -0.1928510984E+03
    0.2770000000E+03    -0.1919147958E+03
    0.2780000000E+03    -0.1909698153E+03
    0.2790000000E+03    -0.1900143328E+03
    0.2800000000E+03    -0.1890490990E+03
    0.2810000000E+03    -0.1880794599E+03
    0.2820000000E+03    -0.1871011546E+03
    0.2830000000E+03    -0.1861143087E+03
    0.2840000000E+03    -0.1851176605E+03
    0.2850000000E+03    -0.1841115958E+03
    0.2860000000E+03    -0.1830952312E+03
    0.2870000000E+03    -0.1820722599E+03
    0.2880000000E+03    -0.1810397955E+03
    0.2890000000E+03    -0.1799968127E+03
    0.2900000000E+03    -0.1789403799E+03
    0.2910000000E+03    -0.1778747405E+03
    0.2920000000E+03    -0.1767984918E+03
    0.2930000000E+03    -0.1757169279E+03
    0.2940000000E+03    -0.1746183684E+03
    0.2950000000E+03    -0.1735139982E+03
    0.2960000000E+03    -0.1723970426E+03
    0.2970000000E+03    -0.1712673756E+03
    0.2980000000E+03    -0.1701284849E+03
    0.2990000000E+03    -0.1689765294E+03
    0.3000000000E+03    -0.1678139720E+03
    0.3010000000E+03    -0.1666372892E+03
    0.3020000000E+03    -0.1654471608E+03
    0.3030000000E+03    -0.1642458175E+03
    0.3040000000E+03    -0.1630337936E+03
    0.3050000000E+03    -0.1618093106E+03
    0.3060000000E+03    -0.1605695185E+03
    0.3070000000E+03    -0.1593193638E+03
    0.3080000000E+03    -0.1580536835E+03
    0.3090000000E+03    -0.1567775499E+03
    0.3100000000E+03    -0.1554881020E+03
    0.3110000000E+03    -0.1541876233E+03
    0.3120000000E+03    -0.1528732672E+03
    0.3130000000E+03    -0.1515468390E+03
    0.3140000000E+03    -0.1502043397E+03
    0.3150000000E+03    -0.1488496331E+03
    0.3160000000E+03    -0.1474813622E+03
    0.3170000000E+03    -0.1460984619E+03
    0.3180000000E+03    -0.1446978118E+03
    0.3190000000E+03    -0.1432817609E+03
    0.3200000000E+03    -0.1418538738E+03
    0.3210000000E+03    -0.1404072878E+03
    0.3220000000E+03    -0.1389483196E+03
    0.3230000000E+03    -0.1374716667E+03
    0.3240000000E+03    -0.1359800675E+03
    0.3250000000E+03    -0.1344695889E+03
    0.3260000000E+03    -0.1329402873E+03
    0.3270000000E+03    -0.1313933347E+03
    0.3280000000E+03    -0.1298312738E+03
    0.3290000000E+03    -0.1282492653E+03
    0.3300000000E+03    -0.1266512525E+03
    0.3310000000E+03    -0.1250427983E+03
    0.3320000000E+03    -0.1234154579E+03
    0.3330000000E+03    -0.1217758788E+03
    0.3340000000E+03    -0.1201190476E+03
    0.3350000000E+03    -0.1184488341E+03
    0.3360000000E+03    -0.1167702756E+03
    0.3370000000E+03    -0.1150700595E+03
    0.3380000000E+03    -0.1133656359E+03
    0.3390000000E+03    -0.1116565043E+03
    0.3400000000E+03    -0.1099379397E+03
    0.3410000000E+03    -0.1082133873E+03
    0.3420000000E+03    -0.1064840541E+03
    0.3430000000E+03    -0.1047469841E+03
    0.3440000000E+03    -0.1030092700E+03
    0.3450000000E+03    -0.1012732020E+03
    0.3460000000E+03    -0.9952665482E+02
    0.3470000000E+03    -0.9777805248E+02
    0.3480000000E+03    -0.9603221256E+02
    0.3490000000E+03    -0.9428352332E+02
    0.3500000000E+03    -0.9253023652E+02
    0.3510000000E+03    -0.9078012528E+02
    0.3520000000E+03    -0.8902932619E+02
    0.3530000000E+03    -0.8728525145E+02
    0.3540000000E+03    -0.8554423571E+02
    0.3550000000E+03    -0.8380511791E+02
    0.3560000000E+03    -0.8206493406E+02
    0.3570000000E+03    -0.8032639245E+02
    0.3580000000E+03    -0.7860239679E+02
    0.3590000000E+03    -0.7688340353E+02
    0.3600000000E+03    -0.7516821223E+02
    0.3610000000E+03    -0.7346684385E+02
    0.3620000000E+03    -0.7177097584E+02
    0.3630000000E+03    -0.7007487927E+02
    0.3640000000E+03    -0.6838905870E+02
    0.3650000000E+03    -0.6671954908E+02
    0.3660000000E+03    -0.6505773199E+02
    0.3670000000E+03    -0.6340720632E+02
    0.3680000000E+03    -0.6175622888E+02
    0.3690000000E+03    -0.6012102077E+02
    0.3700000000E+03    -0.5849071768E+02
    0.3710000000E+03    -0.5687131840E+02
    0.3720000000E+03    -0.5526514159E+02
    0.3730000000E+03    -0.5367455160E+02
    0.3740000000E+03    -0.5210566798E+02
    0.3750000000E+03    -0.5054935400E+02
    0.3760000000E+03    -0.4901106612E+02
    0.3770000000E+03    -0.4746744210E+02
    0.3780000000E+03    -0.4594764831E+02
    0.3790000000E+03    -0.4444425574E+02
    0.3800000000E+03    -0.4295815331E+02
    0.3810000000E+03    -0.4149124977E+02
    0.3820000000E+03    -0.4004148609E+02
    0.3830000000E+03    -0.3861179239E+02
    0.3840000000E+03    -0.3721515529E+02
    0.3850000000E+03    -0.3581053415E+02
    0.3860000000E+03    -0.3443005600E+02
    0.3870000000E+03    -0.3306479787E+02
    0.3880000000E+03    -0.3172681497E+02
    0.3890000000E+03    -0.3042134660E+02
    0.3900000000E+03    -0.2913010945E+02
    0.3910000000E+03    -0.2785904260E+02
    0.3920000000E+03    -0.2660539340E+02
    0.3930000000E+03    -0.2537621783E+02
    0.3940000000E+03    -0.2416401496E+02
    0.3950000000E+03    -0.2300072277E+02
    0.3960000000E+03    -0.2187923323E+02
    0.3970000000E+03    -0.2078397913E+02
    0.3980000000E+03    -0.1968765302E+02
    0.3990000000E+03    -0.1863779420E+02
    0.4000000000E+03    -0.1759627396E+02
    0.4010000000E+03    -0.1657525848E+02
    0.4020000000E+03    -0.1558631145E+02
    0.4030000000E+03    -0.1462041397E+02
    0.4040000000E+03    -0.1369881768E+02
    0.4050000000E+03    -0.1281094579E+02
    0.4060000000E+03    -0.1198364983E+02
    0.4070000000E+03    -0.1116807688E+02
    0.4080000000E+03    -0.1038994457E+02
    0.4090000000E+03    -0.9638491442E+01
    0.4100000000E+03    -0.8890007635E+01
    0.4110000000E+03    -0.8214905478E+01
    0.4120000000E+03    -0.7553862900E+01
    0.4130000000E+03    -0.6919614282E+01
    0.4140000000E+03    -0.6345050593E+01
    0.4150000000E+03    -0.5802121461E+01
    0.4160000000E+03    -0.5287087449E+01
    0.4170000000E+03    -0.4835460249E+01
    0.4180000000E+03    -0.4411996968E+01
    0.4190000000E+03    -0.4083675180E+01
    0.4200000000E+03    -0.3730069382E+01
    0.4210000000E+03    -0.3392463690E+01
    0.4220000000E+03    -0.3139248329E+01
    0.4230000000E+03    -0.2891956342E+01
    0.4240000000E+03    -0.2692990880E+01
    0.4250000000E+03    -0.2568231527E+01
    0.4260000000E+03    -0.2510173136E+01
    0.4270000000E+03    -0.2433894123E+01
    0.4280000000E+03    -0.2462328975E+01
    0.4290000000E+03    -0.2514638137E+01
    0.4300000000E+03    -0.2628526378E+01
    0.4310000000E+03    -0.2758440255E+01
    0.4320000000E+03    -0.2918410279E+01
    0.4330000000E+03    -0.3159421212E+01
    0.4340000000E+03    -0.3480430540E+01
    0.4350000000E+03    -0.3886628484E+01
    0.4360000000E+03    -0.4336882009E+01
    0.4370000000E+03    -0.4790935988E+01
    0.4380000000E+03    -0.5314203999E+01
    0.4390000000E+03    -0.5874445166E+01
    0.4400000000E+03    -0.6488140159E+01
    0.4410000000E+03    -0.7146315789E+01
    0.4420000000E+03    -0.7976144633E+01
    0.4430000000E+03    -0.8755488088E+01
    0.4440000000E+03    -0.9662877060E+01
    0.4450000000E+03    -0.1063618180E+02
    0.4460000000E+03    -0.1154731752E+02
    0.4470000000E+03    -0.1260739354E+02
    0.4480000000E+03    -0.1364760055E+02
    0.4490000000E+03    -0.1477484553E+02
    0.4500000000E+03    -0.1595003407E+02
    0.4510000000E+03    -0.1728705840E+02
    0.4520000000E+03    -0.1885930864E+02
    0.4530000000E+03    -0.2030243742E+02
    0.4540000000E+03    -0.2180756511E+02
    0.4550000000E+03    -0.2329674282E+02
    0.4560000000E+03    -0.2494848683E+02
    0.4570000000E+03    -0.2671993608E+02
    0.4580000000E+03    -0.2857392705E+02
    0.4590000000E+03    -0.3049834722E+02
    0.4600000000E+03    -0.3249999530E+02
    0.4610000000E+03    -0.3469583344E+02
    0.4620000000E+03    -0.3677585240E+02
    0.4630000000E+03    -0.3874007639E+02
    0.4640000000E+03    -0.4089566026E+02
    0.4650000000E+03    -0.4327168760E+02
    0.4660000000E+03    -0.4558501688E+02
    0.4670000000E+03    -0.4801273012E+02
    0.4680000000E+03    -0.5048524339E+02
    0.4690000000E+03    -0.5323747940E+02
    0.4700000000E+03    -0.5575974251E+02
    0.4710000000E+03    -0.5839774736E+02
    0.4720000000E+03    -0.6120876930E+02
    0.4730000000E+03    -0.6399495681E+02
    0.4740000000E+03    -0.6706671623E+02
    0.4750000000E+03    -0.7038896252E+02
