       0    0.10741419E-09
       1   -0.60573990E-03
       2   -0.42295846E-01
       3   -0.12543172E+00
       4   -0.25007966E+00
       5   -0.41708534E+00
       6   -0.62658960E+00
       7   -0.87930085E+00
       8   -0.11750644E+01
       9   -0.15151400E+01
      10   -0.18996224E+01
      11   -0.23288966E+01
      12   -0.28042921E+01
      13   -0.33251683E+01
      14   -0.38928348E+01
      15   -0.45077824E+01
      16   -0.51737614E+01
      17   -0.58886962E+01
      18   -0.66501944E+01
      19   -0.74657099E+01
      20   -0.83360697E+01
      21   -0.92602118E+01
      22   -0.10239740E+02
      23   -0.11279736E+02
      24   -0.12374840E+02
      25   -0.13529776E+02
      26   -0.14746381E+02
      27   -0.16024910E+02
      28   -0.17372637E+02
      29   -0.18795666E+02
      30   -0.20298499E+02
      31   -0.21872749E+02
      32   -0.23517724E+02
      33   -0.25247883E+02
      34   -0.27078609E+02
      35   -0.28990723E+02
      36   -0.30990328E+02
      37   -0.33093015E+02
      38   -0.35288488E+02
      39   -0.37590405E+02
      40   -0.40000225E+02
      41   -0.42504029E+02
      42   -0.45115735E+02
      43   -0.47839459E+02
      44   -0.50650813E+02
      45   -0.53574390E+02
      46   -0.56574089E+02
      47   -0.59678636E+02
      48   -0.62866358E+02
      49   -0.66125276E+02
      50   -0.69455439E+02
      51   -0.72866415E+02
      52   -0.76348327E+02
      53   -0.79872240E+02
      54   -0.83452857E+02
      55   -0.87061446E+02
      56   -0.90711023E+02
      57   -0.94382740E+02
      58   -0.98113687E+02
      59   -0.10187221E+03
      60   -0.10565170E+03
      61   -0.10945748E+03
      62   -0.11326497E+03
      63   -0.11710731E+03
      64   -0.12095677E+03
      65   -0.12483123E+03
      66   -0.12871069E+03
      67   -0.13261772E+03
      68   -0.13652720E+03
      69   -0.14043536E+03
      70   -0.14437578E+03
      71   -0.14834692E+03
      72   -0.15233730E+03
      73   -0.15634600E+03
      74   -0.16040504E+03
      75   -0.16445286E+03
      76   -0.16849032E+03
      77   -0.17252571E+03
      78   -0.17658047E+03
      79   -0.18066255E+03
      80   -0.18475386E+03
      81   -0.18888216E+03
      82   -0.19300100E+03
      83   -0.19713294E+03
      84   -0.20129089E+03
      85   -0.20550972E+03
      86   -0.20970177E+03
      87   -0.21388220E+03
      88   -0.21808079E+03
      89   -0.22233562E+03
      90   -0.22660750E+03
      91   -0.23089936E+03
      92   -0.23518129E+03
      93   -0.23949150E+03
      94   -0.24380829E+03
      95   -0.24812188E+03
      96   -0.25247225E+03
      97   -0.25680355E+03
      98   -0.26115258E+03
      99   -0.26549480E+03
     100   -0.26986975E+03
     101   -0.27426591E+03
     102   -0.27863759E+03
     103   -0.28301756E+03
     104   -0.28740543E+03
     105   -0.29180611E+03
     106   -0.29619282E+03
     107   -0.30061092E+03
     108   -0.30501401E+03
     109   -0.30939913E+03
     110   -0.31383174E+03
     111   -0.31826214E+03
     112   -0.32272366E+03
     113   -0.32717824E+03
     114   -0.33163446E+03
     115   -0.33608116E+03
     116   -0.34060002E+03
     117   -0.34510264E+03
     118   -0.34961343E+03
     119   -0.35412580E+03
     120   -0.35861373E+03
     121   -0.36313828E+03
     122   -0.36773260E+03
     123   -0.37232997E+03
     124   -0.37692690E+03
     125   -0.38156144E+03
     126   -0.38616010E+03
     127   -0.39081421E+03
     128   -0.39547513E+03
     129   -0.40018782E+03
     130   -0.40494242E+03
     131   -0.40974854E+03
     132   -0.41451081E+03
     133   -0.41933002E+03
     134   -0.42423391E+03
     135   -0.42918785E+03
     136   -0.43416034E+03
     137   -0.43911957E+03
     138   -0.44412211E+03
     139   -0.44914699E+03
     140   -0.45419954E+03
     141   -0.45931337E+03
     142   -0.46445016E+03
     143   -0.46960759E+03
     144   -0.47486059E+03
     145   -0.48009299E+03
     146   -0.48536882E+03
     147   -0.49074188E+03
     148   -0.49611125E+03
     149   -0.50149801E+03
     150   -0.50691074E+03
     151   -0.51234480E+03
     152   -0.51783186E+03
     153   -0.52329731E+03
     154   -0.52884190E+03
     155   -0.53430295E+03
     156   -0.53989027E+03
     157   -0.54545710E+03
     158   -0.55103983E+03
     159   -0.55665497E+03
     160   -0.56228506E+03
     161   -0.56787425E+03
     162   -0.57346604E+03
     163   -0.57902649E+03
     164   -0.58467214E+03
     165   -0.59028303E+03
     166   -0.59590708E+03
     167   -0.60153534E+03
     168   -0.60714935E+03
     169   -0.61280144E+03
     170   -0.61842738E+03
     171   -0.62404737E+03
     172   -0.62967921E+03
     173   -0.63533778E+03
     174   -0.64097896E+03
     175   -0.64658367E+03
     176   -0.65214183E+03
     177   -0.65768901E+03
     178   -0.66322170E+03
     179   -0.66874295E+03
     180   -0.67439409E+03
     181   -0.67997421E+03
     182   -0.68548847E+03
     183   -0.69099300E+03
     184   -0.69652415E+03
     185   -0.70205463E+03
     186   -0.70761894E+03
     187   -0.71315034E+03
     188   -0.71863845E+03
     189   -0.72415778E+03
     190   -0.72963943E+03
     191   -0.73514818E+03
     192   -0.74056143E+03
     193   -0.74594127E+03
     194   -0.75141415E+03
     195   -0.75676624E+03
     196   -0.76216431E+03
     197   -0.76753805E+03
     198   -0.77290204E+03
     199   -0.77822316E+03
     200   -0.78351928E+03
     201   -0.78884356E+03
     202   -0.79411606E+03
     203   -0.79937140E+03
     204   -0.80458601E+03
     205   -0.80985738E+03
     206   -0.81509510E+03
     207   -0.82034809E+03
     208   -0.82555918E+03
     209   -0.83071343E+03
     210   -0.83582708E+03
     211   -0.84093466E+03
     212   -0.84593714E+03
     213   -0.85092201E+03
     214   -0.85589883E+03
     215   -0.86077474E+03
     216   -0.86556310E+03
     217   -0.87051054E+03
     218   -0.87538780E+03
     219   -0.88015622E+03
     220   -0.88496892E+03
     221   -0.88978212E+03
     222   -0.89455761E+03
     223   -0.89929154E+03
     224   -0.90400195E+03
     225   -0.90874733E+03
     226   -0.91347800E+03
     227   -0.91824141E+03
     228   -0.92308799E+03
     229   -0.92789177E+03
     230   -0.93274594E+03
     231   -0.93761913E+03
     232   -0.94248570E+03
     233   -0.94737042E+03
     234   -0.95231948E+03
     235   -0.95733357E+03
     236   -0.96248831E+03
     237   -0.96760196E+03
     238   -0.97271929E+03
     239   -0.97798445E+03
     240   -0.98329695E+03
     241   -0.98864657E+03
     242   -0.99408275E+03
     243   -0.99945204E+03
     244   -0.10050089E+04
     245   -0.10105728E+04
     246   -0.10161334E+04
     247   -0.10217169E+04
     248   -0.10273900E+04
     249   -0.10331247E+04
     250   -0.10388601E+04
     251   -0.10446403E+04
     252   -0.10503875E+04
     253   -0.10562364E+04
     254   -0.10621323E+04
     255   -0.10679266E+04
     256   -0.10736265E+04
     257   -0.10793478E+04
     258   -0.10851981E+04
     259   -0.10910711E+04
     260   -0.10969835E+04
     261   -0.11029489E+04
     262   -0.11088081E+04
     263   -0.11147258E+04
     264   -0.11205981E+04
     265   -0.11266288E+04
     266   -0.11326259E+04
     267   -0.11386104E+04
     268   -0.11445908E+04
     269   -0.11504956E+04
     270   -0.11564026E+04
     271   -0.11623032E+04
     272   -0.11682928E+04
     273   -0.11743228E+04
     274   -0.11803610E+04
     275   -0.11864920E+04
     276   -0.11923940E+04
     277   -0.11983354E+04
     278   -0.12042647E+04
     279   -0.12101000E+04
     280   -0.12161801E+04
     281   -0.12220132E+04
     282   -0.12279613E+04
     283   -0.12339444E+04
     284   -0.12398348E+04
     285   -0.12458274E+04
     286   -0.12517916E+04
     287   -0.12575946E+04
     288   -0.12634989E+04
     289   -0.12694844E+04
     290   -0.12755095E+04
     291   -0.12814727E+04
     292   -0.12873576E+04
     293   -0.12933193E+04
     294   -0.12992489E+04
     295   -0.13050398E+04
     296   -0.13108817E+04
     297   -0.13170058E+04
     298   -0.13230454E+04
     299   -0.13289750E+04
     300   -0.13348870E+04
     301   -0.13408806E+04
     302   -0.13469657E+04
     303   -0.13528693E+04
     304   -0.13588589E+04
     305   -0.13650654E+04
     306   -0.13710133E+04
     307   -0.13771213E+04
     308   -0.13831938E+04
     309   -0.13892605E+04
     310   -0.13954473E+04
     311   -0.14017035E+04
     312   -0.14081575E+04
     313   -0.14145489E+04
     314   -0.14210412E+04
     315   -0.14275668E+04
     316   -0.14343158E+04
     317   -0.14410794E+04
     318   -0.14480115E+04
     319   -0.14549082E+04
     320   -0.14620473E+04
     321   -0.14692858E+04
     322   -0.14766199E+04
     323   -0.14841550E+04
     324   -0.14918398E+04
     325   -0.14995972E+04
     326   -0.15075109E+04
     327   -0.15153626E+04
     328   -0.15235255E+04
     329   -0.15316576E+04
     330   -0.15399454E+04
     331   -0.15483915E+04
     332   -0.15568297E+04
     333   -0.15652684E+04
     334   -0.15738891E+04
     335   -0.15825566E+04
     336   -0.15914817E+04
     337   -0.16003839E+04
     338   -0.16093625E+04
     339   -0.16183499E+04
     340   -0.16274205E+04
     341   -0.16365535E+04
     342   -0.16457039E+04
     343   -0.16548796E+04
     344   -0.16641659E+04
     345   -0.16734149E+04
     346   -0.16828909E+04
     347   -0.16923138E+04
     348   -0.17017010E+04
     349   -0.17111636E+04
     350   -0.17208005E+04
     351   -0.17302885E+04
     352   -0.17398382E+04
     353   -0.17495016E+04
     354   -0.17593004E+04
     355   -0.17689678E+04
     356   -0.17786377E+04
     357   -0.17885112E+04
     358   -0.17982956E+04
     359   -0.18081519E+04
     360   -0.18182323E+04
     361   -0.18282164E+04
     362   -0.18382993E+04
     363   -0.18482304E+04
     364   -0.18582799E+04
     365   -0.18683386E+04
     366   -0.18784799E+04
     367   -0.18883466E+04
     368   -0.18986052E+04
     369   -0.19089170E+04
     370   -0.19192068E+04
     371   -0.19294258E+04
     372   -0.19398126E+04
     373   -0.19500245E+04
     374   -0.19605747E+04
     375   -0.19710353E+04
     376   -0.19814048E+04
     377   -0.19918467E+04
     378   -0.20023632E+04
     379   -0.20129957E+04
     380   -0.20234374E+04
     381   -0.20339561E+04
     382   -0.20444347E+04
     383   -0.20547557E+04
     384   -0.20654623E+04
     385   -0.20757771E+04
     386   -0.20862673E+04
     387   -0.20971317E+04
     388   -0.21074663E+04
     389   -0.21180976E+04
     390   -0.21290584E+04
     391   -0.21397289E+04
     392   -0.21503783E+04
     393   -0.21610286E+04
     394   -0.21716615E+04
     395   -0.21822660E+04
     396   -0.21932298E+04
     397   -0.22038588E+04
     398   -0.22146075E+04
     399   -0.22253384E+04
     400   -0.22363052E+04
     401   -0.22470987E+04
     402   -0.22578252E+04
     403   -0.22690464E+04
     404   -0.22800236E+04
     405   -0.22906866E+04
     406   -0.23017255E+04
     407   -0.23130526E+04
     408   -0.23240732E+04
     409   -0.23347002E+04
     410   -0.23458931E+04
     411   -0.23572359E+04
     412   -0.23678381E+04
     413   -0.23793717E+04
     414   -0.23898975E+04
     415   -0.24005714E+04
     416   -0.24111569E+04
     417   -0.24221465E+04
     418   -0.24333236E+04
     419   -0.24442401E+04
     420   -0.24552413E+04
     421   -0.24671477E+04
     422   -0.24776073E+04
     423   -0.24884428E+04
     424   -0.25002914E+04
     425   -0.25113888E+04
     426   -0.25226916E+04
     427   -0.25334697E+04
     428   -0.25445201E+04
     429   -0.25552927E+04
     430   -0.25675030E+04
     431   -0.25779195E+04
     432   -0.25888694E+04
     433   -0.26002047E+04
     434   -0.26105316E+04
     435   -0.26209064E+04
     436   -0.26325420E+04
     437   -0.26447745E+04
     438   -0.26561330E+04
     439   -0.26659952E+04
     440   -0.26766966E+04
     441   -0.26871651E+04
     442   -0.26982857E+04
     443   -0.27092248E+04
     444   -0.27206166E+04
     445   -0.27314055E+04
     446   -0.27423669E+04
     447   -0.27530479E+04
     448   -0.27651449E+04
     449   -0.27771487E+04
     450   -0.27868111E+04
     451   -0.27977113E+04
     452   -0.28079134E+04
     453   -0.28186812E+04
     454   -0.28296637E+04
     455   -0.28397442E+04
     456   -0.28505993E+04
     457   -0.28618696E+04
     458   -0.28719326E+04
     459   -0.28841407E+04
     460   -0.28952848E+04
     461   -0.29064690E+04
     462   -0.29172894E+04
     463   -0.29283635E+04
     464   -0.29386413E+04
     465   -0.29494307E+04
     466   -0.29603614E+04
     467   -0.29685061E+04
     468   -0.29799230E+04
     469   -0.29903629E+04
     470   -0.30024837E+04
