       0   -0.22541876E-09
       1   -0.60574023E-03
       2   -0.34899379E-01
       3   -0.10308173E+00
       4   -0.20510837E+00
       5   -0.34105777E+00
       6   -0.51045258E+00
       7   -0.71352897E+00
       8   -0.95065299E+00
       9   -0.12221628E+01
      10   -0.15273627E+01
      11   -0.18666882E+01
      12   -0.22393371E+01
      13   -0.26458508E+01
      14   -0.30866911E+01
      15   -0.35613917E+01
      16   -0.40713366E+01
      17   -0.46129834E+01
      18   -0.51884607E+01
      19   -0.57978851E+01
      20   -0.64413750E+01
      21   -0.71191600E+01
      22   -0.78321128E+01
      23   -0.85785630E+01
      24   -0.93604621E+01
      25   -0.10174344E+02
      26   -0.11021318E+02
      27   -0.11903259E+02
      28   -0.12818418E+02
      29   -0.13766361E+02
      30   -0.14747848E+02
      31   -0.15765164E+02
      32   -0.16819009E+02
      33   -0.17902860E+02
      34   -0.19022771E+02
      35   -0.20180255E+02
      36   -0.21370246E+02
      37   -0.22590870E+02
      38   -0.23846400E+02
      39   -0.25133679E+02
      40   -0.26459572E+02
      41   -0.27808681E+02
      42   -0.29192501E+02
      43   -0.30618631E+02
      44   -0.32079652E+02
      45   -0.33571310E+02
      46   -0.35097280E+02
      47   -0.36650315E+02
      48   -0.38247336E+02
      49   -0.39874485E+02
      50   -0.41536992E+02
      51   -0.43224767E+02
      52   -0.44952765E+02
      53   -0.46713941E+02
      54   -0.48502656E+02
      55   -0.50325496E+02
      56   -0.52187366E+02
      57   -0.54071573E+02
      58   -0.55991671E+02
      59   -0.57937585E+02
      60   -0.59923604E+02
      61   -0.61941474E+02
      62   -0.63990138E+02
      63   -0.66073175E+02
      64   -0.68185843E+02
      65   -0.70328189E+02
      66   -0.72509812E+02
      67   -0.74725860E+02
      68   -0.76961263E+02
      69   -0.79234349E+02
      70   -0.81538425E+02
      71   -0.83881966E+02
      72   -0.86247890E+02
      73   -0.88646101E+02
      74   -0.91069806E+02
      75   -0.93523709E+02
      76   -0.96009885E+02
      77   -0.98528597E+02
      78   -0.10107685E+03
      79   -0.10364976E+03
      80   -0.10625710E+03
      81   -0.10888403E+03
      82   -0.11153547E+03
      83   -0.11421841E+03
      84   -0.11692926E+03
      85   -0.11967167E+03
      86   -0.12244476E+03
      87   -0.12526527E+03
      88   -0.12808540E+03
      89   -0.13094748E+03
      90   -0.13383733E+03
      91   -0.13674625E+03
      92   -0.13967270E+03
      93   -0.14263583E+03
      94   -0.14561966E+03
      95   -0.14862386E+03
      96   -0.15166215E+03
      97   -0.15472863E+03
      98   -0.15781621E+03
      99   -0.16092418E+03
     100   -0.16408325E+03
     101   -0.16727753E+03
     102   -0.17047670E+03
     103   -0.17368825E+03
     104   -0.17692029E+03
     105   -0.18018052E+03
     106   -0.18348219E+03
     107   -0.18680911E+03
     108   -0.19015288E+03
     109   -0.19352620E+03
     110   -0.19689640E+03
     111   -0.20031343E+03
     112   -0.20373652E+03
     113   -0.20719598E+03
     114   -0.21069078E+03
     115   -0.21418251E+03
     116   -0.21769527E+03
     117   -0.22122737E+03
     118   -0.22480535E+03
     119   -0.22839777E+03
     120   -0.23200252E+03
     121   -0.23563493E+03
     122   -0.23930562E+03
     123   -0.24299022E+03
     124   -0.24670004E+03
     125   -0.25042579E+03
     126   -0.25416800E+03
     127   -0.25791298E+03
     128   -0.26166890E+03
     129   -0.26545913E+03
     130   -0.26928207E+03
     131   -0.27309025E+03
     132   -0.27693452E+03
     133   -0.28077564E+03
     134   -0.28466230E+03
     135   -0.28856551E+03
     136   -0.29249052E+03
     137   -0.29643406E+03
     138   -0.30041113E+03
     139   -0.30437158E+03
     140   -0.30840192E+03
     141   -0.31241287E+03
     142   -0.31644599E+03
     143   -0.32052440E+03
     144   -0.32460393E+03
     145   -0.32867741E+03
     146   -0.33275187E+03
     147   -0.33688288E+03
     148   -0.34102476E+03
     149   -0.34518161E+03
     150   -0.34939220E+03
     151   -0.35358844E+03
     152   -0.35778210E+03
     153   -0.36204583E+03
     154   -0.36631133E+03
     155   -0.37058050E+03
     156   -0.37487347E+03
     157   -0.37914045E+03
     158   -0.38347414E+03
     159   -0.38783505E+03
     160   -0.39221534E+03
     161   -0.39656939E+03
     162   -0.40094977E+03
     163   -0.40538607E+03
     164   -0.40981293E+03
     165   -0.41422791E+03
     166   -0.41867625E+03
     167   -0.42319252E+03
     168   -0.42770053E+03
     169   -0.43222663E+03
     170   -0.43674742E+03
     171   -0.44128057E+03
     172   -0.44580672E+03
     173   -0.45040384E+03
     174   -0.45500384E+03
     175   -0.45964005E+03
     176   -0.46425389E+03
     177   -0.46890836E+03
     178   -0.47359084E+03
     179   -0.47828308E+03
     180   -0.48301246E+03
     181   -0.48775748E+03
     182   -0.49253229E+03
     183   -0.49728890E+03
     184   -0.50203114E+03
     185   -0.50681085E+03
     186   -0.51164030E+03
     187   -0.51646296E+03
     188   -0.52127416E+03
     189   -0.52614010E+03
     190   -0.53103692E+03
     191   -0.53597512E+03
     192   -0.54088818E+03
     193   -0.54587001E+03
     194   -0.55081693E+03
     195   -0.55582408E+03
     196   -0.56079445E+03
     197   -0.56584121E+03
     198   -0.57085149E+03
     199   -0.57589646E+03
     200   -0.58098930E+03
     201   -0.58608894E+03
     202   -0.59123642E+03
     203   -0.59636791E+03
     204   -0.60149018E+03
     205   -0.60669644E+03
     206   -0.61190515E+03
     207   -0.61714219E+03
     208   -0.62238314E+03
     209   -0.62766668E+03
     210   -0.63295869E+03
     211   -0.63829966E+03
     212   -0.64363763E+03
     213   -0.64901427E+03
     214   -0.65437945E+03
     215   -0.65977365E+03
     216   -0.66518059E+03
     217   -0.67061567E+03
     218   -0.67610319E+03
     219   -0.68156805E+03
     220   -0.68711111E+03
     221   -0.69265269E+03
     222   -0.69819270E+03
     223   -0.70375481E+03
     224   -0.70935254E+03
     225   -0.71499829E+03
     226   -0.72064241E+03
     227   -0.72634210E+03
     228   -0.73205262E+03
     229   -0.73775967E+03
     230   -0.74351856E+03
     231   -0.74932767E+03
     232   -0.75517109E+03
     233   -0.76101362E+03
     234   -0.76687843E+03
     235   -0.77275754E+03
     236   -0.77864973E+03
     237   -0.78457697E+03
     238   -0.79047550E+03
     239   -0.79647978E+03
     240   -0.80250231E+03
     241   -0.80853755E+03
     242   -0.81461560E+03
     243   -0.82067496E+03
     244   -0.82675771E+03
     245   -0.83288009E+03
     246   -0.83908058E+03
     247   -0.84529509E+03
     248   -0.85150105E+03
     249   -0.85774512E+03
     250   -0.86401511E+03
     251   -0.87033954E+03
     252   -0.87664414E+03
     253   -0.88295961E+03
     254   -0.88936700E+03
     255   -0.89580796E+03
     256   -0.90230043E+03
     257   -0.90885033E+03
     258   -0.91537726E+03
     259   -0.92195997E+03
     260   -0.92855843E+03
     261   -0.93522079E+03
     262   -0.94186578E+03
     263   -0.94856994E+03
     264   -0.95531886E+03
     265   -0.96207057E+03
     266   -0.96884850E+03
     267   -0.97566029E+03
     268   -0.98254247E+03
     269   -0.98943234E+03
     270   -0.99633106E+03
     271   -0.10032654E+04
     272   -0.10102287E+04
     273   -0.10172598E+04
     274   -0.10242539E+04
     275   -0.10313573E+04
     276   -0.10384583E+04
     277   -0.10455573E+04
     278   -0.10527712E+04
     279   -0.10599681E+04
     280   -0.10672023E+04
     281   -0.10744616E+04
     282   -0.10817700E+04
     283   -0.10891498E+04
     284   -0.10965292E+04
     285   -0.11038895E+04
     286   -0.11113460E+04
     287   -0.11188578E+04
     288   -0.11262703E+04
     289   -0.11337663E+04
     290   -0.11413573E+04
     291   -0.11489314E+04
     292   -0.11565719E+04
     293   -0.11642162E+04
     294   -0.11718744E+04
     295   -0.11796416E+04
     296   -0.11874438E+04
     297   -0.11952010E+04
     298   -0.12029734E+04
     299   -0.12108358E+04
     300   -0.12186039E+04
     301   -0.12265558E+04
     302   -0.12345118E+04
     303   -0.12424464E+04
     304   -0.12503972E+04
     305   -0.12584058E+04
     306   -0.12665060E+04
     307   -0.12745865E+04
     308   -0.12827390E+04
     309   -0.12910077E+04
     310   -0.12991992E+04
     311   -0.13074010E+04
     312   -0.13155749E+04
     313   -0.13237740E+04
     314   -0.13321247E+04
     315   -0.13404942E+04
     316   -0.13487947E+04
     317   -0.13571740E+04
     318   -0.13656198E+04
     319   -0.13740245E+04
     320   -0.13824734E+04
     321   -0.13910451E+04
     322   -0.13996123E+04
     323   -0.14082299E+04
     324   -0.14168395E+04
     325   -0.14254615E+04
     326   -0.14342145E+04
     327   -0.14428338E+04
     328   -0.14515568E+04
     329   -0.14602545E+04
     330   -0.14689656E+04
     331   -0.14776609E+04
     332   -0.14863365E+04
     333   -0.14951491E+04
     334   -0.15041056E+04
     335   -0.15129989E+04
     336   -0.15218716E+04
     337   -0.15308691E+04
     338   -0.15399689E+04
     339   -0.15488713E+04
     340   -0.15579620E+04
     341   -0.15669425E+04
     342   -0.15760768E+04
     343   -0.15851386E+04
     344   -0.15944104E+04
     345   -0.16035244E+04
     346   -0.16126226E+04
     347   -0.16217642E+04
     348   -0.16309744E+04
     349   -0.16402037E+04
     350   -0.16495633E+04
     351   -0.16587590E+04
     352   -0.16681028E+04
     353   -0.16773067E+04
     354   -0.16866017E+04
     355   -0.16960522E+04
     356   -0.17054199E+04
     357   -0.17148120E+04
     358   -0.17243172E+04
     359   -0.17337875E+04
     360   -0.17432688E+04
     361   -0.17528274E+04
     362   -0.17621541E+04
     363   -0.17718575E+04
     364   -0.17814721E+04
     365   -0.17908345E+04
     366   -0.18005164E+04
     367   -0.18099640E+04
     368   -0.18194981E+04
     369   -0.18292856E+04
     370   -0.18388469E+04
     371   -0.18486166E+04
     372   -0.18583960E+04
     373   -0.18680464E+04
     374   -0.18777425E+04
     375   -0.18875538E+04
     376   -0.18970821E+04
     377   -0.19069710E+04
     378   -0.19166409E+04
     379   -0.19264383E+04
     380   -0.19361792E+04
     381   -0.19462358E+04
     382   -0.19559873E+04
     383   -0.19656508E+04
     384   -0.19756065E+04
     385   -0.19852457E+04
     386   -0.19950210E+04
     387   -0.20049023E+04
     388   -0.20148420E+04
     389   -0.20245820E+04
     390   -0.20344496E+04
     391   -0.20447030E+04
     392   -0.20543850E+04
     393   -0.20643264E+04
     394   -0.20744796E+04
     395   -0.20843456E+04
     396   -0.20941828E+04
     397   -0.21041337E+04
     398   -0.21142551E+04
     399   -0.21243943E+04
     400   -0.21345228E+04
