       0   -0.43592120E-09
       1   -0.60574044E-03
       2   -0.39028539E-01
       3   -0.11562657E+00
       4   -0.23024752E+00
       5   -0.38332442E+00
       6   -0.57512575E+00
       7   -0.80556040E+00
       8   -0.10750991E+01
       9   -0.13828552E+01
      10   -0.17310528E+01
      11   -0.21185496E+01
      12   -0.25452542E+01
      13   -0.30121211E+01
      14   -0.35190018E+01
      15   -0.40663225E+01
      16   -0.46564802E+01
      17   -0.52849680E+01
      18   -0.59578273E+01
      19   -0.66706091E+01
      20   -0.74235834E+01
      21   -0.82179772E+01
      22   -0.90582472E+01
      23   -0.99388429E+01
      24   -0.10860872E+02
      25   -0.11826024E+02
      26   -0.12838183E+02
      27   -0.13897140E+02
      28   -0.14996486E+02
      29   -0.16144268E+02
      30   -0.17338095E+02
      31   -0.18579368E+02
      32   -0.19868992E+02
      33   -0.21206725E+02
      34   -0.22589903E+02
      35   -0.24024262E+02
      36   -0.25511959E+02
      37   -0.27050139E+02
      38   -0.28633761E+02
      39   -0.30270764E+02
      40   -0.31961395E+02
      41   -0.33698686E+02
      42   -0.35490728E+02
      43   -0.37328255E+02
      44   -0.39227654E+02
      45   -0.41190967E+02
      46   -0.43202345E+02
      47   -0.45261212E+02
      48   -0.47373603E+02
      49   -0.49544756E+02
      50   -0.51768178E+02
      51   -0.54059968E+02
      52   -0.56390962E+02
      53   -0.58797198E+02
      54   -0.61264761E+02
      55   -0.63761718E+02
      56   -0.66332600E+02
      57   -0.68971919E+02
      58   -0.71659478E+02
      59   -0.74401941E+02
      60   -0.77170840E+02
      61   -0.80002620E+02
      62   -0.82890823E+02
      63   -0.85848849E+02
      64   -0.88855291E+02
      65   -0.91898375E+02
      66   -0.94996363E+02
      67   -0.98145987E+02
      68   -0.10131345E+03
      69   -0.10454862E+03
      70   -0.10783946E+03
      71   -0.11114468E+03
      72   -0.11449923E+03
      73   -0.11788376E+03
      74   -0.12130077E+03
      75   -0.12474140E+03
      76   -0.12822517E+03
      77   -0.13174091E+03
      78   -0.13529322E+03
      79   -0.13886009E+03
      80   -0.14246229E+03
      81   -0.14610182E+03
      82   -0.14977628E+03
      83   -0.15345483E+03
      84   -0.15717039E+03
      85   -0.16089378E+03
      86   -0.16465946E+03
      87   -0.16845232E+03
      88   -0.17229518E+03
      89   -0.17614539E+03
      90   -0.18000831E+03
      91   -0.18389124E+03
      92   -0.18777170E+03
      93   -0.19165889E+03
      94   -0.19560683E+03
      95   -0.19952874E+03
      96   -0.20347569E+03
      97   -0.20748086E+03
      98   -0.21148082E+03
      99   -0.21548819E+03
     100   -0.21949430E+03
     101   -0.22353391E+03
     102   -0.22757843E+03
     103   -0.23163804E+03
     104   -0.23574863E+03
     105   -0.23984181E+03
     106   -0.24393711E+03
     107   -0.24805931E+03
     108   -0.25220387E+03
     109   -0.25637547E+03
     110   -0.26054807E+03
     111   -0.26471331E+03
     112   -0.26890364E+03
     113   -0.27313241E+03
     114   -0.27733784E+03
     115   -0.28159102E+03
     116   -0.28583187E+03
     117   -0.29010549E+03
     118   -0.29438372E+03
     119   -0.29869225E+03
     120   -0.30302692E+03
     121   -0.30734381E+03
     122   -0.31167951E+03
     123   -0.31603722E+03
     124   -0.32040396E+03
     125   -0.32476806E+03
     126   -0.32918359E+03
     127   -0.33360645E+03
     128   -0.33801002E+03
     129   -0.34251904E+03
     130   -0.34700341E+03
     131   -0.35146940E+03
     132   -0.35598565E+03
     133   -0.36055492E+03
     134   -0.36513427E+03
     135   -0.36969237E+03
     136   -0.37423295E+03
     137   -0.37883503E+03
     138   -0.38345285E+03
     139   -0.38806992E+03
     140   -0.39271842E+03
     141   -0.39735797E+03
     142   -0.40205006E+03
     143   -0.40679285E+03
     144   -0.41153301E+03
     145   -0.41622829E+03
     146   -0.42096376E+03
     147   -0.42575537E+03
     148   -0.43054419E+03
     149   -0.43536936E+03
     150   -0.44024178E+03
     151   -0.44514576E+03
     152   -0.45000159E+03
     153   -0.45494059E+03
     154   -0.45977532E+03
     155   -0.46460963E+03
     156   -0.46951259E+03
     157   -0.47437734E+03
     158   -0.47930602E+03
     159   -0.48421776E+03
     160   -0.48910359E+03
     161   -0.49401868E+03
     162   -0.49898207E+03
     163   -0.50392081E+03
     164   -0.50886660E+03
     165   -0.51384854E+03
     166   -0.51885435E+03
     167   -0.52385319E+03
     168   -0.52885416E+03
     169   -0.53383879E+03
     170   -0.53879306E+03
     171   -0.54375481E+03
     172   -0.54873490E+03
     173   -0.55370868E+03
     174   -0.55857933E+03
     175   -0.56356875E+03
     176   -0.56859718E+03
     177   -0.57353460E+03
     178   -0.57849933E+03
     179   -0.58341421E+03
     180   -0.58834226E+03
     181   -0.59330867E+03
     182   -0.59828006E+03
     183   -0.60320447E+03
     184   -0.60818819E+03
     185   -0.61311307E+03
     186   -0.61804895E+03
     187   -0.62301412E+03
     188   -0.62796901E+03
     189   -0.63283751E+03
     190   -0.63780580E+03
     191   -0.64271778E+03
     192   -0.64769920E+03
     193   -0.65262748E+03
     194   -0.65761860E+03
     195   -0.66260954E+03
     196   -0.66760221E+03
     197   -0.67256010E+03
     198   -0.67751557E+03
     199   -0.68255026E+03
     200   -0.68756313E+03
     201   -0.69263721E+03
     202   -0.69765801E+03
     203   -0.70266474E+03
     204   -0.70769411E+03
     205   -0.71274649E+03
     206   -0.71776182E+03
     207   -0.72286191E+03
     208   -0.72795185E+03
     209   -0.73309371E+03
     210   -0.73807166E+03
     211   -0.74313737E+03
     212   -0.74819945E+03
     213   -0.75331082E+03
     214   -0.75844239E+03
     215   -0.76371115E+03
     216   -0.76889188E+03
     217   -0.77405245E+03
     218   -0.77925669E+03
     219   -0.78450960E+03
     220   -0.78971815E+03
     221   -0.79491468E+03
     222   -0.80009983E+03
     223   -0.80528035E+03
     224   -0.81055381E+03
     225   -0.81589730E+03
     226   -0.82123177E+03
     227   -0.82659874E+03
     228   -0.83203727E+03
     229   -0.83733857E+03
     230   -0.84273569E+03
     231   -0.84805167E+03
     232   -0.85340113E+03
     233   -0.85876675E+03
     234   -0.86419933E+03
     235   -0.86958665E+03
     236   -0.87503553E+03
     237   -0.88038196E+03
     238   -0.88580109E+03
     239   -0.89125363E+03
     240   -0.89670173E+03
     241   -0.90225881E+03
     242   -0.90772584E+03
     243   -0.91320476E+03
     244   -0.91878870E+03
     245   -0.92435010E+03
     246   -0.92995313E+03
     247   -0.93546676E+03
     248   -0.94105402E+03
     249   -0.94664484E+03
     250   -0.95223262E+03
     251   -0.95788420E+03
     252   -0.96360182E+03
     253   -0.96928977E+03
     254   -0.97491371E+03
     255   -0.98056439E+03
     256   -0.98628631E+03
     257   -0.99206788E+03
     258   -0.99788049E+03
     259   -0.10035549E+04
     260   -0.10093056E+04
     261   -0.10151028E+04
     262   -0.10208973E+04
     263   -0.10266905E+04
     264   -0.10324184E+04
     265   -0.10382654E+04
     266   -0.10441395E+04
     267   -0.10500337E+04
     268   -0.10559411E+04
     269   -0.10618859E+04
     270   -0.10678290E+04
     271   -0.10737731E+04
     272   -0.10797885E+04
     273   -0.10857422E+04
     274   -0.10919245E+04
     275   -0.10980838E+04
     276   -0.11042174E+04
     277   -0.11103161E+04
     278   -0.11164927E+04
     279   -0.11227323E+04
     280   -0.11289749E+04
     281   -0.11353458E+04
     282   -0.11416752E+04
     283   -0.11482663E+04
     284   -0.11547814E+04
     285   -0.11612969E+04
     286   -0.11678808E+04
     287   -0.11744741E+04
     288   -0.11811325E+04
     289   -0.11877893E+04
     290   -0.11944860E+04
     291   -0.12013023E+04
     292   -0.12082158E+04
     293   -0.12151271E+04
     294   -0.12221811E+04
     295   -0.12291874E+04
     296   -0.12363669E+04
     297   -0.12435772E+04
     298   -0.12508935E+04
     299   -0.12582370E+04
     300   -0.12655508E+04
     301   -0.12730038E+04
     302   -0.12805377E+04
     303   -0.12880634E+04
     304   -0.12956251E+04
     305   -0.13033167E+04
     306   -0.13109952E+04
     307   -0.13187435E+04
     308   -0.13265808E+04
     309   -0.13343765E+04
     310   -0.13422732E+04
     311   -0.13502537E+04
     312   -0.13582541E+04
     313   -0.13662942E+04
     314   -0.13744406E+04
     315   -0.13826327E+04
     316   -0.13909273E+04
     317   -0.13992157E+04
     318   -0.14075766E+04
     319   -0.14159953E+04
     320   -0.14244221E+04
     321   -0.14329326E+04
     322   -0.14413264E+04
     323   -0.14498584E+04
     324   -0.14583708E+04
     325   -0.14669746E+04
     326   -0.14756688E+04
     327   -0.14843294E+04
     328   -0.14930986E+04
     329   -0.15018993E+04
     330   -0.15108554E+04
     331   -0.15197425E+04
     332   -0.15287138E+04
     333   -0.15376267E+04
     334   -0.15464901E+04
     335   -0.15553960E+04
     336   -0.15644029E+04
     337   -0.15734671E+04
     338   -0.15825872E+04
     339   -0.15916873E+04
     340   -0.16010347E+04
     341   -0.16101364E+04
     342   -0.16194110E+04
     343   -0.16287532E+04
     344   -0.16380750E+04
     345   -0.16475589E+04
     346   -0.16568688E+04
     347   -0.16663630E+04
     348   -0.16758102E+04
     349   -0.16853297E+04
     350   -0.16949168E+04
     351   -0.17044983E+04
     352   -0.17140115E+04
     353   -0.17238424E+04
     354   -0.17335311E+04
     355   -0.17431605E+04
     356   -0.17528783E+04
     357   -0.17625958E+04
     358   -0.17723248E+04
     359   -0.17822967E+04
     360   -0.17920544E+04
     361   -0.18018631E+04
     362   -0.18115405E+04
     363   -0.18215477E+04
     364   -0.18314440E+04
     365   -0.18413589E+04
     366   -0.18512388E+04
     367   -0.18610661E+04
     368   -0.18709340E+04
     369   -0.18810547E+04
     370   -0.18910453E+04
     371   -0.19010701E+04
     372   -0.19112760E+04
     373   -0.19212518E+04
     374   -0.19314538E+04
     375   -0.19416398E+04
     376   -0.19516711E+04
     377   -0.19619279E+04
     378   -0.19724186E+04
     379   -0.19825250E+04
     380   -0.19928612E+04
     381   -0.20032074E+04
     382   -0.20134038E+04
     383   -0.20234468E+04
     384   -0.20338806E+04
     385   -0.20443126E+04
     386   -0.20547997E+04
     387   -0.20648028E+04
     388   -0.20755834E+04
     389   -0.20858239E+04
     390   -0.20961986E+04
     391   -0.21064267E+04
     392   -0.21167691E+04
     393   -0.21271603E+04
     394   -0.21378414E+04
     395   -0.21483544E+04
     396   -0.21589517E+04
     397   -0.21695066E+04
     398   -0.21800378E+04
     399   -0.21902630E+04
     400   -0.22009457E+04
     401   -0.22111235E+04
     402   -0.22218665E+04
     403   -0.22326751E+04
     404   -0.22430925E+04
     405   -0.22539076E+04
     406   -0.22648121E+04
     407   -0.22754400E+04
     408   -0.22863398E+04
     409   -0.22967047E+04
     410   -0.23072069E+04
     411   -0.23171530E+04
     412   -0.23286159E+04
     413   -0.23395209E+04
     414   -0.23495725E+04
     415   -0.23603370E+04
     416   -0.23710479E+04
     417   -0.23814653E+04
     418   -0.23916356E+04
     419   -0.24029530E+04
     420   -0.24134008E+04
     421   -0.24242843E+04
     422   -0.24351580E+04
     423   -0.24462674E+04
     424   -0.24564588E+04
     425   -0.24676530E+04
     426   -0.24783014E+04
     427   -0.24893250E+04
     428   -0.25004811E+04
     429   -0.25114598E+04
     430   -0.25217345E+04
     431   -0.25315934E+04
     432   -0.25423934E+04
     433   -0.25535911E+04
     434   -0.25640756E+04
     435   -0.25747339E+04
     436   -0.25855655E+04
     437   -0.25953156E+04
     438   -0.26071570E+04
     439   -0.26173022E+04
     440   -0.26274370E+04
     441   -0.26375102E+04
     442   -0.26487285E+04
     443   -0.26586841E+04
     444   -0.26701577E+04
     445   -0.26815672E+04
     446   -0.26913239E+04
     447   -0.27023798E+04
     448   -0.27128143E+04
     449   -0.27220025E+04
     450   -0.27335586E+04
     451   -0.27436953E+04
     452   -0.27538031E+04
     453   -0.27639436E+04
     454   -0.27741446E+04
     455   -0.27869319E+04
     456   -0.27960894E+04
     457   -0.28052915E+04
     458   -0.28164617E+04
     459   -0.28278691E+04
     460   -0.28377093E+04
     461   -0.28480497E+04
     462   -0.28584732E+04
     463   -0.28697650E+04
     464   -0.28787262E+04
     465   -0.28900596E+04
