       0   -0.34206855E-09
       1   -0.60574034E-03
       2   -0.34957468E-01
       3   -0.10314227E+00
       4   -0.20519227E+00
       5   -0.34071848E+00
       6   -0.51042909E+00
       7   -0.71412605E+00
       8   -0.95102538E+00
       9   -0.12219593E+01
      10   -0.15270398E+01
      11   -0.18663743E+01
      12   -0.22387870E+01
      13   -0.26453984E+01
      14   -0.30856976E+01
      15   -0.35604792E+01
      16   -0.40681904E+01
      17   -0.46105500E+01
      18   -0.51853650E+01
      19   -0.57964357E+01
      20   -0.64402752E+01
      21   -0.71191889E+01
      22   -0.78310038E+01
      23   -0.85763492E+01
      24   -0.93555009E+01
      25   -0.10167654E+02
      26   -0.11013312E+02
      27   -0.11894818E+02
      28   -0.12811199E+02
      29   -0.13762540E+02
      30   -0.14746871E+02
      31   -0.15764855E+02
      32   -0.16816846E+02
      33   -0.17906435E+02
      34   -0.19023153E+02
      35   -0.20179390E+02
      36   -0.21369763E+02
      37   -0.22589598E+02
      38   -0.23843779E+02
      39   -0.25133232E+02
      40   -0.26457062E+02
      41   -0.27809899E+02
      42   -0.29200121E+02
      43   -0.30620261E+02
      44   -0.32082751E+02
      45   -0.33572315E+02
      46   -0.35096053E+02
      47   -0.36654602E+02
      48   -0.38250320E+02
      49   -0.39869352E+02
      50   -0.41525787E+02
      51   -0.43214644E+02
      52   -0.44945150E+02
      53   -0.46706434E+02
      54   -0.48499134E+02
      55   -0.50321768E+02
      56   -0.52175642E+02
      57   -0.54063824E+02
      58   -0.55978749E+02
      59   -0.57929808E+02
      60   -0.59918334E+02
      61   -0.61937495E+02
      62   -0.63978425E+02
      63   -0.66050084E+02
      64   -0.68161862E+02
      65   -0.70308404E+02
      66   -0.72482852E+02
      67   -0.74694398E+02
      68   -0.76943590E+02
      69   -0.79218830E+02
      70   -0.81517871E+02
      71   -0.83845969E+02
      72   -0.86211370E+02
      73   -0.88614847E+02
      74   -0.91045546E+02
      75   -0.93501061E+02
      76   -0.95992451E+02
      77   -0.98497690E+02
      78   -0.10104936E+03
      79   -0.10362309E+03
      80   -0.10622233E+03
      81   -0.10885279E+03
      82   -0.11150629E+03
      83   -0.11419543E+03
      84   -0.11690609E+03
      85   -0.11964619E+03
      86   -0.12241980E+03
      87   -0.12520751E+03
      88   -0.12802156E+03
      89   -0.13088320E+03
      90   -0.13376321E+03
      91   -0.13668482E+03
      92   -0.13963358E+03
      93   -0.14259786E+03
      94   -0.14560538E+03
      95   -0.14862550E+03
      96   -0.15168707E+03
      97   -0.15475903E+03
      98   -0.15787425E+03
      99   -0.16100232E+03
     100   -0.16415468E+03
     101   -0.16732651E+03
     102   -0.17052392E+03
     103   -0.17372122E+03
     104   -0.17695537E+03
     105   -0.18021824E+03
     106   -0.18350514E+03
     107   -0.18681701E+03
     108   -0.19014731E+03
     109   -0.19351746E+03
     110   -0.19689890E+03
     111   -0.20030735E+03
     112   -0.20375373E+03
     113   -0.20719709E+03
     114   -0.21065810E+03
     115   -0.21417343E+03
     116   -0.21770397E+03
     117   -0.22125514E+03
     118   -0.22482290E+03
     119   -0.22843448E+03
     120   -0.23207001E+03
     121   -0.23570347E+03
     122   -0.23936253E+03
     123   -0.24301957E+03
     124   -0.24671246E+03
     125   -0.25043158E+03
     126   -0.25416640E+03
     127   -0.25793519E+03
     128   -0.26170781E+03
     129   -0.26551007E+03
     130   -0.26930744E+03
     131   -0.27312890E+03
     132   -0.27696378E+03
     133   -0.28082366E+03
     134   -0.28472076E+03
     135   -0.28862197E+03
     136   -0.29252004E+03
     137   -0.29646996E+03
     138   -0.30042713E+03
     139   -0.30439082E+03
     140   -0.30840032E+03
     141   -0.31243958E+03
     142   -0.31649647E+03
     143   -0.32055650E+03
     144   -0.32462699E+03
     145   -0.32871103E+03
     146   -0.33281142E+03
     147   -0.33692678E+03
     148   -0.34110142E+03
     149   -0.34525322E+03
     150   -0.34941157E+03
     151   -0.35360634E+03
     152   -0.35780477E+03
     153   -0.36204312E+03
     154   -0.36633426E+03
     155   -0.37063112E+03
     156   -0.37488986E+03
     157   -0.37916748E+03
     158   -0.38346936E+03
     159   -0.38780482E+03
     160   -0.39215477E+03
     161   -0.39648951E+03
     162   -0.40090014E+03
     163   -0.40530952E+03
     164   -0.40976058E+03
     165   -0.41422270E+03
     166   -0.41866621E+03
     167   -0.42313679E+03
     168   -0.42763146E+03
     169   -0.43213167E+03
     170   -0.43668304E+03
     171   -0.44121502E+03
     172   -0.44580847E+03
     173   -0.45043872E+03
     174   -0.45502120E+03
     175   -0.45964350E+03
     176   -0.46426401E+03
     177   -0.46888419E+03
     178   -0.47353922E+03
     179   -0.47821946E+03
     180   -0.48296202E+03
     181   -0.48771791E+03
     182   -0.49246938E+03
     183   -0.49724249E+03
     184   -0.50203980E+03
     185   -0.50682927E+03
     186   -0.51162237E+03
     187   -0.51646458E+03
     188   -0.52132775E+03
     189   -0.52618406E+03
     190   -0.53110955E+03
     191   -0.53602974E+03
     192   -0.54092951E+03
     193   -0.54583905E+03
     194   -0.55079797E+03
     195   -0.55574872E+03
     196   -0.56075193E+03
     197   -0.56577763E+03
     198   -0.57082144E+03
     199   -0.57588612E+03
     200   -0.58097381E+03
     201   -0.58605797E+03
     202   -0.59120061E+03
     203   -0.59637889E+03
     204   -0.60152093E+03
     205   -0.60674583E+03
     206   -0.61196829E+03
     207   -0.61715515E+03
     208   -0.62237536E+03
     209   -0.62763295E+03
     210   -0.63292596E+03
     211   -0.63819148E+03
     212   -0.64349908E+03
     213   -0.64885979E+03
     214   -0.65421093E+03
     215   -0.65963439E+03
     216   -0.66507965E+03
     217   -0.67050494E+03
     218   -0.67595540E+03
     219   -0.68143923E+03
     220   -0.68690485E+03
     221   -0.69247402E+03
     222   -0.69803414E+03
     223   -0.70356111E+03
     224   -0.70914567E+03
     225   -0.71476619E+03
     226   -0.72044514E+03
     227   -0.72609453E+03
     228   -0.73176631E+03
     229   -0.73748997E+03
     230   -0.74330470E+03
     231   -0.74902660E+03
     232   -0.75482921E+03
     233   -0.76068852E+03
     234   -0.76652694E+03
     235   -0.77237123E+03
     236   -0.77825623E+03
     237   -0.78420194E+03
     238   -0.79018149E+03
     239   -0.79615044E+03
     240   -0.80212429E+03
     241   -0.80825247E+03
     242   -0.81430801E+03
     243   -0.82043565E+03
     244   -0.82655037E+03
     245   -0.83270778E+03
     246   -0.83891822E+03
     247   -0.84510026E+03
     248   -0.85131861E+03
     249   -0.85756437E+03
     250   -0.86383527E+03
     251   -0.87021036E+03
     252   -0.87658981E+03
     253   -0.88295256E+03
     254   -0.88937494E+03
     255   -0.89584013E+03
     256   -0.90232976E+03
     257   -0.90881390E+03
     258   -0.91537399E+03
     259   -0.92191165E+03
     260   -0.92851324E+03
     261   -0.93513082E+03
     262   -0.94183859E+03
     263   -0.94846337E+03
     264   -0.95514847E+03
     265   -0.96191091E+03
     266   -0.96867993E+03
     267   -0.97553449E+03
     268   -0.98236124E+03
     269   -0.98923982E+03
     270   -0.99618186E+03
     271   -0.10030775E+04
     272   -0.10100669E+04
     273   -0.10170975E+04
     274   -0.10241740E+04
     275   -0.10312128E+04
     276   -0.10383942E+04
     277   -0.10455101E+04
     278   -0.10526567E+04
     279   -0.10598764E+04
     280   -0.10671279E+04
     281   -0.10743929E+04
     282   -0.10816949E+04
     283   -0.10889977E+04
     284   -0.10963856E+04
     285   -0.11038459E+04
     286   -0.11112787E+04
     287   -0.11187806E+04
     288   -0.11262725E+04
     289   -0.11337899E+04
     290   -0.11413374E+04
     291   -0.11488866E+04
     292   -0.11564960E+04
     293   -0.11641398E+04
     294   -0.11717594E+04
     295   -0.11794906E+04
     296   -0.11873429E+04
     297   -0.11951304E+04
     298   -0.12029579E+04
     299   -0.12108614E+04
     300   -0.12187448E+04
     301   -0.12266853E+04
     302   -0.12346535E+04
     303   -0.12426478E+04
     304   -0.12506194E+04
     305   -0.12586407E+04
     306   -0.12666577E+04
     307   -0.12747234E+04
     308   -0.12828002E+04
     309   -0.12909467E+04
     310   -0.12991467E+04
     311   -0.13073993E+04
     312   -0.13155890E+04
     313   -0.13237691E+04
     314   -0.13321503E+04
     315   -0.13404990E+04
     316   -0.13489452E+04
     317   -0.13573548E+04
     318   -0.13657556E+04
     319   -0.13743013E+04
     320   -0.13828214E+04
     321   -0.13913100E+04
     322   -0.13998129E+04
     323   -0.14083337E+04
     324   -0.14169348E+04
     325   -0.14255688E+04
     326   -0.14343010E+04
     327   -0.14429032E+04
     328   -0.14515488E+04
     329   -0.14602464E+04
     330   -0.14690273E+04
     331   -0.14777819E+04
     332   -0.14865104E+04
     333   -0.14953339E+04
     334   -0.15042395E+04
     335   -0.15131498E+04
     336   -0.15221320E+04
     337   -0.15309791E+04
     338   -0.15399982E+04
     339   -0.15489671E+04
     340   -0.15579959E+04
     341   -0.15669927E+04
     342   -0.15762143E+04
     343   -0.15852747E+04
     344   -0.15944746E+04
     345   -0.16035084E+04
     346   -0.16127036E+04
     347   -0.16218707E+04
     348   -0.16311295E+04
     349   -0.16402430E+04
     350   -0.16494176E+04
     351   -0.16586838E+04
     352   -0.16680144E+04
     353   -0.16772916E+04
     354   -0.16866894E+04
     355   -0.16959033E+04
     356   -0.17052055E+04
     357   -0.17146161E+04
     358   -0.17240150E+04
     359   -0.17335774E+04
     360   -0.17430149E+04
     361   -0.17525301E+04
     362   -0.17620038E+04
     363   -0.17715857E+04
     364   -0.17812101E+04
     365   -0.17907352E+04
     366   -0.18003452E+04
     367   -0.18099722E+04
     368   -0.18196967E+04
     369   -0.18292703E+04
     370   -0.18388599E+04
     371   -0.18486063E+04
     372   -0.18581436E+04
     373   -0.18678072E+04
     374   -0.18775146E+04
     375   -0.18872797E+04
     376   -0.18970536E+04
     377   -0.19067272E+04
     378   -0.19164830E+04
     379   -0.19262239E+04
     380   -0.19358408E+04
     381   -0.19456792E+04
     382   -0.19552171E+04
     383   -0.19651936E+04
     384   -0.19750822E+04
     385   -0.19849149E+04
     386   -0.19945949E+04
     387   -0.20044984E+04
     388   -0.20145807E+04
     389   -0.20242484E+04
     390   -0.20344323E+04
     391   -0.20444304E+04
     392   -0.20543740E+04
     393   -0.20641966E+04
     394   -0.20743060E+04
     395   -0.20841161E+04
     396   -0.20940930E+04
     397   -0.21043546E+04
     398   -0.21139710E+04
     399   -0.21240670E+04
     400   -0.21341702E+04
