    0.0000000000E+00    -0.9205258893E+02
    0.1000000000E+01    -0.9001387270E+02
    0.2000000000E+01    -0.8864302167E+02
    0.3000000000E+01    -0.8765278687E+02
    0.4000000000E+01    -0.8692633215E+02
    0.5000000000E+01    -0.8639862308E+02
    0.6000000000E+01    -0.8602876063E+02
    0.7000000000E+01    -0.8578807958E+02
    0.8000000000E+01    -0.8565630719E+02
    0.9000000000E+01    -0.8561764868E+02
    0.1000000000E+02    -0.8565979095E+02
    0.1100000000E+02    -0.8577237266E+02
    0.1200000000E+02    -0.8594763868E+02
    0.1300000000E+02    -0.8617857119E+02
    0.1400000000E+02    -0.8645916972E+02
    0.1500000000E+02    -0.8678478835E+02
    0.1600000000E+02    -0.8715058423E+02
    0.1700000000E+02    -0.8755250526E+02
    0.1800000000E+02    -0.8798648628E+02
    0.1900000000E+02    -0.8845033451E+02
    0.2000000000E+02    -0.8894116267E+02
    0.2100000000E+02    -0.8945598187E+02
    0.2200000000E+02    -0.8999407908E+02
    0.2300000000E+02    -0.9055115313E+02
    0.2400000000E+02    -0.9112707147E+02
    0.2500000000E+02    -0.9171956861E+02
    0.2600000000E+02    -0.9232690777E+02
    0.2700000000E+02    -0.9294798735E+02
    0.2800000000E+02    -0.9358037549E+02
    0.2900000000E+02    -0.9422428729E+02
    0.3000000000E+02    -0.9487853073E+02
    0.3100000000E+02    -0.9554015596E+02
    0.3200000000E+02    -0.9620992293E+02
    0.3300000000E+02    -0.9688608135E+02
    0.3400000000E+02    -0.9756739196E+02
    0.3500000000E+02    -0.9825307329E+02
    0.3600000000E+02    -0.9894308180E+02
    0.3700000000E+02    -0.9963609401E+02
    0.3800000000E+02    -0.1003317193E+03
    0.3900000000E+02    -0.1010283917E+03
    0.4000000000E+02    -0.1017268075E+03
    0.4100000000E+02    -0.1024262292E+03
    0.4200000000E+02    -0.1031251754E+03
    0.4300000000E+02    -0.1038235555E+03
    0.4400000000E+02    -0.1045203150E+03
    0.4500000000E+02    -0.1052158641E+03
    0.4600000000E+02    -0.1059094002E+03
    0.4700000000E+02    -0.1066000195E+03
    0.4800000000E+02    -0.1072880188E+03
    0.4900000000E+02    -0.1079726666E+03
    0.5000000000E+02    -0.1086537059E+03
    0.5100000000E+02    -0.1093308599E+03
    0.5200000000E+02    -0.1100033968E+03
    0.5300000000E+02    -0.1106713768E+03
    0.5400000000E+02    -0.1113343345E+03
    0.5500000000E+02    -0.1119918428E+03
    0.5600000000E+02    -0.1126434731E+03
    0.5700000000E+02    -0.1132891466E+03
    0.5800000000E+02    -0.1139288989E+03
    0.5900000000E+02    -0.1145617385E+03
    0.6000000000E+02    -0.1151884483E+03
    0.6100000000E+02    -0.1158090403E+03
    0.6200000000E+02    -0.1164226106E+03
    0.6300000000E+02    -0.1170290181E+03
    0.6400000000E+02    -0.1176282880E+03
    0.6500000000E+02    -0.1182202197E+03
    0.6600000000E+02    -0.1188049053E+03
    0.6700000000E+02    -0.1193821142E+03
    0.6800000000E+02    -0.1199517623E+03
    0.6900000000E+02    -0.1205145255E+03
    0.7000000000E+02    -0.1210692872E+03
    0.7100000000E+02    -0.1216159212E+03
    0.7200000000E+02    -0.1221555994E+03
    0.7300000000E+02    -0.1226870230E+03
    0.7400000000E+02    -0.1232107668E+03
    0.7500000000E+02    -0.1237262507E+03
    0.7600000000E+02    -0.1242342890E+03
    0.7700000000E+02    -0.1247348878E+03
    0.7800000000E+02    -0.1252274322E+03
    0.7900000000E+02    -0.1257125134E+03
    0.8000000000E+02    -0.1261890187E+03
    0.8100000000E+02    -0.1266572743E+03
    0.8200000000E+02    -0.1271184641E+03
    0.8300000000E+02    -0.1275716104E+03
    0.8400000000E+02    -0.1280167744E+03
    0.8500000000E+02    -0.1284547694E+03
    0.8600000000E+02    -0.1288841540E+03
    0.8700000000E+02    -0.1293054552E+03
    0.8800000000E+02    -0.1297205401E+03
    0.8900000000E+02    -0.1301279698E+03
    0.9000000000E+02    -0.1305279950E+03
    0.9100000000E+02    -0.1309199980E+03
    0.9200000000E+02    -0.1313044952E+03
    0.9300000000E+02    -0.1316825166E+03
    0.9400000000E+02    -0.1320518853E+03
    0.9500000000E+02    -0.1324141807E+03
    0.9600000000E+02    -0.1327679404E+03
    0.9700000000E+02    -0.1331149834E+03
    0.9800000000E+02    -0.1334545519E+03
    0.9900000000E+02    -0.1337876961E+03
    0.1000000000E+03    -0.1341141633E+03
    0.1010000000E+03    -0.1344323172E+03
    0.1020000000E+03    -0.1347458591E+03
    0.1030000000E+03    -0.1350495646E+03
    0.1040000000E+03    -0.1353473425E+03
    0.1050000000E+03    -0.1356386231E+03
    0.1060000000E+03    -0.1359219034E+03
    0.1070000000E+03    -0.1361981558E+03
    0.1080000000E+03    -0.1364675410E+03
    0.1090000000E+03    -0.1367305291E+03
    0.1100000000E+03    -0.1369852535E+03
    0.1110000000E+03    -0.1372349868E+03
    0.1120000000E+03    -0.1374768887E+03
    0.1130000000E+03    -0.1377123985E+03
    0.1140000000E+03    -0.1379403931E+03
    0.1150000000E+03    -0.1381610229E+03
    0.1160000000E+03    -0.1383744975E+03
    0.1170000000E+03    -0.1385818699E+03
    0.1180000000E+03    -0.1387824173E+03
    0.1190000000E+03    -0.1389770809E+03
    0.1200000000E+03    -0.1391656257E+03
    0.1210000000E+03    -0.1393462514E+03
    0.1220000000E+03    -0.1395189435E+03
    0.1230000000E+03    -0.1396844863E+03
    0.1240000000E+03    -0.1398439230E+03
    0.1250000000E+03    -0.1399982822E+03
    0.1260000000E+03    -0.1401446170E+03
    0.1270000000E+03    -0.1402854313E+03
    0.1280000000E+03    -0.1404185088E+03
    0.1290000000E+03    -0.1405448844E+03
    0.1300000000E+03    -0.1406650218E+03
    0.1310000000E+03    -0.1407775760E+03
    0.1320000000E+03    -0.1408844198E+03
    0.1330000000E+03    -0.1409848327E+03
    0.1340000000E+03    -0.1410767424E+03
    0.1350000000E+03    -0.1411640950E+03
    0.1360000000E+03    -0.1412438126E+03
    0.1370000000E+03    -0.1413166286E+03
    0.1380000000E+03    -0.1413834961E+03
    0.1390000000E+03    -0.1414441775E+03
    0.1400000000E+03    -0.1414981361E+03
    0.1410000000E+03    -0.1415463447E+03
    0.1420000000E+03    -0.1415879250E+03
    0.1430000000E+03    -0.1416216795E+03
    0.1440000000E+03    -0.1416499832E+03
    0.1450000000E+03    -0.1416716454E+03
    0.1460000000E+03    -0.1416869814E+03
    0.1470000000E+03    -0.1416967594E+03
    0.1480000000E+03    -0.1416987671E+03
    0.1490000000E+03    -0.1416949727E+03
    0.1500000000E+03    -0.1416840030E+03
    0.1510000000E+03    -0.1416678406E+03
    0.1520000000E+03    -0.1416439584E+03
    0.1530000000E+03    -0.1416147634E+03
    0.1540000000E+03    -0.1415803262E+03
    0.1550000000E+03    -0.1415391362E+03
    0.1560000000E+03    -0.1414930345E+03
    0.1570000000E+03    -0.1414400959E+03
    0.1580000000E+03    -0.1413805913E+03
    0.1590000000E+03    -0.1413167100E+03
    0.1600000000E+03    -0.1412453552E+03
    0.1610000000E+03    -0.1411686648E+03
    0.1620000000E+03    -0.1410866206E+03
    0.1630000000E+03    -0.1409980092E+03
    0.1640000000E+03    -0.1409038469E+03
    0.1650000000E+03    -0.1408030910E+03
    0.1660000000E+03    -0.1406964935E+03
    0.1670000000E+03    -0.1405840813E+03
    0.1680000000E+03    -0.1404673212E+03
    0.1690000000E+03    -0.1403442547E+03
    0.1700000000E+03    -0.1402156077E+03
    0.1710000000E+03    -0.1400816309E+03
    0.1720000000E+03    -0.1399422786E+03
    0.1730000000E+03    -0.1397970047E+03
    0.1740000000E+03    -0.1396457779E+03
    0.1750000000E+03    -0.1394894347E+03
    0.1760000000E+03    -0.1393292677E+03
    0.1770000000E+03    -0.1391612571E+03
    0.1780000000E+03    -0.1389891534E+03
    0.1790000000E+03    -0.1388129639E+03
    0.1800000000E+03    -0.1386309091E+03
    0.1810000000E+03    -0.1384418367E+03
    0.1820000000E+03    -0.1382487157E+03
    0.1830000000E+03    -0.1380502703E+03
    0.1840000000E+03    -0.1378469349E+03
    0.1850000000E+03    -0.1376370147E+03
    0.1860000000E+03    -0.1374219919E+03
    0.1870000000E+03    -0.1372011198E+03
    0.1880000000E+03    -0.1369769494E+03
    0.1890000000E+03    -0.1367456407E+03
    0.1900000000E+03    -0.1365082385E+03
    0.1910000000E+03    -0.1362640630E+03
    0.1920000000E+03    -0.1360147977E+03
    0.1930000000E+03    -0.1357616976E+03
    0.1940000000E+03    -0.1355015209E+03
    0.1950000000E+03    -0.1352378751E+03
    0.1960000000E+03    -0.1349678819E+03
    0.1970000000E+03    -0.1346902333E+03
    0.1980000000E+03    -0.1344074304E+03
    0.1990000000E+03    -0.1341213784E+03
    0.2000000000E+03    -0.1338285524E+03
    0.2010000000E+03    -0.1335289174E+03
    0.2020000000E+03    -0.1332240861E+03
    0.2030000000E+03    -0.1329113040E+03
    0.2040000000E+03    -0.1325934469E+03
    0.2050000000E+03    -0.1322690208E+03
    0.2060000000E+03    -0.1319398500E+03
    0.2070000000E+03    -0.1316026050E+03
    0.2080000000E+03    -0.1312615598E+03
    0.2090000000E+03    -0.1309131240E+03
    0.2100000000E+03    -0.1305578740E+03
    0.2110000000E+03    -0.1301962391E+03
    0.2120000000E+03    -0.1298290472E+03
    0.2130000000E+03    -0.1294546666E+03
    0.2140000000E+03    -0.1290738077E+03
    0.2150000000E+03    -0.1286876421E+03
    0.2160000000E+03    -0.1282945943E+03
    0.2170000000E+03    -0.1278950881E+03
    0.2180000000E+03    -0.1274890429E+03
    0.2190000000E+03    -0.1270758328E+03
    0.2200000000E+03    -0.1266566896E+03
    0.2210000000E+03    -0.1262304125E+03
    0.2220000000E+03    -0.1257988444E+03
    0.2230000000E+03    -0.1253614494E+03
    0.2240000000E+03    -0.1249168893E+03
    0.2250000000E+03    -0.1244663458E+03
    0.2260000000E+03    -0.1240076370E+03
    0.2270000000E+03    -0.1235429034E+03
    0.2280000000E+03    -0.1230713229E+03
    0.2290000000E+03    -0.1225929656E+03
    0.2300000000E+03    -0.1221076488E+03
    0.2310000000E+03    -0.1216175425E+03
    0.2320000000E+03    -0.1211198505E+03
    0.2330000000E+03    -0.1206144936E+03
    0.2340000000E+03    -0.1201043166E+03
    0.2350000000E+03    -0.1195866181E+03
    0.2360000000E+03    -0.1190653037E+03
    0.2370000000E+03    -0.1185350705E+03
    0.2380000000E+03    -0.1179978642E+03
    0.2390000000E+03    -0.1174534053E+03
    0.2400000000E+03    -0.1169025788E+03
    0.2410000000E+03    -0.1163461611E+03
    0.2420000000E+03    -0.1157831795E+03
    0.2430000000E+03    -0.1152121791E+03
    0.2440000000E+03    -0.1146361771E+03
    0.2450000000E+03    -0.1140555594E+03
    0.2460000000E+03    -0.1134651746E+03
    0.2470000000E+03    -0.1128679367E+03
    0.2480000000E+03    -0.1122649411E+03
    0.2490000000E+03    -0.1116545614E+03
    0.2500000000E+03    -0.1110368047E+03
    0.2510000000E+03    -0.1104137974E+03
    0.2520000000E+03    -0.1097815382E+03
    0.2530000000E+03    -0.1091439957E+03
    0.2540000000E+03    -0.1085008015E+03
    0.2550000000E+03    -0.1078492334E+03
    0.2560000000E+03    -0.1071903582E+03
    0.2570000000E+03    -0.1065231357E+03
    0.2580000000E+03    -0.1058524943E+03
    0.2590000000E+03    -0.1051746546E+03
    0.2600000000E+03    -0.1044914719E+03
    0.2610000000E+03    -0.1037988480E+03
    0.2620000000E+03    -0.1030992203E+03
    0.2630000000E+03    -0.1023918408E+03
    0.2640000000E+03    -0.1016763410E+03
    0.2650000000E+03    -0.1009574085E+03
    0.2660000000E+03    -0.1002287898E+03
    0.2670000000E+03    -0.9949450032E+02
    0.2680000000E+03    -0.9874922868E+02
    0.2690000000E+03    -0.9800150119E+02
    0.2700000000E+03    -0.9724365704E+02
    0.2710000000E+03    -0.9648038487E+02
    0.2720000000E+03    -0.9570981874E+02
    0.2730000000E+03    -0.9493086220E+02
    0.2740000000E+03    -0.9414628642E+02
    0.2750000000E+03    -0.9335189109E+02
    0.2760000000E+03    -0.9255183732E+02
    0.2770000000E+03    -0.9174496060E+02
    0.2780000000E+03    -0.9092938096E+02
    0.2790000000E+03    -0.9010580710E+02
    0.2800000000E+03    -0.8927631449E+02
    0.2810000000E+03    -0.8844069856E+02
    0.2820000000E+03    -0.8759811251E+02
    0.2830000000E+03    -0.8674808766E+02
    0.2840000000E+03    -0.8589070480E+02
    0.2850000000E+03    -0.8502508562E+02
    0.2860000000E+03    -0.8415576638E+02
    0.2870000000E+03    -0.8327957392E+02
    0.2880000000E+03    -0.8239679517E+02
    0.2890000000E+03    -0.8150678059E+02
    0.2900000000E+03    -0.8061123586E+02
    0.2910000000E+03    -0.7970959091E+02
    0.2920000000E+03    -0.7880059087E+02
    0.2930000000E+03    -0.7788892036E+02
    0.2940000000E+03    -0.7697076010E+02
    0.2950000000E+03    -0.7604604913E+02
    0.2960000000E+03    -0.7511626553E+02
    0.2970000000E+03    -0.7418488116E+02
    0.2980000000E+03    -0.7324838587E+02
    0.2990000000E+03    -0.7230701597E+02
    0.3000000000E+03    -0.7136091133E+02
    0.3010000000E+03    -0.7040771300E+02
    0.3020000000E+03    -0.6945171720E+02
    0.3030000000E+03    -0.6848892193E+02
    0.3040000000E+03    -0.6752574081E+02
    0.3050000000E+03    -0.6655893596E+02
    0.3060000000E+03    -0.6558697236E+02
    0.3070000000E+03    -0.6461239117E+02
    0.3080000000E+03    -0.6363470879E+02
    0.3090000000E+03    -0.6265767947E+02
    0.3100000000E+03    -0.6167728350E+02
    0.3110000000E+03    -0.6070028117E+02
    0.3120000000E+03    -0.5971590827E+02
    0.3130000000E+03    -0.5873055349E+02
    0.3140000000E+03    -0.5774406206E+02
    0.3150000000E+03    -0.5675574678E+02
    0.3160000000E+03    -0.5576820735E+02
    0.3170000000E+03    -0.5477897395E+02
    0.3180000000E+03    -0.5378921261E+02
    0.3190000000E+03    -0.5280096276E+02
    0.3200000000E+03    -0.5181389259E+02
    0.3210000000E+03    -0.5082883458E+02
    0.3220000000E+03    -0.4984230677E+02
    0.3230000000E+03    -0.4885868214E+02
    0.3240000000E+03    -0.4787614896E+02
    0.3250000000E+03    -0.4689841232E+02
    0.3260000000E+03    -0.4592031081E+02
    0.3270000000E+03    -0.4494306926E+02
    0.3280000000E+03    -0.4397071291E+02
    0.3290000000E+03    -0.4300432945E+02
    0.3300000000E+03    -0.4203799858E+02
    0.3310000000E+03    -0.4107793996E+02
    0.3320000000E+03    -0.4011723751E+02
    0.3330000000E+03    -0.3916112038E+02
    0.3340000000E+03    -0.3821319572E+02
    0.3350000000E+03    -0.3726523345E+02
    0.3360000000E+03    -0.3631926155E+02
    0.3370000000E+03    -0.3538138127E+02
    0.3380000000E+03    -0.3445043046E+02
    0.3390000000E+03    -0.3352975511E+02
    0.3400000000E+03    -0.3261427538E+02
    0.3410000000E+03    -0.3170488048E+02
    0.3420000000E+03    -0.3080975211E+02
    0.3430000000E+03    -0.2991732839E+02
    0.3440000000E+03    -0.2903165794E+02
    0.3450000000E+03    -0.2815556988E+02
    0.3460000000E+03    -0.2728028531E+02
    0.3470000000E+03    -0.2641913413E+02
    0.3480000000E+03    -0.2556694313E+02
    0.3490000000E+03    -0.2472036557E+02
    0.3500000000E+03    -0.2388856333E+02
    0.3510000000E+03    -0.2306326127E+02
    0.3520000000E+03    -0.2224954859E+02
    0.3530000000E+03    -0.2145107670E+02
    0.3540000000E+03    -0.2066023004E+02
    0.3550000000E+03    -0.1988298437E+02
    0.3560000000E+03    -0.1911614115E+02
    0.3570000000E+03    -0.1836388329E+02
    0.3580000000E+03    -0.1762015919E+02
    0.3590000000E+03    -0.1688705059E+02
    0.3600000000E+03    -0.1617253288E+02
    0.3610000000E+03    -0.1547753952E+02
    0.3620000000E+03    -0.1478444570E+02
    0.3630000000E+03    -0.1410834548E+02
    0.3640000000E+03    -0.1344843103E+02
    0.3650000000E+03    -0.1280440242E+02
    0.3660000000E+03    -0.1217399882E+02
    0.3670000000E+03    -0.1156062924E+02
    0.3680000000E+03    -0.1096733007E+02
    0.3690000000E+03    -0.1039522649E+02
    0.3700000000E+03    -0.9842661647E+01
    0.3710000000E+03    -0.9306239424E+01
    0.3720000000E+03    -0.8779653505E+01
    0.3730000000E+03    -0.8270088157E+01
    0.3740000000E+03    -0.7790532009E+01
    0.3750000000E+03    -0.7325118739E+01
    0.3760000000E+03    -0.6879211466E+01
    0.3770000000E+03    -0.6457196212E+01
    0.3780000000E+03    -0.6049211708E+01
    0.3790000000E+03    -0.5658283398E+01
    0.3800000000E+03    -0.5294655383E+01
    0.3810000000E+03    -0.4933972695E+01
    0.3820000000E+03    -0.4616100387E+01
    0.3830000000E+03    -0.4315078634E+01
    0.3840000000E+03    -0.4034410213E+01
    0.3850000000E+03    -0.3780836773E+01
    0.3860000000E+03    -0.3555091227E+01
    0.3870000000E+03    -0.3349427041E+01
    0.3880000000E+03    -0.3178824194E+01
    0.3890000000E+03    -0.3035729020E+01
    0.3900000000E+03    -0.2911869745E+01
    0.3910000000E+03    -0.2823758090E+01
    0.3920000000E+03    -0.2750303820E+01
    0.3930000000E+03    -0.2702304270E+01
    0.3940000000E+03    -0.2683224759E+01
    0.3950000000E+03    -0.2702719908E+01
    0.3960000000E+03    -0.2761180798E+01
    0.3970000000E+03    -0.2852249019E+01
    0.3980000000E+03    -0.2967334763E+01
    0.3990000000E+03    -0.3092796524E+01
    0.4000000000E+03    -0.3243937621E+01
    0.4010000000E+03    -0.3431632854E+01
    0.4020000000E+03    -0.3666016851E+01
    0.4030000000E+03    -0.3939724486E+01
    0.4040000000E+03    -0.4220336582E+01
    0.4050000000E+03    -0.4532622453E+01
    0.4060000000E+03    -0.4893858580E+01
    0.4070000000E+03    -0.5283492857E+01
    0.4080000000E+03    -0.5707883422E+01
    0.4090000000E+03    -0.6173028638E+01
    0.4100000000E+03    -0.6670216438E+01
    0.4110000000E+03    -0.7203439783E+01
    0.4120000000E+03    -0.7768897171E+01
    0.4130000000E+03    -0.8370562238E+01
    0.4140000000E+03    -0.8997116938E+01
    0.4150000000E+03    -0.9673764408E+01
    0.4160000000E+03    -0.1039737996E+02
    0.4170000000E+03    -0.1118669942E+02
    0.4180000000E+03    -0.1201699321E+02
    0.4190000000E+03    -0.1287747493E+02
    0.4200000000E+03    -0.1378279354E+02
    0.4210000000E+03    -0.1469677303E+02
    0.4220000000E+03    -0.1567553649E+02
    0.4230000000E+03    -0.1668708700E+02
    0.4240000000E+03    -0.1773415796E+02
    0.4250000000E+03    -0.1884010186E+02
    0.4260000000E+03    -0.2001502447E+02
    0.4270000000E+03    -0.2121619085E+02
    0.4280000000E+03    -0.2247849290E+02
    0.4290000000E+03    -0.2374662010E+02
    0.4300000000E+03    -0.2510154346E+02
    0.4310000000E+03    -0.2651172538E+02
    0.4320000000E+03    -0.2798033419E+02
    0.4330000000E+03    -0.2945808620E+02
    0.4340000000E+03    -0.3095706487E+02
    0.4350000000E+03    -0.3254421273E+02
    0.4360000000E+03    -0.3414223569E+02
    0.4370000000E+03    -0.3582358784E+02
    0.4380000000E+03    -0.3754973622E+02
    0.4390000000E+03    -0.3934301082E+02
    0.4400000000E+03    -0.4117362845E+02
    0.4410000000E+03    -0.4308840334E+02
    0.4420000000E+03    -0.4504577408E+02
    0.4430000000E+03    -0.4703778430E+02
    0.4440000000E+03    -0.4912337682E+02
    0.4450000000E+03    -0.5126324394E+02
    0.4460000000E+03    -0.5342437852E+02
    0.4470000000E+03    -0.5566475867E+02
    0.4480000000E+03    -0.5798004971E+02
    0.4490000000E+03    -0.6033509013E+02
    0.4500000000E+03    -0.6274664280E+02
    0.4510000000E+03    -0.6523660982E+02
    0.4520000000E+03    -0.6777581607E+02
    0.4530000000E+03    -0.7035328069E+02
    0.4540000000E+03    -0.7297702426E+02
    0.4550000000E+03    -0.7571946035E+02
    0.4560000000E+03    -0.7853407418E+02
    0.4570000000E+03    -0.8142981077E+02
    0.4580000000E+03    -0.8432802838E+02
    0.4590000000E+03    -0.8733124056E+02
    0.4600000000E+03    -0.9038978898E+02
    0.4610000000E+03    -0.9355264769E+02
    0.4620000000E+03    -0.9674914164E+02
    0.4630000000E+03    -0.1000989783E+03
    0.4640000000E+03    -0.1034988446E+03
    0.4650000000E+03    -0.1069277204E+03
