       0   -0.86870800E-09
       1   -0.60574087E-03
       2   -0.34244040E-01
       3   -0.10082926E+00
       4   -0.20040512E+00
       5   -0.33291762E+00
       6   -0.49878108E+00
       7   -0.69741614E+00
       8   -0.92921414E+00
       9   -0.11940973E+01
      10   -0.14920407E+01
      11   -0.18223917E+01
      12   -0.21852724E+01
      13   -0.25806859E+01
      14   -0.30102471E+01
      15   -0.34724103E+01
      16   -0.39675223E+01
      17   -0.44964143E+01
      18   -0.50567533E+01
      19   -0.56504114E+01
      20   -0.62788732E+01
      21   -0.69397605E+01
      22   -0.76328947E+01
      23   -0.83572831E+01
      24   -0.91162457E+01
      25   -0.99087096E+01
      26   -0.10732725E+02
      27   -0.11590328E+02
      28   -0.12481168E+02
      29   -0.13405275E+02
      30   -0.14362847E+02
      31   -0.15348485E+02
      32   -0.16365582E+02
      33   -0.17420342E+02
      34   -0.18504827E+02
      35   -0.19624888E+02
      36   -0.20774214E+02
      37   -0.21957403E+02
      38   -0.23176361E+02
      39   -0.24423895E+02
      40   -0.25705831E+02
      41   -0.27017775E+02
      42   -0.28358046E+02
      43   -0.29736826E+02
      44   -0.31150758E+02
      45   -0.32594444E+02
      46   -0.34066210E+02
      47   -0.35573776E+02
      48   -0.37114277E+02
      49   -0.38683738E+02
      50   -0.40280762E+02
      51   -0.41910851E+02
      52   -0.43573460E+02
      53   -0.45265092E+02
      54   -0.46984835E+02
      55   -0.48742144E+02
      56   -0.50526686E+02
      57   -0.52343501E+02
      58   -0.54187767E+02
      59   -0.56073176E+02
      60   -0.57987100E+02
      61   -0.59934827E+02
      62   -0.61913602E+02
      63   -0.63919256E+02
      64   -0.65948618E+02
      65   -0.68010949E+02
      66   -0.70095416E+02
      67   -0.72221663E+02
      68   -0.74379078E+02
      69   -0.76564231E+02
      70   -0.78775104E+02
      71   -0.81012901E+02
      72   -0.83279379E+02
      73   -0.85585706E+02
      74   -0.87916189E+02
      75   -0.90271456E+02
      76   -0.92656421E+02
      77   -0.95075444E+02
      78   -0.97522037E+02
      79   -0.99994172E+02
      80   -0.10251196E+03
      81   -0.10503777E+03
      82   -0.10759326E+03
      83   -0.11018628E+03
      84   -0.11279631E+03
      85   -0.11543018E+03
      86   -0.11809361E+03
      87   -0.12078080E+03
      88   -0.12350023E+03
      89   -0.12623839E+03
      90   -0.12901217E+03
      91   -0.13182621E+03
      92   -0.13465637E+03
      93   -0.13750287E+03
      94   -0.14037774E+03
      95   -0.14329905E+03
      96   -0.14623579E+03
      97   -0.14919182E+03
      98   -0.15216915E+03
      99   -0.15517926E+03
     100   -0.15820042E+03
     101   -0.16125428E+03
     102   -0.16432794E+03
     103   -0.16743897E+03
     104   -0.17056319E+03
     105   -0.17371910E+03
     106   -0.17689322E+03
     107   -0.18008846E+03
     108   -0.18331541E+03
     109   -0.18657900E+03
     110   -0.18984068E+03
     111   -0.19312594E+03
     112   -0.19643474E+03
     113   -0.19976275E+03
     114   -0.20312771E+03
     115   -0.20650737E+03
     116   -0.20991668E+03
     117   -0.21335127E+03
     118   -0.21678949E+03
     119   -0.22025846E+03
     120   -0.22373379E+03
     121   -0.22724067E+03
     122   -0.23079333E+03
     123   -0.23435724E+03
     124   -0.23794985E+03
     125   -0.24154643E+03
     126   -0.24518378E+03
     127   -0.24885197E+03
     128   -0.25252018E+03
     129   -0.25621028E+03
     130   -0.25992649E+03
     131   -0.26366071E+03
     132   -0.26744768E+03
     133   -0.27123551E+03
     134   -0.27502938E+03
     135   -0.27886121E+03
     136   -0.28270656E+03
     137   -0.28658251E+03
     138   -0.29046528E+03
     139   -0.29434949E+03
     140   -0.29826830E+03
     141   -0.30219921E+03
     142   -0.30614366E+03
     143   -0.31011026E+03
     144   -0.31407679E+03
     145   -0.31812767E+03
     146   -0.32215874E+03
     147   -0.32622216E+03
     148   -0.33028794E+03
     149   -0.33438508E+03
     150   -0.33848875E+03
     151   -0.34264063E+03
     152   -0.34677185E+03
     153   -0.35094330E+03
     154   -0.35511973E+03
     155   -0.35931708E+03
     156   -0.36352951E+03
     157   -0.36777369E+03
     158   -0.37204354E+03
     159   -0.37630568E+03
     160   -0.38062130E+03
     161   -0.38494828E+03
     162   -0.38925628E+03
     163   -0.39361732E+03
     164   -0.39803026E+03
     165   -0.40247664E+03
     166   -0.40691362E+03
     167   -0.41134868E+03
     168   -0.41579565E+03
     169   -0.42028242E+03
     170   -0.42477653E+03
     171   -0.42928311E+03
     172   -0.43382902E+03
     173   -0.43833703E+03
     174   -0.44290618E+03
     175   -0.44747574E+03
     176   -0.45207731E+03
     177   -0.45671617E+03
     178   -0.46135183E+03
     179   -0.46601966E+03
     180   -0.47070059E+03
     181   -0.47540702E+03
     182   -0.48014016E+03
     183   -0.48485616E+03
     184   -0.48961655E+03
     185   -0.49441376E+03
     186   -0.49921910E+03
     187   -0.50406543E+03
     188   -0.50892011E+03
     189   -0.51378452E+03
     190   -0.51864980E+03
     191   -0.52356699E+03
     192   -0.52850647E+03
     193   -0.53345870E+03
     194   -0.53840420E+03
     195   -0.54340133E+03
     196   -0.54842259E+03
     197   -0.55344189E+03
     198   -0.55852320E+03
     199   -0.56361523E+03
     200   -0.56874313E+03
     201   -0.57385257E+03
     202   -0.57903406E+03
     203   -0.58419111E+03
     204   -0.58935141E+03
     205   -0.59454866E+03
     206   -0.59979228E+03
     207   -0.60501292E+03
     208   -0.61027824E+03
     209   -0.61555463E+03
     210   -0.62086412E+03
     211   -0.62618603E+03
     212   -0.63155454E+03
     213   -0.63694012E+03
     214   -0.64235463E+03
     215   -0.64780146E+03
     216   -0.65324518E+03
     217   -0.65873240E+03
     218   -0.66424362E+03
     219   -0.66979002E+03
     220   -0.67532545E+03
     221   -0.68085956E+03
     222   -0.68644654E+03
     223   -0.69205583E+03
     224   -0.69769037E+03
     225   -0.70339643E+03
     226   -0.70909917E+03
     227   -0.71480578E+03
     228   -0.72059301E+03
     229   -0.72639500E+03
     230   -0.73220217E+03
     231   -0.73801521E+03
     232   -0.74391660E+03
     233   -0.74976342E+03
     234   -0.75567590E+03
     235   -0.76165345E+03
     236   -0.76764769E+03
     237   -0.77365636E+03
     238   -0.77972044E+03
     239   -0.78576627E+03
     240   -0.79182967E+03
     241   -0.79793568E+03
     242   -0.80406904E+03
     243   -0.81021400E+03
     244   -0.81640117E+03
     245   -0.82265531E+03
     246   -0.82883958E+03
     247   -0.83512032E+03
     248   -0.84137334E+03
     249   -0.84769392E+03
     250   -0.85403327E+03
     251   -0.86039562E+03
     252   -0.86677482E+03
     253   -0.87321559E+03
     254   -0.87968523E+03
     255   -0.88620997E+03
     256   -0.89280472E+03
     257   -0.89936759E+03
     258   -0.90595149E+03
     259   -0.91260513E+03
     260   -0.91925145E+03
     261   -0.92595884E+03
     262   -0.93267894E+03
     263   -0.93943205E+03
     264   -0.94622356E+03
     265   -0.95301505E+03
     266   -0.95987994E+03
     267   -0.96667065E+03
     268   -0.97356896E+03
     269   -0.98050780E+03
     270   -0.98742354E+03
     271   -0.99442236E+03
     272   -0.10014683E+04
     273   -0.10084985E+04
     274   -0.10156009E+04
     275   -0.10227288E+04
     276   -0.10299123E+04
     277   -0.10370551E+04
     278   -0.10442790E+04
     279   -0.10514944E+04
     280   -0.10587493E+04
     281   -0.10660057E+04
     282   -0.10733268E+04
     283   -0.10806325E+04
     284   -0.10880605E+04
     285   -0.10954960E+04
     286   -0.11029860E+04
     287   -0.11104225E+04
     288   -0.11179394E+04
     289   -0.11254582E+04
     290   -0.11329702E+04
     291   -0.11405494E+04
     292   -0.11481794E+04
     293   -0.11558382E+04
     294   -0.11635312E+04
     295   -0.11711857E+04
     296   -0.11789260E+04
     297   -0.11867056E+04
     298   -0.11944937E+04
     299   -0.12022211E+04
     300   -0.12100580E+04
     301   -0.12179629E+04
     302   -0.12259790E+04
     303   -0.12339833E+04
     304   -0.12419851E+04
     305   -0.12499929E+04
     306   -0.12580940E+04
     307   -0.12661708E+04
     308   -0.12742366E+04
     309   -0.12824795E+04
     310   -0.12906253E+04
     311   -0.12988287E+04
     312   -0.13070330E+04
     313   -0.13152806E+04
     314   -0.13235182E+04
     315   -0.13317903E+04
     316   -0.13400900E+04
     317   -0.13484534E+04
     318   -0.13568170E+04
     319   -0.13652693E+04
     320   -0.13736071E+04
     321   -0.13821813E+04
     322   -0.13906358E+04
     323   -0.13990966E+04
     324   -0.14075870E+04
     325   -0.14161549E+04
     326   -0.14247766E+04
     327   -0.14333667E+04
     328   -0.14420497E+04
     329   -0.14507203E+04
     330   -0.14593864E+04
     331   -0.14681586E+04
     332   -0.14769872E+04
     333   -0.14858020E+04
     334   -0.14945774E+04
     335   -0.15034018E+04
     336   -0.15122310E+04
     337   -0.15211660E+04
     338   -0.15301353E+04
     339   -0.15389813E+04
     340   -0.15480103E+04
     341   -0.15570326E+04
     342   -0.15660028E+04
     343   -0.15749816E+04
     344   -0.15840502E+04
     345   -0.15929988E+04
     346   -0.16020200E+04
     347   -0.16111596E+04
     348   -0.16202207E+04
     349   -0.16293226E+04
     350   -0.16385074E+04
     351   -0.16476239E+04
     352   -0.16568733E+04
     353   -0.16661182E+04
     354   -0.16753895E+04
     355   -0.16847830E+04
     356   -0.16940215E+04
     357   -0.17032841E+04
     358   -0.17125811E+04
     359   -0.17221042E+04
     360   -0.17314564E+04
     361   -0.17407494E+04
     362   -0.17500575E+04
     363   -0.17593245E+04
     364   -0.17688512E+04
     365   -0.17783677E+04
     366   -0.17878952E+04
     367   -0.17974026E+04
     368   -0.18072504E+04
     369   -0.18167289E+04
     370   -0.18261687E+04
     371   -0.18354927E+04
     372   -0.18451575E+04
     373   -0.18548379E+04
     374   -0.18642408E+04
     375   -0.18736533E+04
     376   -0.18831781E+04
     377   -0.18929144E+04
     378   -0.19026811E+04
     379   -0.19125004E+04
     380   -0.19227452E+04
     381   -0.19323202E+04
     382   -0.19420352E+04
     383   -0.19518986E+04
     384   -0.19613120E+04
     385   -0.19711961E+04
     386   -0.19806580E+04
     387   -0.19905459E+04
     388   -0.20001948E+04
     389   -0.20102292E+04
     390   -0.20201670E+04
     391   -0.20300890E+04
     392   -0.20398832E+04
     393   -0.20499596E+04
     394   -0.20595225E+04
     395   -0.20692196E+04
     396   -0.20791034E+04
     397   -0.20889019E+04
     398   -0.20988663E+04
     399   -0.21086954E+04
     400   -0.21187297E+04
