    0.0000000000E+00    -0.1893649031E+03
    0.1000000000E+01    -0.1850662759E+03
    0.2000000000E+01    -0.1814511131E+03
    0.3000000000E+01    -0.1782308011E+03
    0.4000000000E+01    -0.1752888664E+03
    0.5000000000E+01    -0.1725596465E+03
    0.6000000000E+01    -0.1700014302E+03
    0.7000000000E+01    -0.1675870964E+03
    0.8000000000E+01    -0.1652956329E+03
    0.9000000000E+01    -0.1631118681E+03
    0.1000000000E+02    -0.1610230950E+03
    0.1100000000E+02    -0.1590197065E+03
    0.1200000000E+02    -0.1570934160E+03
    0.1300000000E+02    -0.1552371797E+03
    0.1400000000E+02    -0.1534444490E+03
    0.1500000000E+02    -0.1517102652E+03
    0.1600000000E+02    -0.1500321267E+03
    0.1700000000E+02    -0.1484036381E+03
    0.1800000000E+02    -0.1468217561E+03
    0.1900000000E+02    -0.1452844691E+03
    0.2000000000E+02    -0.1437890878E+03
    0.2100000000E+02    -0.1423317786E+03
    0.2200000000E+02    -0.1409109104E+03
    0.2300000000E+02    -0.1395250442E+03
    0.2400000000E+02    -0.1381717193E+03
    0.2500000000E+02    -0.1368500295E+03
    0.2600000000E+02    -0.1355575516E+03
    0.2700000000E+02    -0.1342934579E+03
    0.2800000000E+02    -0.1330552970E+03
    0.2900000000E+02    -0.1318423955E+03
    0.3000000000E+02    -0.1306542640E+03
    0.3100000000E+02    -0.1294889763E+03
    0.3200000000E+02    -0.1283459181E+03
    0.3300000000E+02    -0.1272242015E+03
    0.3400000000E+02    -0.1261227010E+03
    0.3500000000E+02    -0.1250403093E+03
    0.3600000000E+02    -0.1239769083E+03
    0.3700000000E+02    -0.1229321101E+03
    0.3800000000E+02    -0.1219046476E+03
    0.3900000000E+02    -0.1208938391E+03
    0.4000000000E+02    -0.1198982809E+03
    0.4100000000E+02    -0.1189191412E+03
    0.4200000000E+02    -0.1179542826E+03
    0.4300000000E+02    -0.1170042628E+03
    0.4400000000E+02    -0.1160674766E+03
    0.4500000000E+02    -0.1151440870E+03
    0.4600000000E+02    -0.1142334608E+03
    0.4700000000E+02    -0.1133358633E+03
    0.4800000000E+02    -0.1124502307E+03
    0.4900000000E+02    -0.1115765184E+03
    0.5000000000E+02    -0.1107138619E+03
    0.5100000000E+02    -0.1098619725E+03
    0.5200000000E+02    -0.1090210993E+03
    0.5300000000E+02    -0.1081899482E+03
    0.5400000000E+02    -0.1073681602E+03
    0.5500000000E+02    -0.1065559534E+03
    0.5600000000E+02    -0.1057524878E+03
    0.5700000000E+02    -0.1049579600E+03
    0.5800000000E+02    -0.1041731087E+03
    0.5900000000E+02    -0.1033964376E+03
    0.6000000000E+02    -0.1026275291E+03
    0.6100000000E+02    -0.1018664580E+03
    0.6200000000E+02    -0.1011133221E+03
    0.6300000000E+02    -0.1003677228E+03
    0.6400000000E+02    -0.9962858935E+02
    0.6500000000E+02    -0.9889650026E+02
    0.6600000000E+02    -0.9817224645E+02
    0.6700000000E+02    -0.9745440020E+02
    0.6800000000E+02    -0.9674349208E+02
    0.6900000000E+02    -0.9603838963E+02
    0.7000000000E+02    -0.9533924948E+02
    0.7100000000E+02    -0.9464597340E+02
    0.7200000000E+02    -0.9395885132E+02
    0.7300000000E+02    -0.9327715556E+02
    0.7400000000E+02    -0.9260105496E+02
    0.7500000000E+02    -0.9192993813E+02
    0.7600000000E+02    -0.9126318070E+02
    0.7700000000E+02    -0.9060197035E+02
    0.7800000000E+02    -0.8994625960E+02
    0.7900000000E+02    -0.8929541941E+02
    0.8000000000E+02    -0.8864874823E+02
    0.8100000000E+02    -0.8800636782E+02
    0.8200000000E+02    -0.8736888401E+02
    0.8300000000E+02    -0.8673478531E+02
    0.8400000000E+02    -0.8610502135E+02
    0.8500000000E+02    -0.8547990734E+02
    0.8600000000E+02    -0.8485879077E+02
    0.8700000000E+02    -0.8424113529E+02
    0.8800000000E+02    -0.8362715416E+02
    0.8900000000E+02    -0.8301626973E+02
    0.9000000000E+02    -0.8240936306E+02
    0.9100000000E+02    -0.8180572473E+02
    0.9200000000E+02    -0.8120607672E+02
    0.9300000000E+02    -0.8060874416E+02
    0.9400000000E+02    -0.8001535839E+02
    0.9500000000E+02    -0.7942412535E+02
    0.9600000000E+02    -0.7883646352E+02
    0.9700000000E+02    -0.7825223906E+02
    0.9800000000E+02    -0.7767206089E+02
    0.9900000000E+02    -0.7709430014E+02
    0.1000000000E+03    -0.7651929917E+02
    0.1010000000E+03    -0.7594664879E+02
    0.1020000000E+03    -0.7537676672E+02
    0.1030000000E+03    -0.7480881269E+02
    0.1040000000E+03    -0.7424387363E+02
    0.1050000000E+03    -0.7368225872E+02
    0.1060000000E+03    -0.7312220568E+02
    0.1070000000E+03    -0.7256337752E+02
    0.1080000000E+03    -0.7200863776E+02
    0.1090000000E+03    -0.7145551358E+02
    0.1100000000E+03    -0.7090483845E+02
    0.1110000000E+03    -0.7035627956E+02
    0.1120000000E+03    -0.6981027371E+02
    0.1130000000E+03    -0.6926577366E+02
    0.1140000000E+03    -0.6872251413E+02
    0.1150000000E+03    -0.6818225435E+02
    0.1160000000E+03    -0.6764510062E+02
    0.1170000000E+03    -0.6710919949E+02
    0.1180000000E+03    -0.6657536212E+02
    0.1190000000E+03    -0.6604263461E+02
    0.1200000000E+03    -0.6551238464E+02
    0.1210000000E+03    -0.6498384032E+02
    0.1220000000E+03    -0.6445611800E+02
    0.1230000000E+03    -0.6392974302E+02
    0.1240000000E+03    -0.6340508622E+02
    0.1250000000E+03    -0.6288367923E+02
    0.1260000000E+03    -0.6236305869E+02
    0.1270000000E+03    -0.6184398648E+02
    0.1280000000E+03    -0.6132658191E+02
    0.1290000000E+03    -0.6081116181E+02
    0.1300000000E+03    -0.6029683285E+02
    0.1310000000E+03    -0.5978335689E+02
    0.1320000000E+03    -0.5927169144E+02
    0.1330000000E+03    -0.5876204226E+02
    0.1340000000E+03    -0.5825343768E+02
    0.1350000000E+03    -0.5774574293E+02
    0.1360000000E+03    -0.5724071462E+02
    0.1370000000E+03    -0.5673630584E+02
    0.1380000000E+03    -0.5623256404E+02
    0.1390000000E+03    -0.5573087291E+02
    0.1400000000E+03    -0.5523022252E+02
    0.1410000000E+03    -0.5473069323E+02
    0.1420000000E+03    -0.5423229081E+02
    0.1430000000E+03    -0.5373584218E+02
    0.1440000000E+03    -0.5323971344E+02
    0.1450000000E+03    -0.5274516920E+02
    0.1460000000E+03    -0.5225222266E+02
    0.1470000000E+03    -0.5176028719E+02
    0.1480000000E+03    -0.5126882159E+02
    0.1490000000E+03    -0.5077919530E+02
    0.1500000000E+03    -0.5029101181E+02
    0.1510000000E+03    -0.4980500194E+02
    0.1520000000E+03    -0.4932013665E+02
    0.1530000000E+03    -0.4883619455E+02
    0.1540000000E+03    -0.4835542612E+02
    0.1550000000E+03    -0.4787336854E+02
    0.1560000000E+03    -0.4739341566E+02
    0.1570000000E+03    -0.4691450432E+02
    0.1580000000E+03    -0.4643536849E+02
    0.1590000000E+03    -0.4595882470E+02
    0.1600000000E+03    -0.4548342783E+02
    0.1610000000E+03    -0.4500940800E+02
    0.1620000000E+03    -0.4453630997E+02
    0.1630000000E+03    -0.4406406546E+02
    0.1640000000E+03    -0.4359277096E+02
    0.1650000000E+03    -0.4312356384E+02
    0.1660000000E+03    -0.4265646593E+02
    0.1670000000E+03    -0.4219044472E+02
    0.1680000000E+03    -0.4172302004E+02
    0.1690000000E+03    -0.4125682248E+02
    0.1700000000E+03    -0.4079511272E+02
    0.1710000000E+03    -0.4033331183E+02
    0.1720000000E+03    -0.3987332055E+02
    0.1730000000E+03    -0.3941503079E+02
    0.1740000000E+03    -0.3895721849E+02
    0.1750000000E+03    -0.3849963163E+02
    0.1760000000E+03    -0.3804445286E+02
    0.1770000000E+03    -0.3759089340E+02
    0.1780000000E+03    -0.3713805044E+02
    0.1790000000E+03    -0.3668729102E+02
    0.1800000000E+03    -0.3623754094E+02
    0.1810000000E+03    -0.3578749845E+02
    0.1820000000E+03    -0.3534191078E+02
    0.1830000000E+03    -0.3489404945E+02
    0.1840000000E+03    -0.3444933614E+02
    0.1850000000E+03    -0.3400497191E+02
    0.1860000000E+03    -0.3356146155E+02
    0.1870000000E+03    -0.3312021078E+02
    0.1880000000E+03    -0.3268065972E+02
    0.1890000000E+03    -0.3224391824E+02
    0.1900000000E+03    -0.3180798342E+02
    0.1910000000E+03    -0.3137374666E+02
    0.1920000000E+03    -0.3094175362E+02
    0.1930000000E+03    -0.3050925522E+02
    0.1940000000E+03    -0.3007946055E+02
    0.1950000000E+03    -0.2965012465E+02
    0.1960000000E+03    -0.2922506249E+02
    0.1970000000E+03    -0.2880009573E+02
    0.1980000000E+03    -0.2837597870E+02
    0.1990000000E+03    -0.2795563824E+02
    0.2000000000E+03    -0.2753582516E+02
    0.2010000000E+03    -0.2711796469E+02
    0.2020000000E+03    -0.2670273218E+02
    0.2030000000E+03    -0.2628853372E+02
    0.2040000000E+03    -0.2587532690E+02
    0.2050000000E+03    -0.2546541334E+02
    0.2060000000E+03    -0.2505700662E+02
    0.2070000000E+03    -0.2465100272E+02
    0.2080000000E+03    -0.2424791379E+02
    0.2090000000E+03    -0.2384662804E+02
    0.2100000000E+03    -0.2344675626E+02
    0.2110000000E+03    -0.2304769139E+02
    0.2120000000E+03    -0.2265316825E+02
    0.2130000000E+03    -0.2226105925E+02
    0.2140000000E+03    -0.2187098705E+02
    0.2150000000E+03    -0.2148348909E+02
    0.2160000000E+03    -0.2109609250E+02
    0.2170000000E+03    -0.2071199067E+02
    0.2180000000E+03    -0.2032913066E+02
    0.2190000000E+03    -0.1994995502E+02
    0.2200000000E+03    -0.1957252107E+02
    0.2210000000E+03    -0.1919784527E+02
    0.2220000000E+03    -0.1882586180E+02
    0.2230000000E+03    -0.1845800617E+02
    0.2240000000E+03    -0.1809309771E+02
    0.2250000000E+03    -0.1772862393E+02
    0.2260000000E+03    -0.1736639388E+02
    0.2270000000E+03    -0.1700906852E+02
    0.2280000000E+03    -0.1665205481E+02
    0.2290000000E+03    -0.1630079941E+02
    0.2300000000E+03    -0.1595359230E+02
    0.2310000000E+03    -0.1560677291E+02
    0.2320000000E+03    -0.1526396825E+02
    0.2330000000E+03    -0.1492460876E+02
    0.2340000000E+03    -0.1458832983E+02
    0.2350000000E+03    -0.1425631127E+02
    0.2360000000E+03    -0.1392588000E+02
    0.2370000000E+03    -0.1359895466E+02
    0.2380000000E+03    -0.1327753241E+02
    0.2390000000E+03    -0.1295910873E+02
    0.2400000000E+03    -0.1264456296E+02
    0.2410000000E+03    -0.1233606867E+02
    0.2420000000E+03    -0.1202927075E+02
    0.2430000000E+03    -0.1172617767E+02
    0.2440000000E+03    -0.1142560091E+02
    0.2450000000E+03    -0.1113038232E+02
    0.2460000000E+03    -0.1083878293E+02
    0.2470000000E+03    -0.1055064719E+02
    0.2480000000E+03    -0.1026631100E+02
    0.2490000000E+03    -0.9987402046E+01
    0.2500000000E+03    -0.9713497560E+01
    0.2510000000E+03    -0.9441772058E+01
    0.2520000000E+03    -0.9177068144E+01
    0.2530000000E+03    -0.8915138910E+01
    0.2540000000E+03    -0.8656446744E+01
    0.2550000000E+03    -0.8404533715E+01
    0.2560000000E+03    -0.8158421626E+01
    0.2570000000E+03    -0.7915379372E+01
    0.2580000000E+03    -0.7678400951E+01
    0.2590000000E+03    -0.7444935023E+01
    0.2600000000E+03    -0.7214192601E+01
    0.2610000000E+03    -0.6989595712E+01
    0.2620000000E+03    -0.6773328945E+01
    0.2630000000E+03    -0.6561323086E+01
    0.2640000000E+03    -0.6356432274E+01
    0.2650000000E+03    -0.6157815303E+01
    0.2660000000E+03    -0.5964126315E+01
    0.2670000000E+03    -0.5776701651E+01
    0.2680000000E+03    -0.5595458173E+01
    0.2690000000E+03    -0.5420161601E+01
    0.2700000000E+03    -0.5251727018E+01
    0.2710000000E+03    -0.5084737784E+01
    0.2720000000E+03    -0.4926553060E+01
    0.2730000000E+03    -0.4773043998E+01
    0.2740000000E+03    -0.4630175296E+01
    0.2750000000E+03    -0.4489069713E+01
    0.2760000000E+03    -0.4357609592E+01
    0.2770000000E+03    -0.4234187544E+01
    0.2780000000E+03    -0.4116423196E+01
    0.2790000000E+03    -0.4007040151E+01
    0.2800000000E+03    -0.3903976625E+01
    0.2810000000E+03    -0.3808237483E+01
    0.2820000000E+03    -0.3722389054E+01
    0.2830000000E+03    -0.3639798933E+01
    0.2840000000E+03    -0.3569432523E+01
    0.2850000000E+03    -0.3504769245E+01
    0.2860000000E+03    -0.3446606236E+01
    0.2870000000E+03    -0.3397155038E+01
    0.2880000000E+03    -0.3357933179E+01
    0.2890000000E+03    -0.3328187795E+01
    0.2900000000E+03    -0.3304939348E+01
    0.2910000000E+03    -0.3288191618E+01
    0.2920000000E+03    -0.3280828240E+01
    0.2930000000E+03    -0.3281993819E+01
    0.2940000000E+03    -0.3295691063E+01
    0.2950000000E+03    -0.3318888289E+01
    0.2960000000E+03    -0.3349474957E+01
    0.2970000000E+03    -0.3390733783E+01
    0.2980000000E+03    -0.3438664446E+01
    0.2990000000E+03    -0.3497240726E+01
    0.3000000000E+03    -0.3563871323E+01
    0.3010000000E+03    -0.3645795871E+01
    0.3020000000E+03    -0.3732300326E+01
    0.3030000000E+03    -0.3833083808E+01
    0.3040000000E+03    -0.3943319570E+01
    0.3050000000E+03    -0.4061828314E+01
    0.3060000000E+03    -0.4194521767E+01
    0.3070000000E+03    -0.4335618635E+01
    0.3080000000E+03    -0.4488028119E+01
    0.3090000000E+03    -0.4651455446E+01
    0.3100000000E+03    -0.4826263504E+01
    0.3110000000E+03    -0.5016769511E+01
    0.3120000000E+03    -0.5216068716E+01
    0.3130000000E+03    -0.5424813754E+01
    0.3140000000E+03    -0.5647143132E+01
    0.3150000000E+03    -0.5880061986E+01
    0.3160000000E+03    -0.6121931360E+01
    0.3170000000E+03    -0.6381264880E+01
    0.3180000000E+03    -0.6650657449E+01
    0.3190000000E+03    -0.6940919654E+01
    0.3200000000E+03    -0.7239307489E+01
    0.3210000000E+03    -0.7557132770E+01
    0.3220000000E+03    -0.7886140746E+01
    0.3230000000E+03    -0.8228921005E+01
    0.3240000000E+03    -0.8581505748E+01
    0.3250000000E+03    -0.8948008326E+01
    0.3260000000E+03    -0.9326814877E+01
    0.3270000000E+03    -0.9727150996E+01
    0.3280000000E+03    -0.1014013224E+02
    0.3290000000E+03    -0.1056870013E+02
    0.3300000000E+03    -0.1100694097E+02
    0.3310000000E+03    -0.1146235338E+02
    0.3320000000E+03    -0.1192799809E+02
    0.3330000000E+03    -0.1241082884E+02
    0.3340000000E+03    -0.1291676617E+02
    0.3350000000E+03    -0.1343060410E+02
    0.3360000000E+03    -0.1396832354E+02
    0.3370000000E+03    -0.1451774631E+02
    0.3380000000E+03    -0.1508432724E+02
    0.3390000000E+03    -0.1566446260E+02
    0.3400000000E+03    -0.1626078798E+02
    0.3410000000E+03    -0.1687523769E+02
    0.3420000000E+03    -0.1750542391E+02
    0.3430000000E+03    -0.1815450669E+02
    0.3440000000E+03    -0.1882160401E+02
    0.3450000000E+03    -0.1951332017E+02
    0.3460000000E+03    -0.2022249874E+02
    0.3470000000E+03    -0.2094459022E+02
    0.3480000000E+03    -0.2169055360E+02
    0.3490000000E+03    -0.2245675471E+02
    0.3500000000E+03    -0.2323364370E+02
    0.3510000000E+03    -0.2403556549E+02
    0.3520000000E+03    -0.2486128532E+02
    0.3530000000E+03    -0.2570686699E+02
    0.3540000000E+03    -0.2657061860E+02
    0.3550000000E+03    -0.2745026116E+02
    0.3560000000E+03    -0.2834987932E+02
    0.3570000000E+03    -0.2927950507E+02
    0.3580000000E+03    -0.3022761195E+02
    0.3590000000E+03    -0.3119513252E+02
    0.3600000000E+03    -0.3218212740E+02
    0.3610000000E+03    -0.3319597574E+02
    0.3620000000E+03    -0.3422688964E+02
    0.3630000000E+03    -0.3528053307E+02
    0.3640000000E+03    -0.3635839050E+02
    0.3650000000E+03    -0.3746460240E+02
    0.3660000000E+03    -0.3859189109E+02
    0.3670000000E+03    -0.3974550577E+02
    0.3680000000E+03    -0.4091743619E+02
    0.3690000000E+03    -0.4211163019E+02
    0.3700000000E+03    -0.4332863079E+02
