    0.0000000000E+00    -0.1893388582E+03
    0.1000000000E+01    -0.1850408536E+03
    0.2000000000E+01    -0.1814260833E+03
    0.3000000000E+01    -0.1782062340E+03
    0.4000000000E+01    -0.1752629260E+03
    0.5000000000E+01    -0.1725326534E+03
    0.6000000000E+01    -0.1699747330E+03
    0.7000000000E+01    -0.1675607443E+03
    0.8000000000E+01    -0.1652696903E+03
    0.9000000000E+01    -0.1630862723E+03
    0.1000000000E+02    -0.1609985283E+03
    0.1100000000E+02    -0.1589952578E+03
    0.1200000000E+02    -0.1570694381E+03
    0.1300000000E+02    -0.1552128036E+03
    0.1400000000E+02    -0.1534201060E+03
    0.1500000000E+02    -0.1516857711E+03
    0.1600000000E+02    -0.1500060861E+03
    0.1700000000E+02    -0.1483767679E+03
    0.1800000000E+02    -0.1467958021E+03
    0.1900000000E+02    -0.1452583626E+03
    0.2000000000E+02    -0.1437622687E+03
    0.2100000000E+02    -0.1423049800E+03
    0.2200000000E+02    -0.1408843181E+03
    0.2300000000E+02    -0.1394979351E+03
    0.2400000000E+02    -0.1381447739E+03
    0.2500000000E+02    -0.1368224876E+03
    0.2600000000E+02    -0.1355296942E+03
    0.2700000000E+02    -0.1342652404E+03
    0.2800000000E+02    -0.1330279584E+03
    0.2900000000E+02    -0.1318160065E+03
    0.3000000000E+02    -0.1306277526E+03
    0.3100000000E+02    -0.1294631706E+03
    0.3200000000E+02    -0.1283212832E+03
    0.3300000000E+02    -0.1271999273E+03
    0.3400000000E+02    -0.1260991370E+03
    0.3500000000E+02    -0.1250174972E+03
    0.3600000000E+02    -0.1239544646E+03
    0.3700000000E+02    -0.1229099706E+03
    0.3800000000E+02    -0.1218825499E+03
    0.3900000000E+02    -0.1208709009E+03
    0.4000000000E+02    -0.1198758177E+03
    0.4100000000E+02    -0.1188967682E+03
    0.4200000000E+02    -0.1179324473E+03
    0.4300000000E+02    -0.1169811187E+03
    0.4400000000E+02    -0.1160442596E+03
    0.4500000000E+02    -0.1151206257E+03
    0.4600000000E+02    -0.1142109062E+03
    0.4700000000E+02    -0.1133130908E+03
    0.4800000000E+02    -0.1124257399E+03
    0.4900000000E+02    -0.1115515769E+03
    0.5000000000E+02    -0.1106887829E+03
    0.5100000000E+02    -0.1098362641E+03
    0.5200000000E+02    -0.1089943956E+03
    0.5300000000E+02    -0.1081618782E+03
    0.5400000000E+02    -0.1073402792E+03
    0.5500000000E+02    -0.1065280355E+03
    0.5600000000E+02    -0.1057251764E+03
    0.5700000000E+02    -0.1049312644E+03
    0.5800000000E+02    -0.1041457464E+03
    0.5900000000E+02    -0.1033682104E+03
    0.6000000000E+02    -0.1025991151E+03
    0.6100000000E+02    -0.1018387123E+03
    0.6200000000E+02    -0.1010855362E+03
    0.6300000000E+02    -0.1003402196E+03
    0.6400000000E+02    -0.9960183787E+02
    0.6500000000E+02    -0.9887177024E+02
    0.6600000000E+02    -0.9814689407E+02
    0.6700000000E+02    -0.9742933442E+02
    0.6800000000E+02    -0.9671824965E+02
    0.6900000000E+02    -0.9601296986E+02
    0.7000000000E+02    -0.9531383286E+02
    0.7100000000E+02    -0.9462045541E+02
    0.7200000000E+02    -0.9393309846E+02
    0.7300000000E+02    -0.9325158695E+02
    0.7400000000E+02    -0.9257527164E+02
    0.7500000000E+02    -0.9190439323E+02
    0.7600000000E+02    -0.9123907081E+02
    0.7700000000E+02    -0.9057809637E+02
    0.7800000000E+02    -0.8992176160E+02
    0.7900000000E+02    -0.8927065842E+02
    0.8000000000E+02    -0.8862422905E+02
    0.8100000000E+02    -0.8798244425E+02
    0.8200000000E+02    -0.8734419088E+02
    0.8300000000E+02    -0.8671161620E+02
    0.8400000000E+02    -0.8608305492E+02
    0.8500000000E+02    -0.8545729174E+02
    0.8600000000E+02    -0.8483615355E+02
    0.8700000000E+02    -0.8421946344E+02
    0.8800000000E+02    -0.8360625511E+02
    0.8900000000E+02    -0.8299630638E+02
    0.9000000000E+02    -0.8238958705E+02
    0.9100000000E+02    -0.8178696796E+02
    0.9200000000E+02    -0.8118824417E+02
    0.9300000000E+02    -0.8059151744E+02
    0.9400000000E+02    -0.7999869909E+02
    0.9500000000E+02    -0.7940961599E+02
    0.9600000000E+02    -0.7882349543E+02
    0.9700000000E+02    -0.7823983164E+02
    0.9800000000E+02    -0.7765713585E+02
    0.9900000000E+02    -0.7707840989E+02
    0.1000000000E+03    -0.7650255320E+02
    0.1010000000E+03    -0.7592940163E+02
    0.1020000000E+03    -0.7535919133E+02
    0.1030000000E+03    -0.7479165711E+02
    0.1040000000E+03    -0.7422751976E+02
    0.1050000000E+03    -0.7366487136E+02
    0.1060000000E+03    -0.7310560735E+02
    0.1070000000E+03    -0.7254882217E+02
    0.1080000000E+03    -0.7199340656E+02
    0.1090000000E+03    -0.7144007717E+02
    0.1100000000E+03    -0.7088906031E+02
    0.1110000000E+03    -0.7034020814E+02
    0.1120000000E+03    -0.6979424448E+02
    0.1130000000E+03    -0.6924851449E+02
    0.1140000000E+03    -0.6870566861E+02
    0.1150000000E+03    -0.6816607370E+02
    0.1160000000E+03    -0.6762766351E+02
    0.1170000000E+03    -0.6709253532E+02
    0.1180000000E+03    -0.6655826100E+02
    0.1190000000E+03    -0.6602619392E+02
    0.1200000000E+03    -0.6549699249E+02
    0.1210000000E+03    -0.6496828522E+02
    0.1220000000E+03    -0.6443998416E+02
    0.1230000000E+03    -0.6391458182E+02
    0.1240000000E+03    -0.6339107932E+02
    0.1250000000E+03    -0.6287027031E+02
    0.1260000000E+03    -0.6234966052E+02
    0.1270000000E+03    -0.6183025999E+02
    0.1280000000E+03    -0.6131215069E+02
    0.1290000000E+03    -0.6079730362E+02
    0.1300000000E+03    -0.6028251783E+02
    0.1310000000E+03    -0.5976875470E+02
    0.1320000000E+03    -0.5925732089E+02
    0.1330000000E+03    -0.5874755507E+02
    0.1340000000E+03    -0.5823870676E+02
    0.1350000000E+03    -0.5773150298E+02
    0.1360000000E+03    -0.5722572029E+02
    0.1370000000E+03    -0.5672111269E+02
    0.1380000000E+03    -0.5621877626E+02
    0.1390000000E+03    -0.5571712510E+02
    0.1400000000E+03    -0.5521675568E+02
    0.1410000000E+03    -0.5471822540E+02
    0.1420000000E+03    -0.5422019873E+02
    0.1430000000E+03    -0.5372494378E+02
    0.1440000000E+03    -0.5322921768E+02
    0.1450000000E+03    -0.5273526946E+02
    0.1460000000E+03    -0.5224316690E+02
    0.1470000000E+03    -0.5175312561E+02
    0.1480000000E+03    -0.5126319125E+02
    0.1490000000E+03    -0.5077410546E+02
    0.1500000000E+03    -0.5028472822E+02
    0.1510000000E+03    -0.4979923320E+02
    0.1520000000E+03    -0.4931443249E+02
    0.1530000000E+03    -0.4883159015E+02
    0.1540000000E+03    -0.4835060872E+02
    0.1550000000E+03    -0.4787046387E+02
    0.1560000000E+03    -0.4739128896E+02
    0.1570000000E+03    -0.4691110520E+02
    0.1580000000E+03    -0.4643328058E+02
    0.1590000000E+03    -0.4595767946E+02
    0.1600000000E+03    -0.4548337562E+02
    0.1610000000E+03    -0.4501003302E+02
    0.1620000000E+03    -0.4453729309E+02
    0.1630000000E+03    -0.4406590571E+02
    0.1640000000E+03    -0.4359669563E+02
    0.1650000000E+03    -0.4312600903E+02
    0.1660000000E+03    -0.4265882164E+02
    0.1670000000E+03    -0.4219104393E+02
    0.1680000000E+03    -0.4172625918E+02
    0.1690000000E+03    -0.4126195611E+02
    0.1700000000E+03    -0.4079762567E+02
    0.1710000000E+03    -0.4033637686E+02
    0.1720000000E+03    -0.3987782688E+02
    0.1730000000E+03    -0.3941841422E+02
    0.1740000000E+03    -0.3896052839E+02
    0.1750000000E+03    -0.3850283945E+02
    0.1760000000E+03    -0.3804690559E+02
    0.1770000000E+03    -0.3759215877E+02
    0.1780000000E+03    -0.3714035337E+02
    0.1790000000E+03    -0.3668861618E+02
    0.1800000000E+03    -0.3623780486E+02
    0.1810000000E+03    -0.3579039369E+02
    0.1820000000E+03    -0.3534296063E+02
    0.1830000000E+03    -0.3489624880E+02
    0.1840000000E+03    -0.3445147682E+02
    0.1850000000E+03    -0.3400987774E+02
    0.1860000000E+03    -0.3356919235E+02
    0.1870000000E+03    -0.3312938840E+02
    0.1880000000E+03    -0.3269206070E+02
    0.1890000000E+03    -0.3225533305E+02
    0.1900000000E+03    -0.3181856869E+02
    0.1910000000E+03    -0.3138437294E+02
    0.1920000000E+03    -0.3095195531E+02
    0.1930000000E+03    -0.3052240257E+02
    0.1940000000E+03    -0.3009367455E+02
    0.1950000000E+03    -0.2966473956E+02
    0.1960000000E+03    -0.2923896436E+02
    0.1970000000E+03    -0.2881348844E+02
    0.1980000000E+03    -0.2838976057E+02
    0.1990000000E+03    -0.2796938231E+02
    0.2000000000E+03    -0.2755027562E+02
    0.2010000000E+03    -0.2713245202E+02
    0.2020000000E+03    -0.2671720937E+02
    0.2030000000E+03    -0.2630379997E+02
    0.2040000000E+03    -0.2589318797E+02
    0.2050000000E+03    -0.2548384865E+02
    0.2060000000E+03    -0.2507729507E+02
    0.2070000000E+03    -0.2467166830E+02
    0.2080000000E+03    -0.2426674897E+02
    0.2090000000E+03    -0.2386426595E+02
    0.2100000000E+03    -0.2346366597E+02
    0.2110000000E+03    -0.2306619927E+02
    0.2120000000E+03    -0.2267141316E+02
    0.2130000000E+03    -0.2227753780E+02
    0.2140000000E+03    -0.2188553851E+02
    0.2150000000E+03    -0.2149652347E+02
    0.2160000000E+03    -0.2110968418E+02
    0.2170000000E+03    -0.2072469055E+02
    0.2180000000E+03    -0.2034433582E+02
    0.2190000000E+03    -0.1996539785E+02
    0.2200000000E+03    -0.1958770928E+02
    0.2210000000E+03    -0.1921377829E+02
    0.2220000000E+03    -0.1884187824E+02
    0.2230000000E+03    -0.1847396197E+02
    0.2240000000E+03    -0.1810889098E+02
    0.2250000000E+03    -0.1774507153E+02
    0.2260000000E+03    -0.1738335054E+02
    0.2270000000E+03    -0.1702349955E+02
    0.2280000000E+03    -0.1666793958E+02
    0.2290000000E+03    -0.1631515262E+02
    0.2300000000E+03    -0.1596689613E+02
    0.2310000000E+03    -0.1562311438E+02
    0.2320000000E+03    -0.1528048358E+02
    0.2330000000E+03    -0.1493971363E+02
    0.2340000000E+03    -0.1460406518E+02
    0.2350000000E+03    -0.1426942555E+02
    0.2360000000E+03    -0.1393986701E+02
    0.2370000000E+03    -0.1361488492E+02
    0.2380000000E+03    -0.1329267996E+02
    0.2390000000E+03    -0.1297407604E+02
    0.2400000000E+03    -0.1265876375E+02
    0.2410000000E+03    -0.1234658330E+02
    0.2420000000E+03    -0.1203997532E+02
    0.2430000000E+03    -0.1173689786E+02
    0.2440000000E+03    -0.1143650879E+02
    0.2450000000E+03    -0.1114073677E+02
    0.2460000000E+03    -0.1084954778E+02
    0.2470000000E+03    -0.1055975204E+02
    0.2480000000E+03    -0.1027659506E+02
    0.2490000000E+03    -0.9995799496E+01
    0.2500000000E+03    -0.9721990437E+01
    0.2510000000E+03    -0.9451870595E+01
    0.2520000000E+03    -0.9183890665E+01
    0.2530000000E+03    -0.8922444884E+01
    0.2540000000E+03    -0.8666345159E+01
    0.2550000000E+03    -0.8414478949E+01
    0.2560000000E+03    -0.8166613986E+01
    0.2570000000E+03    -0.7924830955E+01
    0.2580000000E+03    -0.7685745489E+01
    0.2590000000E+03    -0.7452890103E+01
    0.2600000000E+03    -0.7225656717E+01
    0.2610000000E+03    -0.7005418559E+01
    0.2620000000E+03    -0.6787313103E+01
    0.2630000000E+03    -0.6576643963E+01
    0.2640000000E+03    -0.6373271273E+01
    0.2650000000E+03    -0.6172460778E+01
    0.2660000000E+03    -0.5979541192E+01
    0.2670000000E+03    -0.5790138768E+01
    0.2680000000E+03    -0.5610286451E+01
    0.2690000000E+03    -0.5432836295E+01
    0.2700000000E+03    -0.5266240072E+01
    0.2710000000E+03    -0.5100877038E+01
    0.2720000000E+03    -0.4941105081E+01
    0.2730000000E+03    -0.4785663220E+01
    0.2740000000E+03    -0.4639492390E+01
    0.2750000000E+03    -0.4503193820E+01
    0.2760000000E+03    -0.4370976675E+01
    0.2770000000E+03    -0.4247328422E+01
    0.2780000000E+03    -0.4129991193E+01
    0.2790000000E+03    -0.4020070173E+01
    0.2800000000E+03    -0.3916683528E+01
    0.2810000000E+03    -0.3818623360E+01
    0.2820000000E+03    -0.3730122813E+01
    0.2830000000E+03    -0.3650380892E+01
    0.2840000000E+03    -0.3576402070E+01
    0.2850000000E+03    -0.3510790701E+01
    0.2860000000E+03    -0.3457656193E+01
    0.2870000000E+03    -0.3406462155E+01
    0.2880000000E+03    -0.3366665055E+01
    0.2890000000E+03    -0.3331427628E+01
    0.2900000000E+03    -0.3306908169E+01
    0.2910000000E+03    -0.3291474793E+01
    0.2920000000E+03    -0.3284304248E+01
    0.2930000000E+03    -0.3287048939E+01
    0.2940000000E+03    -0.3297788978E+01
    0.2950000000E+03    -0.3317419421E+01
    0.2960000000E+03    -0.3346735524E+01
    0.2970000000E+03    -0.3377685208E+01
    0.2980000000E+03    -0.3427214530E+01
    0.2990000000E+03    -0.3481878059E+01
    0.3000000000E+03    -0.3550803648E+01
    0.3010000000E+03    -0.3632635244E+01
    0.3020000000E+03    -0.3718466036E+01
    0.3030000000E+03    -0.3815987194E+01
    0.3040000000E+03    -0.3925591513E+01
    0.3050000000E+03    -0.4047063461E+01
    0.3060000000E+03    -0.4179346884E+01
    0.3070000000E+03    -0.4322986716E+01
    0.3080000000E+03    -0.4474312357E+01
    0.3090000000E+03    -0.4636884258E+01
    0.3100000000E+03    -0.4812752649E+01
    0.3110000000E+03    -0.4998164004E+01
    0.3120000000E+03    -0.5196923932E+01
    0.3130000000E+03    -0.5410250640E+01
    0.3140000000E+03    -0.5630035397E+01
    0.3150000000E+03    -0.5865018557E+01
    0.3160000000E+03    -0.6113116185E+01
    0.3170000000E+03    -0.6373973784E+01
    0.3180000000E+03    -0.6646019137E+01
    0.3190000000E+03    -0.6926530243E+01
    0.3200000000E+03    -0.7226599130E+01
    0.3210000000E+03    -0.7536501303E+01
    0.3220000000E+03    -0.7855594686E+01
    0.3230000000E+03    -0.8194171047E+01
    0.3240000000E+03    -0.8547608918E+01
    0.3250000000E+03    -0.8908324818E+01
    0.3260000000E+03    -0.9285952037E+01
    0.3270000000E+03    -0.9679033242E+01
    0.3280000000E+03    -0.1009068667E+02
    0.3290000000E+03    -0.1051411962E+02
    0.3300000000E+03    -0.1095061507E+02
    0.3310000000E+03    -0.1139980161E+02
    0.3320000000E+03    -0.1186668927E+02
    0.3330000000E+03    -0.1234690417E+02
    0.3340000000E+03    -0.1284496052E+02
    0.3350000000E+03    -0.1336443280E+02
    0.3360000000E+03    -0.1389793849E+02
    0.3370000000E+03    -0.1444853675E+02
    0.3380000000E+03    -0.1501498500E+02
    0.3390000000E+03    -0.1560040963E+02
    0.3400000000E+03    -0.1619899688E+02
    0.3410000000E+03    -0.1681826897E+02
    0.3420000000E+03    -0.1745534873E+02
    0.3430000000E+03    -0.1810864657E+02
    0.3440000000E+03    -0.1877725241E+02
    0.3450000000E+03    -0.1946490706E+02
    0.3460000000E+03    -0.2016876409E+02
    0.3470000000E+03    -0.2089919958E+02
    0.3480000000E+03    -0.2164283716E+02
    0.3490000000E+03    -0.2240374845E+02
    0.3500000000E+03    -0.2318198369E+02
    0.3510000000E+03    -0.2397618851E+02
    0.3520000000E+03    -0.2479718815E+02
    0.3530000000E+03    -0.2564104870E+02
    0.3540000000E+03    -0.2650039514E+02
    0.3550000000E+03    -0.2738485242E+02
    0.3560000000E+03    -0.2829199565E+02
    0.3570000000E+03    -0.2921534511E+02
    0.3580000000E+03    -0.3015662707E+02
    0.3590000000E+03    -0.3111252916E+02
    0.3600000000E+03    -0.3209865223E+02
    0.3610000000E+03    -0.3310065906E+02
    0.3620000000E+03    -0.3412882674E+02
    0.3630000000E+03    -0.3518394422E+02
    0.3640000000E+03    -0.3626651426E+02
    0.3650000000E+03    -0.3736552480E+02
    0.3660000000E+03    -0.3849309594E+02
    0.3670000000E+03    -0.3962927264E+02
    0.3680000000E+03    -0.4079874164E+02
    0.3690000000E+03    -0.4198348596E+02
    0.3700000000E+03    -0.4319277275E+02
