       0   -0.31980307E-09
       1   -0.60574032E-03
       2   -0.40577509E-01
       3   -0.12007059E+00
       4   -0.23928683E+00
       5   -0.39902531E+00
       6   -0.59869994E+00
       7   -0.83888528E+00
       8   -0.11190208E+01
       9   -0.14416174E+01
      10   -0.18046237E+01
      11   -0.22101257E+01
      12   -0.26575474E+01
      13   -0.31485414E+01
      14   -0.36829969E+01
      15   -0.42621191E+01
      16   -0.48830512E+01
      17   -0.55495780E+01
      18   -0.62598106E+01
      19   -0.70148955E+01
      20   -0.78175700E+01
      21   -0.86678960E+01
      22   -0.95641955E+01
      23   -0.10508652E+02
      24   -0.11500891E+02
      25   -0.12543991E+02
      26   -0.13637789E+02
      27   -0.14782222E+02
      28   -0.15975683E+02
      29   -0.17229961E+02
      30   -0.18536424E+02
      31   -0.19902719E+02
      32   -0.21323090E+02
      33   -0.22803846E+02
      34   -0.24345027E+02
      35   -0.25946545E+02
      36   -0.27609421E+02
      37   -0.29336208E+02
      38   -0.31133780E+02
      39   -0.32999339E+02
      40   -0.34928162E+02
      41   -0.36920370E+02
      42   -0.38987374E+02
      43   -0.41132996E+02
      44   -0.43351510E+02
      45   -0.45636335E+02
      46   -0.48006474E+02
      47   -0.50451577E+02
      48   -0.52961133E+02
      49   -0.55538532E+02
      50   -0.58198414E+02
      51   -0.60936017E+02
      52   -0.63750055E+02
      53   -0.66617018E+02
      54   -0.69538623E+02
      55   -0.72558310E+02
      56   -0.75640563E+02
      57   -0.78790454E+02
      58   -0.81971000E+02
      59   -0.85243873E+02
      60   -0.88567342E+02
      61   -0.91925425E+02
      62   -0.95314546E+02
      63   -0.98768865E+02
      64   -0.10225279E+03
      65   -0.10577652E+03
      66   -0.10931814E+03
      67   -0.11289975E+03
      68   -0.11653836E+03
      69   -0.12020883E+03
      70   -0.12388022E+03
      71   -0.12759386E+03
      72   -0.13133310E+03
      73   -0.13509217E+03
      74   -0.13886423E+03
      75   -0.14266370E+03
      76   -0.14650547E+03
      77   -0.15036192E+03
      78   -0.15422948E+03
      79   -0.15815567E+03
      80   -0.16208627E+03
      81   -0.16603607E+03
      82   -0.16999256E+03
      83   -0.17399133E+03
      84   -0.17799079E+03
      85   -0.18198445E+03
      86   -0.18602436E+03
      87   -0.19008328E+03
      88   -0.19415738E+03
      89   -0.19822072E+03
      90   -0.20230780E+03
      91   -0.20643629E+03
      92   -0.21059747E+03
      93   -0.21471627E+03
      94   -0.21886059E+03
      95   -0.22301559E+03
      96   -0.22718371E+03
      97   -0.23135801E+03
      98   -0.23553316E+03
      99   -0.23971342E+03
     100   -0.24390289E+03
     101   -0.24813065E+03
     102   -0.25236570E+03
     103   -0.25661517E+03
     104   -0.26086793E+03
     105   -0.26510509E+03
     106   -0.26941760E+03
     107   -0.27370523E+03
     108   -0.27799359E+03
     109   -0.28229332E+03
     110   -0.28661307E+03
     111   -0.29093985E+03
     112   -0.29528503E+03
     113   -0.29965190E+03
     114   -0.30400557E+03
     115   -0.30839441E+03
     116   -0.31282190E+03
     117   -0.31719332E+03
     118   -0.32160809E+03
     119   -0.32606110E+03
     120   -0.33056632E+03
     121   -0.33500900E+03
     122   -0.33951571E+03
     123   -0.34403456E+03
     124   -0.34855003E+03
     125   -0.35307301E+03
     126   -0.35759215E+03
     127   -0.36214296E+03
     128   -0.36670552E+03
     129   -0.37130266E+03
     130   -0.37596816E+03
     131   -0.38057425E+03
     132   -0.38520300E+03
     133   -0.38987031E+03
     134   -0.39458642E+03
     135   -0.39929080E+03
     136   -0.40407673E+03
     137   -0.40887377E+03
     138   -0.41368376E+03
     139   -0.41848731E+03
     140   -0.42333905E+03
     141   -0.42820942E+03
     142   -0.43312127E+03
     143   -0.43806310E+03
     144   -0.44306150E+03
     145   -0.44808085E+03
     146   -0.45307848E+03
     147   -0.45808554E+03
     148   -0.46316704E+03
     149   -0.46823999E+03
     150   -0.47333970E+03
     151   -0.47849954E+03
     152   -0.48368413E+03
     153   -0.48890432E+03
     154   -0.49412989E+03
     155   -0.49933642E+03
     156   -0.50456994E+03
     157   -0.50981630E+03
     158   -0.51507531E+03
     159   -0.52036626E+03
     160   -0.52559212E+03
     161   -0.53084821E+03
     162   -0.53610939E+03
     163   -0.54134455E+03
     164   -0.54667711E+03
     165   -0.55204469E+03
     166   -0.55742759E+03
     167   -0.56275874E+03
     168   -0.56814005E+03
     169   -0.57349062E+03
     170   -0.57876988E+03
     171   -0.58407126E+03
     172   -0.58941134E+03
     173   -0.59468410E+03
     174   -0.59996335E+03
     175   -0.60515983E+03
     176   -0.61042372E+03
     177   -0.61565772E+03
     178   -0.62094898E+03
     179   -0.62617908E+03
     180   -0.63143745E+03
     181   -0.63668529E+03
     182   -0.64193602E+03
     183   -0.64711918E+03
     184   -0.65229871E+03
     185   -0.65744633E+03
     186   -0.66255972E+03
     187   -0.66779200E+03
     188   -0.67294017E+03
     189   -0.67812437E+03
     190   -0.68324742E+03
     191   -0.68842879E+03
     192   -0.69358151E+03
     193   -0.69872393E+03
     194   -0.70378981E+03
     195   -0.70883811E+03
     196   -0.71387150E+03
     197   -0.71893709E+03
     198   -0.72401657E+03
     199   -0.72892907E+03
     200   -0.73399334E+03
     201   -0.73903068E+03
     202   -0.74400117E+03
     203   -0.74892939E+03
     204   -0.75387432E+03
     205   -0.75880980E+03
     206   -0.76379056E+03
     207   -0.76870158E+03
     208   -0.77350724E+03
     209   -0.77844849E+03
     210   -0.78332968E+03
     211   -0.78817840E+03
     212   -0.79304507E+03
     213   -0.79791750E+03
     214   -0.80290153E+03
     215   -0.80782614E+03
     216   -0.81271514E+03
     217   -0.81763228E+03
     218   -0.82259845E+03
     219   -0.82758769E+03
     220   -0.83260143E+03
     221   -0.83760395E+03
     222   -0.84259496E+03
     223   -0.84759734E+03
     224   -0.85273041E+03
     225   -0.85778703E+03
     226   -0.86296142E+03
     227   -0.86810683E+03
     228   -0.87338714E+03
     229   -0.87864187E+03
     230   -0.88388119E+03
     231   -0.88917533E+03
     232   -0.89452429E+03
     233   -0.89984173E+03
     234   -0.90521290E+03
     235   -0.91057952E+03
     236   -0.91601871E+03
     237   -0.92147022E+03
     238   -0.92692738E+03
     239   -0.93240409E+03
     240   -0.93796608E+03
     241   -0.94352363E+03
     242   -0.94904607E+03
     243   -0.95459087E+03
     244   -0.96011808E+03
     245   -0.96574391E+03
     246   -0.97140745E+03
     247   -0.97709203E+03
     248   -0.98275304E+03
     249   -0.98833577E+03
     250   -0.99401636E+03
     251   -0.99968846E+03
     252   -0.10053292E+04
     253   -0.10110039E+04
     254   -0.10167550E+04
     255   -0.10224802E+04
     256   -0.10282371E+04
     257   -0.10339147E+04
     258   -0.10395788E+04
     259   -0.10453799E+04
     260   -0.10512035E+04
     261   -0.10570137E+04
     262   -0.10628061E+04
     263   -0.10685601E+04
     264   -0.10743042E+04
     265   -0.10800320E+04
     266   -0.10857594E+04
     267   -0.10914661E+04
     268   -0.10971577E+04
     269   -0.11029571E+04
     270   -0.11087399E+04
     271   -0.11145305E+04
     272   -0.11203578E+04
     273   -0.11261728E+04
     274   -0.11319638E+04
     275   -0.11378833E+04
     276   -0.11438040E+04
     277   -0.11496603E+04
     278   -0.11555936E+04
     279   -0.11614797E+04
     280   -0.11674157E+04
     281   -0.11734628E+04
     282   -0.11791868E+04
     283   -0.11851608E+04
     284   -0.11910706E+04
     285   -0.11970978E+04
     286   -0.12030448E+04
     287   -0.12090896E+04
     288   -0.12149666E+04
     289   -0.12209626E+04
     290   -0.12270471E+04
     291   -0.12331178E+04
     292   -0.12393690E+04
     293   -0.12455243E+04
     294   -0.12516937E+04
     295   -0.12578481E+04
     296   -0.12642390E+04
     297   -0.12707196E+04
     298   -0.12771538E+04
     299   -0.12837441E+04
     300   -0.12904173E+04
     301   -0.12971428E+04
     302   -0.13039387E+04
     303   -0.13108174E+04
     304   -0.13176650E+04
     305   -0.13246398E+04
     306   -0.13317023E+04
     307   -0.13388810E+04
     308   -0.13461009E+04
     309   -0.13533925E+04
     310   -0.13607522E+04
     311   -0.13682135E+04
     312   -0.13758485E+04
     313   -0.13833752E+04
     314   -0.13911364E+04
     315   -0.13989930E+04
     316   -0.14069343E+04
     317   -0.14148749E+04
     318   -0.14229048E+04
     319   -0.14308868E+04
     320   -0.14389420E+04
     321   -0.14471864E+04
     322   -0.14555064E+04
     323   -0.14637315E+04
     324   -0.14720402E+04
     325   -0.14804692E+04
     326   -0.14888468E+04
     327   -0.14973544E+04
     328   -0.15059701E+04
     329   -0.15146388E+04
     330   -0.15233759E+04
     331   -0.15321765E+04
     332   -0.15409243E+04
     333   -0.15497822E+04
     334   -0.15587301E+04
     335   -0.15677330E+04
     336   -0.15767243E+04
     337   -0.15857822E+04
     338   -0.15949034E+04
     339   -0.16041148E+04
     340   -0.16134221E+04
     341   -0.16226312E+04
     342   -0.16318901E+04
     343   -0.16412608E+04
     344   -0.16506535E+04
     345   -0.16600091E+04
     346   -0.16693651E+04
     347   -0.16788980E+04
     348   -0.16884079E+04
     349   -0.16979672E+04
     350   -0.17074807E+04
     351   -0.17171223E+04
     352   -0.17268210E+04
     353   -0.17364507E+04
     354   -0.17460589E+04
     355   -0.17559239E+04
     356   -0.17656934E+04
     357   -0.17755821E+04
     358   -0.17852930E+04
     359   -0.17953190E+04
     360   -0.18051176E+04
     361   -0.18150948E+04
     362   -0.18249810E+04
     363   -0.18348771E+04
     364   -0.18448026E+04
     365   -0.18548039E+04
     366   -0.18646612E+04
     367   -0.18749633E+04
     368   -0.18850471E+04
     369   -0.18951771E+04
     370   -0.19054205E+04
     371   -0.19155143E+04
     372   -0.19257156E+04
     373   -0.19356556E+04
     374   -0.19458411E+04
     375   -0.19561165E+04
     376   -0.19664282E+04
     377   -0.19767070E+04
     378   -0.19870957E+04
     379   -0.19974890E+04
     380   -0.20078606E+04
     381   -0.20183788E+04
     382   -0.20287325E+04
     383   -0.20392219E+04
     384   -0.20493360E+04
     385   -0.20598991E+04
     386   -0.20701536E+04
     387   -0.20805576E+04
     388   -0.20912324E+04
     389   -0.21019048E+04
     390   -0.21124099E+04
     391   -0.21229210E+04
     392   -0.21334955E+04
     393   -0.21441581E+04
     394   -0.21550130E+04
     395   -0.21657321E+04
     396   -0.21761763E+04
     397   -0.21869346E+04
     398   -0.21976544E+04
     399   -0.22082753E+04
     400   -0.22191178E+04
     401   -0.22296591E+04
     402   -0.22402345E+04
     403   -0.22510689E+04
     404   -0.22615810E+04
     405   -0.22727079E+04
     406   -0.22833209E+04
     407   -0.22940528E+04
     408   -0.23046496E+04
     409   -0.23154516E+04
     410   -0.23265667E+04
     411   -0.23373167E+04
     412   -0.23486749E+04
     413   -0.23592957E+04
     414   -0.23702916E+04
     415   -0.23804349E+04
     416   -0.23910125E+04
     417   -0.24024270E+04
     418   -0.24136708E+04
     419   -0.24236789E+04
     420   -0.24339857E+04
     421   -0.24445873E+04
     422   -0.24556014E+04
     423   -0.24659222E+04
     424   -0.24772749E+04
     425   -0.24887408E+04
     426   -0.24992253E+04
     427   -0.25102391E+04
     428   -0.25212015E+04
     429   -0.25320501E+04
     430   -0.25430306E+04
     431   -0.25537064E+04
     432   -0.25650792E+04
     433   -0.25763548E+04
     434   -0.25869795E+04
     435   -0.25971705E+04
     436   -0.26072758E+04
     437   -0.26185144E+04
     438   -0.26290202E+04
     439   -0.26397800E+04
     440   -0.26506424E+04
     441   -0.26617932E+04
     442   -0.26728404E+04
     443   -0.26835338E+04
     444   -0.26946869E+04
     445   -0.27053908E+04
     446   -0.27161228E+04
     447   -0.27271061E+04
     448   -0.27390354E+04
     449   -0.27492688E+04
     450   -0.27592149E+04
     451   -0.27708962E+04
     452   -0.27810264E+04
     453   -0.27916915E+04
     454   -0.28020869E+04
     455   -0.28135154E+04
     456   -0.28238977E+04
     457   -0.28342439E+04
     458   -0.28451495E+04
     459   -0.28558412E+04
     460   -0.28666198E+04
     461   -0.28764493E+04
     462   -0.28872897E+04
     463   -0.28972868E+04
     464   -0.29078973E+04
     465   -0.29193947E+04
     466   -0.29286484E+04
     467   -0.29396245E+04
     468   -0.29494314E+04
     469   -0.29590706E+04
     470   -0.29700847E+04
