    0.0000000000E+00    -0.6778850711E+02
    0.1000000000E+01    -0.6479544053E+02
    0.2000000000E+01    -0.6247837540E+02
    0.3000000000E+01    -0.6054908114E+02
    0.4000000000E+01    -0.5888998931E+02
    0.5000000000E+01    -0.5743694642E+02
    0.6000000000E+01    -0.5614858440E+02
    0.7000000000E+01    -0.5499682682E+02
    0.8000000000E+01    -0.5396216424E+02
    0.9000000000E+01    -0.5302780494E+02
    0.1000000000E+02    -0.5218141023E+02
    0.1100000000E+02    -0.5141302925E+02
    0.1200000000E+02    -0.5071441758E+02
    0.1300000000E+02    -0.5007905849E+02
    0.1400000000E+02    -0.4950059782E+02
    0.1500000000E+02    -0.4897482694E+02
    0.1600000000E+02    -0.4849559066E+02
    0.1700000000E+02    -0.4806034845E+02
    0.1800000000E+02    -0.4766588512E+02
    0.1900000000E+02    -0.4730883265E+02
    0.2000000000E+02    -0.4698574083E+02
    0.2100000000E+02    -0.4669499237E+02
    0.2200000000E+02    -0.4643382664E+02
    0.2300000000E+02    -0.4620056866E+02
    0.2400000000E+02    -0.4599273152E+02
    0.2500000000E+02    -0.4580930816E+02
    0.2600000000E+02    -0.4564831934E+02
    0.2700000000E+02    -0.4550850646E+02
    0.2800000000E+02    -0.4538883198E+02
    0.2900000000E+02    -0.4528785480E+02
    0.3000000000E+02    -0.4520446820E+02
    0.3100000000E+02    -0.4513718616E+02
    0.3200000000E+02    -0.4508536780E+02
    0.3300000000E+02    -0.4504764899E+02
    0.3400000000E+02    -0.4502361595E+02
    0.3500000000E+02    -0.4501254117E+02
    0.3600000000E+02    -0.4501344154E+02
    0.3700000000E+02    -0.4502574146E+02
    0.3800000000E+02    -0.4504849254E+02
    0.3900000000E+02    -0.4508151047E+02
    0.4000000000E+02    -0.4512346094E+02
    0.4100000000E+02    -0.4517453768E+02
    0.4200000000E+02    -0.4523312363E+02
    0.4300000000E+02    -0.4529967362E+02
    0.4400000000E+02    -0.4537308920E+02
    0.4500000000E+02    -0.4545376391E+02
    0.4600000000E+02    -0.4554066706E+02
    0.4700000000E+02    -0.4563286985E+02
    0.4800000000E+02    -0.4573106313E+02
    0.4900000000E+02    -0.4583358496E+02
    0.5000000000E+02    -0.4594167833E+02
    0.5100000000E+02    -0.4605427548E+02
    0.5200000000E+02    -0.4617015955E+02
    0.5300000000E+02    -0.4628992793E+02
    0.5400000000E+02    -0.4641310007E+02
    0.5500000000E+02    -0.4653911022E+02
    0.5600000000E+02    -0.4666772427E+02
    0.5700000000E+02    -0.4679995125E+02
    0.5800000000E+02    -0.4693322201E+02
    0.5900000000E+02    -0.4706830431E+02
    0.6000000000E+02    -0.4720581754E+02
    0.6100000000E+02    -0.4734457409E+02
    0.6200000000E+02    -0.4748533656E+02
    0.6300000000E+02    -0.4762680634E+02
    0.6400000000E+02    -0.4776963008E+02
    0.6500000000E+02    -0.4791306236E+02
    0.6600000000E+02    -0.4805733529E+02
    0.6700000000E+02    -0.4820156145E+02
    0.6800000000E+02    -0.4834574715E+02
    0.6900000000E+02    -0.4848999116E+02
    0.7000000000E+02    -0.4863396972E+02
    0.7100000000E+02    -0.4877883669E+02
    0.7200000000E+02    -0.4892312380E+02
    0.7300000000E+02    -0.4906647714E+02
    0.7400000000E+02    -0.4920963015E+02
    0.7500000000E+02    -0.4935203310E+02
    0.7600000000E+02    -0.4949320329E+02
    0.7700000000E+02    -0.4963377453E+02
    0.7800000000E+02    -0.4977316804E+02
    0.7900000000E+02    -0.4991112885E+02
    0.8000000000E+02    -0.5004722115E+02
    0.8100000000E+02    -0.5018278765E+02
    0.8200000000E+02    -0.5031586910E+02
    0.8300000000E+02    -0.5044818574E+02
    0.8400000000E+02    -0.5057867859E+02
    0.8500000000E+02    -0.5070706447E+02
    0.8600000000E+02    -0.5083385923E+02
    0.8700000000E+02    -0.5095908656E+02
    0.8800000000E+02    -0.5108282742E+02
    0.8900000000E+02    -0.5120401977E+02
    0.9000000000E+02    -0.5132291954E+02
    0.9100000000E+02    -0.5143971799E+02
    0.9200000000E+02    -0.5155424237E+02
    0.9300000000E+02    -0.5166671804E+02
    0.9400000000E+02    -0.5177651127E+02
    0.9500000000E+02    -0.5188341114E+02
    0.9600000000E+02    -0.5198901632E+02
    0.9700000000E+02    -0.5209110524E+02
    0.9800000000E+02    -0.5219136842E+02
    0.9900000000E+02    -0.5228875030E+02
    0.1000000000E+03    -0.5238334645E+02
    0.1010000000E+03    -0.5247522335E+02
    0.1020000000E+03    -0.5256540897E+02
    0.1030000000E+03    -0.5265221593E+02
    0.1040000000E+03    -0.5273615201E+02
    0.1050000000E+03    -0.5281774037E+02
    0.1060000000E+03    -0.5289634164E+02
    0.1070000000E+03    -0.5297120226E+02
    0.1080000000E+03    -0.5304302031E+02
    0.1090000000E+03    -0.5311152677E+02
    0.1100000000E+03    -0.5317794097E+02
    0.1110000000E+03    -0.5324128505E+02
    0.1120000000E+03    -0.5330206119E+02
    0.1130000000E+03    -0.5335988802E+02
    0.1140000000E+03    -0.5341370332E+02
    0.1150000000E+03    -0.5346519103E+02
    0.1160000000E+03    -0.5351411797E+02
    0.1170000000E+03    -0.5355991443E+02
    0.1180000000E+03    -0.5360289739E+02
    0.1190000000E+03    -0.5364180875E+02
    0.1200000000E+03    -0.5367745556E+02
    0.1210000000E+03    -0.5370904636E+02
    0.1220000000E+03    -0.5373798229E+02
    0.1230000000E+03    -0.5376396627E+02
    0.1240000000E+03    -0.5378707975E+02
    0.1250000000E+03    -0.5380580074E+02
    0.1260000000E+03    -0.5382128105E+02
    0.1270000000E+03    -0.5383393010E+02
    0.1280000000E+03    -0.5384439291E+02
    0.1290000000E+03    -0.5385000511E+02
    0.1300000000E+03    -0.5385280604E+02
    0.1310000000E+03    -0.5385266814E+02
    0.1320000000E+03    -0.5385022011E+02
    0.1330000000E+03    -0.5384367083E+02
    0.1340000000E+03    -0.5383215015E+02
    0.1350000000E+03    -0.5381729819E+02
    0.1360000000E+03    -0.5380068833E+02
    0.1370000000E+03    -0.5378042985E+02
    0.1380000000E+03    -0.5375659987E+02
    0.1390000000E+03    -0.5372922356E+02
    0.1400000000E+03    -0.5369871405E+02
    0.1410000000E+03    -0.5366450006E+02
    0.1420000000E+03    -0.5362698697E+02
    0.1430000000E+03    -0.5358701052E+02
    0.1440000000E+03    -0.5354355552E+02
    0.1450000000E+03    -0.5349616468E+02
    0.1460000000E+03    -0.5344566965E+02
    0.1470000000E+03    -0.5339258422E+02
    0.1480000000E+03    -0.5333557635E+02
    0.1490000000E+03    -0.5327532257E+02
    0.1500000000E+03    -0.5321124425E+02
    0.1510000000E+03    -0.5314359016E+02
    0.1520000000E+03    -0.5307216719E+02
    0.1530000000E+03    -0.5299704133E+02
    0.1540000000E+03    -0.5291852423E+02
    0.1550000000E+03    -0.5283811696E+02
    0.1560000000E+03    -0.5275397049E+02
    0.1570000000E+03    -0.5266577890E+02
    0.1580000000E+03    -0.5257486742E+02
    0.1590000000E+03    -0.5247979841E+02
    0.1600000000E+03    -0.5238200906E+02
    0.1610000000E+03    -0.5228001367E+02
    0.1620000000E+03    -0.5217464770E+02
    0.1630000000E+03    -0.5206533670E+02
    0.1640000000E+03    -0.5195311107E+02
    0.1650000000E+03    -0.5183673896E+02
    0.1660000000E+03    -0.5171804530E+02
    0.1670000000E+03    -0.5159549428E+02
    0.1680000000E+03    -0.5147008678E+02
    0.1690000000E+03    -0.5134075437E+02
    0.1700000000E+03    -0.5120697497E+02
    0.1710000000E+03    -0.5107105688E+02
    0.1720000000E+03    -0.5093174988E+02
    0.1730000000E+03    -0.5078881999E+02
    0.1740000000E+03    -0.5064311744E+02
    0.1750000000E+03    -0.5049464737E+02
    0.1760000000E+03    -0.5034202372E+02
    0.1770000000E+03    -0.5018596601E+02
    0.1780000000E+03    -0.5002531544E+02
    0.1790000000E+03    -0.4986300622E+02
    0.1800000000E+03    -0.4969743694E+02
    0.1810000000E+03    -0.4952707438E+02
    0.1820000000E+03    -0.4935350008E+02
    0.1830000000E+03    -0.4917712637E+02
    0.1840000000E+03    -0.4899750193E+02
    0.1850000000E+03    -0.4881451722E+02
    0.1860000000E+03    -0.4862762205E+02
    0.1870000000E+03    -0.4843729153E+02
    0.1880000000E+03    -0.4824344445E+02
    0.1890000000E+03    -0.4804632815E+02
    0.1900000000E+03    -0.4784538199E+02
    0.1910000000E+03    -0.4764155791E+02
    0.1920000000E+03    -0.4743490988E+02
    0.1930000000E+03    -0.4722570641E+02
    0.1940000000E+03    -0.4701132381E+02
    0.1950000000E+03    -0.4679419840E+02
    0.1960000000E+03    -0.4657391525E+02
    0.1970000000E+03    -0.4635078336E+02
    0.1980000000E+03    -0.4612560108E+02
    0.1990000000E+03    -0.4589628374E+02
    0.2000000000E+03    -0.4566247221E+02
    0.2010000000E+03    -0.4542650111E+02
    0.2020000000E+03    -0.4518706939E+02
    0.2030000000E+03    -0.4494288370E+02
    0.2040000000E+03    -0.4469679175E+02
    0.2050000000E+03    -0.4444675997E+02
    0.2060000000E+03    -0.4419346736E+02
    0.2070000000E+03    -0.4393683024E+02
    0.2080000000E+03    -0.4367750730E+02
    0.2090000000E+03    -0.4341567177E+02
    0.2100000000E+03    -0.4315010421E+02
    0.2110000000E+03    -0.4288236901E+02
    0.2120000000E+03    -0.4261224108E+02
    0.2130000000E+03    -0.4233808008E+02
    0.2140000000E+03    -0.4206060298E+02
    0.2150000000E+03    -0.4177943127E+02
    0.2160000000E+03    -0.4149519721E+02
    0.2170000000E+03    -0.4120771593E+02
    0.2180000000E+03    -0.4091775505E+02
    0.2190000000E+03    -0.4062412617E+02
    0.2200000000E+03    -0.4032714943E+02
    0.2210000000E+03    -0.4002860886E+02
    0.2220000000E+03    -0.3972770759E+02
    0.2230000000E+03    -0.3942439893E+02
    0.2240000000E+03    -0.3911618495E+02
    0.2250000000E+03    -0.3880579786E+02
    0.2260000000E+03    -0.3849292559E+02
    0.2270000000E+03    -0.3817779460E+02
    0.2280000000E+03    -0.3785887106E+02
    0.2290000000E+03    -0.3753797857E+02
    0.2300000000E+03    -0.3721527215E+02
    0.2310000000E+03    -0.3688724665E+02
    0.2320000000E+03    -0.3655831993E+02
    0.2330000000E+03    -0.3622658486E+02
    0.2340000000E+03    -0.3589229283E+02
    0.2350000000E+03    -0.3555679796E+02
    0.2360000000E+03    -0.3521680455E+02
    0.2370000000E+03    -0.3487384912E+02
    0.2380000000E+03    -0.3452903900E+02
    0.2390000000E+03    -0.3418096152E+02
    0.2400000000E+03    -0.3383254855E+02
    0.2410000000E+03    -0.3348074052E+02
    0.2420000000E+03    -0.3312564033E+02
    0.2430000000E+03    -0.3277000756E+02
    0.2440000000E+03    -0.3241145387E+02
    0.2450000000E+03    -0.3205099569E+02
    0.2460000000E+03    -0.3168836684E+02
    0.2470000000E+03    -0.3132466442E+02
    0.2480000000E+03    -0.3095821922E+02
    0.2490000000E+03    -0.3059002936E+02
    0.2500000000E+03    -0.3021956194E+02
    0.2510000000E+03    -0.2984813266E+02
    0.2520000000E+03    -0.2947370469E+02
    0.2530000000E+03    -0.2910042755E+02
    0.2540000000E+03    -0.2872635694E+02
    0.2550000000E+03    -0.2834941535E+02
    0.2560000000E+03    -0.2797063376E+02
    0.2570000000E+03    -0.2759008911E+02
    0.2580000000E+03    -0.2720981070E+02
    0.2590000000E+03    -0.2682764835E+02
    0.2600000000E+03    -0.2644457436E+02
    0.2610000000E+03    -0.2605890300E+02
    0.2620000000E+03    -0.2567325130E+02
    0.2630000000E+03    -0.2528703191E+02
    0.2640000000E+03    -0.2489832385E+02
    0.2650000000E+03    -0.2450904633E+02
    0.2660000000E+03    -0.2412104262E+02
    0.2670000000E+03    -0.2373260322E+02
    0.2680000000E+03    -0.2334539944E+02
    0.2690000000E+03    -0.2295586712E+02
    0.2700000000E+03    -0.2256704594E+02
    0.2710000000E+03    -0.2217845852E+02
    0.2720000000E+03    -0.2179096785E+02
    0.2730000000E+03    -0.2140485765E+02
    0.2740000000E+03    -0.2101686787E+02
    0.2750000000E+03    -0.2062920635E+02
    0.2760000000E+03    -0.2024315155E+02
    0.2770000000E+03    -0.1985668236E+02
    0.2780000000E+03    -0.1947028861E+02
    0.2790000000E+03    -0.1908262826E+02
    0.2800000000E+03    -0.1869542796E+02
    0.2810000000E+03    -0.1831184404E+02
    0.2820000000E+03    -0.1792918123E+02
    0.2830000000E+03    -0.1754665593E+02
    0.2840000000E+03    -0.1716375005E+02
    0.2850000000E+03    -0.1678501188E+02
    0.2860000000E+03    -0.1640606295E+02
    0.2870000000E+03    -0.1602757826E+02
    0.2880000000E+03    -0.1565453211E+02
    0.2890000000E+03    -0.1528359418E+02
    0.2900000000E+03    -0.1491706376E+02
    0.2910000000E+03    -0.1455141745E+02
    0.2920000000E+03    -0.1418733052E+02
    0.2930000000E+03    -0.1382552039E+02
    0.2940000000E+03    -0.1346765386E+02
    0.2950000000E+03    -0.1311218742E+02
    0.2960000000E+03    -0.1276092974E+02
    0.2970000000E+03    -0.1241078663E+02
    0.2980000000E+03    -0.1206259376E+02
    0.2990000000E+03    -0.1172056358E+02
    0.3000000000E+03    -0.1138142811E+02
    0.3010000000E+03    -0.1104870167E+02
    0.3020000000E+03    -0.1071808768E+02
    0.3030000000E+03    -0.1039540060E+02
    0.3040000000E+03    -0.1007302030E+02
    0.3050000000E+03    -0.9756937017E+01
    0.3060000000E+03    -0.9448724557E+01
    0.3070000000E+03    -0.9141718356E+01
    0.3080000000E+03    -0.8838531956E+01
    0.3090000000E+03    -0.8540927481E+01
    0.3100000000E+03    -0.8249226201E+01
    0.3110000000E+03    -0.7964659870E+01
    0.3120000000E+03    -0.7685366079E+01
    0.3130000000E+03    -0.7413976126E+01
    0.3140000000E+03    -0.7148312919E+01
    0.3150000000E+03    -0.6892330362E+01
    0.3160000000E+03    -0.6637893221E+01
    0.3170000000E+03    -0.6390076113E+01
    0.3180000000E+03    -0.6151599994E+01
    0.3190000000E+03    -0.5919481926E+01
    0.3200000000E+03    -0.5691726407E+01
    0.3210000000E+03    -0.5475933174E+01
    0.3220000000E+03    -0.5266444493E+01
    0.3230000000E+03    -0.5062492564E+01
    0.3240000000E+03    -0.4871295915E+01
    0.3250000000E+03    -0.4687484557E+01
    0.3260000000E+03    -0.4518965282E+01
    0.3270000000E+03    -0.4354584290E+01
    0.3280000000E+03    -0.4196976507E+01
    0.3290000000E+03    -0.4046386010E+01
    0.3300000000E+03    -0.3906548250E+01
    0.3310000000E+03    -0.3774686859E+01
    0.3320000000E+03    -0.3653524033E+01
    0.3330000000E+03    -0.3546181868E+01
    0.3340000000E+03    -0.3454537570E+01
    0.3350000000E+03    -0.3365677422E+01
    0.3360000000E+03    -0.3290826568E+01
    0.3370000000E+03    -0.3228323288E+01
    0.3380000000E+03    -0.3177615245E+01
    0.3390000000E+03    -0.3140616345E+01
    0.3400000000E+03    -0.3117350892E+01
    0.3410000000E+03    -0.3104172766E+01
    0.3420000000E+03    -0.3102177189E+01
    0.3430000000E+03    -0.3116233836E+01
    0.3440000000E+03    -0.3138100780E+01
    0.3450000000E+03    -0.3174424924E+01
    0.3460000000E+03    -0.3226981402E+01
    0.3470000000E+03    -0.3291121979E+01
    0.3480000000E+03    -0.3369715411E+01
    0.3490000000E+03    -0.3464330830E+01
    0.3500000000E+03    -0.3572517398E+01
    0.3510000000E+03    -0.3697537578E+01
    0.3520000000E+03    -0.3840445781E+01
    0.3530000000E+03    -0.3998925316E+01
    0.3540000000E+03    -0.4173084179E+01
    0.3550000000E+03    -0.4366196848E+01
    0.3560000000E+03    -0.4577163016E+01
    0.3570000000E+03    -0.4805508445E+01
    0.3580000000E+03    -0.5046721433E+01
    0.3590000000E+03    -0.5302146678E+01
    0.3600000000E+03    -0.5580972551E+01
    0.3610000000E+03    -0.5872971812E+01
    0.3620000000E+03    -0.6185471231E+01
    0.3630000000E+03    -0.6518079488E+01
    0.3640000000E+03    -0.6868270957E+01
    0.3650000000E+03    -0.7241727392E+01
    0.3660000000E+03    -0.7634294621E+01
    0.3670000000E+03    -0.8048020766E+01
    0.3680000000E+03    -0.8474212239E+01
    0.3690000000E+03    -0.8926239485E+01
    0.3700000000E+03    -0.9403685264E+01
    0.3710000000E+03    -0.9897648248E+01
    0.3720000000E+03    -0.1041135725E+02
    0.3730000000E+03    -0.1094701948E+02
    0.3740000000E+03    -0.1150673659E+02
    0.3750000000E+03    -0.1209543730E+02
    0.3760000000E+03    -0.1271046418E+02
    0.3770000000E+03    -0.1334857746E+02
    0.3780000000E+03    -0.1400226110E+02
    0.3790000000E+03    -0.1468708168E+02
    0.3800000000E+03    -0.1540236856E+02
    0.3810000000E+03    -0.1612843273E+02
    0.3820000000E+03    -0.1687785448E+02
    0.3830000000E+03    -0.1765898699E+02
    0.3840000000E+03    -0.1847038556E+02
    0.3850000000E+03    -0.1931081070E+02
    0.3860000000E+03    -0.2017573061E+02
    0.3870000000E+03    -0.2106907238E+02
    0.3880000000E+03    -0.2199704945E+02
    0.3890000000E+03    -0.2293904571E+02
    0.3900000000E+03    -0.2391586264E+02
    0.3910000000E+03    -0.2492258409E+02
    0.3920000000E+03    -0.2595273202E+02
    0.3930000000E+03    -0.2700922314E+02
    0.3940000000E+03    -0.2809632055E+02
    0.3950000000E+03    -0.2920991170E+02
    0.3960000000E+03    -0.3036637161E+02
    0.3970000000E+03    -0.3155023463E+02
    0.3980000000E+03    -0.3276165333E+02
    0.3990000000E+03    -0.3400990189E+02
    0.4000000000E+03    -0.3529426026E+02
