    0.0000000000E+00    -0.9996003463E+02
    0.1000000000E+01    -0.9758840507E+02
    0.2000000000E+01    -0.9588658733E+02
    0.3000000000E+01    -0.9456832189E+02
    0.4000000000E+01    -0.9351579461E+02
    0.5000000000E+01    -0.9266396957E+02
    0.6000000000E+01    -0.9197204884E+02
    0.7000000000E+01    -0.9141176620E+02
    0.8000000000E+01    -0.9096260096E+02
    0.9000000000E+01    -0.9060851336E+02
    0.1000000000E+02    -0.9033750446E+02
    0.1100000000E+02    -0.9014008887E+02
    0.1200000000E+02    -0.9000769491E+02
    0.1300000000E+02    -0.8993353558E+02
    0.1400000000E+02    -0.8991076422E+02
    0.1500000000E+02    -0.8993415259E+02
    0.1600000000E+02    -0.9000049480E+02
    0.1700000000E+02    -0.9010533475E+02
    0.1800000000E+02    -0.9024511450E+02
    0.1900000000E+02    -0.9041718317E+02
    0.2000000000E+02    -0.9061855801E+02
    0.2100000000E+02    -0.9084678936E+02
    0.2200000000E+02    -0.9110006156E+02
    0.2300000000E+02    -0.9137544145E+02
    0.2400000000E+02    -0.9167074341E+02
    0.2500000000E+02    -0.9198513524E+02
    0.2600000000E+02    -0.9231773219E+02
    0.2700000000E+02    -0.9266549712E+02
    0.2800000000E+02    -0.9302725524E+02
    0.2900000000E+02    -0.9340343316E+02
    0.3000000000E+02    -0.9379128352E+02
    0.3100000000E+02    -0.9419051704E+02
    0.3200000000E+02    -0.9460033604E+02
    0.3300000000E+02    -0.9501857149E+02
    0.3400000000E+02    -0.9544538566E+02
    0.3500000000E+02    -0.9587921316E+02
    0.3600000000E+02    -0.9631932206E+02
    0.3700000000E+02    -0.9676587513E+02
    0.3800000000E+02    -0.9721742122E+02
    0.3900000000E+02    -0.9767363717E+02
    0.4000000000E+02    -0.9813356807E+02
    0.4100000000E+02    -0.9859671850E+02
    0.4200000000E+02    -0.9906227922E+02
    0.4300000000E+02    -0.9952991705E+02
    0.4400000000E+02    -0.9999974195E+02
    0.4500000000E+02    -0.1004712933E+03
    0.4600000000E+02    -0.1009432111E+03
    0.4700000000E+02    -0.1014153731E+03
    0.4800000000E+02    -0.1018876680E+03
    0.4900000000E+02    -0.1023592093E+03
    0.5000000000E+02    -0.1028303564E+03
    0.5100000000E+02    -0.1032996423E+03
    0.5200000000E+02    -0.1037679930E+03
    0.5300000000E+02    -0.1042342178E+03
    0.5400000000E+02    -0.1046987816E+03
    0.5500000000E+02    -0.1051614276E+03
    0.5600000000E+02    -0.1056208609E+03
    0.5700000000E+02    -0.1060776974E+03
    0.5800000000E+02    -0.1065320721E+03
    0.5900000000E+02    -0.1069826619E+03
    0.6000000000E+02    -0.1074290719E+03
    0.6100000000E+02    -0.1078714749E+03
    0.6200000000E+02    -0.1083098064E+03
    0.6300000000E+02    -0.1087442440E+03
    0.6400000000E+02    -0.1091749789E+03
    0.6500000000E+02    -0.1096008233E+03
    0.6600000000E+02    -0.1100219602E+03
    0.6700000000E+02    -0.1104374812E+03
    0.6800000000E+02    -0.1108492450E+03
    0.6900000000E+02    -0.1112564412E+03
    0.7000000000E+02    -0.1116576294E+03
    0.7100000000E+02    -0.1120533339E+03
    0.7200000000E+02    -0.1124443106E+03
    0.7300000000E+02    -0.1128290689E+03
    0.7400000000E+02    -0.1132085026E+03
    0.7500000000E+02    -0.1135820176E+03
    0.7600000000E+02    -0.1139504501E+03
    0.7700000000E+02    -0.1143124673E+03
    0.7800000000E+02    -0.1146686892E+03
    0.7900000000E+02    -0.1150200471E+03
    0.8000000000E+02    -0.1153644132E+03
    0.8100000000E+02    -0.1157036307E+03
    0.8200000000E+02    -0.1160362648E+03
    0.8300000000E+02    -0.1163638702E+03
    0.8400000000E+02    -0.1166841631E+03
    0.8500000000E+02    -0.1169984832E+03
    0.8600000000E+02    -0.1173059408E+03
    0.8700000000E+02    -0.1176067784E+03
    0.8800000000E+02    -0.1179025315E+03
    0.8900000000E+02    -0.1181917691E+03
    0.9000000000E+02    -0.1184748611E+03
    0.9100000000E+02    -0.1187528458E+03
    0.9200000000E+02    -0.1190236896E+03
    0.9300000000E+02    -0.1192890006E+03
    0.9400000000E+02    -0.1195476274E+03
    0.9500000000E+02    -0.1198001521E+03
    0.9600000000E+02    -0.1200467214E+03
    0.9700000000E+02    -0.1202870272E+03
    0.9800000000E+02    -0.1205229083E+03
    0.9900000000E+02    -0.1207514334E+03
    0.1000000000E+03    -0.1209741136E+03
    0.1010000000E+03    -0.1211905614E+03
    0.1020000000E+03    -0.1214008966E+03
    0.1030000000E+03    -0.1216051889E+03
    0.1040000000E+03    -0.1218030418E+03
    0.1050000000E+03    -0.1219942486E+03
    0.1060000000E+03    -0.1221809559E+03
    0.1070000000E+03    -0.1223610845E+03
    0.1080000000E+03    -0.1225345038E+03
    0.1090000000E+03    -0.1227029291E+03
    0.1100000000E+03    -0.1228651005E+03
    0.1110000000E+03    -0.1230205130E+03
    0.1120000000E+03    -0.1231704070E+03
    0.1130000000E+03    -0.1233137669E+03
    0.1140000000E+03    -0.1234514967E+03
    0.1150000000E+03    -0.1235827996E+03
    0.1160000000E+03    -0.1237084999E+03
    0.1170000000E+03    -0.1238280931E+03
    0.1180000000E+03    -0.1239420945E+03
    0.1190000000E+03    -0.1240497882E+03
    0.1200000000E+03    -0.1241509100E+03
    0.1210000000E+03    -0.1242463246E+03
    0.1220000000E+03    -0.1243361219E+03
    0.1230000000E+03    -0.1244211893E+03
    0.1240000000E+03    -0.1244996765E+03
    0.1250000000E+03    -0.1245725222E+03
    0.1260000000E+03    -0.1246394458E+03
    0.1270000000E+03    -0.1247011826E+03
    0.1280000000E+03    -0.1247567983E+03
    0.1290000000E+03    -0.1248064632E+03
    0.1300000000E+03    -0.1248490371E+03
    0.1310000000E+03    -0.1248873162E+03
    0.1320000000E+03    -0.1249197845E+03
    0.1330000000E+03    -0.1249466715E+03
    0.1340000000E+03    -0.1249673994E+03
    0.1350000000E+03    -0.1249828588E+03
    0.1360000000E+03    -0.1249919935E+03
    0.1370000000E+03    -0.1249941186E+03
    0.1380000000E+03    -0.1249917520E+03
    0.1390000000E+03    -0.1249837747E+03
    0.1400000000E+03    -0.1249709889E+03
    0.1410000000E+03    -0.1249523908E+03
    0.1420000000E+03    -0.1249276468E+03
    0.1430000000E+03    -0.1248961731E+03
    0.1440000000E+03    -0.1248608923E+03
    0.1450000000E+03    -0.1248199011E+03
    0.1460000000E+03    -0.1247743253E+03
    0.1470000000E+03    -0.1247218382E+03
    0.1480000000E+03    -0.1246654168E+03
    0.1490000000E+03    -0.1246025876E+03
    0.1500000000E+03    -0.1245338872E+03
    0.1510000000E+03    -0.1244594978E+03
    0.1520000000E+03    -0.1243794437E+03
    0.1530000000E+03    -0.1242932851E+03
    0.1540000000E+03    -0.1242028498E+03
    0.1550000000E+03    -0.1241060214E+03
    0.1560000000E+03    -0.1240046797E+03
    0.1570000000E+03    -0.1238974472E+03
    0.1580000000E+03    -0.1237854095E+03
    0.1590000000E+03    -0.1236673846E+03
    0.1600000000E+03    -0.1235441088E+03
    0.1610000000E+03    -0.1234148786E+03
    0.1620000000E+03    -0.1232812918E+03
    0.1630000000E+03    -0.1231425427E+03
    0.1640000000E+03    -0.1229989363E+03
    0.1650000000E+03    -0.1228504669E+03
    0.1660000000E+03    -0.1226952097E+03
    0.1670000000E+03    -0.1225351363E+03
    0.1680000000E+03    -0.1223695418E+03
    0.1690000000E+03    -0.1221991154E+03
    0.1700000000E+03    -0.1220229215E+03
    0.1710000000E+03    -0.1218413765E+03
    0.1720000000E+03    -0.1216538718E+03
    0.1730000000E+03    -0.1214619885E+03
    0.1740000000E+03    -0.1212646484E+03
    0.1750000000E+03    -0.1210615616E+03
    0.1760000000E+03    -0.1208550482E+03
    0.1770000000E+03    -0.1206424132E+03
    0.1780000000E+03    -0.1204255529E+03
    0.1790000000E+03    -0.1202027294E+03
    0.1800000000E+03    -0.1199751448E+03
    0.1810000000E+03    -0.1197419599E+03
    0.1820000000E+03    -0.1195028884E+03
    0.1830000000E+03    -0.1192591253E+03
    0.1840000000E+03    -0.1190101231E+03
    0.1850000000E+03    -0.1187543991E+03
    0.1860000000E+03    -0.1184953011E+03
    0.1870000000E+03    -0.1182307662E+03
    0.1880000000E+03    -0.1179606503E+03
    0.1890000000E+03    -0.1176854330E+03
    0.1900000000E+03    -0.1174040517E+03
    0.1910000000E+03    -0.1171178858E+03
    0.1920000000E+03    -0.1168265681E+03
    0.1930000000E+03    -0.1165306082E+03
    0.1940000000E+03    -0.1162285773E+03
    0.1950000000E+03    -0.1159207792E+03
    0.1960000000E+03    -0.1156066152E+03
    0.1970000000E+03    -0.1152873327E+03
    0.1980000000E+03    -0.1149632959E+03
    0.1990000000E+03    -0.1146342477E+03
    0.2000000000E+03    -0.1142998960E+03
    0.2010000000E+03    -0.1139591314E+03
    0.2020000000E+03    -0.1136117641E+03
    0.2030000000E+03    -0.1132598268E+03
    0.2040000000E+03    -0.1129036051E+03
    0.2050000000E+03    -0.1125418394E+03
    0.2060000000E+03    -0.1121741439E+03
    0.2070000000E+03    -0.1118012912E+03
    0.2080000000E+03    -0.1114228677E+03
    0.2090000000E+03    -0.1110391738E+03
    0.2100000000E+03    -0.1106501666E+03
    0.2110000000E+03    -0.1102554790E+03
    0.2120000000E+03    -0.1098553225E+03
    0.2130000000E+03    -0.1094476592E+03
    0.2140000000E+03    -0.1090365807E+03
    0.2150000000E+03    -0.1086187040E+03
    0.2160000000E+03    -0.1081973576E+03
    0.2170000000E+03    -0.1077697241E+03
    0.2180000000E+03    -0.1073346161E+03
    0.2190000000E+03    -0.1068951389E+03
    0.2200000000E+03    -0.1064489808E+03
    0.2210000000E+03    -0.1059980808E+03
    0.2220000000E+03    -0.1055423072E+03
    0.2230000000E+03    -0.1050814637E+03
    0.2240000000E+03    -0.1046158038E+03
    0.2250000000E+03    -0.1041440532E+03
    0.2260000000E+03    -0.1036648706E+03
    0.2270000000E+03    -0.1031801154E+03
    0.2280000000E+03    -0.1026901158E+03
    0.2290000000E+03    -0.1021913961E+03
    0.2300000000E+03    -0.1016870118E+03
    0.2310000000E+03    -0.1011801939E+03
    0.2320000000E+03    -0.1006665806E+03
    0.2330000000E+03    -0.1001478921E+03
    0.2340000000E+03    -0.9962315856E+02
    0.2350000000E+03    -0.9909219798E+02
    0.2360000000E+03    -0.9855511115E+02
    0.2370000000E+03    -0.9801503547E+02
    0.2380000000E+03    -0.9746814435E+02
    0.2390000000E+03    -0.9691522247E+02
    0.2400000000E+03    -0.9635623474E+02
    0.2410000000E+03    -0.9579123639E+02
    0.2420000000E+03    -0.9521907581E+02
    0.2430000000E+03    -0.9464261880E+02
    0.2440000000E+03    -0.9405853497E+02
    0.2450000000E+03    -0.9346964963E+02
    0.2460000000E+03    -0.9287460660E+02
    0.2470000000E+03    -0.9227481316E+02
    0.2480000000E+03    -0.9166689840E+02
    0.2490000000E+03    -0.9105450301E+02
    0.2500000000E+03    -0.9043694361E+02
    0.2510000000E+03    -0.8981321908E+02
    0.2520000000E+03    -0.8918467118E+02
    0.2530000000E+03    -0.8855035659E+02
    0.2540000000E+03    -0.8790853568E+02
    0.2550000000E+03    -0.8726171992E+02
    0.2560000000E+03    -0.8660998906E+02
    0.2570000000E+03    -0.8595304242E+02
    0.2580000000E+03    -0.8528806804E+02
    0.2590000000E+03    -0.8461643454E+02
    0.2600000000E+03    -0.8393981134E+02
    0.2610000000E+03    -0.8325702941E+02
    0.2620000000E+03    -0.8256910761E+02
    0.2630000000E+03    -0.8187591451E+02
    0.2640000000E+03    -0.8117778546E+02
    0.2650000000E+03    -0.8047328320E+02
    0.2660000000E+03    -0.7976403546E+02
    0.2670000000E+03    -0.7905035010E+02
    0.2680000000E+03    -0.7833029945E+02
    0.2690000000E+03    -0.7760381950E+02
    0.2700000000E+03    -0.7687213581E+02
    0.2710000000E+03    -0.7613680584E+02
    0.2720000000E+03    -0.7539771834E+02
    0.2730000000E+03    -0.7465191740E+02
    0.2740000000E+03    -0.7389718431E+02
    0.2750000000E+03    -0.7314280302E+02
    0.2760000000E+03    -0.7238249398E+02
    0.2770000000E+03    -0.7161717854E+02
    0.2780000000E+03    -0.7084918660E+02
    0.2790000000E+03    -0.7007507084E+02
    0.2800000000E+03    -0.6929533846E+02
    0.2810000000E+03    -0.6851217680E+02
    0.2820000000E+03    -0.6772484847E+02
    0.2830000000E+03    -0.6693279716E+02
    0.2840000000E+03    -0.6613678401E+02
    0.2850000000E+03    -0.6533681566E+02
    0.2860000000E+03    -0.6453324720E+02
    0.2870000000E+03    -0.6372454957E+02
    0.2880000000E+03    -0.6291313608E+02
    0.2890000000E+03    -0.6209749621E+02
    0.2900000000E+03    -0.6127980792E+02
    0.2910000000E+03    -0.6045756547E+02
    0.2920000000E+03    -0.5963508829E+02
    0.2930000000E+03    -0.5880627621E+02
    0.2940000000E+03    -0.5797794348E+02
    0.2950000000E+03    -0.5714692958E+02
    0.2960000000E+03    -0.5631473319E+02
    0.2970000000E+03    -0.5548065735E+02
    0.2980000000E+03    -0.5464715687E+02
    0.2990000000E+03    -0.5381020300E+02
    0.3000000000E+03    -0.5297117033E+02
    0.3010000000E+03    -0.5212810779E+02
    0.3020000000E+03    -0.5128494955E+02
    0.3030000000E+03    -0.5044096489E+02
    0.3040000000E+03    -0.4959415285E+02
    0.3050000000E+03    -0.4874974437E+02
    0.3060000000E+03    -0.4790547566E+02
    0.3070000000E+03    -0.4706223636E+02
    0.3080000000E+03    -0.4622091641E+02
    0.3090000000E+03    -0.4537588461E+02
    0.3100000000E+03    -0.4453090572E+02
    0.3110000000E+03    -0.4368856490E+02
    0.3120000000E+03    -0.4284853129E+02
    0.3130000000E+03    -0.4200954112E+02
    0.3140000000E+03    -0.4116932500E+02
    0.3150000000E+03    -0.4033025135E+02
    0.3160000000E+03    -0.3949430097E+02
    0.3170000000E+03    -0.3865723496E+02
    0.3180000000E+03    -0.3782647815E+02
    0.3190000000E+03    -0.3700316346E+02
    0.3200000000E+03    -0.3617964773E+02
    0.3210000000E+03    -0.3535781006E+02
    0.3220000000E+03    -0.3454089583E+02
    0.3230000000E+03    -0.3372391602E+02
    0.3240000000E+03    -0.3291587226E+02
    0.3250000000E+03    -0.3211095372E+02
    0.3260000000E+03    -0.3131190044E+02
    0.3270000000E+03    -0.3051398535E+02
    0.3280000000E+03    -0.2972524673E+02
    0.3290000000E+03    -0.2893828268E+02
    0.3300000000E+03    -0.2816336638E+02
    0.3310000000E+03    -0.2739010777E+02
    0.3320000000E+03    -0.2661984208E+02
    0.3330000000E+03    -0.2586169831E+02
    0.3340000000E+03    -0.2511047177E+02
    0.3350000000E+03    -0.2436187706E+02
    0.3360000000E+03    -0.2362242511E+02
    0.3370000000E+03    -0.2288773850E+02
    0.3380000000E+03    -0.2216634423E+02
    0.3390000000E+03    -0.2144202360E+02
    0.3400000000E+03    -0.2073646801E+02
    0.3410000000E+03    -0.2003962430E+02
    0.3420000000E+03    -0.1934487255E+02
    0.3430000000E+03    -0.1866439360E+02
    0.3440000000E+03    -0.1799363837E+02
    0.3450000000E+03    -0.1732892218E+02
    0.3460000000E+03    -0.1667188328E+02
    0.3470000000E+03    -0.1602408239E+02
    0.3480000000E+03    -0.1539446999E+02
    0.3490000000E+03    -0.1477347348E+02
    0.3500000000E+03    -0.1415962983E+02
    0.3510000000E+03    -0.1355900830E+02
    0.3520000000E+03    -0.1296819519E+02
    0.3530000000E+03    -0.1239509417E+02
    0.3540000000E+03    -0.1183717162E+02
    0.3550000000E+03    -0.1129812090E+02
    0.3560000000E+03    -0.1077305311E+02
    0.3570000000E+03    -0.1025545924E+02
    0.3580000000E+03    -0.9749959694E+01
    0.3590000000E+03    -0.9253436187E+01
    0.3600000000E+03    -0.8770983077E+01
    0.3610000000E+03    -0.8307473738E+01
    0.3620000000E+03    -0.7864927344E+01
    0.3630000000E+03    -0.7437727177E+01
    0.3640000000E+03    -0.7017488279E+01
    0.3650000000E+03    -0.6623777283E+01
    0.3660000000E+03    -0.6248292160E+01
    0.3670000000E+03    -0.5892108613E+01
    0.3680000000E+03    -0.5545261882E+01
    0.3690000000E+03    -0.5215059193E+01
    0.3700000000E+03    -0.4908914371E+01
    0.3710000000E+03    -0.4617323115E+01
    0.3720000000E+03    -0.4344046750E+01
    0.3730000000E+03    -0.4094364349E+01
    0.3740000000E+03    -0.3852055261E+01
    0.3750000000E+03    -0.3647337554E+01
    0.3760000000E+03    -0.3464403212E+01
    0.3770000000E+03    -0.3295696892E+01
    0.3780000000E+03    -0.3144159706E+01
    0.3790000000E+03    -0.3020354661E+01
    0.3800000000E+03    -0.2924967445E+01
    0.3810000000E+03    -0.2844267715E+01
    0.3820000000E+03    -0.2797050659E+01
    0.3830000000E+03    -0.2779189810E+01
    0.3840000000E+03    -0.2776720729E+01
    0.3850000000E+03    -0.2798685576E+01
    0.3860000000E+03    -0.2843721420E+01
    0.3870000000E+03    -0.2912597245E+01
    0.3880000000E+03    -0.3015552806E+01
    0.3890000000E+03    -0.3135762102E+01
    0.3900000000E+03    -0.3288273320E+01
    0.3910000000E+03    -0.3469084985E+01
    0.3920000000E+03    -0.3683282515E+01
    0.3930000000E+03    -0.3927323958E+01
    0.3940000000E+03    -0.4194323147E+01
    0.3950000000E+03    -0.4480623511E+01
    0.3960000000E+03    -0.4802425724E+01
    0.3970000000E+03    -0.5154854343E+01
    0.3980000000E+03    -0.5526490209E+01
    0.3990000000E+03    -0.5930195705E+01
    0.4000000000E+03    -0.6366167563E+01
    0.4010000000E+03    -0.6828486566E+01
    0.4020000000E+03    -0.7328077062E+01
    0.4030000000E+03    -0.7885510666E+01
    0.4040000000E+03    -0.8445232712E+01
    0.4050000000E+03    -0.9046906607E+01
    0.4060000000E+03    -0.9674621455E+01
    0.4070000000E+03    -0.1036069210E+02
    0.4080000000E+03    -0.1106009988E+02
    0.4090000000E+03    -0.1181209985E+02
    0.4100000000E+03    -0.1259355012E+02
    0.4110000000E+03    -0.1340310889E+02
    0.4120000000E+03    -0.1426117198E+02
    0.4130000000E+03    -0.1516275515E+02
    0.4140000000E+03    -0.1609905151E+02
    0.4150000000E+03    -0.1707982045E+02
    0.4160000000E+03    -0.1809411070E+02
    0.4170000000E+03    -0.1913346810E+02
    0.4180000000E+03    -0.2021837543E+02
    0.4190000000E+03    -0.2134551673E+02
    0.4200000000E+03    -0.2251323891E+02
    0.4210000000E+03    -0.2371610940E+02
    0.4220000000E+03    -0.2498112792E+02
    0.4230000000E+03    -0.2629548030E+02
    0.4240000000E+03    -0.2766463548E+02
    0.4250000000E+03    -0.2909198661E+02
    0.4260000000E+03    -0.3053378400E+02
    0.4270000000E+03    -0.3203782057E+02
    0.4280000000E+03    -0.3360374809E+02
    0.4290000000E+03    -0.3517937308E+02
    0.4300000000E+03    -0.3683441642E+02
    0.4310000000E+03    -0.3851791304E+02
    0.4320000000E+03    -0.4023504364E+02
    0.4330000000E+03    -0.4204600633E+02
    0.4340000000E+03    -0.4389272957E+02
    0.4350000000E+03    -0.4575386179E+02
    0.4360000000E+03    -0.4769930508E+02
    0.4370000000E+03    -0.4968980983E+02
    0.4380000000E+03    -0.5170639956E+02
    0.4390000000E+03    -0.5379932209E+02
    0.4400000000E+03    -0.5593631339E+02
    0.4410000000E+03    -0.5812895197E+02
    0.4420000000E+03    -0.6036269902E+02
    0.4430000000E+03    -0.6267417380E+02
    0.4440000000E+03    -0.6505168164E+02
    0.4450000000E+03    -0.6744249062E+02
    0.4460000000E+03    -0.6991048334E+02
    0.4470000000E+03    -0.7242367093E+02
    0.4480000000E+03    -0.7501270989E+02
    0.4490000000E+03    -0.7767614473E+02
    0.4500000000E+03    -0.8037655488E+02
    0.4510000000E+03    -0.8315197660E+02
    0.4520000000E+03    -0.8600744431E+02
    0.4530000000E+03    -0.8895076994E+02
    0.4540000000E+03    -0.9194123137E+02
    0.4550000000E+03    -0.9495670247E+02
    0.4560000000E+03    -0.9805323456E+02
    0.4570000000E+03    -0.1012047072E+03
    0.4580000000E+03    -0.1044162365E+03
    0.4590000000E+03    -0.1077048152E+03
    0.4600000000E+03    -0.1109583237E+03
    0.4610000000E+03    -0.1143976424E+03
    0.4620000000E+03    -0.1178635359E+03
    0.4630000000E+03    -0.1213927016E+03
    0.4640000000E+03    -0.1249919956E+03
    0.4650000000E+03    -0.1286203043E+03
