    0.0000000000E+00    -0.1218113980E+03
    0.1000000000E+01    -0.1209728223E+03
    0.2000000000E+01    -0.1207936048E+03
    0.3000000000E+01    -0.1209862483E+03
    0.4000000000E+01    -0.1214326376E+03
    0.5000000000E+01    -0.1220692168E+03
    0.6000000000E+01    -0.1228536220E+03
    0.7000000000E+01    -0.1237583050E+03
    0.8000000000E+01    -0.1247628059E+03
    0.9000000000E+01    -0.1258506054E+03
    0.1000000000E+02    -0.1270098463E+03
    0.1100000000E+02    -0.1282295125E+03
    0.1200000000E+02    -0.1295021774E+03
    0.1300000000E+02    -0.1308205108E+03
    0.1400000000E+02    -0.1321785233E+03
    0.1500000000E+02    -0.1335708281E+03
    0.1600000000E+02    -0.1349927607E+03
    0.1700000000E+02    -0.1364403885E+03
    0.1800000000E+02    -0.1379089934E+03
    0.1900000000E+02    -0.1393961400E+03
    0.2000000000E+02    -0.1408988148E+03
    0.2100000000E+02    -0.1424138578E+03
    0.2200000000E+02    -0.1439386310E+03
    0.2300000000E+02    -0.1454722757E+03
    0.2400000000E+02    -0.1470106840E+03
    0.2500000000E+02    -0.1485527102E+03
    0.2600000000E+02    -0.1500961172E+03
    0.2700000000E+02    -0.1516394900E+03
    0.2800000000E+02    -0.1531796791E+03
    0.2900000000E+02    -0.1547162036E+03
    0.3000000000E+02    -0.1562467810E+03
    0.3100000000E+02    -0.1577701260E+03
    0.3200000000E+02    -0.1592842880E+03
    0.3300000000E+02    -0.1607869794E+03
    0.3400000000E+02    -0.1622772944E+03
    0.3500000000E+02    -0.1637525011E+03
    0.3600000000E+02    -0.1652131554E+03
    0.3700000000E+02    -0.1666584055E+03
    0.3800000000E+02    -0.1680852458E+03
    0.3900000000E+02    -0.1694943243E+03
    0.4000000000E+02    -0.1708833273E+03
    0.4100000000E+02    -0.1722529800E+03
    0.4200000000E+02    -0.1736029544E+03
    0.4300000000E+02    -0.1749332725E+03
    0.4400000000E+02    -0.1762417935E+03
    0.4500000000E+02    -0.1775313066E+03
    0.4600000000E+02    -0.1788019515E+03
    0.4700000000E+02    -0.1800536028E+03
    0.4800000000E+02    -0.1812870619E+03
    0.4900000000E+02    -0.1825018328E+03
    0.5000000000E+02    -0.1836998088E+03
    0.5100000000E+02    -0.1848807314E+03
    0.5200000000E+02    -0.1860452394E+03
    0.5300000000E+02    -0.1871930939E+03
    0.5400000000E+02    -0.1883253380E+03
    0.5500000000E+02    -0.1894417305E+03
    0.5600000000E+02    -0.1905433082E+03
    0.5700000000E+02    -0.1916304349E+03
    0.5800000000E+02    -0.1927035013E+03
    0.5900000000E+02    -0.1937620173E+03
    0.6000000000E+02    -0.1948064884E+03
    0.6100000000E+02    -0.1958370829E+03
    0.6200000000E+02    -0.1968533555E+03
    0.6300000000E+02    -0.1978587498E+03
    0.6400000000E+02    -0.1988493003E+03
    0.6500000000E+02    -0.1998273458E+03
    0.6600000000E+02    -0.2007912864E+03
    0.6700000000E+02    -0.2017427674E+03
    0.6800000000E+02    -0.2026803097E+03
    0.6900000000E+02    -0.2036065988E+03
    0.7000000000E+02    -0.2045183674E+03
    0.7100000000E+02    -0.2054173327E+03
    0.7200000000E+02    -0.2063018432E+03
    0.7300000000E+02    -0.2071731731E+03
    0.7400000000E+02    -0.2080328971E+03
    0.7500000000E+02    -0.2088792240E+03
    0.7600000000E+02    -0.2097121400E+03
    0.7700000000E+02    -0.2105311265E+03
    0.7800000000E+02    -0.2113374653E+03
    0.7900000000E+02    -0.2121312814E+03
    0.8000000000E+02    -0.2129139970E+03
    0.8100000000E+02    -0.2136842595E+03
    0.8200000000E+02    -0.2144411187E+03
    0.8300000000E+02    -0.2151871627E+03
    0.8400000000E+02    -0.2159204794E+03
    0.8500000000E+02    -0.2166435785E+03
    0.8600000000E+02    -0.2173550495E+03
    0.8700000000E+02    -0.2180545734E+03
    0.8800000000E+02    -0.2187427857E+03
    0.8900000000E+02    -0.2194205995E+03
    0.9000000000E+02    -0.2200900945E+03
    0.9100000000E+02    -0.2207490738E+03
    0.9200000000E+02    -0.2213981679E+03
    0.9300000000E+02    -0.2220369319E+03
    0.9400000000E+02    -0.2226647738E+03
    0.9500000000E+02    -0.2232820153E+03
    0.9600000000E+02    -0.2238908473E+03
    0.9700000000E+02    -0.2244905661E+03
    0.9800000000E+02    -0.2250818567E+03
    0.9900000000E+02    -0.2256622724E+03
    0.1000000000E+03    -0.2262341429E+03
    0.1010000000E+03    -0.2267956039E+03
    0.1020000000E+03    -0.2273488779E+03
    0.1030000000E+03    -0.2278943060E+03
    0.1040000000E+03    -0.2284307439E+03
    0.1050000000E+03    -0.2289565676E+03
    0.1060000000E+03    -0.2294755922E+03
    0.1070000000E+03    -0.2299861398E+03
    0.1080000000E+03    -0.2304876940E+03
    0.1090000000E+03    -0.2309816192E+03
    0.1100000000E+03    -0.2314642969E+03
    0.1110000000E+03    -0.2319400743E+03
    0.1120000000E+03    -0.2324061978E+03
    0.1130000000E+03    -0.2328635539E+03
    0.1140000000E+03    -0.2333124626E+03
    0.1150000000E+03    -0.2337506290E+03
    0.1160000000E+03    -0.2341794212E+03
    0.1170000000E+03    -0.2345993632E+03
    0.1180000000E+03    -0.2350105794E+03
    0.1190000000E+03    -0.2354124399E+03
    0.1200000000E+03    -0.2358038425E+03
    0.1210000000E+03    -0.2361845129E+03
    0.1220000000E+03    -0.2365539012E+03
    0.1230000000E+03    -0.2369139529E+03
    0.1240000000E+03    -0.2372603425E+03
    0.1250000000E+03    -0.2375974091E+03
    0.1260000000E+03    -0.2379232319E+03
    0.1270000000E+03    -0.2382377996E+03
    0.1280000000E+03    -0.2385419788E+03
    0.1290000000E+03    -0.2388337413E+03
    0.1300000000E+03    -0.2391135250E+03
    0.1310000000E+03    -0.2393836958E+03
    0.1320000000E+03    -0.2396404505E+03
    0.1330000000E+03    -0.2398847782E+03
    0.1340000000E+03    -0.2401155070E+03
    0.1350000000E+03    -0.2403346089E+03
    0.1360000000E+03    -0.2405378694E+03
    0.1370000000E+03    -0.2407290573E+03
    0.1380000000E+03    -0.2409074796E+03
    0.1390000000E+03    -0.2410726572E+03
    0.1400000000E+03    -0.2412218471E+03
    0.1410000000E+03    -0.2413576586E+03
    0.1420000000E+03    -0.2414797010E+03
    0.1430000000E+03    -0.2415868861E+03
    0.1440000000E+03    -0.2416798806E+03
    0.1450000000E+03    -0.2417600552E+03
    0.1460000000E+03    -0.2418267157E+03
    0.1470000000E+03    -0.2418813165E+03
    0.1480000000E+03    -0.2419214016E+03
    0.1490000000E+03    -0.2419487901E+03
    0.1500000000E+03    -0.2419629746E+03
    0.1510000000E+03    -0.2419653750E+03
    0.1520000000E+03    -0.2419563318E+03
    0.1530000000E+03    -0.2419369815E+03
    0.1540000000E+03    -0.2419052227E+03
    0.1550000000E+03    -0.2418647213E+03
    0.1560000000E+03    -0.2418146324E+03
    0.1570000000E+03    -0.2417550870E+03
    0.1580000000E+03    -0.2416875289E+03
    0.1590000000E+03    -0.2416126952E+03
    0.1600000000E+03    -0.2415282316E+03
    0.1610000000E+03    -0.2414356020E+03
    0.1620000000E+03    -0.2413375488E+03
    0.1630000000E+03    -0.2412319028E+03
    0.1640000000E+03    -0.2411200984E+03
    0.1650000000E+03    -0.2410013002E+03
    0.1660000000E+03    -0.2408786544E+03
    0.1670000000E+03    -0.2407486150E+03
    0.1680000000E+03    -0.2406134458E+03
    0.1690000000E+03    -0.2404735306E+03
    0.1700000000E+03    -0.2403300999E+03
    0.1710000000E+03    -0.2401803614E+03
    0.1720000000E+03    -0.2400263635E+03
    0.1730000000E+03    -0.2398678294E+03
    0.1740000000E+03    -0.2397045594E+03
    0.1750000000E+03    -0.2395374486E+03
    0.1760000000E+03    -0.2393657372E+03
    0.1770000000E+03    -0.2391905100E+03
    0.1780000000E+03    -0.2390112806E+03
    0.1790000000E+03    -0.2388290663E+03
    0.1800000000E+03    -0.2386420019E+03
    0.1810000000E+03    -0.2384528188E+03
    0.1820000000E+03    -0.2382599825E+03
    0.1830000000E+03    -0.2380635216E+03
    0.1840000000E+03    -0.2378615215E+03
    0.1850000000E+03    -0.2376556788E+03
    0.1860000000E+03    -0.2374474646E+03
    0.1870000000E+03    -0.2372349719E+03
    0.1880000000E+03    -0.2370189925E+03
    0.1890000000E+03    -0.2367999693E+03
    0.1900000000E+03    -0.2365768727E+03
    0.1910000000E+03    -0.2363488918E+03
    0.1920000000E+03    -0.2361183406E+03
    0.1930000000E+03    -0.2358857902E+03
    0.1940000000E+03    -0.2356515731E+03
    0.1950000000E+03    -0.2354148515E+03
    0.1960000000E+03    -0.2351743340E+03
    0.1970000000E+03    -0.2349300827E+03
    0.1980000000E+03    -0.2346809628E+03
    0.1990000000E+03    -0.2344289325E+03
    0.2000000000E+03    -0.2341734884E+03
    0.2010000000E+03    -0.2339135999E+03
    0.2020000000E+03    -0.2336502821E+03
    0.2030000000E+03    -0.2333860522E+03
    0.2040000000E+03    -0.2331191018E+03
    0.2050000000E+03    -0.2328494207E+03
    0.2060000000E+03    -0.2325729333E+03
    0.2070000000E+03    -0.2322945426E+03
    0.2080000000E+03    -0.2320098163E+03
    0.2090000000E+03    -0.2317252795E+03
    0.2100000000E+03    -0.2314351967E+03
    0.2110000000E+03    -0.2311415585E+03
    0.2120000000E+03    -0.2308448854E+03
    0.2130000000E+03    -0.2305441259E+03
    0.2140000000E+03    -0.2302391683E+03
    0.2150000000E+03    -0.2299274312E+03
    0.2160000000E+03    -0.2296151705E+03
    0.2170000000E+03    -0.2292963481E+03
    0.2180000000E+03    -0.2289737097E+03
    0.2190000000E+03    -0.2286447593E+03
    0.2200000000E+03    -0.2283128119E+03
    0.2210000000E+03    -0.2279747721E+03
    0.2220000000E+03    -0.2276282190E+03
    0.2230000000E+03    -0.2272760696E+03
    0.2240000000E+03    -0.2269185427E+03
    0.2250000000E+03    -0.2265550846E+03
    0.2260000000E+03    -0.2261857010E+03
    0.2270000000E+03    -0.2258078025E+03
    0.2280000000E+03    -0.2254221045E+03
    0.2290000000E+03    -0.2250299964E+03
    0.2300000000E+03    -0.2246262069E+03
    0.2310000000E+03    -0.2242129866E+03
    0.2320000000E+03    -0.2237928161E+03
    0.2330000000E+03    -0.2233621865E+03
    0.2340000000E+03    -0.2229187636E+03
    0.2350000000E+03    -0.2224619960E+03
    0.2360000000E+03    -0.2219958199E+03
    0.2370000000E+03    -0.2215132801E+03
    0.2380000000E+03    -0.2210165203E+03
    0.2390000000E+03    -0.2205073074E+03
    0.2400000000E+03    -0.2199838294E+03
    0.2410000000E+03    -0.2194467027E+03
    0.2420000000E+03    -0.2188928494E+03
    0.2430000000E+03    -0.2183259178E+03
    0.2440000000E+03    -0.2177443611E+03
    0.2450000000E+03    -0.2171464105E+03
    0.2460000000E+03    -0.2165342124E+03
    0.2470000000E+03    -0.2159120075E+03
    0.2480000000E+03    -0.2152721521E+03
    0.2490000000E+03    -0.2146180019E+03
    0.2500000000E+03    -0.2139537894E+03
    0.2510000000E+03    -0.2132766121E+03
    0.2520000000E+03    -0.2125878528E+03
    0.2530000000E+03    -0.2118865414E+03
    0.2540000000E+03    -0.2111697038E+03
    0.2550000000E+03    -0.2104432228E+03
    0.2560000000E+03    -0.2097051999E+03
    0.2570000000E+03    -0.2089573202E+03
    0.2580000000E+03    -0.2081966218E+03
    0.2590000000E+03    -0.2074260155E+03
    0.2600000000E+03    -0.2066460569E+03
    0.2610000000E+03    -0.2058553042E+03
    0.2620000000E+03    -0.2050541182E+03
    0.2630000000E+03    -0.2042434695E+03
    0.2640000000E+03    -0.2034234049E+03
    0.2650000000E+03    -0.2025909310E+03
    0.2660000000E+03    -0.2017544977E+03
    0.2670000000E+03    -0.2009074990E+03
    0.2680000000E+03    -0.2000501307E+03
    0.2690000000E+03    -0.1991849301E+03
    0.2700000000E+03    -0.1983067419E+03
    0.2710000000E+03    -0.1974213033E+03
    0.2720000000E+03    -0.1965272966E+03
    0.2730000000E+03    -0.1956246219E+03
    0.2740000000E+03    -0.1947131462E+03
    0.2750000000E+03    -0.1937926941E+03
    0.2760000000E+03    -0.1928618371E+03
    0.2770000000E+03    -0.1919252377E+03
    0.2780000000E+03    -0.1909787109E+03
    0.2790000000E+03    -0.1900244497E+03
    0.2800000000E+03    -0.1890618508E+03
    0.2810000000E+03    -0.1880898475E+03
    0.2820000000E+03    -0.1871097643E+03
    0.2830000000E+03    -0.1861238247E+03
    0.2840000000E+03    -0.1851240756E+03
    0.2850000000E+03    -0.1841138238E+03
    0.2860000000E+03    -0.1830975446E+03
    0.2870000000E+03    -0.1820733704E+03
    0.2880000000E+03    -0.1810373523E+03
    0.2890000000E+03    -0.1799932990E+03
    0.2900000000E+03    -0.1789357199E+03
    0.2910000000E+03    -0.1778697760E+03
    0.2920000000E+03    -0.1767934646E+03
    0.2930000000E+03    -0.1757055860E+03
    0.2940000000E+03    -0.1746067834E+03
    0.2950000000E+03    -0.1734992084E+03
    0.2960000000E+03    -0.1723820098E+03
    0.2970000000E+03    -0.1712542756E+03
    0.2980000000E+03    -0.1701144169E+03
    0.2990000000E+03    -0.1689615057E+03
    0.3000000000E+03    -0.1677982994E+03
    0.3010000000E+03    -0.1666188416E+03
    0.3020000000E+03    -0.1654275576E+03
    0.3030000000E+03    -0.1642291485E+03
    0.3040000000E+03    -0.1630150834E+03
    0.3050000000E+03    -0.1617913804E+03
    0.3060000000E+03    -0.1605519160E+03
    0.3070000000E+03    -0.1593012547E+03
    0.3080000000E+03    -0.1580366188E+03
    0.3090000000E+03    -0.1567601178E+03
    0.3100000000E+03    -0.1554718314E+03
    0.3110000000E+03    -0.1541694614E+03
    0.3120000000E+03    -0.1528516574E+03
    0.3130000000E+03    -0.1515236726E+03
    0.3140000000E+03    -0.1501820182E+03
    0.3150000000E+03    -0.1488267145E+03
    0.3160000000E+03    -0.1474593045E+03
    0.3170000000E+03    -0.1460725064E+03
    0.3180000000E+03    -0.1446729595E+03
    0.3190000000E+03    -0.1432576131E+03
    0.3200000000E+03    -0.1418265530E+03
    0.3210000000E+03    -0.1403782303E+03
    0.3220000000E+03    -0.1389153246E+03
    0.3230000000E+03    -0.1374362367E+03
    0.3240000000E+03    -0.1359416601E+03
    0.3250000000E+03    -0.1344257959E+03
    0.3260000000E+03    -0.1328977819E+03
    0.3270000000E+03    -0.1313492444E+03
    0.3280000000E+03    -0.1297826946E+03
    0.3290000000E+03    -0.1281988216E+03
    0.3300000000E+03    -0.1266023338E+03
    0.3310000000E+03    -0.1249883959E+03
    0.3320000000E+03    -0.1233574002E+03
    0.3330000000E+03    -0.1217164225E+03
    0.3340000000E+03    -0.1200560630E+03
    0.3350000000E+03    -0.1183854735E+03
    0.3360000000E+03    -0.1167044044E+03
    0.3370000000E+03    -0.1150161160E+03
    0.3380000000E+03    -0.1133151882E+03
    0.3390000000E+03    -0.1116000406E+03
    0.3400000000E+03    -0.1098834128E+03
    0.3410000000E+03    -0.1081593923E+03
    0.3420000000E+03    -0.1064322093E+03
    0.3430000000E+03    -0.1046978687E+03
    0.3440000000E+03    -0.1029641224E+03
    0.3450000000E+03    -0.1012277221E+03
    0.3460000000E+03    -0.9947989160E+02
    0.3470000000E+03    -0.9773267126E+02
    0.3480000000E+03    -0.9598634077E+02
    0.3490000000E+03    -0.9423999760E+02
    0.3500000000E+03    -0.9249460067E+02
    0.3510000000E+03    -0.9074877128E+02
    0.3520000000E+03    -0.8899446055E+02
    0.3530000000E+03    -0.8724832792E+02
    0.3540000000E+03    -0.8550669163E+02
    0.3550000000E+03    -0.8377855539E+02
    0.3560000000E+03    -0.8204933634E+02
    0.3570000000E+03    -0.8032052489E+02
    0.3580000000E+03    -0.7859356289E+02
    0.3590000000E+03    -0.7686965568E+02
    0.3600000000E+03    -0.7515981508E+02
    0.3610000000E+03    -0.7344964289E+02
    0.3620000000E+03    -0.7174639749E+02
    0.3630000000E+03    -0.7005008253E+02
    0.3640000000E+03    -0.6835842715E+02
    0.3650000000E+03    -0.6667586768E+02
    0.3660000000E+03    -0.6500141952E+02
    0.3670000000E+03    -0.6334213496E+02
    0.3680000000E+03    -0.6168998206E+02
    0.3690000000E+03    -0.6005454076E+02
    0.3700000000E+03    -0.5843808296E+02
    0.3710000000E+03    -0.5682996320E+02
    0.3720000000E+03    -0.5522867003E+02
    0.3730000000E+03    -0.5365315394E+02
    0.3740000000E+03    -0.5209096055E+02
    0.3750000000E+03    -0.5053551802E+02
    0.3760000000E+03    -0.4898052857E+02
    0.3770000000E+03    -0.4745405224E+02
    0.3780000000E+03    -0.4594755440E+02
    0.3790000000E+03    -0.4445851658E+02
    0.3800000000E+03    -0.4297208615E+02
    0.3810000000E+03    -0.4153002169E+02
    0.3820000000E+03    -0.4008988127E+02
    0.3830000000E+03    -0.3866881575E+02
    0.3840000000E+03    -0.3725792162E+02
    0.3850000000E+03    -0.3585597553E+02
    0.3860000000E+03    -0.3449481887E+02
    0.3870000000E+03    -0.3314683843E+02
    0.3880000000E+03    -0.3181228758E+02
    0.3890000000E+03    -0.3049143351E+02
    0.3900000000E+03    -0.2920386102E+02
    0.3910000000E+03    -0.2792261440E+02
    0.3920000000E+03    -0.2668246851E+02
    0.3930000000E+03    -0.2544975976E+02
    0.3940000000E+03    -0.2426016166E+02
    0.3950000000E+03    -0.2309019635E+02
    0.3960000000E+03    -0.2193035113E+02
    0.3970000000E+03    -0.2079935527E+02
    0.3980000000E+03    -0.1972915219E+02
    0.3990000000E+03    -0.1867271223E+02
    0.4000000000E+03    -0.1762922257E+02
    0.4010000000E+03    -0.1660341967E+02
    0.4020000000E+03    -0.1562397759E+02
    0.4030000000E+03    -0.1466789573E+02
    0.4040000000E+03    -0.1373026291E+02
    0.4050000000E+03    -0.1283862716E+02
    0.4060000000E+03    -0.1199821259E+02
    0.4070000000E+03    -0.1117204680E+02
    0.4080000000E+03    -0.1039916620E+02
    0.4090000000E+03    -0.9642194308E+01
    0.4100000000E+03    -0.8950124579E+01
    0.4110000000E+03    -0.8258270837E+01
    0.4120000000E+03    -0.7603889660E+01
    0.4130000000E+03    -0.7022898541E+01
    0.4140000000E+03    -0.6435998379E+01
    0.4150000000E+03    -0.5855610905E+01
    0.4160000000E+03    -0.5350287804E+01
    0.4170000000E+03    -0.4842356674E+01
    0.4180000000E+03    -0.4399915681E+01
    0.4190000000E+03    -0.4041880248E+01
    0.4200000000E+03    -0.3685616048E+01
    0.4210000000E+03    -0.3363594818E+01
    0.4220000000E+03    -0.3113151242E+01
    0.4230000000E+03    -0.2917023231E+01
    0.4240000000E+03    -0.2730155274E+01
    0.4250000000E+03    -0.2625851799E+01
    0.4260000000E+03    -0.2522909423E+01
    0.4270000000E+03    -0.2477589182E+01
    0.4280000000E+03    -0.2478591333E+01
    0.4290000000E+03    -0.2533589982E+01
    0.4300000000E+03    -0.2603906734E+01
    0.4310000000E+03    -0.2758073667E+01
    0.4320000000E+03    -0.2927231758E+01
    0.4330000000E+03    -0.3152796973E+01
    0.4340000000E+03    -0.3437012643E+01
    0.4350000000E+03    -0.3748457203E+01
    0.4360000000E+03    -0.4151152050E+01
    0.4370000000E+03    -0.4612920543E+01
    0.4380000000E+03    -0.5125678597E+01
    0.4390000000E+03    -0.5700316342E+01
    0.4400000000E+03    -0.6296163122E+01
    0.4410000000E+03    -0.6957916071E+01
    0.4420000000E+03    -0.7740944742E+01
    0.4430000000E+03    -0.8527962475E+01
    0.4440000000E+03    -0.9356759692E+01
    0.4450000000E+03    -0.1025405500E+02
    0.4460000000E+03    -0.1116920738E+02
    0.4470000000E+03    -0.1221234095E+02
    0.4480000000E+03    -0.1333522961E+02
    0.4490000000E+03    -0.1451338287E+02
    0.4500000000E+03    -0.1574368104E+02
    0.4510000000E+03    -0.1695771345E+02
    0.4520000000E+03    -0.1820803988E+02
    0.4530000000E+03    -0.1962988344E+02
    0.4540000000E+03    -0.2111037409E+02
    0.4550000000E+03    -0.2265563325E+02
    0.4560000000E+03    -0.2427075800E+02
    0.4570000000E+03    -0.2590556987E+02
    0.4580000000E+03    -0.2763883651E+02
    0.4590000000E+03    -0.2947318756E+02
    0.4600000000E+03    -0.3145833518E+02
    0.4610000000E+03    -0.3347331533E+02
    0.4620000000E+03    -0.3554197189E+02
    0.4630000000E+03    -0.3757751053E+02
    0.4640000000E+03    -0.3973045852E+02
    0.4650000000E+03    -0.4202360479E+02
    0.4660000000E+03    -0.4452893557E+02
    0.4670000000E+03    -0.4697933886E+02
    0.4680000000E+03    -0.4945751905E+02
    0.4690000000E+03    -0.5210051858E+02
    0.4700000000E+03    -0.5474565779E+02
    0.4710000000E+03    -0.5754225642E+02
    0.4720000000E+03    -0.6030224783E+02
    0.4730000000E+03    -0.6327832053E+02
    0.4740000000E+03    -0.6629814969E+02
    0.4750000000E+03    -0.6942803802E+02
