    0.0000000000E+00    -0.1001075825E+03
    0.1000000000E+01    -0.9773610124E+02
    0.2000000000E+01    -0.9603517999E+02
    0.3000000000E+01    -0.9471769821E+02
    0.4000000000E+01    -0.9366502249E+02
    0.5000000000E+01    -0.9281272793E+02
    0.6000000000E+01    -0.9212062588E+02
    0.7000000000E+01    -0.9156044184E+02
    0.8000000000E+01    -0.9111122939E+02
    0.9000000000E+01    -0.9075774100E+02
    0.1000000000E+02    -0.9048729449E+02
    0.1100000000E+02    -0.9029012602E+02
    0.1200000000E+02    -0.9015778252E+02
    0.1300000000E+02    -0.9008325912E+02
    0.1400000000E+02    -0.9006045892E+02
    0.1500000000E+02    -0.9008445545E+02
    0.1600000000E+02    -0.9015101936E+02
    0.1700000000E+02    -0.9025645581E+02
    0.1800000000E+02    -0.9039665250E+02
    0.1900000000E+02    -0.9056903634E+02
    0.2000000000E+02    -0.9077066244E+02
    0.2100000000E+02    -0.9099893092E+02
    0.2200000000E+02    -0.9125141873E+02
    0.2300000000E+02    -0.9152669062E+02
    0.2400000000E+02    -0.9182279968E+02
    0.2500000000E+02    -0.9213736412E+02
    0.2600000000E+02    -0.9246952992E+02
    0.2700000000E+02    -0.9281780048E+02
    0.2800000000E+02    -0.9317968886E+02
    0.2900000000E+02    -0.9355516777E+02
    0.3000000000E+02    -0.9394280467E+02
    0.3100000000E+02    -0.9434222478E+02
    0.3200000000E+02    -0.9475095141E+02
    0.3300000000E+02    -0.9516932663E+02
    0.3400000000E+02    -0.9559564562E+02
    0.3500000000E+02    -0.9602919292E+02
    0.3600000000E+02    -0.9646899799E+02
    0.3700000000E+02    -0.9691503446E+02
    0.3800000000E+02    -0.9736656564E+02
    0.3900000000E+02    -0.9782284749E+02
    0.4000000000E+02    -0.9828291499E+02
    0.4100000000E+02    -0.9874633213E+02
    0.4200000000E+02    -0.9921218143E+02
    0.4300000000E+02    -0.9968000169E+02
    0.4400000000E+02    -0.1001504032E+03
    0.4500000000E+02    -0.1006219726E+03
    0.4600000000E+02    -0.1010936989E+03
    0.4700000000E+02    -0.1015663012E+03
    0.4800000000E+02    -0.1020386226E+03
    0.4900000000E+02    -0.1025106024E+03
    0.5000000000E+02    -0.1029818152E+03
    0.5100000000E+02    -0.1034514215E+03
    0.5200000000E+02    -0.1039198946E+03
    0.5300000000E+02    -0.1043864823E+03
    0.5400000000E+02    -0.1048510750E+03
    0.5500000000E+02    -0.1053123483E+03
    0.5600000000E+02    -0.1057718432E+03
    0.5700000000E+02    -0.1062285974E+03
    0.5800000000E+02    -0.1066820222E+03
    0.5900000000E+02    -0.1071320239E+03
    0.6000000000E+02    -0.1075785607E+03
    0.6100000000E+02    -0.1080217760E+03
    0.6200000000E+02    -0.1084596433E+03
    0.6300000000E+02    -0.1088941532E+03
    0.6400000000E+02    -0.1093237897E+03
    0.6500000000E+02    -0.1097492538E+03
    0.6600000000E+02    -0.1101698609E+03
    0.6700000000E+02    -0.1105864367E+03
    0.6800000000E+02    -0.1109976125E+03
    0.6900000000E+02    -0.1114034925E+03
    0.7000000000E+02    -0.1118050084E+03
    0.7100000000E+02    -0.1122010413E+03
    0.7200000000E+02    -0.1125911276E+03
    0.7300000000E+02    -0.1129753075E+03
    0.7400000000E+02    -0.1133551599E+03
    0.7500000000E+02    -0.1137281088E+03
    0.7600000000E+02    -0.1140959506E+03
    0.7700000000E+02    -0.1144589032E+03
    0.7800000000E+02    -0.1148157731E+03
    0.7900000000E+02    -0.1151672671E+03
    0.8000000000E+02    -0.1155128925E+03
    0.8100000000E+02    -0.1158514010E+03
    0.8200000000E+02    -0.1161843606E+03
    0.8300000000E+02    -0.1165116264E+03
    0.8400000000E+02    -0.1168322409E+03
    0.8500000000E+02    -0.1171469471E+03
    0.8600000000E+02    -0.1174556149E+03
    0.8700000000E+02    -0.1177573818E+03
    0.8800000000E+02    -0.1180530064E+03
    0.8900000000E+02    -0.1183427425E+03
    0.9000000000E+02    -0.1186270370E+03
    0.9100000000E+02    -0.1189047847E+03
    0.9200000000E+02    -0.1191767663E+03
    0.9300000000E+02    -0.1194421089E+03
    0.9400000000E+02    -0.1197009048E+03
    0.9500000000E+02    -0.1199538701E+03
    0.9600000000E+02    -0.1202011445E+03
    0.9700000000E+02    -0.1204423828E+03
    0.9800000000E+02    -0.1206773099E+03
    0.9900000000E+02    -0.1209060760E+03
    0.1000000000E+03    -0.1211285426E+03
    0.1010000000E+03    -0.1213449137E+03
    0.1020000000E+03    -0.1215555184E+03
    0.1030000000E+03    -0.1217605591E+03
    0.1040000000E+03    -0.1219589852E+03
    0.1050000000E+03    -0.1221514635E+03
    0.1060000000E+03    -0.1223373137E+03
    0.1070000000E+03    -0.1225174878E+03
    0.1080000000E+03    -0.1226918185E+03
    0.1090000000E+03    -0.1228588887E+03
    0.1100000000E+03    -0.1230216029E+03
    0.1110000000E+03    -0.1231775631E+03
    0.1120000000E+03    -0.1233273197E+03
    0.1130000000E+03    -0.1234722194E+03
    0.1140000000E+03    -0.1236097482E+03
    0.1150000000E+03    -0.1237417581E+03
    0.1160000000E+03    -0.1238679139E+03
    0.1170000000E+03    -0.1239882481E+03
    0.1180000000E+03    -0.1241023676E+03
    0.1190000000E+03    -0.1242107002E+03
    0.1200000000E+03    -0.1243130281E+03
    0.1210000000E+03    -0.1244085341E+03
    0.1220000000E+03    -0.1244992096E+03
    0.1230000000E+03    -0.1245838820E+03
    0.1240000000E+03    -0.1246630620E+03
    0.1250000000E+03    -0.1247376584E+03
    0.1260000000E+03    -0.1248052934E+03
    0.1270000000E+03    -0.1248661692E+03
    0.1280000000E+03    -0.1249219068E+03
    0.1290000000E+03    -0.1249709163E+03
    0.1300000000E+03    -0.1250140451E+03
    0.1310000000E+03    -0.1250524596E+03
    0.1320000000E+03    -0.1250849579E+03
    0.1330000000E+03    -0.1251114974E+03
    0.1340000000E+03    -0.1251335747E+03
    0.1350000000E+03    -0.1251482243E+03
    0.1360000000E+03    -0.1251588948E+03
    0.1370000000E+03    -0.1251625751E+03
    0.1380000000E+03    -0.1251613789E+03
    0.1390000000E+03    -0.1251547378E+03
    0.1400000000E+03    -0.1251421137E+03
    0.1410000000E+03    -0.1251238557E+03
    0.1420000000E+03    -0.1250983763E+03
    0.1430000000E+03    -0.1250685409E+03
    0.1440000000E+03    -0.1250322551E+03
    0.1450000000E+03    -0.1249914050E+03
    0.1460000000E+03    -0.1249436011E+03
    0.1470000000E+03    -0.1248895837E+03
    0.1480000000E+03    -0.1248315651E+03
    0.1490000000E+03    -0.1247678361E+03
    0.1500000000E+03    -0.1246987513E+03
    0.1510000000E+03    -0.1246233422E+03
    0.1520000000E+03    -0.1245425898E+03
    0.1530000000E+03    -0.1244566222E+03
    0.1540000000E+03    -0.1243655088E+03
    0.1550000000E+03    -0.1242682570E+03
    0.1560000000E+03    -0.1241668192E+03
    0.1570000000E+03    -0.1240590528E+03
    0.1580000000E+03    -0.1239466297E+03
    0.1590000000E+03    -0.1238296118E+03
    0.1600000000E+03    -0.1237055760E+03
    0.1610000000E+03    -0.1235770304E+03
    0.1620000000E+03    -0.1234436776E+03
    0.1630000000E+03    -0.1233039238E+03
    0.1640000000E+03    -0.1231591348E+03
    0.1650000000E+03    -0.1230088459E+03
    0.1660000000E+03    -0.1228530845E+03
    0.1670000000E+03    -0.1226936404E+03
    0.1680000000E+03    -0.1225285432E+03
    0.1690000000E+03    -0.1223576140E+03
    0.1700000000E+03    -0.1221804456E+03
    0.1710000000E+03    -0.1219985295E+03
    0.1720000000E+03    -0.1218131261E+03
    0.1730000000E+03    -0.1216213068E+03
    0.1740000000E+03    -0.1214243557E+03
    0.1750000000E+03    -0.1212213384E+03
    0.1760000000E+03    -0.1210126583E+03
    0.1770000000E+03    -0.1207990010E+03
    0.1780000000E+03    -0.1205811818E+03
    0.1790000000E+03    -0.1203579517E+03
    0.1800000000E+03    -0.1201300535E+03
    0.1810000000E+03    -0.1198953162E+03
    0.1820000000E+03    -0.1196563678E+03
    0.1830000000E+03    -0.1194130009E+03
    0.1840000000E+03    -0.1191639684E+03
    0.1850000000E+03    -0.1189090612E+03
    0.1860000000E+03    -0.1186478382E+03
    0.1870000000E+03    -0.1183820632E+03
    0.1880000000E+03    -0.1181124533E+03
    0.1890000000E+03    -0.1178363859E+03
    0.1900000000E+03    -0.1175561364E+03
    0.1910000000E+03    -0.1172697941E+03
    0.1920000000E+03    -0.1169773039E+03
    0.1930000000E+03    -0.1166815163E+03
    0.1940000000E+03    -0.1163800108E+03
    0.1950000000E+03    -0.1160729461E+03
    0.1960000000E+03    -0.1157599115E+03
    0.1970000000E+03    -0.1154419374E+03
    0.1980000000E+03    -0.1151196331E+03
    0.1990000000E+03    -0.1147908043E+03
    0.2000000000E+03    -0.1144553539E+03
    0.2010000000E+03    -0.1141144614E+03
    0.2020000000E+03    -0.1137689773E+03
    0.2030000000E+03    -0.1134187345E+03
    0.2040000000E+03    -0.1130624278E+03
    0.2050000000E+03    -0.1126992843E+03
    0.2060000000E+03    -0.1123299180E+03
    0.2070000000E+03    -0.1119572460E+03
    0.2080000000E+03    -0.1115774513E+03
    0.2090000000E+03    -0.1111913315E+03
    0.2100000000E+03    -0.1108011656E+03
    0.2110000000E+03    -0.1104062271E+03
    0.2120000000E+03    -0.1100063957E+03
    0.2130000000E+03    -0.1095987080E+03
    0.2140000000E+03    -0.1091874451E+03
    0.2150000000E+03    -0.1087708920E+03
    0.2160000000E+03    -0.1083490794E+03
    0.2170000000E+03    -0.1079197679E+03
    0.2180000000E+03    -0.1074859321E+03
    0.2190000000E+03    -0.1070444586E+03
    0.2200000000E+03    -0.1065994648E+03
    0.2210000000E+03    -0.1061492748E+03
    0.2220000000E+03    -0.1056931210E+03
    0.2230000000E+03    -0.1052293217E+03
    0.2240000000E+03    -0.1047607014E+03
    0.2250000000E+03    -0.1042885842E+03
    0.2260000000E+03    -0.1038085954E+03
    0.2270000000E+03    -0.1033238903E+03
    0.2280000000E+03    -0.1028325713E+03
    0.2290000000E+03    -0.1023358996E+03
    0.2300000000E+03    -0.1018342417E+03
    0.2310000000E+03    -0.1013248684E+03
    0.2320000000E+03    -0.1008133072E+03
    0.2330000000E+03    -0.1002958760E+03
    0.2340000000E+03    -0.9977037089E+02
    0.2350000000E+03    -0.9923928434E+02
    0.2360000000E+03    -0.9870173276E+02
    0.2370000000E+03    -0.9815946436E+02
    0.2380000000E+03    -0.9761178120E+02
    0.2390000000E+03    -0.9705804573E+02
    0.2400000000E+03    -0.9649733567E+02
    0.2410000000E+03    -0.9593188076E+02
    0.2420000000E+03    -0.9536049173E+02
    0.2430000000E+03    -0.9478451603E+02
    0.2440000000E+03    -0.9420039834E+02
    0.2450000000E+03    -0.9361295245E+02
    0.2460000000E+03    -0.9301903497E+02
    0.2470000000E+03    -0.9241940191E+02
    0.2480000000E+03    -0.9181388468E+02
    0.2490000000E+03    -0.9120202150E+02
    0.2500000000E+03    -0.9058317335E+02
    0.2510000000E+03    -0.8996074114E+02
    0.2520000000E+03    -0.8933053854E+02
    0.2530000000E+03    -0.8869733610E+02
    0.2540000000E+03    -0.8805717485E+02
    0.2550000000E+03    -0.8740941625E+02
    0.2560000000E+03    -0.8675580234E+02
    0.2570000000E+03    -0.8609702052E+02
    0.2580000000E+03    -0.8543392820E+02
    0.2590000000E+03    -0.8476297617E+02
    0.2600000000E+03    -0.8408890697E+02
    0.2610000000E+03    -0.8340826330E+02
    0.2620000000E+03    -0.8272095441E+02
    0.2630000000E+03    -0.8202894438E+02
    0.2640000000E+03    -0.8133085086E+02
    0.2650000000E+03    -0.8062895449E+02
    0.2660000000E+03    -0.7991890927E+02
    0.2670000000E+03    -0.7920332695E+02
    0.2680000000E+03    -0.7848138817E+02
    0.2690000000E+03    -0.7775596858E+02
    0.2700000000E+03    -0.7702475918E+02
    0.2710000000E+03    -0.7628816982E+02
    0.2720000000E+03    -0.7554777418E+02
    0.2730000000E+03    -0.7480212232E+02
    0.2740000000E+03    -0.7404874050E+02
    0.2750000000E+03    -0.7329375387E+02
    0.2760000000E+03    -0.7253199048E+02
    0.2770000000E+03    -0.7176761060E+02
    0.2780000000E+03    -0.7099719687E+02
    0.2790000000E+03    -0.7022237796E+02
    0.2800000000E+03    -0.6944596740E+02
    0.2810000000E+03    -0.6866206014E+02
    0.2820000000E+03    -0.6787269343E+02
    0.2830000000E+03    -0.6708051514E+02
    0.2840000000E+03    -0.6628441990E+02
    0.2850000000E+03    -0.6548323063E+02
    0.2860000000E+03    -0.6468030446E+02
    0.2870000000E+03    -0.6387177192E+02
    0.2880000000E+03    -0.6306085209E+02
    0.2890000000E+03    -0.6224800563E+02
    0.2900000000E+03    -0.6143124711E+02
    0.2910000000E+03    -0.6061165433E+02
    0.2920000000E+03    -0.5979271532E+02
    0.2930000000E+03    -0.5896593325E+02
    0.2940000000E+03    -0.5813828981E+02
    0.2950000000E+03    -0.5730996178E+02
    0.2960000000E+03    -0.5647825854E+02
    0.2970000000E+03    -0.5564376233E+02
    0.2980000000E+03    -0.5480817735E+02
    0.2990000000E+03    -0.5397164167E+02
    0.3000000000E+03    -0.5313255575E+02
    0.3010000000E+03    -0.5229568886E+02
    0.3020000000E+03    -0.5145471780E+02
    0.3030000000E+03    -0.5061710716E+02
    0.3040000000E+03    -0.4977320898E+02
    0.3050000000E+03    -0.4892718645E+02
    0.3060000000E+03    -0.4808429711E+02
    0.3070000000E+03    -0.4723967604E+02
    0.3080000000E+03    -0.4639732635E+02
    0.3090000000E+03    -0.4555511712E+02
    0.3100000000E+03    -0.4470865424E+02
    0.3110000000E+03    -0.4386396022E+02
    0.3120000000E+03    -0.4302192563E+02
    0.3130000000E+03    -0.4218021310E+02
    0.3140000000E+03    -0.4134066338E+02
    0.3150000000E+03    -0.4050527197E+02
    0.3160000000E+03    -0.3967218648E+02
    0.3170000000E+03    -0.3884093572E+02
    0.3180000000E+03    -0.3801208807E+02
    0.3190000000E+03    -0.3718799618E+02
    0.3200000000E+03    -0.3636476204E+02
    0.3210000000E+03    -0.3554235093E+02
    0.3220000000E+03    -0.3472313715E+02
    0.3230000000E+03    -0.3390742380E+02
    0.3240000000E+03    -0.3309407953E+02
    0.3250000000E+03    -0.3229159702E+02
    0.3260000000E+03    -0.3148978815E+02
    0.3270000000E+03    -0.3069994370E+02
    0.3280000000E+03    -0.2990783820E+02
    0.3290000000E+03    -0.2912223819E+02
    0.3300000000E+03    -0.2834027882E+02
    0.3310000000E+03    -0.2756229298E+02
    0.3320000000E+03    -0.2679442663E+02
    0.3330000000E+03    -0.2602580179E+02
    0.3340000000E+03    -0.2527073541E+02
    0.3350000000E+03    -0.2452033719E+02
    0.3360000000E+03    -0.2377512868E+02
    0.3370000000E+03    -0.2303729679E+02
    0.3380000000E+03    -0.2231531864E+02
    0.3390000000E+03    -0.2159187217E+02
    0.3400000000E+03    -0.2087878924E+02
    0.3410000000E+03    -0.2017619033E+02
    0.3420000000E+03    -0.1948318804E+02
    0.3430000000E+03    -0.1879709420E+02
    0.3440000000E+03    -0.1811881312E+02
    0.3450000000E+03    -0.1745543859E+02
    0.3460000000E+03    -0.1680612885E+02
    0.3470000000E+03    -0.1616373888E+02
    0.3480000000E+03    -0.1553046305E+02
    0.3490000000E+03    -0.1491075370E+02
    0.3500000000E+03    -0.1429644071E+02
    0.3510000000E+03    -0.1369672582E+02
    0.3520000000E+03    -0.1310980030E+02
    0.3530000000E+03    -0.1253443617E+02
    0.3540000000E+03    -0.1197587884E+02
    0.3550000000E+03    -0.1143193500E+02
    0.3560000000E+03    -0.1089785109E+02
    0.3570000000E+03    -0.1037699528E+02
    0.3580000000E+03    -0.9867593641E+01
    0.3590000000E+03    -0.9374587648E+01
    0.3600000000E+03    -0.8891932922E+01
    0.3610000000E+03    -0.8427614177E+01
    0.3620000000E+03    -0.7979415607E+01
    0.3630000000E+03    -0.7537656261E+01
    0.3640000000E+03    -0.7126081248E+01
    0.3650000000E+03    -0.6732535144E+01
    0.3660000000E+03    -0.6350448430E+01
    0.3670000000E+03    -0.5986602293E+01
    0.3680000000E+03    -0.5634569439E+01
    0.3690000000E+03    -0.5303273671E+01
    0.3700000000E+03    -0.4988426036E+01
    0.3710000000E+03    -0.4689381184E+01
    0.3720000000E+03    -0.4412446015E+01
    0.3730000000E+03    -0.4150676544E+01
    0.3740000000E+03    -0.3913932098E+01
    0.3750000000E+03    -0.3700214908E+01
    0.3760000000E+03    -0.3505566054E+01
    0.3770000000E+03    -0.3329737768E+01
    0.3780000000E+03    -0.3184141489E+01
    0.3790000000E+03    -0.3053060932E+01
    0.3800000000E+03    -0.2951967776E+01
    0.3810000000E+03    -0.2864761731E+01
    0.3820000000E+03    -0.2805405804E+01
    0.3830000000E+03    -0.2773269316E+01
    0.3840000000E+03    -0.2767183656E+01
    0.3850000000E+03    -0.2775780357E+01
    0.3860000000E+03    -0.2828515146E+01
    0.3870000000E+03    -0.2899883511E+01
    0.3880000000E+03    -0.2996132857E+01
    0.3890000000E+03    -0.3114693410E+01
    0.3900000000E+03    -0.3260218031E+01
    0.3910000000E+03    -0.3428800833E+01
    0.3920000000E+03    -0.3624132028E+01
    0.3930000000E+03    -0.3849032580E+01
    0.3940000000E+03    -0.4107528341E+01
    0.3950000000E+03    -0.4389982577E+01
    0.3960000000E+03    -0.4706122045E+01
    0.3970000000E+03    -0.5049685724E+01
    0.3980000000E+03    -0.5432940565E+01
    0.3990000000E+03    -0.5848526088E+01
    0.4000000000E+03    -0.6296398845E+01
    0.4010000000E+03    -0.6772746340E+01
    0.4020000000E+03    -0.7269004062E+01
    0.4030000000E+03    -0.7809472233E+01
    0.4040000000E+03    -0.8378326924E+01
    0.4050000000E+03    -0.8969649680E+01
    0.4060000000E+03    -0.9614467455E+01
    0.4070000000E+03    -0.1028743770E+02
    0.4080000000E+03    -0.1098764416E+02
    0.4090000000E+03    -0.1172021979E+02
    0.4100000000E+03    -0.1249817579E+02
    0.4110000000E+03    -0.1332307262E+02
    0.4120000000E+03    -0.1416419532E+02
    0.4130000000E+03    -0.1505485011E+02
    0.4140000000E+03    -0.1600591886E+02
    0.4150000000E+03    -0.1696873026E+02
    0.4160000000E+03    -0.1797320950E+02
    0.4170000000E+03    -0.1902459684E+02
    0.4180000000E+03    -0.2011721984E+02
    0.4190000000E+03    -0.2127518031E+02
    0.4200000000E+03    -0.2244785174E+02
    0.4210000000E+03    -0.2367267122E+02
    0.4220000000E+03    -0.2492268068E+02
    0.4230000000E+03    -0.2620565430E+02
    0.4240000000E+03    -0.2756157468E+02
    0.4250000000E+03    -0.2896755292E+02
    0.4260000000E+03    -0.3041328911E+02
    0.4270000000E+03    -0.3192907119E+02
    0.4280000000E+03    -0.3350088190E+02
    0.4290000000E+03    -0.3508046658E+02
    0.4300000000E+03    -0.3670739401E+02
    0.4310000000E+03    -0.3838920430E+02
    0.4320000000E+03    -0.4013094500E+02
    0.4330000000E+03    -0.4194528615E+02
    0.4340000000E+03    -0.4376619532E+02
    0.4350000000E+03    -0.4563144520E+02
    0.4360000000E+03    -0.4756510078E+02
    0.4370000000E+03    -0.4955353370E+02
    0.4380000000E+03    -0.5158242212E+02
    0.4390000000E+03    -0.5365850333E+02
    0.4400000000E+03    -0.5577538878E+02
    0.4410000000E+03    -0.5794327388E+02
    0.4420000000E+03    -0.6018046536E+02
    0.4430000000E+03    -0.6248634907E+02
    0.4440000000E+03    -0.6486274656E+02
    0.4450000000E+03    -0.6729305756E+02
    0.4460000000E+03    -0.6974281478E+02
    0.4470000000E+03    -0.7224184925E+02
    0.4480000000E+03    -0.7484845560E+02
    0.4490000000E+03    -0.7748682005E+02
    0.4500000000E+03    -0.8022513392E+02
    0.4510000000E+03    -0.8302163057E+02
    0.4520000000E+03    -0.8585130440E+02
    0.4530000000E+03    -0.8875997308E+02
    0.4540000000E+03    -0.9172517047E+02
    0.4550000000E+03    -0.9474175876E+02
    0.4560000000E+03    -0.9783487398E+02
    0.4570000000E+03    -0.1009873162E+03
    0.4580000000E+03    -0.1041950279E+03
    0.4590000000E+03    -0.1074338485E+03
    0.4600000000E+03    -0.1107910872E+03
    0.4610000000E+03    -0.1142576832E+03
    0.4620000000E+03    -0.1177460147E+03
    0.4630000000E+03    -0.1213782974E+03
    0.4640000000E+03    -0.1250767836E+03
    0.4650000000E+03    -0.1287715284E+03
