    0.0000000000E+00    -0.1096175780E+03
    0.1000000000E+01    -0.1083167611E+03
    0.2000000000E+01    -0.1076782759E+03
    0.3000000000E+01    -0.1074142101E+03
    0.4000000000E+01    -0.1074085119E+03
    0.5000000000E+01    -0.1075953043E+03
    0.6000000000E+01    -0.1079346161E+03
    0.7000000000E+01    -0.1083976963E+03
    0.8000000000E+01    -0.1089650107E+03
    0.9000000000E+01    -0.1096190525E+03
    0.1000000000E+02    -0.1103480694E+03
    0.1100000000E+02    -0.1111422690E+03
    0.1200000000E+02    -0.1119935970E+03
    0.1300000000E+02    -0.1128938299E+03
    0.1400000000E+02    -0.1138375283E+03
    0.1500000000E+02    -0.1148197431E+03
    0.1600000000E+02    -0.1158361167E+03
    0.1700000000E+02    -0.1168827156E+03
    0.1800000000E+02    -0.1179552243E+03
    0.1900000000E+02    -0.1190508140E+03
    0.2000000000E+02    -0.1201667365E+03
    0.2100000000E+02    -0.1213002178E+03
    0.2200000000E+02    -0.1224494708E+03
    0.2300000000E+02    -0.1236126291E+03
    0.2400000000E+02    -0.1247858203E+03
    0.2500000000E+02    -0.1259687156E+03
    0.2600000000E+02    -0.1271594232E+03
    0.2700000000E+02    -0.1283569795E+03
    0.2800000000E+02    -0.1295589649E+03
    0.2900000000E+02    -0.1307635455E+03
    0.3000000000E+02    -0.1319694635E+03
    0.3100000000E+02    -0.1331768432E+03
    0.3200000000E+02    -0.1343832537E+03
    0.3300000000E+02    -0.1355875744E+03
    0.3400000000E+02    -0.1367888260E+03
    0.3500000000E+02    -0.1379858225E+03
    0.3600000000E+02    -0.1391767530E+03
    0.3700000000E+02    -0.1403621818E+03
    0.3800000000E+02    -0.1415396226E+03
    0.3900000000E+02    -0.1427097376E+03
    0.4000000000E+02    -0.1438704448E+03
    0.4100000000E+02    -0.1450222403E+03
    0.4200000000E+02    -0.1461629275E+03
    0.4300000000E+02    -0.1472929061E+03
    0.4400000000E+02    -0.1484102170E+03
    0.4500000000E+02    -0.1495172303E+03
    0.4600000000E+02    -0.1506103602E+03
    0.4700000000E+02    -0.1516906467E+03
    0.4800000000E+02    -0.1527576823E+03
    0.4900000000E+02    -0.1538098543E+03
    0.5000000000E+02    -0.1548486689E+03
    0.5100000000E+02    -0.1558745399E+03
    0.5200000000E+02    -0.1568858236E+03
    0.5300000000E+02    -0.1578821351E+03
    0.5400000000E+02    -0.1588658376E+03
    0.5500000000E+02    -0.1598358789E+03
    0.5600000000E+02    -0.1607922396E+03
    0.5700000000E+02    -0.1617346200E+03
    0.5800000000E+02    -0.1626634210E+03
    0.5900000000E+02    -0.1635794501E+03
    0.6000000000E+02    -0.1644822962E+03
    0.6100000000E+02    -0.1653723682E+03
    0.6200000000E+02    -0.1662502063E+03
    0.6300000000E+02    -0.1671161918E+03
    0.6400000000E+02    -0.1679691262E+03
    0.6500000000E+02    -0.1688092509E+03
    0.6600000000E+02    -0.1696383684E+03
    0.6700000000E+02    -0.1704550061E+03
    0.6800000000E+02    -0.1712596535E+03
    0.6900000000E+02    -0.1720533029E+03
    0.7000000000E+02    -0.1728357672E+03
    0.7100000000E+02    -0.1736050241E+03
    0.7200000000E+02    -0.1743641619E+03
    0.7300000000E+02    -0.1751127063E+03
    0.7400000000E+02    -0.1758479183E+03
    0.7500000000E+02    -0.1765732750E+03
    0.7600000000E+02    -0.1772861590E+03
    0.7700000000E+02    -0.1779876041E+03
    0.7800000000E+02    -0.1786790086E+03
    0.7900000000E+02    -0.1793608154E+03
    0.8000000000E+02    -0.1800317543E+03
    0.8100000000E+02    -0.1806913156E+03
    0.8200000000E+02    -0.1813408135E+03
    0.8300000000E+02    -0.1819794429E+03
    0.8400000000E+02    -0.1826079069E+03
    0.8500000000E+02    -0.1832283649E+03
    0.8600000000E+02    -0.1838375375E+03
    0.8700000000E+02    -0.1844371011E+03
    0.8800000000E+02    -0.1850256122E+03
    0.8900000000E+02    -0.1856067387E+03
    0.9000000000E+02    -0.1861777225E+03
    0.9100000000E+02    -0.1867377746E+03
    0.9200000000E+02    -0.1872895328E+03
    0.9300000000E+02    -0.1878311744E+03
    0.9400000000E+02    -0.1883640095E+03
    0.9500000000E+02    -0.1888865626E+03
    0.9600000000E+02    -0.1894015549E+03
    0.9700000000E+02    -0.1899065239E+03
    0.9800000000E+02    -0.1904039714E+03
    0.9900000000E+02    -0.1908928685E+03
    0.1000000000E+03    -0.1913714155E+03
    0.1010000000E+03    -0.1918411149E+03
    0.1020000000E+03    -0.1923040380E+03
    0.1030000000E+03    -0.1927561635E+03
    0.1040000000E+03    -0.1932013371E+03
    0.1050000000E+03    -0.1936373295E+03
    0.1060000000E+03    -0.1940629983E+03
    0.1070000000E+03    -0.1944805737E+03
    0.1080000000E+03    -0.1948915179E+03
    0.1090000000E+03    -0.1952927589E+03
    0.1100000000E+03    -0.1956858008E+03
    0.1110000000E+03    -0.1960705596E+03
    0.1120000000E+03    -0.1964459623E+03
    0.1130000000E+03    -0.1968135678E+03
    0.1140000000E+03    -0.1971742931E+03
    0.1150000000E+03    -0.1975257162E+03
    0.1160000000E+03    -0.1978677114E+03
    0.1170000000E+03    -0.1982008768E+03
    0.1180000000E+03    -0.1985260737E+03
    0.1190000000E+03    -0.1988434129E+03
    0.1200000000E+03    -0.1991503351E+03
    0.1210000000E+03    -0.1994479332E+03
    0.1220000000E+03    -0.1997368430E+03
    0.1230000000E+03    -0.2000172917E+03
    0.1240000000E+03    -0.2002893985E+03
    0.1250000000E+03    -0.2005551035E+03
    0.1260000000E+03    -0.2008087528E+03
    0.1270000000E+03    -0.2010522064E+03
    0.1280000000E+03    -0.2012863838E+03
    0.1290000000E+03    -0.2015115252E+03
    0.1300000000E+03    -0.2017266372E+03
    0.1310000000E+03    -0.2019335501E+03
    0.1320000000E+03    -0.2021300401E+03
    0.1330000000E+03    -0.2023152322E+03
    0.1340000000E+03    -0.2024911747E+03
    0.1350000000E+03    -0.2026580213E+03
    0.1360000000E+03    -0.2028138947E+03
    0.1370000000E+03    -0.2029611967E+03
    0.1380000000E+03    -0.2030974538E+03
    0.1390000000E+03    -0.2032232572E+03
    0.1400000000E+03    -0.2033374871E+03
    0.1410000000E+03    -0.2034413958E+03
    0.1420000000E+03    -0.2035370027E+03
    0.1430000000E+03    -0.2036225250E+03
    0.1440000000E+03    -0.2036970109E+03
    0.1450000000E+03    -0.2037615839E+03
    0.1460000000E+03    -0.2038141021E+03
    0.1470000000E+03    -0.2038582715E+03
    0.1480000000E+03    -0.2038922668E+03
    0.1490000000E+03    -0.2039163489E+03
    0.1500000000E+03    -0.2039312095E+03
    0.1510000000E+03    -0.2039375733E+03
    0.1520000000E+03    -0.2039336080E+03
    0.1530000000E+03    -0.2039212728E+03
    0.1540000000E+03    -0.2039002879E+03
    0.1550000000E+03    -0.2038701783E+03
    0.1560000000E+03    -0.2038347340E+03
    0.1570000000E+03    -0.2037890662E+03
    0.1580000000E+03    -0.2037352368E+03
    0.1590000000E+03    -0.2036736975E+03
    0.1600000000E+03    -0.2036037206E+03
    0.1610000000E+03    -0.2035274178E+03
    0.1620000000E+03    -0.2034450387E+03
    0.1630000000E+03    -0.2033564048E+03
    0.1640000000E+03    -0.2032601847E+03
    0.1650000000E+03    -0.2031583723E+03
    0.1660000000E+03    -0.2030499401E+03
    0.1670000000E+03    -0.2029356892E+03
    0.1680000000E+03    -0.2028162499E+03
    0.1690000000E+03    -0.2026902560E+03
    0.1700000000E+03    -0.2025589899E+03
    0.1710000000E+03    -0.2024252008E+03
    0.1720000000E+03    -0.2022838347E+03
    0.1730000000E+03    -0.2021363534E+03
    0.1740000000E+03    -0.2019843205E+03
    0.1750000000E+03    -0.2018270316E+03
    0.1760000000E+03    -0.2016655423E+03
    0.1770000000E+03    -0.2015017624E+03
    0.1780000000E+03    -0.2013332326E+03
    0.1790000000E+03    -0.2011616667E+03
    0.1800000000E+03    -0.2009831280E+03
    0.1810000000E+03    -0.2008004369E+03
    0.1820000000E+03    -0.2006148601E+03
    0.1830000000E+03    -0.2004254999E+03
    0.1840000000E+03    -0.2002310955E+03
    0.1850000000E+03    -0.2000331191E+03
    0.1860000000E+03    -0.1998307919E+03
    0.1870000000E+03    -0.1996259795E+03
    0.1880000000E+03    -0.1994159468E+03
    0.1890000000E+03    -0.1992011674E+03
    0.1900000000E+03    -0.1989822530E+03
    0.1910000000E+03    -0.1987622767E+03
    0.1920000000E+03    -0.1985367157E+03
    0.1930000000E+03    -0.1983068347E+03
    0.1940000000E+03    -0.1980718364E+03
    0.1950000000E+03    -0.1978344697E+03
    0.1960000000E+03    -0.1975931019E+03
    0.1970000000E+03    -0.1973470424E+03
    0.1980000000E+03    -0.1970969901E+03
    0.1990000000E+03    -0.1968422119E+03
    0.2000000000E+03    -0.1965848894E+03
    0.2010000000E+03    -0.1963252881E+03
    0.2020000000E+03    -0.1960588397E+03
    0.2030000000E+03    -0.1957893221E+03
    0.2040000000E+03    -0.1955161847E+03
    0.2050000000E+03    -0.1952355738E+03
    0.2060000000E+03    -0.1949513233E+03
    0.2070000000E+03    -0.1946609052E+03
    0.2080000000E+03    -0.1943671448E+03
    0.2090000000E+03    -0.1940657946E+03
    0.2100000000E+03    -0.1937615582E+03
    0.2110000000E+03    -0.1934486003E+03
    0.2120000000E+03    -0.1931301264E+03
    0.2130000000E+03    -0.1928067086E+03
    0.2140000000E+03    -0.1924746652E+03
    0.2150000000E+03    -0.1921379438E+03
    0.2160000000E+03    -0.1917951804E+03
    0.2170000000E+03    -0.1914445992E+03
    0.2180000000E+03    -0.1910859673E+03
    0.2190000000E+03    -0.1907185905E+03
    0.2200000000E+03    -0.1903426901E+03
    0.2210000000E+03    -0.1899579623E+03
    0.2220000000E+03    -0.1895665071E+03
    0.2230000000E+03    -0.1891673443E+03
    0.2240000000E+03    -0.1887561495E+03
    0.2250000000E+03    -0.1883332449E+03
    0.2260000000E+03    -0.1879031000E+03
    0.2270000000E+03    -0.1874641871E+03
    0.2280000000E+03    -0.1870155680E+03
    0.2290000000E+03    -0.1865566674E+03
    0.2300000000E+03    -0.1860862579E+03
    0.2310000000E+03    -0.1856070577E+03
    0.2320000000E+03    -0.1851177558E+03
    0.2330000000E+03    -0.1846183526E+03
    0.2340000000E+03    -0.1841085503E+03
    0.2350000000E+03    -0.1835886256E+03
    0.2360000000E+03    -0.1830558664E+03
    0.2370000000E+03    -0.1825149862E+03
    0.2380000000E+03    -0.1819640866E+03
    0.2390000000E+03    -0.1814023267E+03
    0.2400000000E+03    -0.1808292807E+03
    0.2410000000E+03    -0.1802474827E+03
    0.2420000000E+03    -0.1796545115E+03
    0.2430000000E+03    -0.1790533599E+03
    0.2440000000E+03    -0.1784399135E+03
    0.2450000000E+03    -0.1778180264E+03
    0.2460000000E+03    -0.1771899599E+03
    0.2470000000E+03    -0.1765511695E+03
    0.2480000000E+03    -0.1759012158E+03
    0.2490000000E+03    -0.1752432960E+03
    0.2500000000E+03    -0.1745778398E+03
    0.2510000000E+03    -0.1739047758E+03
    0.2520000000E+03    -0.1732201356E+03
    0.2530000000E+03    -0.1725277637E+03
    0.2540000000E+03    -0.1718276873E+03
    0.2550000000E+03    -0.1711174442E+03
    0.2560000000E+03    -0.1704025564E+03
    0.2570000000E+03    -0.1696787266E+03
    0.2580000000E+03    -0.1689440380E+03
    0.2590000000E+03    -0.1682012389E+03
    0.2600000000E+03    -0.1674526468E+03
    0.2610000000E+03    -0.1666933689E+03
    0.2620000000E+03    -0.1659293318E+03
    0.2630000000E+03    -0.1651522362E+03
    0.2640000000E+03    -0.1643707516E+03
    0.2650000000E+03    -0.1635812216E+03
    0.2660000000E+03    -0.1627810564E+03
    0.2670000000E+03    -0.1619731337E+03
    0.2680000000E+03    -0.1611570672E+03
    0.2690000000E+03    -0.1603317119E+03
    0.2700000000E+03    -0.1594986227E+03
    0.2710000000E+03    -0.1586550346E+03
    0.2720000000E+03    -0.1578064138E+03
    0.2730000000E+03    -0.1569498124E+03
    0.2740000000E+03    -0.1560836875E+03
    0.2750000000E+03    -0.1552042771E+03
    0.2760000000E+03    -0.1543205509E+03
    0.2770000000E+03    -0.1534245421E+03
    0.2780000000E+03    -0.1525221482E+03
    0.2790000000E+03    -0.1516106778E+03
    0.2800000000E+03    -0.1506883580E+03
    0.2810000000E+03    -0.1497598500E+03
    0.2820000000E+03    -0.1488216101E+03
    0.2830000000E+03    -0.1478729856E+03
    0.2840000000E+03    -0.1469188731E+03
    0.2850000000E+03    -0.1459516450E+03
    0.2860000000E+03    -0.1449715685E+03
    0.2870000000E+03    -0.1439852876E+03
    0.2880000000E+03    -0.1429894444E+03
    0.2890000000E+03    -0.1419859260E+03
    0.2900000000E+03    -0.1409696989E+03
    0.2910000000E+03    -0.1399441885E+03
    0.2920000000E+03    -0.1389057235E+03
    0.2930000000E+03    -0.1378568223E+03
    0.2940000000E+03    -0.1367968567E+03
    0.2950000000E+03    -0.1357248226E+03
    0.2960000000E+03    -0.1346418498E+03
    0.2970000000E+03    -0.1335530264E+03
    0.2980000000E+03    -0.1324508003E+03
    0.2990000000E+03    -0.1313346722E+03
    0.3000000000E+03    -0.1302103399E+03
    0.3010000000E+03    -0.1290748761E+03
    0.3020000000E+03    -0.1279270236E+03
    0.3030000000E+03    -0.1267697882E+03
    0.3040000000E+03    -0.1255981767E+03
    0.3050000000E+03    -0.1244137097E+03
    0.3060000000E+03    -0.1232186896E+03
    0.3070000000E+03    -0.1220107180E+03
    0.3080000000E+03    -0.1207926935E+03
    0.3090000000E+03    -0.1195561773E+03
    0.3100000000E+03    -0.1183098422E+03
    0.3110000000E+03    -0.1170534493E+03
    0.3120000000E+03    -0.1157842226E+03
    0.3130000000E+03    -0.1145029565E+03
    0.3140000000E+03    -0.1132117957E+03
    0.3150000000E+03    -0.1119035362E+03
    0.3160000000E+03    -0.1105876118E+03
    0.3170000000E+03    -0.1092580925E+03
    0.3180000000E+03    -0.1079173368E+03
    0.3190000000E+03    -0.1065670475E+03
    0.3200000000E+03    -0.1052066661E+03
    0.3210000000E+03    -0.1038390522E+03
    0.3220000000E+03    -0.1024605459E+03
    0.3230000000E+03    -0.1010759582E+03
    0.3240000000E+03    -0.9968321598E+02
    0.3250000000E+03    -0.9828212354E+02
    0.3260000000E+03    -0.9687679400E+02
    0.3270000000E+03    -0.9546237373E+02
    0.3280000000E+03    -0.9404199216E+02
    0.3290000000E+03    -0.9261598537E+02
    0.3300000000E+03    -0.9118264386E+02
    0.3310000000E+03    -0.8974010673E+02
    0.3320000000E+03    -0.8830187683E+02
    0.3330000000E+03    -0.8686003633E+02
    0.3340000000E+03    -0.8541354087E+02
    0.3350000000E+03    -0.8396469884E+02
    0.3360000000E+03    -0.8251350116E+02
    0.3370000000E+03    -0.8106757656E+02
    0.3380000000E+03    -0.7961642029E+02
    0.3390000000E+03    -0.7816311185E+02
    0.3400000000E+03    -0.7670470115E+02
    0.3410000000E+03    -0.7525631413E+02
    0.3420000000E+03    -0.7380298739E+02
    0.3430000000E+03    -0.7235659240E+02
    0.3440000000E+03    -0.7091380661E+02
    0.3450000000E+03    -0.6947877740E+02
    0.3460000000E+03    -0.6804410843E+02
    0.3470000000E+03    -0.6660953757E+02
    0.3480000000E+03    -0.6517893974E+02
    0.3490000000E+03    -0.6375112305E+02
    0.3500000000E+03    -0.6232592378E+02
    0.3510000000E+03    -0.6090707519E+02
    0.3520000000E+03    -0.5949828522E+02
    0.3530000000E+03    -0.5809719846E+02
    0.3540000000E+03    -0.5669882274E+02
    0.3550000000E+03    -0.5531513064E+02
    0.3560000000E+03    -0.5393340979E+02
    0.3570000000E+03    -0.5256292735E+02
    0.3580000000E+03    -0.5120093132E+02
    0.3590000000E+03    -0.4984891693E+02
    0.3600000000E+03    -0.4849871662E+02
    0.3610000000E+03    -0.4716424203E+02
    0.3620000000E+03    -0.4582843123E+02
    0.3630000000E+03    -0.4450953902E+02
    0.3640000000E+03    -0.4320919265E+02
    0.3650000000E+03    -0.4190999419E+02
    0.3660000000E+03    -0.4062246734E+02
    0.3670000000E+03    -0.3934057504E+02
    0.3680000000E+03    -0.3808013813E+02
    0.3690000000E+03    -0.3683513979E+02
    0.3700000000E+03    -0.3560487627E+02
    0.3710000000E+03    -0.3439633523E+02
    0.3720000000E+03    -0.3319805712E+02
    0.3730000000E+03    -0.3201574122E+02
    0.3740000000E+03    -0.3083971784E+02
    0.3750000000E+03    -0.2968190492E+02
    0.3760000000E+03    -0.2854411226E+02
    0.3770000000E+03    -0.2742023092E+02
    0.3780000000E+03    -0.2630836735E+02
    0.3790000000E+03    -0.2522400953E+02
    0.3800000000E+03    -0.2415376220E+02
    0.3810000000E+03    -0.2309578251E+02
    0.3820000000E+03    -0.2205702493E+02
    0.3830000000E+03    -0.2105066865E+02
    0.3840000000E+03    -0.2006180200E+02
    0.3850000000E+03    -0.1910056749E+02
    0.3860000000E+03    -0.1815510249E+02
    0.3870000000E+03    -0.1722710758E+02
    0.3880000000E+03    -0.1633888335E+02
    0.3890000000E+03    -0.1546423889E+02
    0.3900000000E+03    -0.1460600208E+02
    0.3910000000E+03    -0.1377539488E+02
    0.3920000000E+03    -0.1296112816E+02
    0.3930000000E+03    -0.1218705833E+02
    0.3940000000E+03    -0.1144292707E+02
    0.3950000000E+03    -0.1072424092E+02
    0.3960000000E+03    -0.1002573637E+02
    0.3970000000E+03    -0.9359446564E+01
    0.3980000000E+03    -0.8711681471E+01
    0.3990000000E+03    -0.8085886240E+01
    0.4000000000E+03    -0.7487407722E+01
    0.4010000000E+03    -0.6935910569E+01
    0.4020000000E+03    -0.6408970452E+01
    0.4030000000E+03    -0.5914890251E+01
    0.4040000000E+03    -0.5439181364E+01
    0.4050000000E+03    -0.4987323852E+01
    0.4060000000E+03    -0.4570299002E+01
    0.4070000000E+03    -0.4202156483E+01
    0.4080000000E+03    -0.3877847430E+01
    0.4090000000E+03    -0.3598998578E+01
    0.4100000000E+03    -0.3341514435E+01
    0.4110000000E+03    -0.3114316442E+01
    0.4120000000E+03    -0.2948029941E+01
    0.4130000000E+03    -0.2789629322E+01
    0.4140000000E+03    -0.2660639057E+01
    0.4150000000E+03    -0.2560210180E+01
    0.4160000000E+03    -0.2506328120E+01
    0.4170000000E+03    -0.2492889340E+01
    0.4180000000E+03    -0.2542476855E+01
    0.4190000000E+03    -0.2645672906E+01
    0.4200000000E+03    -0.2785245264E+01
    0.4210000000E+03    -0.2981460024E+01
    0.4220000000E+03    -0.3204596623E+01
    0.4230000000E+03    -0.3465372461E+01
    0.4240000000E+03    -0.3765844038E+01
    0.4250000000E+03    -0.4069606904E+01
    0.4260000000E+03    -0.4475365483E+01
    0.4270000000E+03    -0.4886471366E+01
    0.4280000000E+03    -0.5344903496E+01
    0.4290000000E+03    -0.5867618162E+01
    0.4300000000E+03    -0.6476105699E+01
    0.4310000000E+03    -0.7086858697E+01
    0.4320000000E+03    -0.7780317728E+01
    0.4330000000E+03    -0.8481027996E+01
    0.4340000000E+03    -0.9243234716E+01
    0.4350000000E+03    -0.1006035860E+02
    0.4360000000E+03    -0.1092132660E+02
    0.4370000000E+03    -0.1184551083E+02
    0.4380000000E+03    -0.1279123142E+02
    0.4390000000E+03    -0.1382489726E+02
    0.4400000000E+03    -0.1490944374E+02
    0.4410000000E+03    -0.1599750836E+02
    0.4420000000E+03    -0.1719409246E+02
    0.4430000000E+03    -0.1839568219E+02
    0.4440000000E+03    -0.1967614331E+02
    0.4450000000E+03    -0.2105130375E+02
    0.4460000000E+03    -0.2242178527E+02
    0.4470000000E+03    -0.2389518209E+02
    0.4480000000E+03    -0.2543461595E+02
    0.4490000000E+03    -0.2702356943E+02
    0.4500000000E+03    -0.2866938075E+02
    0.4510000000E+03    -0.3029427067E+02
    0.4520000000E+03    -0.3215827681E+02
    0.4530000000E+03    -0.3398184234E+02
    0.4540000000E+03    -0.3593591172E+02
    0.4550000000E+03    -0.3795708934E+02
    0.4560000000E+03    -0.3997766242E+02
    0.4570000000E+03    -0.4202606293E+02
    0.4580000000E+03    -0.4426396098E+02
    0.4590000000E+03    -0.4660342890E+02
    0.4600000000E+03    -0.4902931650E+02
    0.4610000000E+03    -0.5159631491E+02
    0.4620000000E+03    -0.5421151054E+02
    0.4630000000E+03    -0.5674792348E+02
    0.4640000000E+03    -0.5935332856E+02
    0.4650000000E+03    -0.6198577240E+02
    0.4660000000E+03    -0.6476118458E+02
    0.4670000000E+03    -0.6753590045E+02
    0.4680000000E+03    -0.7040421999E+02
    0.4690000000E+03    -0.7341701274E+02
    0.4700000000E+03    -0.7651588668E+02
