       0   -0.53000138E-09
       1   -0.60574053E-03
       2   -0.31800243E-01
       3   -0.93617399E-01
       4   -0.18613790E+00
       5   -0.30925602E+00
       6   -0.46312446E+00
       7   -0.64763171E+00
       8   -0.86232719E+00
       9   -0.11082109E+01
      10   -0.13832567E+01
      11   -0.16889587E+01
      12   -0.20250336E+01
      13   -0.23910505E+01
      14   -0.27880963E+01
      15   -0.32154064E+01
      16   -0.36724260E+01
      17   -0.41588121E+01
      18   -0.46764105E+01
      19   -0.52247853E+01
      20   -0.58024046E+01
      21   -0.64110867E+01
      22   -0.70481500E+01
      23   -0.77159778E+01
      24   -0.84141189E+01
      25   -0.91403783E+01
      26   -0.98980235E+01
      27   -0.10686491E+02
      28   -0.11502130E+02
      29   -0.12344956E+02
      30   -0.13220863E+02
      31   -0.14125109E+02
      32   -0.15060452E+02
      33   -0.16025869E+02
      34   -0.17020099E+02
      35   -0.18048249E+02
      36   -0.19098394E+02
      37   -0.20181836E+02
      38   -0.21295054E+02
      39   -0.22434468E+02
      40   -0.23598405E+02
      41   -0.24796371E+02
      42   -0.26026345E+02
      43   -0.27281111E+02
      44   -0.28564258E+02
      45   -0.29874076E+02
      46   -0.31213467E+02
      47   -0.32584544E+02
      48   -0.33982598E+02
      49   -0.35407064E+02
      50   -0.36862634E+02
      51   -0.38342182E+02
      52   -0.39850358E+02
      53   -0.41386907E+02
      54   -0.42951928E+02
      55   -0.44546906E+02
      56   -0.46174873E+02
      57   -0.47831863E+02
      58   -0.49513049E+02
      59   -0.51230917E+02
      60   -0.52963649E+02
      61   -0.54717576E+02
      62   -0.56501111E+02
      63   -0.58326033E+02
      64   -0.60167711E+02
      65   -0.62047674E+02
      66   -0.63944700E+02
      67   -0.65872024E+02
      68   -0.67835412E+02
      69   -0.69824761E+02
      70   -0.71836551E+02
      71   -0.73869249E+02
      72   -0.75924849E+02
      73   -0.78018531E+02
      74   -0.80137715E+02
      75   -0.82268870E+02
      76   -0.84441237E+02
      77   -0.86634707E+02
      78   -0.88847521E+02
      79   -0.91094284E+02
      80   -0.93361889E+02
      81   -0.95664269E+02
      82   -0.97983041E+02
      83   -0.10033156E+03
      84   -0.10270630E+03
      85   -0.10510776E+03
      86   -0.10753186E+03
      87   -0.10998842E+03
      88   -0.11246657E+03
      89   -0.11496025E+03
      90   -0.11749335E+03
      91   -0.12005261E+03
      92   -0.12262820E+03
      93   -0.12524444E+03
      94   -0.12787091E+03
      95   -0.13051700E+03
      96   -0.13318834E+03
      97   -0.13589514E+03
      98   -0.13862402E+03
      99   -0.14137195E+03
     100   -0.14414926E+03
     101   -0.14694732E+03
     102   -0.14976440E+03
     103   -0.15261137E+03
     104   -0.15547363E+03
     105   -0.15835828E+03
     106   -0.16127410E+03
     107   -0.16422862E+03
     108   -0.16720178E+03
     109   -0.17018224E+03
     110   -0.17320422E+03
     111   -0.17623943E+03
     112   -0.17930889E+03
     113   -0.18239099E+03
     114   -0.18550094E+03
     115   -0.18865634E+03
     116   -0.19182129E+03
     117   -0.19501572E+03
     118   -0.19821563E+03
     119   -0.20144228E+03
     120   -0.20469103E+03
     121   -0.20798720E+03
     122   -0.21130099E+03
     123   -0.21461839E+03
     124   -0.21796945E+03
     125   -0.22135152E+03
     126   -0.22475264E+03
     127   -0.22817363E+03
     128   -0.23160551E+03
     129   -0.23507887E+03
     130   -0.23858833E+03
     131   -0.24209475E+03
     132   -0.24561716E+03
     133   -0.24916782E+03
     134   -0.25274974E+03
     135   -0.25631375E+03
     136   -0.25993873E+03
     137   -0.26358711E+03
     138   -0.26727968E+03
     139   -0.27096884E+03
     140   -0.27468767E+03
     141   -0.27841056E+03
     142   -0.28216840E+03
     143   -0.28593677E+03
     144   -0.28976965E+03
     145   -0.29358849E+03
     146   -0.29743394E+03
     147   -0.30130507E+03
     148   -0.30521831E+03
     149   -0.30913629E+03
     150   -0.31308818E+03
     151   -0.31705344E+03
     152   -0.32104212E+03
     153   -0.32504154E+03
     154   -0.32909879E+03
     155   -0.33316138E+03
     156   -0.33727369E+03
     157   -0.34136017E+03
     158   -0.34548456E+03
     159   -0.34963137E+03
     160   -0.35377287E+03
     161   -0.35796404E+03
     162   -0.36218206E+03
     163   -0.36641821E+03
     164   -0.37067209E+03
     165   -0.37491571E+03
     166   -0.37918557E+03
     167   -0.38352543E+03
     168   -0.38788427E+03
     169   -0.39227089E+03
     170   -0.39667828E+03
     171   -0.40111573E+03
     172   -0.40555990E+03
     173   -0.41000414E+03
     174   -0.41448280E+03
     175   -0.41895265E+03
     176   -0.42347061E+03
     177   -0.42805347E+03
     178   -0.43261633E+03
     179   -0.43723777E+03
     180   -0.44188017E+03
     181   -0.44654091E+03
     182   -0.45119029E+03
     183   -0.45588370E+03
     184   -0.46059515E+03
     185   -0.46532392E+03
     186   -0.47009847E+03
     187   -0.47486107E+03
     188   -0.47963134E+03
     189   -0.48444036E+03
     190   -0.48928362E+03
     191   -0.49416825E+03
     192   -0.49909456E+03
     193   -0.50405475E+03
     194   -0.50900127E+03
     195   -0.51397813E+03
     196   -0.51897082E+03
     197   -0.52400936E+03
     198   -0.52904262E+03
     199   -0.53410064E+03
     200   -0.53922131E+03
     201   -0.54436966E+03
     202   -0.54949512E+03
     203   -0.55465705E+03
     204   -0.55986803E+03
     205   -0.56510838E+03
     206   -0.57034708E+03
     207   -0.57556692E+03
     208   -0.58084169E+03
     209   -0.58619038E+03
     210   -0.59151987E+03
     211   -0.59692262E+03
     212   -0.60230142E+03
     213   -0.60773476E+03
     214   -0.61320168E+03
     215   -0.61866583E+03
     216   -0.62415041E+03
     217   -0.62965097E+03
     218   -0.63514679E+03
     219   -0.64071533E+03
     220   -0.64635431E+03
     221   -0.65198587E+03
     222   -0.65759596E+03
     223   -0.66324385E+03
     224   -0.66895835E+03
     225   -0.67469544E+03
     226   -0.68049125E+03
     227   -0.68622980E+03
     228   -0.69206473E+03
     229   -0.69787831E+03
     230   -0.70369635E+03
     231   -0.70960808E+03
     232   -0.71552394E+03
     233   -0.72143441E+03
     234   -0.72738430E+03
     235   -0.73337647E+03
     236   -0.73935291E+03
     237   -0.74541231E+03
     238   -0.75151852E+03
     239   -0.75758096E+03
     240   -0.76375410E+03
     241   -0.76976614E+03
     242   -0.77589084E+03
     243   -0.78213326E+03
     244   -0.78833344E+03
     245   -0.79456401E+03
     246   -0.80082737E+03
     247   -0.80714585E+03
     248   -0.81344041E+03
     249   -0.81975808E+03
     250   -0.82612643E+03
     251   -0.83259912E+03
     252   -0.83904627E+03
     253   -0.84554262E+03
     254   -0.85203350E+03
     255   -0.85850386E+03
     256   -0.86506055E+03
     257   -0.87166037E+03
     258   -0.87816796E+03
     259   -0.88482145E+03
     260   -0.89143387E+03
     261   -0.89812060E+03
     262   -0.90489721E+03
     263   -0.91162515E+03
     264   -0.91836586E+03
     265   -0.92521721E+03
     266   -0.93211874E+03
     267   -0.93896733E+03
     268   -0.94585967E+03
     269   -0.95279792E+03
     270   -0.95970310E+03
     271   -0.96663776E+03
     272   -0.97360491E+03
     273   -0.98063147E+03
     274   -0.98767253E+03
     275   -0.99480157E+03
     276   -0.10018603E+04
     277   -0.10089625E+04
     278   -0.10161710E+04
     279   -0.10232911E+04
     280   -0.10305157E+04
     281   -0.10376958E+04
     282   -0.10450051E+04
     283   -0.10522692E+04
     284   -0.10596256E+04
     285   -0.10669997E+04
     286   -0.10744201E+04
     287   -0.10817839E+04
     288   -0.10892383E+04
     289   -0.10966430E+04
     290   -0.11041657E+04
     291   -0.11117076E+04
     292   -0.11192342E+04
     293   -0.11267862E+04
     294   -0.11342644E+04
     295   -0.11418234E+04
     296   -0.11493653E+04
     297   -0.11571220E+04
     298   -0.11648427E+04
     299   -0.11726281E+04
     300   -0.11803223E+04
     301   -0.11880454E+04
     302   -0.11958006E+04
     303   -0.12034840E+04
     304   -0.12112770E+04
     305   -0.12191294E+04
     306   -0.12270112E+04
     307   -0.12349469E+04
     308   -0.12429638E+04
     309   -0.12510564E+04
     310   -0.12591347E+04
     311   -0.12673144E+04
     312   -0.12753400E+04
     313   -0.12834761E+04
     314   -0.12915860E+04
     315   -0.12997637E+04
     316   -0.13078125E+04
     317   -0.13160919E+04
     318   -0.13241951E+04
     319   -0.13323633E+04
     320   -0.13405143E+04
     321   -0.13486880E+04
     322   -0.13570837E+04
     323   -0.13653556E+04
     324   -0.13735986E+04
     325   -0.13819815E+04
     326   -0.13902440E+04
     327   -0.13986062E+04
     328   -0.14070255E+04
     329   -0.14154337E+04
     330   -0.14239717E+04
     331   -0.14324456E+04
     332   -0.14409374E+04
     333   -0.14494008E+04
     334   -0.14578869E+04
     335   -0.14663957E+04
     336   -0.14749692E+04
     337   -0.14835392E+04
     338   -0.14921092E+04
     339   -0.15008265E+04
     340   -0.15096175E+04
     341   -0.15182973E+04
     342   -0.15269791E+04
     343   -0.15357969E+04
     344   -0.15445228E+04
     345   -0.15532682E+04
     346   -0.15621046E+04
     347   -0.15707266E+04
     348   -0.15796878E+04
     349   -0.15885918E+04
     350   -0.15973226E+04
     351   -0.16063001E+04
     352   -0.16150230E+04
     353   -0.16241586E+04
     354   -0.16329963E+04
     355   -0.16418252E+04
     356   -0.16504757E+04
     357   -0.16595257E+04
     358   -0.16686077E+04
     359   -0.16778384E+04
     360   -0.16869557E+04
     361   -0.16959851E+04
     362   -0.17048196E+04
     363   -0.17138000E+04
     364   -0.17230228E+04
     365   -0.17321671E+04
     366   -0.17409405E+04
     367   -0.17502179E+04
     368   -0.17591888E+04
     369   -0.17684026E+04
     370   -0.17775317E+04
     371   -0.17868910E+04
     372   -0.17960728E+04
     373   -0.18050688E+04
     374   -0.18143583E+04
     375   -0.18233471E+04
     376   -0.18327023E+04
     377   -0.18419056E+04
     378   -0.18511017E+04
     379   -0.18603021E+04
     380   -0.18691127E+04
