    0.0000000000E+00    -0.1003667466E+03
    0.1000000000E+01    -0.9866778305E+02
    0.2000000000E+01    -0.9763503741E+02
    0.3000000000E+01    -0.9698084043E+02
    0.4000000000E+01    -0.9658714469E+02
    0.5000000000E+01    -0.9638924325E+02
    0.6000000000E+01    -0.9634692631E+02
    0.7000000000E+01    -0.9643165965E+02
    0.8000000000E+01    -0.9662313811E+02
    0.9000000000E+01    -0.9690467195E+02
    0.1000000000E+02    -0.9726319801E+02
    0.1100000000E+02    -0.9769068555E+02
    0.1200000000E+02    -0.9817778634E+02
    0.1300000000E+02    -0.9871753343E+02
    0.1400000000E+02    -0.9930396347E+02
    0.1500000000E+02    -0.9993246886E+02
    0.1600000000E+02    -0.1005992731E+03
    0.1700000000E+02    -0.1012994250E+03
    0.1800000000E+02    -0.1020283231E+03
    0.1900000000E+02    -0.1027839365E+03
    0.2000000000E+02    -0.1035639699E+03
    0.2100000000E+02    -0.1043657988E+03
    0.2200000000E+02    -0.1051868874E+03
    0.2300000000E+02    -0.1060246705E+03
    0.2400000000E+02    -0.1068777054E+03
    0.2500000000E+02    -0.1077439893E+03
    0.2600000000E+02    -0.1086231029E+03
    0.2700000000E+02    -0.1095121117E+03
    0.2800000000E+02    -0.1104102504E+03
    0.2900000000E+02    -0.1113158829E+03
    0.3000000000E+02    -0.1122277931E+03
    0.3100000000E+02    -0.1131437750E+03
    0.3200000000E+02    -0.1140653406E+03
    0.3300000000E+02    -0.1149903983E+03
    0.3400000000E+02    -0.1159168586E+03
    0.3500000000E+02    -0.1168448339E+03
    0.3600000000E+02    -0.1177725849E+03
    0.3700000000E+02    -0.1186999352E+03
    0.3800000000E+02    -0.1196255433E+03
    0.3900000000E+02    -0.1205492463E+03
    0.4000000000E+02    -0.1214697911E+03
    0.4100000000E+02    -0.1223864372E+03
    0.4200000000E+02    -0.1232996740E+03
    0.4300000000E+02    -0.1242084612E+03
    0.4400000000E+02    -0.1251119702E+03
    0.4500000000E+02    -0.1260096701E+03
    0.4600000000E+02    -0.1269006023E+03
    0.4700000000E+02    -0.1277853071E+03
    0.4800000000E+02    -0.1286624246E+03
    0.4900000000E+02    -0.1295310875E+03
    0.5000000000E+02    -0.1303921229E+03
    0.5100000000E+02    -0.1312450360E+03
    0.5200000000E+02    -0.1320899381E+03
    0.5300000000E+02    -0.1329256994E+03
    0.5400000000E+02    -0.1337519335E+03
    0.5500000000E+02    -0.1345692932E+03
    0.5600000000E+02    -0.1353759538E+03
    0.5700000000E+02    -0.1361741682E+03
    0.5800000000E+02    -0.1369626179E+03
    0.5900000000E+02    -0.1377413283E+03
    0.6000000000E+02    -0.1385097716E+03
    0.6100000000E+02    -0.1392682400E+03
    0.6200000000E+02    -0.1400166052E+03
    0.6300000000E+02    -0.1407553708E+03
    0.6400000000E+02    -0.1414831198E+03
    0.6500000000E+02    -0.1422013820E+03
    0.6600000000E+02    -0.1429082071E+03
    0.6700000000E+02    -0.1436057208E+03
    0.6800000000E+02    -0.1442942068E+03
    0.6900000000E+02    -0.1449711716E+03
    0.7000000000E+02    -0.1456374768E+03
    0.7100000000E+02    -0.1462937482E+03
    0.7200000000E+02    -0.1469415352E+03
    0.7300000000E+02    -0.1475782390E+03
    0.7400000000E+02    -0.1482060399E+03
    0.7500000000E+02    -0.1488234834E+03
    0.7600000000E+02    -0.1494325740E+03
    0.7700000000E+02    -0.1500317600E+03
    0.7800000000E+02    -0.1506209031E+03
    0.7900000000E+02    -0.1512007775E+03
    0.8000000000E+02    -0.1517703056E+03
    0.8100000000E+02    -0.1523311288E+03
    0.8200000000E+02    -0.1528826945E+03
    0.8300000000E+02    -0.1534253102E+03
    0.8400000000E+02    -0.1539585787E+03
    0.8500000000E+02    -0.1544834486E+03
    0.8600000000E+02    -0.1549987972E+03
    0.8700000000E+02    -0.1555056639E+03
    0.8800000000E+02    -0.1560028728E+03
    0.8900000000E+02    -0.1564927714E+03
    0.9000000000E+02    -0.1569722088E+03
    0.9100000000E+02    -0.1574443418E+03
    0.9200000000E+02    -0.1579075823E+03
    0.9300000000E+02    -0.1583622597E+03
    0.9400000000E+02    -0.1588084662E+03
    0.9500000000E+02    -0.1592462838E+03
    0.9600000000E+02    -0.1596746800E+03
    0.9700000000E+02    -0.1600949371E+03
    0.9800000000E+02    -0.1605062892E+03
    0.9900000000E+02    -0.1609099220E+03
    0.1000000000E+03    -0.1613057674E+03
    0.1010000000E+03    -0.1616934646E+03
    0.1020000000E+03    -0.1620739870E+03
    0.1030000000E+03    -0.1624459068E+03
    0.1040000000E+03    -0.1628106333E+03
    0.1050000000E+03    -0.1631666036E+03
    0.1060000000E+03    -0.1635157150E+03
    0.1070000000E+03    -0.1638567546E+03
    0.1080000000E+03    -0.1641897032E+03
    0.1090000000E+03    -0.1645141693E+03
    0.1100000000E+03    -0.1648325010E+03
    0.1110000000E+03    -0.1651426794E+03
    0.1120000000E+03    -0.1654451787E+03
    0.1130000000E+03    -0.1657414459E+03
    0.1140000000E+03    -0.1660281486E+03
    0.1150000000E+03    -0.1663075834E+03
    0.1160000000E+03    -0.1665803664E+03
    0.1170000000E+03    -0.1668452595E+03
    0.1180000000E+03    -0.1671028717E+03
    0.1190000000E+03    -0.1673516422E+03
    0.1200000000E+03    -0.1675925698E+03
    0.1210000000E+03    -0.1678275174E+03
    0.1220000000E+03    -0.1680531719E+03
    0.1230000000E+03    -0.1682704982E+03
    0.1240000000E+03    -0.1684818506E+03
    0.1250000000E+03    -0.1686849835E+03
    0.1260000000E+03    -0.1688800982E+03
    0.1270000000E+03    -0.1690676730E+03
    0.1280000000E+03    -0.1692477808E+03
    0.1290000000E+03    -0.1694182473E+03
    0.1300000000E+03    -0.1695814561E+03
    0.1310000000E+03    -0.1697388994E+03
    0.1320000000E+03    -0.1698876731E+03
    0.1330000000E+03    -0.1700277604E+03
    0.1340000000E+03    -0.1701594884E+03
    0.1350000000E+03    -0.1702813261E+03
    0.1360000000E+03    -0.1703983467E+03
    0.1370000000E+03    -0.1705061116E+03
    0.1380000000E+03    -0.1706060271E+03
    0.1390000000E+03    -0.1706988412E+03
    0.1400000000E+03    -0.1707819815E+03
    0.1410000000E+03    -0.1708580325E+03
    0.1420000000E+03    -0.1709257040E+03
    0.1430000000E+03    -0.1709856507E+03
    0.1440000000E+03    -0.1710377144E+03
    0.1450000000E+03    -0.1710820487E+03
    0.1460000000E+03    -0.1711191301E+03
    0.1470000000E+03    -0.1711483959E+03
    0.1480000000E+03    -0.1711679858E+03
    0.1490000000E+03    -0.1711815423E+03
    0.1500000000E+03    -0.1711891989E+03
    0.1510000000E+03    -0.1711869351E+03
    0.1520000000E+03    -0.1711781994E+03
    0.1530000000E+03    -0.1711625389E+03
    0.1540000000E+03    -0.1711391838E+03
    0.1550000000E+03    -0.1711116288E+03
    0.1560000000E+03    -0.1710747125E+03
    0.1570000000E+03    -0.1710309206E+03
    0.1580000000E+03    -0.1709799536E+03
    0.1590000000E+03    -0.1709217881E+03
    0.1600000000E+03    -0.1708585768E+03
    0.1610000000E+03    -0.1707882703E+03
    0.1620000000E+03    -0.1707125266E+03
    0.1630000000E+03    -0.1706298316E+03
    0.1640000000E+03    -0.1705399339E+03
    0.1650000000E+03    -0.1704453843E+03
    0.1660000000E+03    -0.1703446345E+03
    0.1670000000E+03    -0.1702373484E+03
    0.1680000000E+03    -0.1701241674E+03
    0.1690000000E+03    -0.1700081675E+03
    0.1700000000E+03    -0.1698838141E+03
    0.1710000000E+03    -0.1697542808E+03
    0.1720000000E+03    -0.1696212184E+03
    0.1730000000E+03    -0.1694816789E+03
    0.1740000000E+03    -0.1693355066E+03
    0.1750000000E+03    -0.1691858397E+03
    0.1760000000E+03    -0.1690310514E+03
    0.1770000000E+03    -0.1688704174E+03
    0.1780000000E+03    -0.1687061793E+03
    0.1790000000E+03    -0.1685362879E+03
    0.1800000000E+03    -0.1683627014E+03
    0.1810000000E+03    -0.1681839381E+03
    0.1820000000E+03    -0.1679982377E+03
    0.1830000000E+03    -0.1678097038E+03
    0.1840000000E+03    -0.1676165435E+03
    0.1850000000E+03    -0.1674197937E+03
    0.1860000000E+03    -0.1672172887E+03
    0.1870000000E+03    -0.1670078296E+03
    0.1880000000E+03    -0.1667924026E+03
    0.1890000000E+03    -0.1665741344E+03
    0.1900000000E+03    -0.1663505984E+03
    0.1910000000E+03    -0.1661213628E+03
    0.1920000000E+03    -0.1658879158E+03
    0.1930000000E+03    -0.1656489540E+03
    0.1940000000E+03    -0.1654052885E+03
    0.1950000000E+03    -0.1651557628E+03
    0.1960000000E+03    -0.1649016836E+03
    0.1970000000E+03    -0.1646406127E+03
    0.1980000000E+03    -0.1643747802E+03
    0.1990000000E+03    -0.1641036635E+03
    0.2000000000E+03    -0.1638279096E+03
    0.2010000000E+03    -0.1635442165E+03
    0.2020000000E+03    -0.1632536086E+03
    0.2030000000E+03    -0.1629563060E+03
    0.2040000000E+03    -0.1626530519E+03
    0.2050000000E+03    -0.1623454483E+03
    0.2060000000E+03    -0.1620310898E+03
    0.2070000000E+03    -0.1617104309E+03
    0.2080000000E+03    -0.1613838097E+03
    0.2090000000E+03    -0.1610497919E+03
    0.2100000000E+03    -0.1607095177E+03
    0.2110000000E+03    -0.1603628505E+03
    0.2120000000E+03    -0.1600081495E+03
    0.2130000000E+03    -0.1596445643E+03
    0.2140000000E+03    -0.1592750288E+03
    0.2150000000E+03    -0.1588968363E+03
    0.2160000000E+03    -0.1585128851E+03
    0.2170000000E+03    -0.1581201105E+03
    0.2180000000E+03    -0.1577231181E+03
    0.2190000000E+03    -0.1573161582E+03
    0.2200000000E+03    -0.1569021080E+03
    0.2210000000E+03    -0.1564791698E+03
    0.2220000000E+03    -0.1560481774E+03
    0.2230000000E+03    -0.1556112078E+03
    0.2240000000E+03    -0.1551656590E+03
    0.2250000000E+03    -0.1547121148E+03
    0.2260000000E+03    -0.1542516553E+03
    0.2270000000E+03    -0.1537813170E+03
    0.2280000000E+03    -0.1533032189E+03
    0.2290000000E+03    -0.1528183123E+03
    0.2300000000E+03    -0.1523246541E+03
    0.2310000000E+03    -0.1518220932E+03
    0.2320000000E+03    -0.1513133182E+03
    0.2330000000E+03    -0.1507952856E+03
    0.2340000000E+03    -0.1502730687E+03
    0.2350000000E+03    -0.1497409475E+03
    0.2360000000E+03    -0.1492017602E+03
    0.2370000000E+03    -0.1486557916E+03
    0.2380000000E+03    -0.1481028908E+03
    0.2390000000E+03    -0.1475400499E+03
    0.2400000000E+03    -0.1469718547E+03
    0.2410000000E+03    -0.1463963819E+03
    0.2420000000E+03    -0.1458157351E+03
    0.2430000000E+03    -0.1452250514E+03
    0.2440000000E+03    -0.1446267010E+03
    0.2450000000E+03    -0.1440210797E+03
    0.2460000000E+03    -0.1434062627E+03
    0.2470000000E+03    -0.1427859371E+03
    0.2480000000E+03    -0.1421559451E+03
    0.2490000000E+03    -0.1415184183E+03
    0.2500000000E+03    -0.1408718380E+03
    0.2510000000E+03    -0.1402176281E+03
    0.2520000000E+03    -0.1395554606E+03
    0.2530000000E+03    -0.1388912592E+03
    0.2540000000E+03    -0.1382171481E+03
    0.2550000000E+03    -0.1375340384E+03
    0.2560000000E+03    -0.1368470332E+03
    0.2570000000E+03    -0.1361513342E+03
    0.2580000000E+03    -0.1354467754E+03
    0.2590000000E+03    -0.1347343551E+03
    0.2600000000E+03    -0.1340144988E+03
    0.2610000000E+03    -0.1332865057E+03
    0.2620000000E+03    -0.1325493988E+03
    0.2630000000E+03    -0.1318085527E+03
    0.2640000000E+03    -0.1310573055E+03
    0.2650000000E+03    -0.1302928564E+03
    0.2660000000E+03    -0.1295244534E+03
    0.2670000000E+03    -0.1287489689E+03
    0.2680000000E+03    -0.1279657619E+03
    0.2690000000E+03    -0.1271746434E+03
    0.2700000000E+03    -0.1263791484E+03
    0.2710000000E+03    -0.1255735692E+03
    0.2720000000E+03    -0.1247564795E+03
    0.2730000000E+03    -0.1239323142E+03
    0.2740000000E+03    -0.1231008719E+03
    0.2750000000E+03    -0.1222645040E+03
    0.2760000000E+03    -0.1214182219E+03
    0.2770000000E+03    -0.1205600423E+03
    0.2780000000E+03    -0.1196949208E+03
    0.2790000000E+03    -0.1188222274E+03
    0.2800000000E+03    -0.1179375408E+03
    0.2810000000E+03    -0.1170462980E+03
    0.2820000000E+03    -0.1161480610E+03
    0.2830000000E+03    -0.1152408770E+03
    0.2840000000E+03    -0.1143226791E+03
    0.2850000000E+03    -0.1133936831E+03
    0.2860000000E+03    -0.1124570463E+03
    0.2870000000E+03    -0.1115101765E+03
    0.2880000000E+03    -0.1105558485E+03
    0.2890000000E+03    -0.1095870440E+03
    0.2900000000E+03    -0.1086115987E+03
    0.2910000000E+03    -0.1076300623E+03
    0.2920000000E+03    -0.1066373347E+03
    0.2930000000E+03    -0.1056323176E+03
    0.2940000000E+03    -0.1046158819E+03
    0.2950000000E+03    -0.1035951916E+03
    0.2960000000E+03    -0.1025678958E+03
    0.2970000000E+03    -0.1015295603E+03
    0.2980000000E+03    -0.1004810097E+03
    0.2990000000E+03    -0.9941892281E+02
    0.3000000000E+03    -0.9835476449E+02
    0.3010000000E+03    -0.9728051795E+02
    0.3020000000E+03    -0.9619746238E+02
    0.3030000000E+03    -0.9510368519E+02
    0.3040000000E+03    -0.9400149006E+02
    0.3050000000E+03    -0.9289759544E+02
    0.3060000000E+03    -0.9178347075E+02
    0.3070000000E+03    -0.9065987352E+02
    0.3080000000E+03    -0.8953288634E+02
    0.3090000000E+03    -0.8839660212E+02
    0.3100000000E+03    -0.8725269843E+02
    0.3110000000E+03    -0.8610449786E+02
    0.3120000000E+03    -0.8494942549E+02
    0.3130000000E+03    -0.8378575603E+02
    0.3140000000E+03    -0.8261960018E+02
    0.3150000000E+03    -0.8144776088E+02
    0.3160000000E+03    -0.8027326511E+02
    0.3170000000E+03    -0.7908868434E+02
    0.3180000000E+03    -0.7790722564E+02
    0.3190000000E+03    -0.7671978976E+02
    0.3200000000E+03    -0.7553357849E+02
    0.3210000000E+03    -0.7434519348E+02
    0.3220000000E+03    -0.7315010065E+02
    0.3230000000E+03    -0.7195098582E+02
    0.3240000000E+03    -0.7075284510E+02
    0.3250000000E+03    -0.6955314010E+02
    0.3260000000E+03    -0.6835550476E+02
    0.3270000000E+03    -0.6715596305E+02
    0.3280000000E+03    -0.6595626494E+02
    0.3290000000E+03    -0.6475289462E+02
    0.3300000000E+03    -0.6355153598E+02
    0.3310000000E+03    -0.6235292762E+02
    0.3320000000E+03    -0.6115446231E+02
    0.3330000000E+03    -0.5995718949E+02
    0.3340000000E+03    -0.5876308150E+02
    0.3350000000E+03    -0.5756974310E+02
    0.3360000000E+03    -0.5638458010E+02
    0.3370000000E+03    -0.5519458945E+02
    0.3380000000E+03    -0.5400813270E+02
    0.3390000000E+03    -0.5282585535E+02
    0.3400000000E+03    -0.5165332184E+02
    0.3410000000E+03    -0.5048007117E+02
    0.3420000000E+03    -0.4931141578E+02
    0.3430000000E+03    -0.4814940527E+02
    0.3440000000E+03    -0.4699526263E+02
    0.3450000000E+03    -0.4583853369E+02
    0.3460000000E+03    -0.4469301797E+02
    0.3470000000E+03    -0.4355614666E+02
    0.3480000000E+03    -0.4242322923E+02
    0.3490000000E+03    -0.4130873720E+02
    0.3500000000E+03    -0.4019448531E+02
    0.3510000000E+03    -0.3909566411E+02
    0.3520000000E+03    -0.3799818015E+02
    0.3530000000E+03    -0.3690980982E+02
    0.3540000000E+03    -0.3582610863E+02
    0.3550000000E+03    -0.3475305780E+02
    0.3560000000E+03    -0.3369376547E+02
    0.3570000000E+03    -0.3264266630E+02
    0.3580000000E+03    -0.3160649975E+02
    0.3590000000E+03    -0.3058018690E+02
    0.3600000000E+03    -0.2956178346E+02
    0.3610000000E+03    -0.2854802062E+02
    0.3620000000E+03    -0.2754762030E+02
    0.3630000000E+03    -0.2656472339E+02
    0.3640000000E+03    -0.2559744371E+02
    0.3650000000E+03    -0.2463638980E+02
    0.3660000000E+03    -0.2368899987E+02
    0.3670000000E+03    -0.2277129801E+02
    0.3680000000E+03    -0.2184791511E+02
    0.3690000000E+03    -0.2094480547E+02
    0.3700000000E+03    -0.2006004514E+02
    0.3710000000E+03    -0.1919780452E+02
    0.3720000000E+03    -0.1833833106E+02
    0.3730000000E+03    -0.1750994262E+02
    0.3740000000E+03    -0.1669951152E+02
    0.3750000000E+03    -0.1590083079E+02
    0.3760000000E+03    -0.1512409444E+02
    0.3770000000E+03    -0.1436870323E+02
    0.3780000000E+03    -0.1363591043E+02
    0.3790000000E+03    -0.1291760367E+02
    0.3800000000E+03    -0.1221928395E+02
    0.3810000000E+03    -0.1154547757E+02
    0.3820000000E+03    -0.1087700457E+02
    0.3830000000E+03    -0.1023204383E+02
    0.3840000000E+03    -0.9617143492E+01
    0.3850000000E+03    -0.9033335627E+01
    0.3860000000E+03    -0.8455943784E+01
    0.3870000000E+03    -0.7906459147E+01
    0.3880000000E+03    -0.7381077998E+01
    0.3890000000E+03    -0.6884935141E+01
    0.3900000000E+03    -0.6404291847E+01
    0.3910000000E+03    -0.5951090303E+01
    0.3920000000E+03    -0.5508031111E+01
    0.3930000000E+03    -0.5106530479E+01
    0.3940000000E+03    -0.4749985331E+01
    0.3950000000E+03    -0.4407422859E+01
    0.3960000000E+03    -0.4102540077E+01
    0.3970000000E+03    -0.3819847966E+01
    0.3980000000E+03    -0.3560334559E+01
    0.3990000000E+03    -0.3341215159E+01
    0.4000000000E+03    -0.3146065351E+01
    0.4010000000E+03    -0.2984667952E+01
    0.4020000000E+03    -0.2866218076E+01
    0.4030000000E+03    -0.2761441234E+01
    0.4040000000E+03    -0.2682278169E+01
    0.4050000000E+03    -0.2643266595E+01
    0.4060000000E+03    -0.2643766872E+01
    0.4070000000E+03    -0.2663626746E+01
    0.4080000000E+03    -0.2708157423E+01
    0.4090000000E+03    -0.2767399722E+01
    0.4100000000E+03    -0.2904611664E+01
    0.4110000000E+03    -0.3096580957E+01
    0.4120000000E+03    -0.3303209950E+01
    0.4130000000E+03    -0.3545014403E+01
    0.4140000000E+03    -0.3795643032E+01
    0.4150000000E+03    -0.4109047693E+01
    0.4160000000E+03    -0.4446170168E+01
    0.4170000000E+03    -0.4839601305E+01
    0.4180000000E+03    -0.5287236677E+01
    0.4190000000E+03    -0.5755028744E+01
    0.4200000000E+03    -0.6272347964E+01
    0.4210000000E+03    -0.6820795938E+01
    0.4220000000E+03    -0.7410121387E+01
    0.4230000000E+03    -0.8085633318E+01
    0.4240000000E+03    -0.8801439570E+01
    0.4250000000E+03    -0.9554062138E+01
    0.4260000000E+03    -0.1038410364E+02
    0.4270000000E+03    -0.1121995353E+02
    0.4280000000E+03    -0.1211962526E+02
    0.4290000000E+03    -0.1307927179E+02
    0.4300000000E+03    -0.1407003555E+02
    0.4310000000E+03    -0.1512112929E+02
    0.4320000000E+03    -0.1621415118E+02
    0.4330000000E+03    -0.1732876308E+02
    0.4340000000E+03    -0.1847044659E+02
    0.4350000000E+03    -0.1966910616E+02
    0.4360000000E+03    -0.2092226941E+02
    0.4370000000E+03    -0.2229644272E+02
    0.4380000000E+03    -0.2373426011E+02
    0.4390000000E+03    -0.2516841193E+02
    0.4400000000E+03    -0.2671042993E+02
    0.4410000000E+03    -0.2822308495E+02
    0.4420000000E+03    -0.2985962261E+02
    0.4430000000E+03    -0.3153850451E+02
    0.4440000000E+03    -0.3323616524E+02
    0.4450000000E+03    -0.3497962322E+02
    0.4460000000E+03    -0.3669194493E+02
    0.4470000000E+03    -0.3852431802E+02
    0.4480000000E+03    -0.4039611177E+02
    0.4490000000E+03    -0.4241435193E+02
    0.4500000000E+03    -0.4448264207E+02
    0.4510000000E+03    -0.4659973898E+02
    0.4520000000E+03    -0.4889635072E+02
    0.4530000000E+03    -0.5119862546E+02
    0.4540000000E+03    -0.5360642034E+02
    0.4550000000E+03    -0.5593674203E+02
    0.4560000000E+03    -0.5835170156E+02
    0.4570000000E+03    -0.6094096806E+02
    0.4580000000E+03    -0.6354581743E+02
    0.4590000000E+03    -0.6624628204E+02
    0.4600000000E+03    -0.6905639053E+02
    0.4610000000E+03    -0.7194124306E+02
    0.4620000000E+03    -0.7480157645E+02
    0.4630000000E+03    -0.7791423742E+02
    0.4640000000E+03    -0.8094323417E+02
    0.4650000000E+03    -0.8401919222E+02
    0.4660000000E+03    -0.8701702203E+02
    0.4670000000E+03    -0.9021230189E+02
    0.4680000000E+03    -0.9350186631E+02
    0.4690000000E+03    -0.9683870410E+02
    0.4700000000E+03    -0.1002339877E+03
