       0   -0.44998576E-09
       1   -0.60574045E-03
       2   -0.39131459E-01
       3   -0.11577425E+00
       4   -0.23025502E+00
       5   -0.38365565E+00
       6   -0.57570393E+00
       7   -0.80625109E+00
       8   -0.10753298E+01
       9   -0.13835096E+01
      10   -0.17304932E+01
      11   -0.21185364E+01
      12   -0.25451826E+01
      13   -0.30114399E+01
      14   -0.35163366E+01
      15   -0.40636816E+01
      16   -0.46515213E+01
      17   -0.52816767E+01
      18   -0.59531092E+01
      19   -0.66667920E+01
      20   -0.74221596E+01
      21   -0.82196904E+01
      22   -0.90585871E+01
      23   -0.99421643E+01
      24   -0.10868166E+02
      25   -0.11840158E+02
      26   -0.12853012E+02
      27   -0.13910853E+02
      28   -0.15016028E+02
      29   -0.16166045E+02
      30   -0.17360887E+02
      31   -0.18601006E+02
      32   -0.19893507E+02
      33   -0.21227473E+02
      34   -0.22612063E+02
      35   -0.24047953E+02
      36   -0.25528569E+02
      37   -0.27070283E+02
      38   -0.28644568E+02
      39   -0.30286595E+02
      40   -0.31971032E+02
      41   -0.33708981E+02
      42   -0.35504461E+02
      43   -0.37351582E+02
      44   -0.39255401E+02
      45   -0.41205582E+02
      46   -0.43217981E+02
      47   -0.45280761E+02
      48   -0.47398572E+02
      49   -0.49561491E+02
      50   -0.51785713E+02
      51   -0.54081061E+02
      52   -0.56434357E+02
      53   -0.58838749E+02
      54   -0.61298039E+02
      55   -0.63800596E+02
      56   -0.66373861E+02
      57   -0.68995382E+02
      58   -0.71683278E+02
      59   -0.74421368E+02
      60   -0.77215242E+02
      61   -0.80057209E+02
      62   -0.82929650E+02
      63   -0.85867730E+02
      64   -0.88865845E+02
      65   -0.91895915E+02
      66   -0.94992571E+02
      67   -0.98142491E+02
      68   -0.10133217E+03
      69   -0.10456043E+03
      70   -0.10781143E+03
      71   -0.11112315E+03
      72   -0.11445878E+03
      73   -0.11784555E+03
      74   -0.12127372E+03
      75   -0.12472941E+03
      76   -0.12818746E+03
      77   -0.13170918E+03
      78   -0.13525559E+03
      79   -0.13886949E+03
      80   -0.14248173E+03
      81   -0.14613829E+03
      82   -0.14982751E+03
      83   -0.15353120E+03
      84   -0.15724706E+03
      85   -0.16100669E+03
      86   -0.16478625E+03
      87   -0.16858439E+03
      88   -0.17240473E+03
      89   -0.17624514E+03
      90   -0.18008299E+03
      91   -0.18396869E+03
      92   -0.18783788E+03
      93   -0.19172458E+03
      94   -0.19565866E+03
      95   -0.19959779E+03
      96   -0.20359265E+03
      97   -0.20756774E+03
      98   -0.21160920E+03
      99   -0.21560210E+03
     100   -0.21961594E+03
     101   -0.22365662E+03
     102   -0.22770385E+03
     103   -0.23175271E+03
     104   -0.23587996E+03
     105   -0.24000260E+03
     106   -0.24412393E+03
     107   -0.24824864E+03
     108   -0.25237855E+03
     109   -0.25653410E+03
     110   -0.26069507E+03
     111   -0.26486248E+03
     112   -0.26905464E+03
     113   -0.27326657E+03
     114   -0.27745868E+03
     115   -0.28170100E+03
     116   -0.28595969E+03
     117   -0.29022630E+03
     118   -0.29454353E+03
     119   -0.29887116E+03
     120   -0.30317217E+03
     121   -0.30748852E+03
     122   -0.31182970E+03
     123   -0.31621482E+03
     124   -0.32060240E+03
     125   -0.32502042E+03
     126   -0.32949039E+03
     127   -0.33390167E+03
     128   -0.33834760E+03
     129   -0.34284509E+03
     130   -0.34727795E+03
     131   -0.35176280E+03
     132   -0.35621932E+03
     133   -0.36075111E+03
     134   -0.36532569E+03
     135   -0.36987025E+03
     136   -0.37448315E+03
     137   -0.37908116E+03
     138   -0.38366245E+03
     139   -0.38825132E+03
     140   -0.39286321E+03
     141   -0.39748231E+03
     142   -0.40217862E+03
     143   -0.40686325E+03
     144   -0.41154431E+03
     145   -0.41627502E+03
     146   -0.42099711E+03
     147   -0.42577141E+03
     148   -0.43056593E+03
     149   -0.43534405E+03
     150   -0.44016754E+03
     151   -0.44498237E+03
     152   -0.44981497E+03
     153   -0.45460119E+03
     154   -0.45948677E+03
     155   -0.46434971E+03
     156   -0.46930444E+03
     157   -0.47423709E+03
     158   -0.47916947E+03
     159   -0.48407200E+03
     160   -0.48898184E+03
     161   -0.49395233E+03
     162   -0.49889742E+03
     163   -0.50386762E+03
     164   -0.50881412E+03
     165   -0.51375760E+03
     166   -0.51869654E+03
     167   -0.52365497E+03
     168   -0.52872544E+03
     169   -0.53371289E+03
     170   -0.53869965E+03
     171   -0.54367597E+03
     172   -0.54860576E+03
     173   -0.55359101E+03
     174   -0.55855509E+03
     175   -0.56352846E+03
     176   -0.56851294E+03
     177   -0.57350578E+03
     178   -0.57852856E+03
     179   -0.58347928E+03
     180   -0.58844842E+03
     181   -0.59330030E+03
     182   -0.59829149E+03
     183   -0.60326271E+03
     184   -0.60823411E+03
     185   -0.61322735E+03
     186   -0.61821882E+03
     187   -0.62321888E+03
     188   -0.62823241E+03
     189   -0.63310952E+03
     190   -0.63807226E+03
     191   -0.64300155E+03
     192   -0.64791326E+03
     193   -0.65284367E+03
     194   -0.65788834E+03
     195   -0.66289806E+03
     196   -0.66788652E+03
     197   -0.67289535E+03
     198   -0.67783308E+03
     199   -0.68277904E+03
     200   -0.68771222E+03
     201   -0.69263900E+03
     202   -0.69768751E+03
     203   -0.70265669E+03
     204   -0.70773285E+03
     205   -0.71272283E+03
     206   -0.71783895E+03
     207   -0.72288381E+03
     208   -0.72793610E+03
     209   -0.73302603E+03
     210   -0.73805687E+03
     211   -0.74309087E+03
     212   -0.74817278E+03
     213   -0.75334464E+03
     214   -0.75849341E+03
     215   -0.76361636E+03
     216   -0.76874393E+03
     217   -0.77387273E+03
     218   -0.77902752E+03
     219   -0.78425867E+03
     220   -0.78947801E+03
     221   -0.79464322E+03
     222   -0.79985877E+03
     223   -0.80508652E+03
     224   -0.81037402E+03
     225   -0.81563226E+03
     226   -0.82100516E+03
     227   -0.82635822E+03
     228   -0.83166690E+03
     229   -0.83693670E+03
     230   -0.84231727E+03
     231   -0.84771683E+03
     232   -0.85306149E+03
     233   -0.85842385E+03
     234   -0.86383816E+03
     235   -0.86930993E+03
     236   -0.87478852E+03
     237   -0.88023982E+03
     238   -0.88576312E+03
     239   -0.89122408E+03
     240   -0.89676091E+03
     241   -0.90234048E+03
     242   -0.90795572E+03
     243   -0.91349259E+03
     244   -0.91906726E+03
     245   -0.92461318E+03
     246   -0.93018402E+03
     247   -0.93570706E+03
     248   -0.94126031E+03
     249   -0.94688566E+03
     250   -0.95254478E+03
     251   -0.95816994E+03
     252   -0.96385033E+03
     253   -0.96951998E+03
     254   -0.97511296E+03
     255   -0.98086523E+03
     256   -0.98656298E+03
     257   -0.99232016E+03
     258   -0.99805904E+03
     259   -0.10038506E+04
     260   -0.10096057E+04
     261   -0.10153515E+04
     262   -0.10211647E+04
     263   -0.10269031E+04
     264   -0.10327057E+04
     265   -0.10385707E+04
     266   -0.10444279E+04
     267   -0.10504398E+04
     268   -0.10563527E+04
     269   -0.10623378E+04
     270   -0.10683956E+04
     271   -0.10743955E+04
     272   -0.10804300E+04
     273   -0.10865037E+04
     274   -0.10925797E+04
     275   -0.10987249E+04
     276   -0.11047326E+04
     277   -0.11108296E+04
     278   -0.11169818E+04
     279   -0.11232264E+04
     280   -0.11294142E+04
     281   -0.11357677E+04
     282   -0.11421507E+04
     283   -0.11486196E+04
     284   -0.11551289E+04
     285   -0.11615625E+04
     286   -0.11681253E+04
     287   -0.11747163E+04
     288   -0.11813494E+04
     289   -0.11880653E+04
     290   -0.11948558E+04
     291   -0.12016043E+04
     292   -0.12084990E+04
     293   -0.12154458E+04
     294   -0.12223884E+04
     295   -0.12293881E+04
     296   -0.12364927E+04
     297   -0.12436663E+04
     298   -0.12509228E+04
     299   -0.12582966E+04
     300   -0.12655834E+04
     301   -0.12729659E+04
     302   -0.12804023E+04
     303   -0.12878837E+04
     304   -0.12954798E+04
     305   -0.13031801E+04
     306   -0.13109657E+04
     307   -0.13187094E+04
     308   -0.13265034E+04
     309   -0.13344216E+04
     310   -0.13422736E+04
     311   -0.13502527E+04
     312   -0.13583175E+04
     313   -0.13663705E+04
     314   -0.13745253E+04
     315   -0.13827700E+04
     316   -0.13910379E+04
     317   -0.13993498E+04
     318   -0.14075991E+04
     319   -0.14159336E+04
     320   -0.14243658E+04
     321   -0.14327878E+04
     322   -0.14412689E+04
     323   -0.14497925E+04
     324   -0.14582714E+04
     325   -0.14670080E+04
     326   -0.14756215E+04
     327   -0.14843370E+04
     328   -0.14931014E+04
     329   -0.15019628E+04
     330   -0.15109020E+04
     331   -0.15198611E+04
     332   -0.15287931E+04
     333   -0.15376940E+04
     334   -0.15465074E+04
     335   -0.15555265E+04
     336   -0.15646385E+04
     337   -0.15737801E+04
     338   -0.15828302E+04
     339   -0.15920723E+04
     340   -0.16012537E+04
     341   -0.16103514E+04
     342   -0.16197028E+04
     343   -0.16291057E+04
     344   -0.16384257E+04
     345   -0.16477628E+04
     346   -0.16571366E+04
     347   -0.16665050E+04
     348   -0.16760020E+04
     349   -0.16855290E+04
     350   -0.16950034E+04
     351   -0.17045610E+04
     352   -0.17141195E+04
     353   -0.17236976E+04
     354   -0.17332783E+04
     355   -0.17429216E+04
     356   -0.17526658E+04
     357   -0.17623188E+04
     358   -0.17721040E+04
     359   -0.17818865E+04
     360   -0.17916984E+04
     361   -0.18014491E+04
     362   -0.18114020E+04
     363   -0.18212638E+04
     364   -0.18314617E+04
     365   -0.18412021E+04
     366   -0.18511027E+04
     367   -0.18610366E+04
     368   -0.18711094E+04
     369   -0.18810740E+04
     370   -0.18911176E+04
     371   -0.19012999E+04
     372   -0.19113516E+04
     373   -0.19212011E+04
     374   -0.19313678E+04
     375   -0.19416178E+04
     376   -0.19518842E+04
     377   -0.19619900E+04
     378   -0.19722350E+04
     379   -0.19824970E+04
     380   -0.19930042E+04
     381   -0.20032010E+04
     382   -0.20133470E+04
     383   -0.20236707E+04
     384   -0.20341187E+04
     385   -0.20443478E+04
     386   -0.20545392E+04
     387   -0.20648903E+04
     388   -0.20754028E+04
     389   -0.20859032E+04
     390   -0.20963785E+04
     391   -0.21069535E+04
     392   -0.21171808E+04
     393   -0.21277396E+04
     394   -0.21381180E+04
     395   -0.21487755E+04
     396   -0.21589936E+04
     397   -0.21695383E+04
     398   -0.21800650E+04
     399   -0.21909249E+04
     400   -0.22017039E+04
     401   -0.22123362E+04
     402   -0.22229852E+04
     403   -0.22332337E+04
     404   -0.22433878E+04
     405   -0.22543135E+04
     406   -0.22644426E+04
     407   -0.22751018E+04
     408   -0.22859360E+04
     409   -0.22965414E+04
     410   -0.23070563E+04
     411   -0.23175801E+04
     412   -0.23285386E+04
     413   -0.23389198E+04
     414   -0.23493667E+04
     415   -0.23598858E+04
     416   -0.23702702E+04
     417   -0.23811797E+04
     418   -0.23924606E+04
     419   -0.24030265E+04
     420   -0.24132312E+04
     421   -0.24239174E+04
     422   -0.24345048E+04
     423   -0.24455822E+04
     424   -0.24562746E+04
     425   -0.24665728E+04
     426   -0.24774057E+04
     427   -0.24886934E+04
     428   -0.24991546E+04
     429   -0.25096522E+04
     430   -0.25202588E+04
     431   -0.25304955E+04
     432   -0.25403186E+04
     433   -0.25517959E+04
     434   -0.25629806E+04
     435   -0.25744272E+04
     436   -0.25853714E+04
     437   -0.25953531E+04
     438   -0.26061556E+04
     439   -0.26170403E+04
     440   -0.26276761E+04
     441   -0.26388288E+04
     442   -0.26498035E+04
     443   -0.26600941E+04
     444   -0.26693397E+04
     445   -0.26806688E+04
     446   -0.26911613E+04
     447   -0.27024233E+04
     448   -0.27133653E+04
     449   -0.27233412E+04
     450   -0.27325903E+04
     451   -0.27440335E+04
     452   -0.27545103E+04
     453   -0.27646415E+04
     454   -0.27756922E+04
     455   -0.27851941E+04
     456   -0.27971639E+04
     457   -0.28076423E+04
     458   -0.28180643E+04
     459   -0.28290027E+04
     460   -0.28391156E+04
     461   -0.28509761E+04
     462   -0.28600550E+04
     463   -0.28709079E+04
     464   -0.28786024E+04
     465   -0.28905929E+04
