    0.0000000000E+00    -0.6780509625E+02
    0.1000000000E+01    -0.6463436578E+02
    0.2000000000E+01    -0.6214129270E+02
    0.3000000000E+01    -0.6003762828E+02
    0.4000000000E+01    -0.5820557577E+02
    0.5000000000E+01    -0.5657994260E+02
    0.6000000000E+01    -0.5512035325E+02
    0.7000000000E+01    -0.5379888218E+02
    0.8000000000E+01    -0.5259568153E+02
    0.9000000000E+01    -0.5149491683E+02
    0.1000000000E+02    -0.5048323143E+02
    0.1100000000E+02    -0.4955096938E+02
    0.1200000000E+02    -0.4868951797E+02
    0.1300000000E+02    -0.4789250189E+02
    0.1400000000E+02    -0.4715435451E+02
    0.1500000000E+02    -0.4646887368E+02
    0.1600000000E+02    -0.4583266269E+02
    0.1700000000E+02    -0.4524136790E+02
    0.1800000000E+02    -0.4469155107E+02
    0.1900000000E+02    -0.4418006418E+02
    0.2000000000E+02    -0.4370436316E+02
    0.2100000000E+02    -0.4326222367E+02
    0.2200000000E+02    -0.4285145526E+02
    0.2300000000E+02    -0.4246993279E+02
    0.2400000000E+02    -0.4211528907E+02
    0.2500000000E+02    -0.4178668099E+02
    0.2600000000E+02    -0.4148143726E+02
    0.2700000000E+02    -0.4119887046E+02
    0.2800000000E+02    -0.4093718745E+02
    0.2900000000E+02    -0.4069556044E+02
    0.3000000000E+02    -0.4047205707E+02
    0.3100000000E+02    -0.4026709042E+02
    0.3200000000E+02    -0.4007932889E+02
    0.3300000000E+02    -0.3990716721E+02
    0.3400000000E+02    -0.3974979701E+02
    0.3500000000E+02    -0.3960628925E+02
    0.3600000000E+02    -0.3947588251E+02
    0.3700000000E+02    -0.3935829192E+02
    0.3800000000E+02    -0.3925232019E+02
    0.3900000000E+02    -0.3915750602E+02
    0.4000000000E+02    -0.3907359002E+02
    0.4100000000E+02    -0.3899992515E+02
    0.4200000000E+02    -0.3893547499E+02
    0.4300000000E+02    -0.3887999691E+02
    0.4400000000E+02    -0.3883321816E+02
    0.4500000000E+02    -0.3879417431E+02
    0.4600000000E+02    -0.3876274481E+02
    0.4700000000E+02    -0.3873834039E+02
    0.4800000000E+02    -0.3872036952E+02
    0.4900000000E+02    -0.3870864294E+02
    0.5000000000E+02    -0.3870350686E+02
    0.5100000000E+02    -0.3870389983E+02
    0.5200000000E+02    -0.3870920763E+02
    0.5300000000E+02    -0.3871998980E+02
    0.5400000000E+02    -0.3873518287E+02
    0.5500000000E+02    -0.3875465728E+02
    0.5600000000E+02    -0.3877827648E+02
    0.5700000000E+02    -0.3880567637E+02
    0.5800000000E+02    -0.3883597367E+02
    0.5900000000E+02    -0.3886983334E+02
    0.6000000000E+02    -0.3890723794E+02
    0.6100000000E+02    -0.3894687136E+02
    0.6200000000E+02    -0.3898960342E+02
    0.6300000000E+02    -0.3903486867E+02
    0.6400000000E+02    -0.3908201409E+02
    0.6500000000E+02    -0.3913151844E+02
    0.6600000000E+02    -0.3918211819E+02
    0.6700000000E+02    -0.3923401714E+02
    0.6800000000E+02    -0.3928734152E+02
    0.6900000000E+02    -0.3934277025E+02
    0.7000000000E+02    -0.3939907007E+02
    0.7100000000E+02    -0.3945633869E+02
    0.7200000000E+02    -0.3951406045E+02
    0.7300000000E+02    -0.3957272205E+02
    0.7400000000E+02    -0.3963225824E+02
    0.7500000000E+02    -0.3969224705E+02
    0.7600000000E+02    -0.3975211478E+02
    0.7700000000E+02    -0.3981218747E+02
    0.7800000000E+02    -0.3987229273E+02
    0.7900000000E+02    -0.3993267795E+02
    0.8000000000E+02    -0.3999321579E+02
    0.8100000000E+02    -0.4005305354E+02
    0.8200000000E+02    -0.4011174833E+02
    0.8300000000E+02    -0.4016924223E+02
    0.8400000000E+02    -0.4022741122E+02
    0.8500000000E+02    -0.4028462724E+02
    0.8600000000E+02    -0.4034146732E+02
    0.8700000000E+02    -0.4039693245E+02
    0.8800000000E+02    -0.4045206653E+02
    0.8900000000E+02    -0.4050590140E+02
    0.9000000000E+02    -0.4055840192E+02
    0.9100000000E+02    -0.4061039620E+02
    0.9200000000E+02    -0.4066107573E+02
    0.9300000000E+02    -0.4071101516E+02
    0.9400000000E+02    -0.4076015926E+02
    0.9500000000E+02    -0.4080763614E+02
    0.9600000000E+02    -0.4085288374E+02
    0.9700000000E+02    -0.4089686816E+02
    0.9800000000E+02    -0.4093973754E+02
    0.9900000000E+02    -0.4098103130E+02
    0.1000000000E+03    -0.4101971963E+02
    0.1010000000E+03    -0.4105802402E+02
    0.1020000000E+03    -0.4109358401E+02
    0.1030000000E+03    -0.4112800891E+02
    0.1040000000E+03    -0.4116095238E+02
    0.1050000000E+03    -0.4119231478E+02
    0.1060000000E+03    -0.4122080259E+02
    0.1070000000E+03    -0.4124778999E+02
    0.1080000000E+03    -0.4127204332E+02
    0.1090000000E+03    -0.4129477173E+02
    0.1100000000E+03    -0.4131496666E+02
    0.1110000000E+03    -0.4133313205E+02
    0.1120000000E+03    -0.4134932743E+02
    0.1130000000E+03    -0.4136365946E+02
    0.1140000000E+03    -0.4137567397E+02
    0.1150000000E+03    -0.4138523862E+02
    0.1160000000E+03    -0.4139234213E+02
    0.1170000000E+03    -0.4139708696E+02
    0.1180000000E+03    -0.4139966379E+02
    0.1190000000E+03    -0.4140047063E+02
    0.1200000000E+03    -0.4139914619E+02
    0.1210000000E+03    -0.4139535330E+02
    0.1220000000E+03    -0.4138884853E+02
    0.1230000000E+03    -0.4137926525E+02
    0.1240000000E+03    -0.4136870793E+02
    0.1250000000E+03    -0.4135542029E+02
    0.1260000000E+03    -0.4134042176E+02
    0.1270000000E+03    -0.4132194503E+02
    0.1280000000E+03    -0.4130136501E+02
    0.1290000000E+03    -0.4127891531E+02
    0.1300000000E+03    -0.4125368345E+02
    0.1310000000E+03    -0.4122562483E+02
    0.1320000000E+03    -0.4119543231E+02
    0.1330000000E+03    -0.4116220634E+02
    0.1340000000E+03    -0.4112614275E+02
    0.1350000000E+03    -0.4108782231E+02
    0.1360000000E+03    -0.4104713387E+02
    0.1370000000E+03    -0.4100272626E+02
    0.1380000000E+03    -0.4095697851E+02
    0.1390000000E+03    -0.4090833270E+02
    0.1400000000E+03    -0.4085718099E+02
    0.1410000000E+03    -0.4080330839E+02
    0.1420000000E+03    -0.4074634460E+02
    0.1430000000E+03    -0.4068741527E+02
    0.1440000000E+03    -0.4062599414E+02
    0.1450000000E+03    -0.4056158109E+02
    0.1460000000E+03    -0.4049391707E+02
    0.1470000000E+03    -0.4042559949E+02
    0.1480000000E+03    -0.4035260669E+02
    0.1490000000E+03    -0.4027748144E+02
    0.1500000000E+03    -0.4020028149E+02
    0.1510000000E+03    -0.4011961123E+02
    0.1520000000E+03    -0.4003655590E+02
    0.1530000000E+03    -0.3995126622E+02
    0.1540000000E+03    -0.3986303839E+02
    0.1550000000E+03    -0.3977213866E+02
    0.1560000000E+03    -0.3967851579E+02
    0.1570000000E+03    -0.3958185002E+02
    0.1580000000E+03    -0.3948276398E+02
    0.1590000000E+03    -0.3938051296E+02
    0.1600000000E+03    -0.3927544755E+02
    0.1610000000E+03    -0.3916836987E+02
    0.1620000000E+03    -0.3905835787E+02
    0.1630000000E+03    -0.3894627631E+02
    0.1640000000E+03    -0.3883117500E+02
    0.1650000000E+03    -0.3871294783E+02
    0.1660000000E+03    -0.3859278021E+02
    0.1670000000E+03    -0.3847035556E+02
    0.1680000000E+03    -0.3834441729E+02
    0.1690000000E+03    -0.3821540994E+02
    0.1700000000E+03    -0.3808194629E+02
    0.1710000000E+03    -0.3794769818E+02
    0.1720000000E+03    -0.3780980066E+02
    0.1730000000E+03    -0.3766979683E+02
    0.1740000000E+03    -0.3752708052E+02
    0.1750000000E+03    -0.3738111645E+02
    0.1760000000E+03    -0.3723378574E+02
    0.1770000000E+03    -0.3708399462E+02
    0.1780000000E+03    -0.3693125275E+02
    0.1790000000E+03    -0.3677536332E+02
    0.1800000000E+03    -0.3661754335E+02
    0.1810000000E+03    -0.3645584335E+02
    0.1820000000E+03    -0.3629193323E+02
    0.1830000000E+03    -0.3612493788E+02
    0.1840000000E+03    -0.3595715717E+02
    0.1850000000E+03    -0.3578620412E+02
    0.1860000000E+03    -0.3561198139E+02
    0.1870000000E+03    -0.3543562608E+02
    0.1880000000E+03    -0.3525600750E+02
    0.1890000000E+03    -0.3507394737E+02
    0.1900000000E+03    -0.3488941835E+02
    0.1910000000E+03    -0.3470340561E+02
    0.1920000000E+03    -0.3451302626E+02
    0.1930000000E+03    -0.3432128079E+02
    0.1940000000E+03    -0.3412676843E+02
    0.1950000000E+03    -0.3393027653E+02
    0.1960000000E+03    -0.3373037569E+02
    0.1970000000E+03    -0.3352802459E+02
    0.1980000000E+03    -0.3332284650E+02
    0.1990000000E+03    -0.3311539360E+02
    0.2000000000E+03    -0.3290510492E+02
    0.2010000000E+03    -0.3269329103E+02
    0.2020000000E+03    -0.3247846287E+02
    0.2030000000E+03    -0.3226282018E+02
    0.2040000000E+03    -0.3204329394E+02
    0.2050000000E+03    -0.3182270094E+02
    0.2060000000E+03    -0.3159898371E+02
    0.2070000000E+03    -0.3137395403E+02
    0.2080000000E+03    -0.3114665841E+02
    0.2090000000E+03    -0.3091675508E+02
    0.2100000000E+03    -0.3068371410E+02
    0.2110000000E+03    -0.3044934278E+02
    0.2120000000E+03    -0.3021006532E+02
    0.2130000000E+03    -0.2996916765E+02
    0.2140000000E+03    -0.2972827468E+02
    0.2150000000E+03    -0.2948531224E+02
    0.2160000000E+03    -0.2923902180E+02
    0.2170000000E+03    -0.2899241527E+02
    0.2180000000E+03    -0.2874236084E+02
    0.2190000000E+03    -0.2848969228E+02
    0.2200000000E+03    -0.2823418775E+02
    0.2210000000E+03    -0.2797963759E+02
    0.2220000000E+03    -0.2772225388E+02
    0.2230000000E+03    -0.2746182158E+02
    0.2240000000E+03    -0.2720072934E+02
    0.2250000000E+03    -0.2693780513E+02
    0.2260000000E+03    -0.2667204341E+02
    0.2270000000E+03    -0.2640472240E+02
    0.2280000000E+03    -0.2613488011E+02
    0.2290000000E+03    -0.2586420267E+02
    0.2300000000E+03    -0.2559060287E+02
    0.2310000000E+03    -0.2531452612E+02
    0.2320000000E+03    -0.2503903090E+02
    0.2330000000E+03    -0.2476192899E+02
    0.2340000000E+03    -0.2448397584E+02
    0.2350000000E+03    -0.2420279807E+02
    0.2360000000E+03    -0.2392097392E+02
    0.2370000000E+03    -0.2363641093E+02
    0.2380000000E+03    -0.2335029048E+02
    0.2390000000E+03    -0.2306272631E+02
    0.2400000000E+03    -0.2277513371E+02
    0.2410000000E+03    -0.2248521787E+02
    0.2420000000E+03    -0.2219487552E+02
    0.2430000000E+03    -0.2190445354E+02
    0.2440000000E+03    -0.2161265951E+02
    0.2450000000E+03    -0.2132034679E+02
    0.2460000000E+03    -0.2102820472E+02
    0.2470000000E+03    -0.2073426604E+02
    0.2480000000E+03    -0.2044063164E+02
    0.2490000000E+03    -0.2014619524E+02
    0.2500000000E+03    -0.1984961834E+02
    0.2510000000E+03    -0.1955173955E+02
    0.2520000000E+03    -0.1925340084E+02
    0.2530000000E+03    -0.1895417413E+02
    0.2540000000E+03    -0.1865582304E+02
    0.2550000000E+03    -0.1835827058E+02
    0.2560000000E+03    -0.1806030478E+02
    0.2570000000E+03    -0.1776239343E+02
    0.2580000000E+03    -0.1746283765E+02
    0.2590000000E+03    -0.1716286372E+02
    0.2600000000E+03    -0.1686570186E+02
    0.2610000000E+03    -0.1656708232E+02
    0.2620000000E+03    -0.1626709675E+02
    0.2630000000E+03    -0.1596988928E+02
    0.2640000000E+03    -0.1567266370E+02
    0.2650000000E+03    -0.1537407040E+02
    0.2660000000E+03    -0.1507767558E+02
    0.2670000000E+03    -0.1478051061E+02
    0.2680000000E+03    -0.1448638744E+02
    0.2690000000E+03    -0.1419247801E+02
    0.2700000000E+03    -0.1389818497E+02
    0.2710000000E+03    -0.1360519042E+02
    0.2720000000E+03    -0.1331536686E+02
    0.2730000000E+03    -0.1302474089E+02
    0.2740000000E+03    -0.1273985165E+02
    0.2750000000E+03    -0.1245460753E+02
    0.2760000000E+03    -0.1217186935E+02
    0.2770000000E+03    -0.1189016687E+02
    0.2780000000E+03    -0.1161067253E+02
    0.2790000000E+03    -0.1133044645E+02
    0.2800000000E+03    -0.1105117659E+02
    0.2810000000E+03    -0.1077707186E+02
    0.2820000000E+03    -0.1050437807E+02
    0.2830000000E+03    -0.1023365276E+02
    0.2840000000E+03    -0.9968765283E+01
    0.2850000000E+03    -0.9704435202E+01
    0.2860000000E+03    -0.9444020522E+01
    0.2870000000E+03    -0.9185866123E+01
    0.2880000000E+03    -0.8933452589E+01
    0.2890000000E+03    -0.8682824200E+01
    0.2900000000E+03    -0.8435048430E+01
    0.2910000000E+03    -0.8191293132E+01
    0.2920000000E+03    -0.7950633446E+01
    0.2930000000E+03    -0.7712386514E+01
    0.2940000000E+03    -0.7480929092E+01
    0.2950000000E+03    -0.7251801629E+01
    0.2960000000E+03    -0.7028073623E+01
    0.2970000000E+03    -0.6809817020E+01
    0.2980000000E+03    -0.6596825825E+01
    0.2990000000E+03    -0.6387009062E+01
    0.3000000000E+03    -0.6184503865E+01
    0.3010000000E+03    -0.5986443478E+01
    0.3020000000E+03    -0.5793152160E+01
    0.3030000000E+03    -0.5602451661E+01
    0.3040000000E+03    -0.5419342049E+01
    0.3050000000E+03    -0.5244310983E+01
    0.3060000000E+03    -0.5075567830E+01
    0.3070000000E+03    -0.4907009707E+01
    0.3080000000E+03    -0.4745673957E+01
    0.3090000000E+03    -0.4592784292E+01
    0.3100000000E+03    -0.4451117401E+01
    0.3110000000E+03    -0.4313991031E+01
    0.3120000000E+03    -0.4182109694E+01
    0.3130000000E+03    -0.4056615588E+01
    0.3140000000E+03    -0.3942195189E+01
    0.3150000000E+03    -0.3835561757E+01
    0.3160000000E+03    -0.3737534094E+01
    0.3170000000E+03    -0.3648202566E+01
    0.3180000000E+03    -0.3568346784E+01
    0.3190000000E+03    -0.3490863799E+01
    0.3200000000E+03    -0.3423721177E+01
    0.3210000000E+03    -0.3368713463E+01
    0.3220000000E+03    -0.3319914168E+01
    0.3230000000E+03    -0.3280753318E+01
    0.3240000000E+03    -0.3247182725E+01
    0.3250000000E+03    -0.3226689473E+01
    0.3260000000E+03    -0.3217399237E+01
    0.3270000000E+03    -0.3215125174E+01
    0.3280000000E+03    -0.3222478476E+01
    0.3290000000E+03    -0.3244400807E+01
    0.3300000000E+03    -0.3276932967E+01
    0.3310000000E+03    -0.3321449404E+01
    0.3320000000E+03    -0.3376676370E+01
    0.3330000000E+03    -0.3440628062E+01
    0.3340000000E+03    -0.3519503265E+01
    0.3350000000E+03    -0.3610177855E+01
    0.3360000000E+03    -0.3713361966E+01
    0.3370000000E+03    -0.3823288601E+01
    0.3380000000E+03    -0.3952180860E+01
    0.3390000000E+03    -0.4094565657E+01
    0.3400000000E+03    -0.4250555352E+01
    0.3410000000E+03    -0.4415684357E+01
    0.3420000000E+03    -0.4595055162E+01
    0.3430000000E+03    -0.4789498484E+01
    0.3440000000E+03    -0.4998493366E+01
    0.3450000000E+03    -0.5216725119E+01
    0.3460000000E+03    -0.5452391362E+01
    0.3470000000E+03    -0.5707453207E+01
    0.3480000000E+03    -0.5972008047E+01
    0.3490000000E+03    -0.6259311810E+01
    0.3500000000E+03    -0.6558208720E+01
    0.3510000000E+03    -0.6873852580E+01
    0.3520000000E+03    -0.7207962296E+01
    0.3530000000E+03    -0.7553951020E+01
    0.3540000000E+03    -0.7917854593E+01
    0.3550000000E+03    -0.8305278156E+01
    0.3560000000E+03    -0.8705317928E+01
    0.3570000000E+03    -0.9116483384E+01
    0.3580000000E+03    -0.9550640605E+01
    0.3590000000E+03    -0.1001029526E+02
    0.3600000000E+03    -0.1048476551E+02
    0.3610000000E+03    -0.1098205555E+02
    0.3620000000E+03    -0.1149650826E+02
    0.3630000000E+03    -0.1203962061E+02
    0.3640000000E+03    -0.1258967312E+02
    0.3650000000E+03    -0.1316607957E+02
    0.3660000000E+03    -0.1375860959E+02
    0.3670000000E+03    -0.1436933722E+02
    0.3680000000E+03    -0.1500747717E+02
    0.3690000000E+03    -0.1566370316E+02
    0.3700000000E+03    -0.1634410125E+02
    0.3710000000E+03    -0.1704802675E+02
    0.3720000000E+03    -0.1777498512E+02
    0.3730000000E+03    -0.1852287762E+02
    0.3740000000E+03    -0.1929589257E+02
    0.3750000000E+03    -0.2009135776E+02
    0.3760000000E+03    -0.2091899864E+02
    0.3770000000E+03    -0.2176408751E+02
    0.3780000000E+03    -0.2262962688E+02
    0.3790000000E+03    -0.2352511762E+02
    0.3800000000E+03    -0.2444510801E+02
    0.3810000000E+03    -0.2538670150E+02
    0.3820000000E+03    -0.2635074940E+02
    0.3830000000E+03    -0.2734486356E+02
    0.3840000000E+03    -0.2835694765E+02
    0.3850000000E+03    -0.2939669190E+02
    0.3860000000E+03    -0.3046284448E+02
    0.3870000000E+03    -0.3155459271E+02
    0.3880000000E+03    -0.3268866420E+02
    0.3890000000E+03    -0.3385001021E+02
    0.3900000000E+03    -0.3504159932E+02
    0.3910000000E+03    -0.3625287000E+02
    0.3920000000E+03    -0.3748933327E+02
    0.3930000000E+03    -0.3876042299E+02
    0.3940000000E+03    -0.4006941143E+02
    0.3950000000E+03    -0.4140788986E+02
    0.3960000000E+03    -0.4277439899E+02
    0.3970000000E+03    -0.4417092177E+02
    0.3980000000E+03    -0.4561069157E+02
    0.3990000000E+03    -0.4707347414E+02
    0.4000000000E+03    -0.4857990661E+02
