       0   -0.49183285E-09
       1   -0.60574049E-03
       2   -0.44329523E-01
       3   -0.13189873E+00
       4   -0.26325158E+00
       5   -0.43953804E+00
       6   -0.66127113E+00
       7   -0.92918207E+00
       8   -0.12430532E+01
       9   -0.16040356E+01
      10   -0.20145079E+01
      11   -0.24752517E+01
      12   -0.29860440E+01
      13   -0.35476370E+01
      14   -0.41611904E+01
      15   -0.48317121E+01
      16   -0.55573305E+01
      17   -0.63430431E+01
      18   -0.71884249E+01
      19   -0.80975457E+01
      20   -0.90685290E+01
      21   -0.10112213E+02
      22   -0.11224483E+02
      23   -0.12413641E+02
      24   -0.13685176E+02
      25   -0.15041444E+02
      26   -0.16485551E+02
      27   -0.18029568E+02
      28   -0.19685959E+02
      29   -0.21446256E+02
      30   -0.23327624E+02
      31   -0.25335358E+02
      32   -0.27467457E+02
      33   -0.29738035E+02
      34   -0.32167584E+02
      35   -0.34741990E+02
      36   -0.37473101E+02
      37   -0.40362132E+02
      38   -0.43379303E+02
      39   -0.46539483E+02
      40   -0.49838038E+02
      41   -0.53229105E+02
      42   -0.56741237E+02
      43   -0.60343290E+02
      44   -0.64009749E+02
      45   -0.67741210E+02
      46   -0.71509989E+02
      47   -0.75326762E+02
      48   -0.79185495E+02
      49   -0.83041153E+02
      50   -0.86911007E+02
      51   -0.90791064E+02
      52   -0.94656692E+02
      53   -0.98546461E+02
      54   -0.10243128E+03
      55   -0.10633211E+03
      56   -0.11023518E+03
      57   -0.11414354E+03
      58   -0.11804021E+03
      59   -0.12198732E+03
      60   -0.12589856E+03
      61   -0.12980708E+03
      62   -0.13373552E+03
      63   -0.13767076E+03
      64   -0.14162487E+03
      65   -0.14561097E+03
      66   -0.14960473E+03
      67   -0.15361559E+03
      68   -0.15764628E+03
      69   -0.16166755E+03
      70   -0.16571368E+03
      71   -0.16979626E+03
      72   -0.17390548E+03
      73   -0.17804475E+03
      74   -0.18219457E+03
      75   -0.18640204E+03
      76   -0.19064367E+03
      77   -0.19488232E+03
      78   -0.19916772E+03
      79   -0.20347877E+03
      80   -0.20778672E+03
      81   -0.21208571E+03
      82   -0.21643533E+03
      83   -0.22082965E+03
      84   -0.22524159E+03
      85   -0.22968502E+03
      86   -0.23414978E+03
      87   -0.23858920E+03
      88   -0.24301241E+03
      89   -0.24745882E+03
      90   -0.25190934E+03
      91   -0.25637925E+03
      92   -0.26088045E+03
      93   -0.26535870E+03
      94   -0.26984371E+03
      95   -0.27430467E+03
      96   -0.27879162E+03
      97   -0.28327341E+03
      98   -0.28772856E+03
      99   -0.29220770E+03
     100   -0.29668215E+03
     101   -0.30118200E+03
     102   -0.30565515E+03
     103   -0.31013939E+03
     104   -0.31464050E+03
     105   -0.31912762E+03
     106   -0.32363820E+03
     107   -0.32815053E+03
     108   -0.33267170E+03
     109   -0.33718582E+03
     110   -0.34169786E+03
     111   -0.34616373E+03
     112   -0.35069340E+03
     113   -0.35522914E+03
     114   -0.35973382E+03
     115   -0.36427001E+03
     116   -0.36884002E+03
     117   -0.37339512E+03
     118   -0.37796261E+03
     119   -0.38250978E+03
     120   -0.38710510E+03
     121   -0.39171267E+03
     122   -0.39632466E+03
     123   -0.40093080E+03
     124   -0.40560773E+03
     125   -0.41027043E+03
     126   -0.41498804E+03
     127   -0.41974220E+03
     128   -0.42449929E+03
     129   -0.42928838E+03
     130   -0.43411354E+03
     131   -0.43896577E+03
     132   -0.44383123E+03
     133   -0.44874106E+03
     134   -0.45368280E+03
     135   -0.45870002E+03
     136   -0.46371129E+03
     137   -0.46879617E+03
     138   -0.47388409E+03
     139   -0.47906724E+03
     140   -0.48426154E+03
     141   -0.48952556E+03
     142   -0.49480818E+03
     143   -0.50016994E+03
     144   -0.50559148E+03
     145   -0.51105251E+03
     146   -0.51652305E+03
     147   -0.52207304E+03
     148   -0.52764310E+03
     149   -0.53323761E+03
     150   -0.53891284E+03
     151   -0.54454219E+03
     152   -0.55022305E+03
     153   -0.55599733E+03
     154   -0.56167799E+03
     155   -0.56740285E+03
     156   -0.57317336E+03
     157   -0.57900804E+03
     158   -0.58479409E+03
     159   -0.59059941E+03
     160   -0.59643230E+03
     161   -0.60225060E+03
     162   -0.60801714E+03
     163   -0.61390667E+03
     164   -0.61975374E+03
     165   -0.62552398E+03
     166   -0.63137486E+03
     167   -0.63724867E+03
     168   -0.64304845E+03
     169   -0.64892354E+03
     170   -0.65473605E+03
     171   -0.66054789E+03
     172   -0.66635538E+03
     173   -0.67211483E+03
     174   -0.67796205E+03
     175   -0.68370597E+03
     176   -0.68951170E+03
     177   -0.69523700E+03
     178   -0.70102005E+03
     179   -0.70677720E+03
     180   -0.71261380E+03
     181   -0.71834118E+03
     182   -0.72411992E+03
     183   -0.72989199E+03
     184   -0.73569514E+03
     185   -0.74145837E+03
     186   -0.74720608E+03
     187   -0.75292837E+03
     188   -0.75871069E+03
     189   -0.76445808E+03
     190   -0.77017495E+03
     191   -0.77598855E+03
     192   -0.78169296E+03
     193   -0.78743771E+03
     194   -0.79318378E+03
     195   -0.79896918E+03
     196   -0.80469631E+03
     197   -0.81037808E+03
     198   -0.81607550E+03
     199   -0.82169776E+03
     200   -0.82733258E+03
     201   -0.83305853E+03
     202   -0.83875923E+03
     203   -0.84436158E+03
     204   -0.84999078E+03
     205   -0.85563896E+03
     206   -0.86127080E+03
     207   -0.86683542E+03
     208   -0.87242011E+03
     209   -0.87796024E+03
     210   -0.88360609E+03
     211   -0.88913658E+03
     212   -0.89469715E+03
     213   -0.90021647E+03
     214   -0.90557044E+03
     215   -0.91100640E+03
     216   -0.91652129E+03
     217   -0.92203117E+03
     218   -0.92745831E+03
     219   -0.93288757E+03
     220   -0.93830804E+03
     221   -0.94371458E+03
     222   -0.94903865E+03
     223   -0.95431680E+03
     224   -0.95950859E+03
     225   -0.96469582E+03
     226   -0.96983229E+03
     227   -0.97490727E+03
     228   -0.97989811E+03
     229   -0.98489362E+03
     230   -0.98989432E+03
     231   -0.99473709E+03
     232   -0.99951228E+03
     233   -0.10041869E+04
     234   -0.10088215E+04
     235   -0.10135435E+04
     236   -0.10181370E+04
     237   -0.10227613E+04
     238   -0.10273394E+04
     239   -0.10318719E+04
     240   -0.10365405E+04
     241   -0.10411886E+04
     242   -0.10458539E+04
     243   -0.10506306E+04
     244   -0.10554325E+04
     245   -0.10603440E+04
     246   -0.10653585E+04
     247   -0.10704965E+04
     248   -0.10756028E+04
     249   -0.10808306E+04
     250   -0.10862332E+04
     251   -0.10916026E+04
     252   -0.10969879E+04
     253   -0.11025928E+04
     254   -0.11082664E+04
     255   -0.11138783E+04
     256   -0.11197449E+04
     257   -0.11255949E+04
     258   -0.11314521E+04
     259   -0.11372349E+04
     260   -0.11430680E+04
     261   -0.11489258E+04
     262   -0.11548915E+04
     263   -0.11609289E+04
     264   -0.11669487E+04
     265   -0.11730805E+04
     266   -0.11792576E+04
     267   -0.11854226E+04
     268   -0.11915796E+04
     269   -0.11977689E+04
     270   -0.12039741E+04
     271   -0.12101682E+04
     272   -0.12164384E+04
     273   -0.12227312E+04
     274   -0.12290480E+04
     275   -0.12352794E+04
     276   -0.12414476E+04
     277   -0.12476861E+04
     278   -0.12537051E+04
     279   -0.12598299E+04
     280   -0.12660083E+04
     281   -0.12721809E+04
     282   -0.12784047E+04
     283   -0.12846809E+04
     284   -0.12907615E+04
     285   -0.12968902E+04
     286   -0.13030433E+04
     287   -0.13092455E+04
     288   -0.13152948E+04
     289   -0.13215044E+04
     290   -0.13275647E+04
     291   -0.13336829E+04
     292   -0.13398118E+04
     293   -0.13459015E+04
     294   -0.13519563E+04
     295   -0.13580233E+04
     296   -0.13640850E+04
     297   -0.13700850E+04
     298   -0.13761834E+04
     299   -0.13822317E+04
     300   -0.13883323E+04
     301   -0.13943051E+04
     302   -0.14004274E+04
     303   -0.14065010E+04
     304   -0.14124960E+04
     305   -0.14186322E+04
     306   -0.14247249E+04
     307   -0.14308943E+04
     308   -0.14370005E+04
     309   -0.14429565E+04
     310   -0.14491364E+04
     311   -0.14551429E+04
     312   -0.14613584E+04
     313   -0.14676344E+04
     314   -0.14737635E+04
     315   -0.14799745E+04
     316   -0.14860997E+04
     317   -0.14919892E+04
     318   -0.14981449E+04
     319   -0.15042741E+04
     320   -0.15102580E+04
     321   -0.15161885E+04
     322   -0.15220509E+04
     323   -0.15279606E+04
     324   -0.15339891E+04
     325   -0.15400611E+04
     326   -0.15460571E+04
     327   -0.15521193E+04
     328   -0.15584332E+04
     329   -0.15648972E+04
     330   -0.15713360E+04
     331   -0.15780391E+04
     332   -0.15849150E+04
     333   -0.15919836E+04
     334   -0.15990135E+04
     335   -0.16064359E+04
     336   -0.16141259E+04
     337   -0.16219370E+04
     338   -0.16298078E+04
     339   -0.16378609E+04
     340   -0.16462322E+04
     341   -0.16546865E+04
     342   -0.16633246E+04
     343   -0.16720056E+04
     344   -0.16808634E+04
     345   -0.16899003E+04
     346   -0.16989318E+04
     347   -0.17081235E+04
     348   -0.17173591E+04
     349   -0.17265969E+04
     350   -0.17359593E+04
     351   -0.17453421E+04
     352   -0.17548081E+04
     353   -0.17643646E+04
     354   -0.17739887E+04
     355   -0.17836954E+04
     356   -0.17934553E+04
     357   -0.18032883E+04
     358   -0.18132344E+04
     359   -0.18230483E+04
     360   -0.18328346E+04
     361   -0.18428874E+04
     362   -0.18530667E+04
     363   -0.18629529E+04
     364   -0.18729344E+04
     365   -0.18828715E+04
     366   -0.18928560E+04
     367   -0.19031367E+04
     368   -0.19134681E+04
     369   -0.19236674E+04
     370   -0.19338127E+04
     371   -0.19440254E+04
     372   -0.19543463E+04
     373   -0.19648933E+04
     374   -0.19752798E+04
     375   -0.19854613E+04
     376   -0.19960720E+04
     377   -0.20067507E+04
     378   -0.20174280E+04
     379   -0.20277519E+04
     380   -0.20384826E+04
     381   -0.20491832E+04
     382   -0.20598620E+04
     383   -0.20705481E+04
     384   -0.20813576E+04
     385   -0.20920817E+04
     386   -0.21028195E+04
     387   -0.21137044E+04
     388   -0.21244399E+04
     389   -0.21352449E+04
     390   -0.21458076E+04
     391   -0.21564477E+04
     392   -0.21671608E+04
     393   -0.21781878E+04
     394   -0.21892149E+04
     395   -0.22000920E+04
     396   -0.22109628E+04
     397   -0.22218069E+04
     398   -0.22327841E+04
     399   -0.22433892E+04
     400   -0.22546420E+04
     401   -0.22657029E+04
     402   -0.22764544E+04
     403   -0.22876962E+04
     404   -0.22988468E+04
     405   -0.23097181E+04
     406   -0.23208980E+04
     407   -0.23320992E+04
     408   -0.23430010E+04
     409   -0.23540206E+04
     410   -0.23654888E+04
     411   -0.23766796E+04
     412   -0.23876068E+04
     413   -0.23991072E+04
     414   -0.24095928E+04
     415   -0.24212638E+04
     416   -0.24326650E+04
     417   -0.24435359E+04
     418   -0.24548059E+04
     419   -0.24661785E+04
     420   -0.24769025E+04
     421   -0.24884478E+04
     422   -0.24993828E+04
     423   -0.25104227E+04
     424   -0.25221949E+04
     425   -0.25335794E+04
     426   -0.25451969E+04
     427   -0.25559824E+04
     428   -0.25661447E+04
     429   -0.25779970E+04
     430   -0.25892290E+04
     431   -0.26001505E+04
     432   -0.26106419E+04
     433   -0.26226284E+04
     434   -0.26349095E+04
     435   -0.26457770E+04
     436   -0.26575650E+04
     437   -0.26678726E+04
     438   -0.26786560E+04
     439   -0.26903650E+04
     440   -0.27014897E+04
     441   -0.27135608E+04
     442   -0.27253166E+04
     443   -0.27358996E+04
     444   -0.27482872E+04
     445   -0.27585371E+04
     446   -0.27688149E+04
     447   -0.27807333E+04
     448   -0.27905063E+04
     449   -0.28016955E+04
     450   -0.28140899E+04
     451   -0.28241344E+04
     452   -0.28367643E+04
     453   -0.28466388E+04
     454   -0.28566740E+04
     455   -0.28670446E+04
     456   -0.28790855E+04
     457   -0.28893367E+04
     458   -0.28986879E+04
     459   -0.29113936E+04
     460   -0.29234311E+04
     461   -0.29348750E+04
     462   -0.29477672E+04
     463   -0.29565444E+04
     464   -0.29672613E+04
     465   -0.29784414E+04
     466   -0.29893576E+04
     467   -0.30008112E+04
     468   -0.30126161E+04
     469   -0.30218638E+04
     470   -0.30313094E+04
     471   -0.30434064E+04
     472   -0.30543831E+04
     473   -0.30659125E+04
     474   -0.30766512E+04
     475   -0.30905597E+04
