    0.0000000000E+00    -0.1003232833E+03
    0.1000000000E+01    -0.9862443823E+02
    0.2000000000E+01    -0.9759159164E+02
    0.3000000000E+01    -0.9693684442E+02
    0.4000000000E+01    -0.9654321822E+02
    0.5000000000E+01    -0.9634549701E+02
    0.6000000000E+01    -0.9630288319E+02
    0.7000000000E+01    -0.9638710563E+02
    0.8000000000E+01    -0.9657768851E+02
    0.9000000000E+01    -0.9685888259E+02
    0.1000000000E+02    -0.9721875831E+02
    0.1100000000E+02    -0.9764679192E+02
    0.1200000000E+02    -0.9813458569E+02
    0.1300000000E+02    -0.9867550639E+02
    0.1400000000E+02    -0.9926294002E+02
    0.1500000000E+02    -0.9989206534E+02
    0.1600000000E+02    -0.1005583172E+03
    0.1700000000E+02    -0.1012584871E+03
    0.1800000000E+02    -0.1019882867E+03
    0.1900000000E+02    -0.1027445042E+03
    0.2000000000E+02    -0.1035251060E+03
    0.2100000000E+02    -0.1043272292E+03
    0.2200000000E+02    -0.1051487115E+03
    0.2300000000E+02    -0.1059866939E+03
    0.2400000000E+02    -0.1068401675E+03
    0.2500000000E+02    -0.1077071362E+03
    0.2600000000E+02    -0.1085862811E+03
    0.2700000000E+02    -0.1094756536E+03
    0.2800000000E+02    -0.1103738309E+03
    0.2900000000E+02    -0.1112793956E+03
    0.3000000000E+02    -0.1121914841E+03
    0.3100000000E+02    -0.1131086780E+03
    0.3200000000E+02    -0.1140293107E+03
    0.3300000000E+02    -0.1149537400E+03
    0.3400000000E+02    -0.1158795434E+03
    0.3500000000E+02    -0.1168069758E+03
    0.3600000000E+02    -0.1177345305E+03
    0.3700000000E+02    -0.1186622789E+03
    0.3800000000E+02    -0.1195886437E+03
    0.3900000000E+02    -0.1205122959E+03
    0.4000000000E+02    -0.1214333008E+03
    0.4100000000E+02    -0.1223514354E+03
    0.4200000000E+02    -0.1232653018E+03
    0.4300000000E+02    -0.1241749810E+03
    0.4400000000E+02    -0.1250787933E+03
    0.4500000000E+02    -0.1259772743E+03
    0.4600000000E+02    -0.1268690025E+03
    0.4700000000E+02    -0.1277543887E+03
    0.4800000000E+02    -0.1286325246E+03
    0.4900000000E+02    -0.1295028291E+03
    0.5000000000E+02    -0.1303651738E+03
    0.5100000000E+02    -0.1312187981E+03
    0.5200000000E+02    -0.1320645482E+03
    0.5300000000E+02    -0.1329005600E+03
    0.5400000000E+02    -0.1337288253E+03
    0.5500000000E+02    -0.1345464544E+03
    0.5600000000E+02    -0.1353543449E+03
    0.5700000000E+02    -0.1361519018E+03
    0.5800000000E+02    -0.1369399219E+03
    0.5900000000E+02    -0.1377182509E+03
    0.6000000000E+02    -0.1384860131E+03
    0.6100000000E+02    -0.1392434591E+03
    0.6200000000E+02    -0.1399909451E+03
    0.6300000000E+02    -0.1407285352E+03
    0.6400000000E+02    -0.1414560953E+03
    0.6500000000E+02    -0.1421736549E+03
    0.6600000000E+02    -0.1428811617E+03
    0.6700000000E+02    -0.1435780406E+03
    0.6800000000E+02    -0.1442643802E+03
    0.6900000000E+02    -0.1449416635E+03
    0.7000000000E+02    -0.1456091295E+03
    0.7100000000E+02    -0.1462660646E+03
    0.7200000000E+02    -0.1469131056E+03
    0.7300000000E+02    -0.1475504246E+03
    0.7400000000E+02    -0.1481772966E+03
    0.7500000000E+02    -0.1487943148E+03
    0.7600000000E+02    -0.1494015305E+03
    0.7700000000E+02    -0.1499998516E+03
    0.7800000000E+02    -0.1505889118E+03
    0.7900000000E+02    -0.1511675794E+03
    0.8000000000E+02    -0.1517363694E+03
    0.8100000000E+02    -0.1522967809E+03
    0.8200000000E+02    -0.1528477617E+03
    0.8300000000E+02    -0.1533901760E+03
    0.8400000000E+02    -0.1539238585E+03
    0.8500000000E+02    -0.1544478662E+03
    0.8600000000E+02    -0.1549622908E+03
    0.8700000000E+02    -0.1554679808E+03
    0.8800000000E+02    -0.1559655708E+03
    0.8900000000E+02    -0.1564540305E+03
    0.9000000000E+02    -0.1569344019E+03
    0.9100000000E+02    -0.1574061064E+03
    0.9200000000E+02    -0.1578681085E+03
    0.9300000000E+02    -0.1583222301E+03
    0.9400000000E+02    -0.1587686808E+03
    0.9500000000E+02    -0.1592059569E+03
    0.9600000000E+02    -0.1596359744E+03
    0.9700000000E+02    -0.1600569379E+03
    0.9800000000E+02    -0.1604693617E+03
    0.9900000000E+02    -0.1608737100E+03
    0.1000000000E+03    -0.1612702655E+03
    0.1010000000E+03    -0.1616588465E+03
    0.1020000000E+03    -0.1620404714E+03
    0.1030000000E+03    -0.1624125962E+03
    0.1040000000E+03    -0.1627776816E+03
    0.1050000000E+03    -0.1631349573E+03
    0.1060000000E+03    -0.1634842918E+03
    0.1070000000E+03    -0.1638257000E+03
    0.1080000000E+03    -0.1641589798E+03
    0.1090000000E+03    -0.1644847591E+03
    0.1100000000E+03    -0.1648029725E+03
    0.1110000000E+03    -0.1651129325E+03
    0.1120000000E+03    -0.1654167212E+03
    0.1130000000E+03    -0.1657118649E+03
    0.1140000000E+03    -0.1659999251E+03
    0.1150000000E+03    -0.1662794673E+03
    0.1160000000E+03    -0.1665510706E+03
    0.1170000000E+03    -0.1668147162E+03
    0.1180000000E+03    -0.1670713581E+03
    0.1190000000E+03    -0.1673206585E+03
    0.1200000000E+03    -0.1675611160E+03
    0.1210000000E+03    -0.1677946481E+03
    0.1220000000E+03    -0.1680208549E+03
    0.1230000000E+03    -0.1682385695E+03
    0.1240000000E+03    -0.1684478789E+03
    0.1250000000E+03    -0.1686492626E+03
    0.1260000000E+03    -0.1688432685E+03
    0.1270000000E+03    -0.1690297887E+03
    0.1280000000E+03    -0.1692091585E+03
    0.1290000000E+03    -0.1693801427E+03
    0.1300000000E+03    -0.1695434359E+03
    0.1310000000E+03    -0.1696985641E+03
    0.1320000000E+03    -0.1698456699E+03
    0.1330000000E+03    -0.1699848803E+03
    0.1340000000E+03    -0.1701152687E+03
    0.1350000000E+03    -0.1702382513E+03
    0.1360000000E+03    -0.1703540057E+03
    0.1370000000E+03    -0.1704600220E+03
    0.1380000000E+03    -0.1705587800E+03
    0.1390000000E+03    -0.1706501212E+03
    0.1400000000E+03    -0.1707326799E+03
    0.1410000000E+03    -0.1708072389E+03
    0.1420000000E+03    -0.1708754262E+03
    0.1430000000E+03    -0.1709350584E+03
    0.1440000000E+03    -0.1709866565E+03
    0.1450000000E+03    -0.1710309287E+03
    0.1460000000E+03    -0.1710672840E+03
    0.1470000000E+03    -0.1710955992E+03
    0.1480000000E+03    -0.1711179296E+03
    0.1490000000E+03    -0.1711310734E+03
    0.1500000000E+03    -0.1711372678E+03
    0.1510000000E+03    -0.1711357209E+03
    0.1520000000E+03    -0.1711262682E+03
    0.1530000000E+03    -0.1711092450E+03
    0.1540000000E+03    -0.1710850427E+03
    0.1550000000E+03    -0.1710545484E+03
    0.1560000000E+03    -0.1710174606E+03
    0.1570000000E+03    -0.1709732864E+03
    0.1580000000E+03    -0.1709216776E+03
    0.1590000000E+03    -0.1708626393E+03
    0.1600000000E+03    -0.1707976555E+03
    0.1610000000E+03    -0.1707265017E+03
    0.1620000000E+03    -0.1706489571E+03
    0.1630000000E+03    -0.1705651498E+03
    0.1640000000E+03    -0.1704761702E+03
    0.1650000000E+03    -0.1703807191E+03
    0.1660000000E+03    -0.1702786302E+03
    0.1670000000E+03    -0.1701713545E+03
    0.1680000000E+03    -0.1700585712E+03
    0.1690000000E+03    -0.1699383142E+03
    0.1700000000E+03    -0.1698139725E+03
    0.1710000000E+03    -0.1696854826E+03
    0.1720000000E+03    -0.1695502491E+03
    0.1730000000E+03    -0.1694097327E+03
    0.1740000000E+03    -0.1692634880E+03
    0.1750000000E+03    -0.1691130484E+03
    0.1760000000E+03    -0.1689569057E+03
    0.1770000000E+03    -0.1687966659E+03
    0.1780000000E+03    -0.1686310905E+03
    0.1790000000E+03    -0.1684610658E+03
    0.1800000000E+03    -0.1682845070E+03
    0.1810000000E+03    -0.1681044413E+03
    0.1820000000E+03    -0.1679197622E+03
    0.1830000000E+03    -0.1677311183E+03
    0.1840000000E+03    -0.1675363498E+03
    0.1850000000E+03    -0.1673369986E+03
    0.1860000000E+03    -0.1671317489E+03
    0.1870000000E+03    -0.1669232236E+03
    0.1880000000E+03    -0.1667087545E+03
    0.1890000000E+03    -0.1664895092E+03
    0.1900000000E+03    -0.1662646520E+03
    0.1910000000E+03    -0.1660354259E+03
    0.1920000000E+03    -0.1658008253E+03
    0.1930000000E+03    -0.1655617519E+03
    0.1940000000E+03    -0.1653146920E+03
    0.1950000000E+03    -0.1650646908E+03
    0.1960000000E+03    -0.1648100309E+03
    0.1970000000E+03    -0.1645485325E+03
    0.1980000000E+03    -0.1642822910E+03
    0.1990000000E+03    -0.1640108401E+03
    0.2000000000E+03    -0.1637347417E+03
    0.2010000000E+03    -0.1634517807E+03
    0.2020000000E+03    -0.1631619195E+03
    0.2030000000E+03    -0.1628675004E+03
    0.2040000000E+03    -0.1625661309E+03
    0.2050000000E+03    -0.1622587861E+03
    0.2060000000E+03    -0.1619452757E+03
    0.2070000000E+03    -0.1616264937E+03
    0.2080000000E+03    -0.1613000632E+03
    0.2090000000E+03    -0.1609650128E+03
    0.2100000000E+03    -0.1606244285E+03
    0.2110000000E+03    -0.1602767303E+03
    0.2120000000E+03    -0.1599224549E+03
    0.2130000000E+03    -0.1595617057E+03
    0.2140000000E+03    -0.1591937801E+03
    0.2150000000E+03    -0.1588182281E+03
    0.2160000000E+03    -0.1584344444E+03
    0.2170000000E+03    -0.1580428700E+03
    0.2180000000E+03    -0.1576437564E+03
    0.2190000000E+03    -0.1572371484E+03
    0.2200000000E+03    -0.1568237852E+03
    0.2210000000E+03    -0.1564016813E+03
    0.2220000000E+03    -0.1559722767E+03
    0.2230000000E+03    -0.1555331922E+03
    0.2240000000E+03    -0.1550884799E+03
    0.2250000000E+03    -0.1546349664E+03
    0.2260000000E+03    -0.1541734636E+03
    0.2270000000E+03    -0.1537036639E+03
    0.2280000000E+03    -0.1532266731E+03
    0.2290000000E+03    -0.1527421338E+03
    0.2300000000E+03    -0.1522487772E+03
    0.2310000000E+03    -0.1517487343E+03
    0.2320000000E+03    -0.1512416982E+03
    0.2330000000E+03    -0.1507258029E+03
    0.2340000000E+03    -0.1502019314E+03
    0.2350000000E+03    -0.1496719925E+03
    0.2360000000E+03    -0.1491343412E+03
    0.2370000000E+03    -0.1485878400E+03
    0.2380000000E+03    -0.1480331565E+03
    0.2390000000E+03    -0.1474724849E+03
    0.2400000000E+03    -0.1469030066E+03
    0.2410000000E+03    -0.1463275699E+03
    0.2420000000E+03    -0.1457427826E+03
    0.2430000000E+03    -0.1451517217E+03
    0.2440000000E+03    -0.1445520874E+03
    0.2450000000E+03    -0.1439450358E+03
    0.2460000000E+03    -0.1433310103E+03
    0.2470000000E+03    -0.1427102746E+03
    0.2480000000E+03    -0.1420809166E+03
    0.2490000000E+03    -0.1414456135E+03
    0.2500000000E+03    -0.1408019434E+03
    0.2510000000E+03    -0.1401515339E+03
    0.2520000000E+03    -0.1394906225E+03
    0.2530000000E+03    -0.1388240359E+03
    0.2540000000E+03    -0.1381492123E+03
    0.2550000000E+03    -0.1374682302E+03
    0.2560000000E+03    -0.1367798029E+03
    0.2570000000E+03    -0.1360838671E+03
    0.2580000000E+03    -0.1353809003E+03
    0.2590000000E+03    -0.1346684189E+03
    0.2600000000E+03    -0.1339500169E+03
    0.2610000000E+03    -0.1332252483E+03
    0.2620000000E+03    -0.1324899275E+03
    0.2630000000E+03    -0.1317475090E+03
    0.2640000000E+03    -0.1309967601E+03
    0.2650000000E+03    -0.1302381471E+03
    0.2660000000E+03    -0.1294720399E+03
    0.2670000000E+03    -0.1286973861E+03
    0.2680000000E+03    -0.1279145142E+03
    0.2690000000E+03    -0.1271228989E+03
    0.2700000000E+03    -0.1263248691E+03
    0.2710000000E+03    -0.1255178031E+03
    0.2720000000E+03    -0.1247026010E+03
    0.2730000000E+03    -0.1238807416E+03
    0.2740000000E+03    -0.1230485262E+03
    0.2750000000E+03    -0.1222074700E+03
    0.2760000000E+03    -0.1213583094E+03
    0.2770000000E+03    -0.1205027461E+03
    0.2780000000E+03    -0.1196388649E+03
    0.2790000000E+03    -0.1187646843E+03
    0.2800000000E+03    -0.1178809193E+03
    0.2810000000E+03    -0.1169893547E+03
    0.2820000000E+03    -0.1160871082E+03
    0.2830000000E+03    -0.1151776326E+03
    0.2840000000E+03    -0.1142582544E+03
    0.2850000000E+03    -0.1133319423E+03
    0.2860000000E+03    -0.1123927632E+03
    0.2870000000E+03    -0.1114454715E+03
    0.2880000000E+03    -0.1104911793E+03
    0.2890000000E+03    -0.1095237148E+03
    0.2900000000E+03    -0.1085488258E+03
    0.2910000000E+03    -0.1075620387E+03
    0.2920000000E+03    -0.1065702390E+03
    0.2930000000E+03    -0.1055673215E+03
    0.2940000000E+03    -0.1045548907E+03
    0.2950000000E+03    -0.1035355592E+03
    0.2960000000E+03    -0.1025046556E+03
    0.2970000000E+03    -0.1014657376E+03
    0.2980000000E+03    -0.1004187091E+03
    0.2990000000E+03    -0.9936104828E+02
    0.3000000000E+03    -0.9829340123E+02
    0.3010000000E+03    -0.9721600842E+02
    0.3020000000E+03    -0.9613156739E+02
    0.3030000000E+03    -0.9504005102E+02
    0.3040000000E+03    -0.9393961076E+02
    0.3050000000E+03    -0.9283261303E+02
    0.3060000000E+03    -0.9171863906E+02
    0.3070000000E+03    -0.9059839226E+02
    0.3080000000E+03    -0.8946955797E+02
    0.3090000000E+03    -0.8833476117E+02
    0.3100000000E+03    -0.8719255272E+02
    0.3110000000E+03    -0.8604359451E+02
    0.3120000000E+03    -0.8488813400E+02
    0.3130000000E+03    -0.8372784128E+02
    0.3140000000E+03    -0.8256241959E+02
    0.3150000000E+03    -0.8139262269E+02
    0.3160000000E+03    -0.8021773189E+02
    0.3170000000E+03    -0.7904015936E+02
    0.3180000000E+03    -0.7786015614E+02
    0.3190000000E+03    -0.7667284904E+02
    0.3200000000E+03    -0.7548139132E+02
    0.3210000000E+03    -0.7428775345E+02
    0.3220000000E+03    -0.7309285933E+02
    0.3230000000E+03    -0.7189510932E+02
    0.3240000000E+03    -0.7069823382E+02
    0.3250000000E+03    -0.6949896630E+02
    0.3260000000E+03    -0.6829646403E+02
    0.3270000000E+03    -0.6709325163E+02
    0.3280000000E+03    -0.6589270151E+02
    0.3290000000E+03    -0.6468840478E+02
    0.3300000000E+03    -0.6348207365E+02
    0.3310000000E+03    -0.6228211305E+02
    0.3320000000E+03    -0.6107957298E+02
    0.3330000000E+03    -0.5988272079E+02
    0.3340000000E+03    -0.5868599512E+02
    0.3350000000E+03    -0.5749301979E+02
    0.3360000000E+03    -0.5630515838E+02
    0.3370000000E+03    -0.5511839869E+02
    0.3380000000E+03    -0.5393409655E+02
    0.3390000000E+03    -0.5275324135E+02
    0.3400000000E+03    -0.5157377276E+02
    0.3410000000E+03    -0.5040376729E+02
    0.3420000000E+03    -0.4923733849E+02
    0.3430000000E+03    -0.4807766613E+02
    0.3440000000E+03    -0.4691602484E+02
    0.3450000000E+03    -0.4576088404E+02
    0.3460000000E+03    -0.4461883528E+02
    0.3470000000E+03    -0.4347838152E+02
    0.3480000000E+03    -0.4234524318E+02
    0.3490000000E+03    -0.4121807653E+02
    0.3500000000E+03    -0.4009356424E+02
    0.3510000000E+03    -0.3898407972E+02
    0.3520000000E+03    -0.3789116663E+02
    0.3530000000E+03    -0.3680137656E+02
    0.3540000000E+03    -0.3571835394E+02
    0.3550000000E+03    -0.3465205954E+02
    0.3560000000E+03    -0.3358912573E+02
    0.3570000000E+03    -0.3253840386E+02
    0.3580000000E+03    -0.3149828523E+02
    0.3590000000E+03    -0.3047282052E+02
    0.3600000000E+03    -0.2945863140E+02
    0.3610000000E+03    -0.2845109501E+02
    0.3620000000E+03    -0.2745866548E+02
    0.3630000000E+03    -0.2647847168E+02
    0.3640000000E+03    -0.2551101276E+02
    0.3650000000E+03    -0.2455386891E+02
    0.3660000000E+03    -0.2361241808E+02
    0.3670000000E+03    -0.2268087483E+02
    0.3680000000E+03    -0.2176961720E+02
    0.3690000000E+03    -0.2087086376E+02
    0.3700000000E+03    -0.1998624861E+02
    0.3710000000E+03    -0.1911734662E+02
    0.3720000000E+03    -0.1827138069E+02
    0.3730000000E+03    -0.1743974010E+02
    0.3740000000E+03    -0.1662933390E+02
    0.3750000000E+03    -0.1583846951E+02
    0.3760000000E+03    -0.1505658465E+02
    0.3770000000E+03    -0.1429717491E+02
    0.3780000000E+03    -0.1355860666E+02
    0.3790000000E+03    -0.1283930649E+02
    0.3800000000E+03    -0.1213811254E+02
    0.3810000000E+03    -0.1145513299E+02
    0.3820000000E+03    -0.1079435381E+02
    0.3830000000E+03    -0.1015445858E+02
    0.3840000000E+03    -0.9544842737E+01
    0.3850000000E+03    -0.8949630530E+01
    0.3860000000E+03    -0.8386877658E+01
    0.3870000000E+03    -0.7852948543E+01
    0.3880000000E+03    -0.7343153383E+01
    0.3890000000E+03    -0.6851938862E+01
    0.3900000000E+03    -0.6383421784E+01
    0.3910000000E+03    -0.5938420571E+01
    0.3920000000E+03    -0.5527309211E+01
    0.3930000000E+03    -0.5137439735E+01
    0.3940000000E+03    -0.4773555420E+01
    0.3950000000E+03    -0.4429770400E+01
    0.3960000000E+03    -0.4111890636E+01
    0.3970000000E+03    -0.3822893121E+01
    0.3980000000E+03    -0.3567512366E+01
    0.3990000000E+03    -0.3345878030E+01
    0.4000000000E+03    -0.3148359767E+01
    0.4010000000E+03    -0.2978717912E+01
    0.4020000000E+03    -0.2846292268E+01
    0.4030000000E+03    -0.2738398967E+01
    0.4040000000E+03    -0.2660473718E+01
    0.4050000000E+03    -0.2617900832E+01
    0.4060000000E+03    -0.2606157880E+01
    0.4070000000E+03    -0.2639130615E+01
    0.4080000000E+03    -0.2699879007E+01
    0.4090000000E+03    -0.2794910009E+01
    0.4100000000E+03    -0.2935163091E+01
    0.4110000000E+03    -0.3111367517E+01
    0.4120000000E+03    -0.3326709951E+01
    0.4130000000E+03    -0.3568883283E+01
    0.4140000000E+03    -0.3849810272E+01
    0.4150000000E+03    -0.4171789289E+01
    0.4160000000E+03    -0.4519178365E+01
    0.4170000000E+03    -0.4920142671E+01
    0.4180000000E+03    -0.5362285834E+01
    0.4190000000E+03    -0.5831660704E+01
    0.4200000000E+03    -0.6345102400E+01
    0.4210000000E+03    -0.6888533082E+01
    0.4220000000E+03    -0.7487025687E+01
    0.4230000000E+03    -0.8108921103E+01
    0.4240000000E+03    -0.8808560694E+01
    0.4250000000E+03    -0.9570408155E+01
    0.4260000000E+03    -0.1035452666E+02
    0.4270000000E+03    -0.1117332796E+02
    0.4280000000E+03    -0.1203355546E+02
    0.4290000000E+03    -0.1293628203E+02
    0.4300000000E+03    -0.1389008557E+02
    0.4310000000E+03    -0.1490430529E+02
    0.4320000000E+03    -0.1595912675E+02
    0.4330000000E+03    -0.1704936748E+02
    0.4340000000E+03    -0.1823422855E+02
    0.4350000000E+03    -0.1944316765E+02
    0.4360000000E+03    -0.2074646894E+02
    0.4370000000E+03    -0.2209418999E+02
    0.4380000000E+03    -0.2346356229E+02
    0.4390000000E+03    -0.2488871628E+02
    0.4400000000E+03    -0.2639118855E+02
    0.4410000000E+03    -0.2795228364E+02
    0.4420000000E+03    -0.2955168374E+02
    0.4430000000E+03    -0.3119540941E+02
    0.4440000000E+03    -0.3291527005E+02
    0.4450000000E+03    -0.3468841227E+02
    0.4460000000E+03    -0.3655302810E+02
    0.4470000000E+03    -0.3841757504E+02
    0.4480000000E+03    -0.4036039667E+02
    0.4490000000E+03    -0.4237106677E+02
    0.4500000000E+03    -0.4443296311E+02
    0.4510000000E+03    -0.4657766929E+02
    0.4520000000E+03    -0.4877268293E+02
    0.4530000000E+03    -0.5101193958E+02
    0.4540000000E+03    -0.5335374733E+02
    0.4550000000E+03    -0.5579309476E+02
    0.4560000000E+03    -0.5831274347E+02
    0.4570000000E+03    -0.6081893644E+02
    0.4580000000E+03    -0.6339157257E+02
    0.4590000000E+03    -0.6607227363E+02
    0.4600000000E+03    -0.6870247827E+02
    0.4610000000E+03    -0.7144935285E+02
    0.4620000000E+03    -0.7433090091E+02
    0.4630000000E+03    -0.7738032020E+02
    0.4640000000E+03    -0.8043021675E+02
    0.4650000000E+03    -0.8357669551E+02
    0.4660000000E+03    -0.8678370879E+02
    0.4670000000E+03    -0.9013197199E+02
    0.4680000000E+03    -0.9350175008E+02
    0.4690000000E+03    -0.9691956958E+02
    0.4700000000E+03    -0.1004857937E+03
