    0.0000000000E+00    -0.6206514381E+03
    0.1000000000E+01    -0.6153241814E+03
    0.2000000000E+01    -0.6106777201E+03
    0.3000000000E+01    -0.6064252743E+03
    0.4000000000E+01    -0.6024486353E+03
    0.5000000000E+01    -0.5986837034E+03
    0.6000000000E+01    -0.5950881463E+03
    0.7000000000E+01    -0.5916346673E+03
    0.8000000000E+01    -0.5883037217E+03
    0.9000000000E+01    -0.5850783123E+03
    0.1000000000E+02    -0.5819460946E+03
    0.1100000000E+02    -0.5788981844E+03
    0.1200000000E+02    -0.5759259063E+03
    0.1300000000E+02    -0.5730214590E+03
    0.1400000000E+02    -0.5701796010E+03
    0.1500000000E+02    -0.5673950643E+03
    0.1600000000E+02    -0.5646633496E+03
    0.1700000000E+02    -0.5619808182E+03
    0.1800000000E+02    -0.5593437363E+03
    0.1900000000E+02    -0.5567489718E+03
    0.2000000000E+02    -0.5541934323E+03
    0.2100000000E+02    -0.5516760540E+03
    0.2200000000E+02    -0.5491939883E+03
    0.2300000000E+02    -0.5467451015E+03
    0.2400000000E+02    -0.5443273269E+03
    0.2500000000E+02    -0.5419394425E+03
    0.2600000000E+02    -0.5395787161E+03
    0.2700000000E+02    -0.5372449757E+03
    0.2800000000E+02    -0.5349363377E+03
    0.2900000000E+02    -0.5326503685E+03
    0.3000000000E+02    -0.5303878430E+03
    0.3100000000E+02    -0.5281482146E+03
    0.3200000000E+02    -0.5259296107E+03
    0.3300000000E+02    -0.5237301366E+03
    0.3400000000E+02    -0.5215500296E+03
    0.3500000000E+02    -0.5193878798E+03
    0.3600000000E+02    -0.5172429600E+03
    0.3700000000E+02    -0.5151142680E+03
    0.3800000000E+02    -0.5130014163E+03
    0.3900000000E+02    -0.5109034813E+03
    0.4000000000E+02    -0.5088199564E+03
    0.4100000000E+02    -0.5067503797E+03
    0.4200000000E+02    -0.5046945126E+03
    0.4300000000E+02    -0.5026517618E+03
    0.4400000000E+02    -0.5006210954E+03
    0.4500000000E+02    -0.4986029682E+03
    0.4600000000E+02    -0.4965961623E+03
    0.4700000000E+02    -0.4945993631E+03
    0.4800000000E+02    -0.4926127920E+03
    0.4900000000E+02    -0.4906369702E+03
    0.5000000000E+02    -0.4886715418E+03
    0.5100000000E+02    -0.4867157361E+03
    0.5200000000E+02    -0.4847682253E+03
    0.5300000000E+02    -0.4828289572E+03
    0.5400000000E+02    -0.4808982911E+03
    0.5500000000E+02    -0.4789761775E+03
    0.5600000000E+02    -0.4770615564E+03
    0.5700000000E+02    -0.4751548075E+03
    0.5800000000E+02    -0.4732562262E+03
    0.5900000000E+02    -0.4713633411E+03
    0.6000000000E+02    -0.4694783119E+03
    0.6100000000E+02    -0.4676001782E+03
    0.6200000000E+02    -0.4657279834E+03
    0.6300000000E+02    -0.4638606182E+03
    0.6400000000E+02    -0.4619995015E+03
    0.6500000000E+02    -0.4601445370E+03
    0.6600000000E+02    -0.4582945466E+03
    0.6700000000E+02    -0.4564499736E+03
    0.6800000000E+02    -0.4546097308E+03
    0.6900000000E+02    -0.4527750432E+03
    0.7000000000E+02    -0.4509453820E+03
    0.7100000000E+02    -0.4491203699E+03
    0.7200000000E+02    -0.4472988611E+03
    0.7300000000E+02    -0.4454815151E+03
    0.7400000000E+02    -0.4436690238E+03
    0.7500000000E+02    -0.4418615144E+03
    0.7600000000E+02    -0.4400561806E+03
    0.7700000000E+02    -0.4382555300E+03
    0.7800000000E+02    -0.4364587182E+03
    0.7900000000E+02    -0.4346657749E+03
    0.8000000000E+02    -0.4328749134E+03
    0.8100000000E+02    -0.4310880271E+03
    0.8200000000E+02    -0.4293040378E+03
    0.8300000000E+02    -0.4275228453E+03
    0.8400000000E+02    -0.4257455722E+03
    0.8500000000E+02    -0.4239704136E+03
    0.8600000000E+02    -0.4221982102E+03
    0.8700000000E+02    -0.4204287883E+03
    0.8800000000E+02    -0.4186610905E+03
    0.8900000000E+02    -0.4168965711E+03
    0.9000000000E+02    -0.4151331662E+03
    0.9100000000E+02    -0.4133703260E+03
    0.9200000000E+02    -0.4116112946E+03
    0.9300000000E+02    -0.4098540670E+03
    0.9400000000E+02    -0.4080988145E+03
    0.9500000000E+02    -0.4063452415E+03
    0.9600000000E+02    -0.4045946095E+03
    0.9700000000E+02    -0.4028453157E+03
    0.9800000000E+02    -0.4010965916E+03
    0.9900000000E+02    -0.3993508114E+03
    0.1000000000E+03    -0.3976064213E+03
    0.1010000000E+03    -0.3958624958E+03
    0.1020000000E+03    -0.3941201327E+03
    0.1030000000E+03    -0.3923801600E+03
    0.1040000000E+03    -0.3906411607E+03
    0.1050000000E+03    -0.3889031414E+03
    0.1060000000E+03    -0.3871666226E+03
    0.1070000000E+03    -0.3854310117E+03
    0.1080000000E+03    -0.3836974621E+03
    0.1090000000E+03    -0.3819640601E+03
    0.1100000000E+03    -0.3802306225E+03
    0.1110000000E+03    -0.3784998078E+03
    0.1120000000E+03    -0.3767688612E+03
    0.1130000000E+03    -0.3750387145E+03
    0.1140000000E+03    -0.3733093521E+03
    0.1150000000E+03    -0.3715794436E+03
    0.1160000000E+03    -0.3698525766E+03
    0.1170000000E+03    -0.3681244326E+03
    0.1180000000E+03    -0.3663979026E+03
    0.1190000000E+03    -0.3646719811E+03
    0.1200000000E+03    -0.3629470895E+03
    0.1210000000E+03    -0.3612223435E+03
    0.1220000000E+03    -0.3594980519E+03
    0.1230000000E+03    -0.3577752835E+03
    0.1240000000E+03    -0.3560528317E+03
    0.1250000000E+03    -0.3543296592E+03
    0.1260000000E+03    -0.3526065227E+03
    0.1270000000E+03    -0.3508853425E+03
    0.1280000000E+03    -0.3491635401E+03
    0.1290000000E+03    -0.3474418633E+03
    0.1300000000E+03    -0.3457216835E+03
    0.1310000000E+03    -0.3440000383E+03
    0.1320000000E+03    -0.3422804263E+03
    0.1330000000E+03    -0.3405597473E+03
    0.1340000000E+03    -0.3388404633E+03
    0.1350000000E+03    -0.3371227475E+03
    0.1360000000E+03    -0.3354057490E+03
    0.1370000000E+03    -0.3336882436E+03
    0.1380000000E+03    -0.3319699257E+03
    0.1390000000E+03    -0.3302519443E+03
    0.1400000000E+03    -0.3285340674E+03
    0.1410000000E+03    -0.3268156951E+03
    0.1420000000E+03    -0.3250985932E+03
    0.1430000000E+03    -0.3233808272E+03
    0.1440000000E+03    -0.3216637943E+03
    0.1450000000E+03    -0.3199472799E+03
    0.1460000000E+03    -0.3182296942E+03
    0.1470000000E+03    -0.3165129204E+03
    0.1480000000E+03    -0.3147965990E+03
    0.1490000000E+03    -0.3130793075E+03
    0.1500000000E+03    -0.3113626420E+03
    0.1510000000E+03    -0.3096441934E+03
    0.1520000000E+03    -0.3079281243E+03
    0.1530000000E+03    -0.3062125504E+03
    0.1540000000E+03    -0.3044950054E+03
    0.1550000000E+03    -0.3027781517E+03
    0.1560000000E+03    -0.3010607336E+03
    0.1570000000E+03    -0.2993436218E+03
    0.1580000000E+03    -0.2976270001E+03
    0.1590000000E+03    -0.2959097973E+03
    0.1600000000E+03    -0.2941928105E+03
    0.1610000000E+03    -0.2924752463E+03
    0.1620000000E+03    -0.2907577706E+03
    0.1630000000E+03    -0.2890407116E+03
    0.1640000000E+03    -0.2873242219E+03
    0.1650000000E+03    -0.2856081270E+03
    0.1660000000E+03    -0.2838910220E+03
    0.1670000000E+03    -0.2821744497E+03
    0.1680000000E+03    -0.2804577710E+03
    0.1690000000E+03    -0.2787409651E+03
    0.1700000000E+03    -0.2770252137E+03
    0.1710000000E+03    -0.2753102249E+03
    0.1720000000E+03    -0.2735951233E+03
    0.1730000000E+03    -0.2718798878E+03
    0.1740000000E+03    -0.2701635488E+03
    0.1750000000E+03    -0.2684489321E+03
    0.1760000000E+03    -0.2667349086E+03
    0.1770000000E+03    -0.2650212714E+03
    0.1780000000E+03    -0.2633071748E+03
    0.1790000000E+03    -0.2615935619E+03
    0.1800000000E+03    -0.2598792158E+03
    0.1810000000E+03    -0.2581654107E+03
    0.1820000000E+03    -0.2564512997E+03
    0.1830000000E+03    -0.2547359887E+03
    0.1840000000E+03    -0.2530230727E+03
    0.1850000000E+03    -0.2513084490E+03
    0.1860000000E+03    -0.2495948227E+03
    0.1870000000E+03    -0.2478812332E+03
    0.1880000000E+03    -0.2461681316E+03
    0.1890000000E+03    -0.2444542037E+03
    0.1900000000E+03    -0.2427409718E+03
    0.1910000000E+03    -0.2410270473E+03
    0.1920000000E+03    -0.2393164864E+03
    0.1930000000E+03    -0.2376055557E+03
    0.1940000000E+03    -0.2358943360E+03
    0.1950000000E+03    -0.2341824095E+03
    0.1960000000E+03    -0.2324725942E+03
    0.1970000000E+03    -0.2307617158E+03
    0.1980000000E+03    -0.2290500737E+03
    0.1990000000E+03    -0.2273409468E+03
    0.2000000000E+03    -0.2256328962E+03
    0.2010000000E+03    -0.2239238304E+03
    0.2020000000E+03    -0.2222167739E+03
    0.2030000000E+03    -0.2205096380E+03
    0.2040000000E+03    -0.2188037938E+03
    0.2050000000E+03    -0.2170995968E+03
    0.2060000000E+03    -0.2153926458E+03
    0.2070000000E+03    -0.2136902818E+03
    0.2080000000E+03    -0.2119858790E+03
    0.2090000000E+03    -0.2102839616E+03
    0.2100000000E+03    -0.2085800323E+03
    0.2110000000E+03    -0.2068777073E+03
    0.2120000000E+03    -0.2051758967E+03
    0.2130000000E+03    -0.2034763362E+03
    0.2140000000E+03    -0.2017811116E+03
    0.2150000000E+03    -0.2000843774E+03
    0.2160000000E+03    -0.1983875123E+03
    0.2170000000E+03    -0.1966911288E+03
    0.2180000000E+03    -0.1949980100E+03
    0.2190000000E+03    -0.1933069199E+03
    0.2200000000E+03    -0.1916148256E+03
    0.2210000000E+03    -0.1899255780E+03
    0.2220000000E+03    -0.1882370802E+03
    0.2230000000E+03    -0.1865494820E+03
    0.2240000000E+03    -0.1848625879E+03
    0.2250000000E+03    -0.1831807495E+03
    0.2260000000E+03    -0.1814961826E+03
    0.2270000000E+03    -0.1798140741E+03
    0.2280000000E+03    -0.1781352556E+03
    0.2290000000E+03    -0.1764584976E+03
    0.2300000000E+03    -0.1747803796E+03
    0.2310000000E+03    -0.1731067879E+03
    0.2320000000E+03    -0.1714344059E+03
    0.2330000000E+03    -0.1697642963E+03
    0.2340000000E+03    -0.1680958767E+03
    0.2350000000E+03    -0.1664306332E+03
    0.2360000000E+03    -0.1647668699E+03
    0.2370000000E+03    -0.1631019869E+03
    0.2380000000E+03    -0.1614424337E+03
    0.2390000000E+03    -0.1597821949E+03
    0.2400000000E+03    -0.1581243283E+03
    0.2410000000E+03    -0.1564678608E+03
    0.2420000000E+03    -0.1548169995E+03
    0.2430000000E+03    -0.1531681553E+03
    0.2440000000E+03    -0.1515206738E+03
    0.2450000000E+03    -0.1498769377E+03
    0.2460000000E+03    -0.1482327980E+03
    0.2470000000E+03    -0.1465929406E+03
    0.2480000000E+03    -0.1449560064E+03
    0.2490000000E+03    -0.1433235214E+03
    0.2500000000E+03    -0.1416924030E+03
    0.2510000000E+03    -0.1400653214E+03
    0.2520000000E+03    -0.1384430373E+03
    0.2530000000E+03    -0.1368233400E+03
    0.2540000000E+03    -0.1352073346E+03
    0.2550000000E+03    -0.1335953123E+03
    0.2560000000E+03    -0.1319875867E+03
    0.2570000000E+03    -0.1303820460E+03
    0.2580000000E+03    -0.1287801696E+03
    0.2590000000E+03    -0.1271814144E+03
    0.2600000000E+03    -0.1255893549E+03
    0.2610000000E+03    -0.1239960381E+03
    0.2620000000E+03    -0.1224074166E+03
    0.2630000000E+03    -0.1208232847E+03
    0.2640000000E+03    -0.1192440222E+03
    0.2650000000E+03    -0.1176687899E+03
    0.2660000000E+03    -0.1160997858E+03
    0.2670000000E+03    -0.1145332936E+03
    0.2680000000E+03    -0.1129685383E+03
    0.2690000000E+03    -0.1114103288E+03
    0.2700000000E+03    -0.1098599787E+03
    0.2710000000E+03    -0.1083102850E+03
    0.2720000000E+03    -0.1067660935E+03
    0.2730000000E+03    -0.1052275361E+03
    0.2740000000E+03    -0.1036964996E+03
    0.2750000000E+03    -0.1021671410E+03
    0.2760000000E+03    -0.1006474418E+03
    0.2770000000E+03    -0.9913060341E+02
    0.2780000000E+03    -0.9762241082E+02
    0.2790000000E+03    -0.9611704240E+02
    0.2800000000E+03    -0.9461841173E+02
    0.2810000000E+03    -0.9312381142E+02
    0.2820000000E+03    -0.9163485545E+02
    0.2830000000E+03    -0.9015479001E+02
    0.2840000000E+03    -0.8868242870E+02
    0.2850000000E+03    -0.8721724295E+02
    0.2860000000E+03    -0.8575967295E+02
    0.2870000000E+03    -0.8430898020E+02
    0.2880000000E+03    -0.8286453808E+02
    0.2890000000E+03    -0.8142259840E+02
    0.2900000000E+03    -0.7999174717E+02
    0.2910000000E+03    -0.7856185507E+02
    0.2920000000E+03    -0.7714257193E+02
    0.2930000000E+03    -0.7572301268E+02
    0.2940000000E+03    -0.7431944576E+02
    0.2950000000E+03    -0.7292274702E+02
    0.2960000000E+03    -0.7153175863E+02
    0.2970000000E+03    -0.7015258384E+02
    0.2980000000E+03    -0.6877635433E+02
    0.2990000000E+03    -0.6741101701E+02
    0.3000000000E+03    -0.6605549060E+02
    0.3010000000E+03    -0.6470811264E+02
    0.3020000000E+03    -0.6336962404E+02
    0.3030000000E+03    -0.6204162118E+02
    0.3040000000E+03    -0.6072066465E+02
    0.3050000000E+03    -0.5941068738E+02
    0.3060000000E+03    -0.5811098579E+02
    0.3070000000E+03    -0.5682157851E+02
    0.3080000000E+03    -0.5554364039E+02
    0.3090000000E+03    -0.5427420306E+02
    0.3100000000E+03    -0.5301681562E+02
    0.3110000000E+03    -0.5176817073E+02
    0.3120000000E+03    -0.5052890613E+02
    0.3130000000E+03    -0.4930242145E+02
    0.3140000000E+03    -0.4808525591E+02
    0.3150000000E+03    -0.4688128159E+02
    0.3160000000E+03    -0.4568832835E+02
    0.3170000000E+03    -0.4450266823E+02
    0.3180000000E+03    -0.4332956999E+02
    0.3190000000E+03    -0.4216596180E+02
    0.3200000000E+03    -0.4101731988E+02
    0.3210000000E+03    -0.3988136229E+02
    0.3220000000E+03    -0.3875595865E+02
    0.3230000000E+03    -0.3764401644E+02
    0.3240000000E+03    -0.3654692569E+02
    0.3250000000E+03    -0.3545705502E+02
    0.3260000000E+03    -0.3438065791E+02
    0.3270000000E+03    -0.3331978719E+02
    0.3280000000E+03    -0.3227312348E+02
    0.3290000000E+03    -0.3124124912E+02
    0.3300000000E+03    -0.3022562232E+02
    0.3310000000E+03    -0.2921953115E+02
    0.3320000000E+03    -0.2822434022E+02
    0.3330000000E+03    -0.2725160404E+02
    0.3340000000E+03    -0.2629532868E+02
    0.3350000000E+03    -0.2534368538E+02
    0.3360000000E+03    -0.2441371489E+02
    0.3370000000E+03    -0.2349679655E+02
    0.3380000000E+03    -0.2259572819E+02
    0.3390000000E+03    -0.2172045031E+02
    0.3400000000E+03    -0.2084795369E+02
    0.3410000000E+03    -0.1999102784E+02
    0.3420000000E+03    -0.1915467523E+02
    0.3430000000E+03    -0.1833197756E+02
    0.3440000000E+03    -0.1753189477E+02
    0.3450000000E+03    -0.1674968186E+02
    0.3460000000E+03    -0.1598377967E+02
    0.3470000000E+03    -0.1522879296E+02
    0.3480000000E+03    -0.1450180821E+02
    0.3490000000E+03    -0.1378563352E+02
    0.3500000000E+03    -0.1309342011E+02
    0.3510000000E+03    -0.1240930552E+02
    0.3520000000E+03    -0.1174997258E+02
    0.3530000000E+03    -0.1111468597E+02
    0.3540000000E+03    -0.1049187327E+02
    0.3550000000E+03    -0.9889229899E+01
    0.3560000000E+03    -0.9314900804E+01
    0.3570000000E+03    -0.8752160848E+01
    0.3580000000E+03    -0.8217864773E+01
    0.3590000000E+03    -0.7695978897E+01
    0.3600000000E+03    -0.7188525050E+01
    0.3610000000E+03    -0.6723958546E+01
    0.3620000000E+03    -0.6258902650E+01
    0.3630000000E+03    -0.5825785150E+01
    0.3640000000E+03    -0.5412143459E+01
    0.3650000000E+03    -0.5024597959E+01
    0.3660000000E+03    -0.4653874043E+01
    0.3670000000E+03    -0.4318301586E+01
    0.3680000000E+03    -0.3999813488E+01
    0.3690000000E+03    -0.3705061755E+01
    0.3700000000E+03    -0.3437097912E+01
    0.3710000000E+03    -0.3191362875E+01
    0.3720000000E+03    -0.2967902936E+01
    0.3730000000E+03    -0.2775628332E+01
    0.3740000000E+03    -0.2595517769E+01
    0.3750000000E+03    -0.2448719110E+01
    0.3760000000E+03    -0.2329966004E+01
    0.3770000000E+03    -0.2219766601E+01
    0.3780000000E+03    -0.2142239421E+01
    0.3790000000E+03    -0.2115757720E+01
    0.3800000000E+03    -0.2092141944E+01
