    0.0000000000E+00    -0.9203926015E+02
    0.1000000000E+01    -0.9000042790E+02
    0.2000000000E+01    -0.8863028658E+02
    0.3000000000E+01    -0.8764033430E+02
    0.4000000000E+01    -0.8691317419E+02
    0.5000000000E+01    -0.8638501756E+02
    0.6000000000E+01    -0.8601462608E+02
    0.7000000000E+01    -0.8577415350E+02
    0.8000000000E+01    -0.8564260761E+02
    0.9000000000E+01    -0.8560450489E+02
    0.1000000000E+02    -0.8564726663E+02
    0.1100000000E+02    -0.8575999914E+02
    0.1200000000E+02    -0.8593535497E+02
    0.1300000000E+02    -0.8616644293E+02
    0.1400000000E+02    -0.8644697062E+02
    0.1500000000E+02    -0.8677207599E+02
    0.1600000000E+02    -0.8713745046E+02
    0.1700000000E+02    -0.8753859139E+02
    0.1800000000E+02    -0.8797271000E+02
    0.1900000000E+02    -0.8843678547E+02
    0.2000000000E+02    -0.8892773281E+02
    0.2100000000E+02    -0.8944353795E+02
    0.2200000000E+02    -0.8998090443E+02
    0.2300000000E+02    -0.9053820502E+02
    0.2400000000E+02    -0.9111385404E+02
    0.2500000000E+02    -0.9170587760E+02
    0.2600000000E+02    -0.9231331450E+02
    0.2700000000E+02    -0.9293379212E+02
    0.2800000000E+02    -0.9356611519E+02
    0.2900000000E+02    -0.9420947957E+02
    0.3000000000E+02    -0.9486293741E+02
    0.3100000000E+02    -0.9552473372E+02
    0.3200000000E+02    -0.9619373210E+02
    0.3300000000E+02    -0.9686928583E+02
    0.3400000000E+02    -0.9755058229E+02
    0.3500000000E+02    -0.9823705473E+02
    0.3600000000E+02    -0.9892650887E+02
    0.3700000000E+02    -0.9961893633E+02
    0.3800000000E+02    -0.1003138603E+03
    0.3900000000E+02    -0.1010111576E+03
    0.4000000000E+02    -0.1017093365E+03
    0.4100000000E+02    -0.1024084471E+03
    0.4200000000E+02    -0.1031069526E+03
    0.4300000000E+02    -0.1038049559E+03
    0.4400000000E+02    -0.1045010752E+03
    0.4500000000E+02    -0.1051963099E+03
    0.4600000000E+02    -0.1058890810E+03
    0.4700000000E+02    -0.1065798922E+03
    0.4800000000E+02    -0.1072680228E+03
    0.4900000000E+02    -0.1079518748E+03
    0.5000000000E+02    -0.1086330487E+03
    0.5100000000E+02    -0.1093096821E+03
    0.5200000000E+02    -0.1099820044E+03
    0.5300000000E+02    -0.1106500060E+03
    0.5400000000E+02    -0.1113127046E+03
    0.5500000000E+02    -0.1119698632E+03
    0.5600000000E+02    -0.1126214163E+03
    0.5700000000E+02    -0.1132673944E+03
    0.5800000000E+02    -0.1139074357E+03
    0.5900000000E+02    -0.1145408990E+03
    0.6000000000E+02    -0.1151671991E+03
    0.6100000000E+02    -0.1157871086E+03
    0.6200000000E+02    -0.1164002336E+03
    0.6300000000E+02    -0.1170066215E+03
    0.6400000000E+02    -0.1176057259E+03
    0.6500000000E+02    -0.1181977100E+03
    0.6600000000E+02    -0.1187816268E+03
    0.6700000000E+02    -0.1193588292E+03
    0.6800000000E+02    -0.1199280763E+03
    0.6900000000E+02    -0.1204902227E+03
    0.7000000000E+02    -0.1210436235E+03
    0.7100000000E+02    -0.1215904239E+03
    0.7200000000E+02    -0.1221285602E+03
    0.7300000000E+02    -0.1226598407E+03
    0.7400000000E+02    -0.1231835955E+03
    0.7500000000E+02    -0.1236983610E+03
    0.7600000000E+02    -0.1242059625E+03
    0.7700000000E+02    -0.1247059582E+03
    0.7800000000E+02    -0.1251978519E+03
    0.7900000000E+02    -0.1256827385E+03
    0.8000000000E+02    -0.1261595322E+03
    0.8100000000E+02    -0.1266280656E+03
    0.8200000000E+02    -0.1270882172E+03
    0.8300000000E+02    -0.1275416728E+03
    0.8400000000E+02    -0.1279865482E+03
    0.8500000000E+02    -0.1284245385E+03
    0.8600000000E+02    -0.1288545192E+03
    0.8700000000E+02    -0.1292771983E+03
    0.8800000000E+02    -0.1296926922E+03
    0.8900000000E+02    -0.1300983783E+03
    0.9000000000E+02    -0.1304973108E+03
    0.9100000000E+02    -0.1308895508E+03
    0.9200000000E+02    -0.1312740909E+03
    0.9300000000E+02    -0.1316521951E+03
    0.9400000000E+02    -0.1320211108E+03
    0.9500000000E+02    -0.1323840430E+03
    0.9600000000E+02    -0.1327394226E+03
    0.9700000000E+02    -0.1330871379E+03
    0.9800000000E+02    -0.1334270196E+03
    0.9900000000E+02    -0.1337592066E+03
    0.1000000000E+03    -0.1340845959E+03
    0.1010000000E+03    -0.1344028819E+03
    0.1020000000E+03    -0.1347135410E+03
    0.1030000000E+03    -0.1350173779E+03
    0.1040000000E+03    -0.1353144782E+03
    0.1050000000E+03    -0.1356053356E+03
    0.1060000000E+03    -0.1358887685E+03
    0.1070000000E+03    -0.1361638243E+03
    0.1080000000E+03    -0.1364329160E+03
    0.1090000000E+03    -0.1366952955E+03
    0.1100000000E+03    -0.1369505398E+03
    0.1110000000E+03    -0.1372005140E+03
    0.1120000000E+03    -0.1374425904E+03
    0.1130000000E+03    -0.1376768792E+03
    0.1140000000E+03    -0.1379056602E+03
    0.1150000000E+03    -0.1381272079E+03
    0.1160000000E+03    -0.1383414062E+03
    0.1170000000E+03    -0.1385498991E+03
    0.1180000000E+03    -0.1387514210E+03
    0.1190000000E+03    -0.1389460966E+03
    0.1200000000E+03    -0.1391331283E+03
    0.1210000000E+03    -0.1393152860E+03
    0.1220000000E+03    -0.1394889572E+03
    0.1230000000E+03    -0.1396558680E+03
    0.1240000000E+03    -0.1398163137E+03
    0.1250000000E+03    -0.1399702501E+03
    0.1260000000E+03    -0.1401172082E+03
    0.1270000000E+03    -0.1402571191E+03
    0.1280000000E+03    -0.1403899502E+03
    0.1290000000E+03    -0.1405157719E+03
    0.1300000000E+03    -0.1406340325E+03
    0.1310000000E+03    -0.1407472555E+03
    0.1320000000E+03    -0.1408533815E+03
    0.1330000000E+03    -0.1409523985E+03
    0.1340000000E+03    -0.1410452196E+03
    0.1350000000E+03    -0.1411314551E+03
    0.1360000000E+03    -0.1412112040E+03
    0.1370000000E+03    -0.1412837916E+03
    0.1380000000E+03    -0.1413507602E+03
    0.1390000000E+03    -0.1414116308E+03
    0.1400000000E+03    -0.1414656429E+03
    0.1410000000E+03    -0.1415124598E+03
    0.1420000000E+03    -0.1415528897E+03
    0.1430000000E+03    -0.1415866165E+03
    0.1440000000E+03    -0.1416137573E+03
    0.1450000000E+03    -0.1416354876E+03
    0.1460000000E+03    -0.1416498279E+03
    0.1470000000E+03    -0.1416572958E+03
    0.1480000000E+03    -0.1416587561E+03
    0.1490000000E+03    -0.1416546872E+03
    0.1500000000E+03    -0.1416429174E+03
    0.1510000000E+03    -0.1416257741E+03
    0.1520000000E+03    -0.1416012396E+03
    0.1530000000E+03    -0.1415702690E+03
    0.1540000000E+03    -0.1415336753E+03
    0.1550000000E+03    -0.1414924917E+03
    0.1560000000E+03    -0.1414457328E+03
    0.1570000000E+03    -0.1413921310E+03
    0.1580000000E+03    -0.1413317598E+03
    0.1590000000E+03    -0.1412663054E+03
    0.1600000000E+03    -0.1411942028E+03
    0.1610000000E+03    -0.1411165061E+03
    0.1620000000E+03    -0.1410337708E+03
    0.1630000000E+03    -0.1409438039E+03
    0.1640000000E+03    -0.1408501592E+03
    0.1650000000E+03    -0.1407496755E+03
    0.1660000000E+03    -0.1406427628E+03
    0.1670000000E+03    -0.1405312340E+03
    0.1680000000E+03    -0.1404146970E+03
    0.1690000000E+03    -0.1402914204E+03
    0.1700000000E+03    -0.1401629012E+03
    0.1710000000E+03    -0.1400295563E+03
    0.1720000000E+03    -0.1398908480E+03
    0.1730000000E+03    -0.1397469129E+03
    0.1740000000E+03    -0.1395971067E+03
    0.1750000000E+03    -0.1394410565E+03
    0.1760000000E+03    -0.1392808527E+03
    0.1770000000E+03    -0.1391150516E+03
    0.1780000000E+03    -0.1389425346E+03
    0.1790000000E+03    -0.1387656069E+03
    0.1800000000E+03    -0.1385835348E+03
    0.1810000000E+03    -0.1383959381E+03
    0.1820000000E+03    -0.1382012452E+03
    0.1830000000E+03    -0.1380025522E+03
    0.1840000000E+03    -0.1377992935E+03
    0.1850000000E+03    -0.1375899062E+03
    0.1860000000E+03    -0.1373757088E+03
    0.1870000000E+03    -0.1371555028E+03
    0.1880000000E+03    -0.1369304837E+03
    0.1890000000E+03    -0.1366985520E+03
    0.1900000000E+03    -0.1364618580E+03
    0.1910000000E+03    -0.1362201605E+03
    0.1920000000E+03    -0.1359724144E+03
    0.1930000000E+03    -0.1357193539E+03
    0.1940000000E+03    -0.1354597881E+03
    0.1950000000E+03    -0.1351944782E+03
    0.1960000000E+03    -0.1349230825E+03
    0.1970000000E+03    -0.1346460264E+03
    0.1980000000E+03    -0.1343652302E+03
    0.1990000000E+03    -0.1340768762E+03
    0.2000000000E+03    -0.1337835947E+03
    0.2010000000E+03    -0.1334823652E+03
    0.2020000000E+03    -0.1331759884E+03
    0.2030000000E+03    -0.1328631079E+03
    0.2040000000E+03    -0.1325455743E+03
    0.2050000000E+03    -0.1322217778E+03
    0.2060000000E+03    -0.1318913394E+03
    0.2070000000E+03    -0.1315542376E+03
    0.2080000000E+03    -0.1312109561E+03
    0.2090000000E+03    -0.1308615252E+03
    0.2100000000E+03    -0.1305066267E+03
    0.2110000000E+03    -0.1301435531E+03
    0.2120000000E+03    -0.1297740548E+03
    0.2130000000E+03    -0.1293989494E+03
    0.2140000000E+03    -0.1290176681E+03
    0.2150000000E+03    -0.1286298696E+03
    0.2160000000E+03    -0.1282365386E+03
    0.2170000000E+03    -0.1278369835E+03
    0.2180000000E+03    -0.1274304971E+03
    0.2190000000E+03    -0.1270173531E+03
    0.2200000000E+03    -0.1265993225E+03
    0.2210000000E+03    -0.1261735258E+03
    0.2220000000E+03    -0.1257400056E+03
    0.2230000000E+03    -0.1253006020E+03
    0.2240000000E+03    -0.1248558766E+03
    0.2250000000E+03    -0.1244039111E+03
    0.2260000000E+03    -0.1239463177E+03
    0.2270000000E+03    -0.1234809167E+03
    0.2280000000E+03    -0.1230109714E+03
    0.2290000000E+03    -0.1225325722E+03
    0.2300000000E+03    -0.1220492800E+03
    0.2310000000E+03    -0.1215578824E+03
    0.2320000000E+03    -0.1210628339E+03
    0.2330000000E+03    -0.1205605575E+03
    0.2340000000E+03    -0.1200502921E+03
    0.2350000000E+03    -0.1195326555E+03
    0.2360000000E+03    -0.1190104345E+03
    0.2370000000E+03    -0.1184794019E+03
    0.2380000000E+03    -0.1179436431E+03
    0.2390000000E+03    -0.1173990368E+03
    0.2400000000E+03    -0.1168477009E+03
    0.2410000000E+03    -0.1162942692E+03
    0.2420000000E+03    -0.1157309864E+03
    0.2430000000E+03    -0.1151606188E+03
    0.2440000000E+03    -0.1145858264E+03
    0.2450000000E+03    -0.1140050199E+03
    0.2460000000E+03    -0.1134162708E+03
    0.2470000000E+03    -0.1128192831E+03
    0.2480000000E+03    -0.1122156046E+03
    0.2490000000E+03    -0.1116061389E+03
    0.2500000000E+03    -0.1109895978E+03
    0.2510000000E+03    -0.1103669263E+03
    0.2520000000E+03    -0.1097376046E+03
    0.2530000000E+03    -0.1091002038E+03
    0.2540000000E+03    -0.1084557677E+03
    0.2550000000E+03    -0.1078040124E+03
    0.2560000000E+03    -0.1071446083E+03
    0.2570000000E+03    -0.1064789397E+03
    0.2580000000E+03    -0.1058081040E+03
    0.2590000000E+03    -0.1051304110E+03
    0.2600000000E+03    -0.1044451628E+03
    0.2610000000E+03    -0.1037516931E+03
    0.2620000000E+03    -0.1030512952E+03
    0.2630000000E+03    -0.1023432374E+03
    0.2640000000E+03    -0.1016291282E+03
    0.2650000000E+03    -0.1009075673E+03
    0.2660000000E+03    -0.1001793328E+03
    0.2670000000E+03    -0.9944535964E+02
    0.2680000000E+03    -0.9870278540E+02
    0.2690000000E+03    -0.9795477029E+02
    0.2700000000E+03    -0.9719685370E+02
    0.2710000000E+03    -0.9643472093E+02
    0.2720000000E+03    -0.9566142987E+02
    0.2730000000E+03    -0.9488394677E+02
    0.2740000000E+03    -0.9409803218E+02
    0.2750000000E+03    -0.9330189493E+02
    0.2760000000E+03    -0.9250142783E+02
    0.2770000000E+03    -0.9169318018E+02
    0.2780000000E+03    -0.9087764221E+02
    0.2790000000E+03    -0.9005614314E+02
    0.2800000000E+03    -0.8922624197E+02
    0.2810000000E+03    -0.8839089502E+02
    0.2820000000E+03    -0.8754751937E+02
    0.2830000000E+03    -0.8669493684E+02
    0.2840000000E+03    -0.8584057778E+02
    0.2850000000E+03    -0.8497851595E+02
    0.2860000000E+03    -0.8410819701E+02
    0.2870000000E+03    -0.8323258295E+02
    0.2880000000E+03    -0.8234685413E+02
    0.2890000000E+03    -0.8145697137E+02
    0.2900000000E+03    -0.8056181538E+02
    0.2910000000E+03    -0.7965819327E+02
    0.2920000000E+03    -0.7874992821E+02
    0.2930000000E+03    -0.7783509605E+02
    0.2940000000E+03    -0.7691519540E+02
    0.2950000000E+03    -0.7598980368E+02
    0.2960000000E+03    -0.7505776632E+02
    0.2970000000E+03    -0.7412155312E+02
    0.2980000000E+03    -0.7318033556E+02
    0.2990000000E+03    -0.7223547261E+02
    0.3000000000E+03    -0.7128605342E+02
    0.3010000000E+03    -0.7033228135E+02
    0.3020000000E+03    -0.6937417990E+02
    0.3030000000E+03    -0.6841348353E+02
    0.3040000000E+03    -0.6744887816E+02
    0.3050000000E+03    -0.6648276863E+02
    0.3060000000E+03    -0.6551303926E+02
    0.3070000000E+03    -0.6453727792E+02
    0.3080000000E+03    -0.6356107686E+02
    0.3090000000E+03    -0.6258176600E+02
    0.3100000000E+03    -0.6160169046E+02
    0.3110000000E+03    -0.6061789554E+02
    0.3120000000E+03    -0.5963262507E+02
    0.3130000000E+03    -0.5864825163E+02
    0.3140000000E+03    -0.5766117998E+02
    0.3150000000E+03    -0.5667610876E+02
    0.3160000000E+03    -0.5568898354E+02
    0.3170000000E+03    -0.5469982078E+02
    0.3180000000E+03    -0.5371118406E+02
    0.3190000000E+03    -0.5272089302E+02
    0.3200000000E+03    -0.5172977583E+02
    0.3210000000E+03    -0.5074178205E+02
    0.3220000000E+03    -0.4975448571E+02
    0.3230000000E+03    -0.4876875223E+02
    0.3240000000E+03    -0.4778923204E+02
    0.3250000000E+03    -0.4680859010E+02
    0.3260000000E+03    -0.4583144459E+02
    0.3270000000E+03    -0.4485567524E+02
    0.3280000000E+03    -0.4388551467E+02
    0.3290000000E+03    -0.4291433659E+02
    0.3300000000E+03    -0.4194762356E+02
    0.3310000000E+03    -0.4098555814E+02
    0.3320000000E+03    -0.4002990563E+02
    0.3330000000E+03    -0.3907198980E+02
    0.3340000000E+03    -0.3812281038E+02
    0.3350000000E+03    -0.3717815313E+02
    0.3360000000E+03    -0.3623906493E+02
    0.3370000000E+03    -0.3530565106E+02
    0.3380000000E+03    -0.3438114954E+02
    0.3390000000E+03    -0.3345912993E+02
    0.3400000000E+03    -0.3255107040E+02
    0.3410000000E+03    -0.3164049464E+02
    0.3420000000E+03    -0.3074081123E+02
    0.3430000000E+03    -0.2984833091E+02
    0.3440000000E+03    -0.2895840949E+02
    0.3450000000E+03    -0.2808334694E+02
    0.3460000000E+03    -0.2721654611E+02
    0.3470000000E+03    -0.2635573536E+02
    0.3480000000E+03    -0.2550819092E+02
    0.3490000000E+03    -0.2466190836E+02
    0.3500000000E+03    -0.2382851820E+02
    0.3510000000E+03    -0.2300957476E+02
    0.3520000000E+03    -0.2219793016E+02
    0.3530000000E+03    -0.2140004995E+02
    0.3540000000E+03    -0.2060419800E+02
    0.3550000000E+03    -0.1982795793E+02
    0.3560000000E+03    -0.1906186687E+02
    0.3570000000E+03    -0.1831401711E+02
    0.3580000000E+03    -0.1757629059E+02
    0.3590000000E+03    -0.1684656130E+02
    0.3600000000E+03    -0.1612991825E+02
    0.3610000000E+03    -0.1542394197E+02
    0.3620000000E+03    -0.1474204650E+02
    0.3630000000E+03    -0.1406985918E+02
    0.3640000000E+03    -0.1341714609E+02
    0.3650000000E+03    -0.1277808309E+02
    0.3660000000E+03    -0.1215622527E+02
    0.3670000000E+03    -0.1155037367E+02
    0.3680000000E+03    -0.1095453141E+02
    0.3690000000E+03    -0.1038169487E+02
    0.3700000000E+03    -0.9818592101E+01
    0.3710000000E+03    -0.9280002061E+01
    0.3720000000E+03    -0.8753271244E+01
    0.3730000000E+03    -0.8254159777E+01
    0.3740000000E+03    -0.7770650047E+01
    0.3750000000E+03    -0.7298363837E+01
    0.3760000000E+03    -0.6853952276E+01
    0.3770000000E+03    -0.6423085463E+01
    0.3780000000E+03    -0.6018372215E+01
    0.3790000000E+03    -0.5630788267E+01
    0.3800000000E+03    -0.5271097583E+01
    0.3810000000E+03    -0.4933289652E+01
    0.3820000000E+03    -0.4621542339E+01
    0.3830000000E+03    -0.4325880959E+01
    0.3840000000E+03    -0.4048520965E+01
    0.3850000000E+03    -0.3799940508E+01
    0.3860000000E+03    -0.3577385198E+01
    0.3870000000E+03    -0.3383431918E+01
    0.3880000000E+03    -0.3206676837E+01
    0.3890000000E+03    -0.3052755958E+01
    0.3900000000E+03    -0.2929770514E+01
    0.3910000000E+03    -0.2829437779E+01
    0.3920000000E+03    -0.2748233768E+01
    0.3930000000E+03    -0.2714923920E+01
    0.3940000000E+03    -0.2696085756E+01
    0.3950000000E+03    -0.2707547421E+01
    0.3960000000E+03    -0.2754413413E+01
    0.3970000000E+03    -0.2833943848E+01
    0.3980000000E+03    -0.2937025738E+01
    0.3990000000E+03    -0.3063193716E+01
    0.4000000000E+03    -0.3228717775E+01
    0.4010000000E+03    -0.3433716660E+01
    0.4020000000E+03    -0.3648138816E+01
    0.4030000000E+03    -0.3903350812E+01
    0.4040000000E+03    -0.4193689311E+01
    0.4050000000E+03    -0.4504815577E+01
    0.4060000000E+03    -0.4862960767E+01
    0.4070000000E+03    -0.5264273623E+01
    0.4080000000E+03    -0.5677477862E+01
    0.4090000000E+03    -0.6135032680E+01
    0.4100000000E+03    -0.6638420263E+01
    0.4110000000E+03    -0.7177312297E+01
    0.4120000000E+03    -0.7757061733E+01
    0.4130000000E+03    -0.8379732407E+01
    0.4140000000E+03    -0.9035410974E+01
    0.4150000000E+03    -0.9732938489E+01
    0.4160000000E+03    -0.1044710507E+02
    0.4170000000E+03    -0.1121208227E+02
    0.4180000000E+03    -0.1201809719E+02
    0.4190000000E+03    -0.1286052261E+02
    0.4200000000E+03    -0.1376475307E+02
    0.4210000000E+03    -0.1472909060E+02
    0.4220000000E+03    -0.1569508436E+02
    0.4230000000E+03    -0.1671991412E+02
    0.4240000000E+03    -0.1776994201E+02
    0.4250000000E+03    -0.1886752180E+02
    0.4260000000E+03    -0.2003073692E+02
    0.4270000000E+03    -0.2124726295E+02
    0.4280000000E+03    -0.2249880038E+02
    0.4290000000E+03    -0.2378006733E+02
    0.4300000000E+03    -0.2506964041E+02
    0.4310000000E+03    -0.2643100115E+02
    0.4320000000E+03    -0.2785583144E+02
    0.4330000000E+03    -0.2934119856E+02
    0.4340000000E+03    -0.3087954776E+02
    0.4350000000E+03    -0.3243329332E+02
    0.4360000000E+03    -0.3404383520E+02
    0.4370000000E+03    -0.3574018935E+02
    0.4380000000E+03    -0.3748830128E+02
    0.4390000000E+03    -0.3927405132E+02
    0.4400000000E+03    -0.4112245917E+02
    0.4410000000E+03    -0.4303313989E+02
    0.4420000000E+03    -0.4501040619E+02
    0.4430000000E+03    -0.4702009247E+02
    0.4440000000E+03    -0.4911398185E+02
    0.4450000000E+03    -0.5121497392E+02
    0.4460000000E+03    -0.5340846971E+02
    0.4470000000E+03    -0.5562994220E+02
    0.4480000000E+03    -0.5794787028E+02
    0.4490000000E+03    -0.6036123734E+02
    0.4500000000E+03    -0.6277562094E+02
    0.4510000000E+03    -0.6524284602E+02
    0.4520000000E+03    -0.6777755005E+02
    0.4530000000E+03    -0.7040058760E+02
    0.4540000000E+03    -0.7309383434E+02
    0.4550000000E+03    -0.7584120426E+02
    0.4560000000E+03    -0.7863894683E+02
    0.4570000000E+03    -0.8153164999E+02
    0.4580000000E+03    -0.8452295335E+02
    0.4590000000E+03    -0.8744205233E+02
    0.4600000000E+03    -0.9056745170E+02
    0.4610000000E+03    -0.9370326316E+02
    0.4620000000E+03    -0.9688316817E+02
    0.4630000000E+03    -0.1001958414E+03
    0.4640000000E+03    -0.1035723954E+03
    0.4650000000E+03    -0.1070777612E+03
