       0   -0.81827608E-09
       1   -0.60574082E-03
       2   -0.31849066E-01
       3   -0.93703858E-01
       4   -0.18645391E+00
       5   -0.30982328E+00
       6   -0.46365316E+00
       7   -0.64752225E+00
       8   -0.86187175E+00
       9   -0.11067824E+01
      10   -0.13821377E+01
      11   -0.16879076E+01
      12   -0.20237479E+01
      13   -0.23910200E+01
      14   -0.27880139E+01
      15   -0.32147805E+01
      16   -0.36697602E+01
      17   -0.41572846E+01
      18   -0.46752568E+01
      19   -0.52228801E+01
      20   -0.58003754E+01
      21   -0.64072679E+01
      22   -0.70439332E+01
      23   -0.77128379E+01
      24   -0.84104778E+01
      25   -0.91374605E+01
      26   -0.99005394E+01
      27   -0.10683807E+02
      28   -0.11501219E+02
      29   -0.12350951E+02
      30   -0.13227200E+02
      31   -0.14131614E+02
      32   -0.15066922E+02
      33   -0.16030886E+02
      34   -0.17025375E+02
      35   -0.18050809E+02
      36   -0.19098980E+02
      37   -0.20177262E+02
      38   -0.21284916E+02
      39   -0.22423964E+02
      40   -0.23593628E+02
      41   -0.24794670E+02
      42   -0.26017286E+02
      43   -0.27273313E+02
      44   -0.28561537E+02
      45   -0.29872553E+02
      46   -0.31211558E+02
      47   -0.32584514E+02
      48   -0.33983755E+02
      49   -0.35408855E+02
      50   -0.36864121E+02
      51   -0.38347917E+02
      52   -0.39857357E+02
      53   -0.41392769E+02
      54   -0.42962966E+02
      55   -0.44559938E+02
      56   -0.46183133E+02
      57   -0.47836431E+02
      58   -0.49517129E+02
      59   -0.51222591E+02
      60   -0.52956675E+02
      61   -0.54718213E+02
      62   -0.56510349E+02
      63   -0.58330885E+02
      64   -0.60179442E+02
      65   -0.62045077E+02
      66   -0.63937570E+02
      67   -0.65867854E+02
      68   -0.67818811E+02
      69   -0.69800950E+02
      70   -0.71803366E+02
      71   -0.73832744E+02
      72   -0.75887387E+02
      73   -0.77977929E+02
      74   -0.80093267E+02
      75   -0.82221622E+02
      76   -0.84387021E+02
      77   -0.86600186E+02
      78   -0.88828584E+02
      79   -0.91075619E+02
      80   -0.93347507E+02
      81   -0.95645973E+02
      82   -0.97974080E+02
      83   -0.10031331E+03
      84   -0.10268585E+03
      85   -0.10508981E+03
      86   -0.10750970E+03
      87   -0.10995756E+03
      88   -0.11244403E+03
      89   -0.11494350E+03
      90   -0.11746980E+03
      91   -0.12000737E+03
      92   -0.12258583E+03
      93   -0.12519214E+03
      94   -0.12781448E+03
      95   -0.13047420E+03
      96   -0.13315729E+03
      97   -0.13586367E+03
      98   -0.13858957E+03
      99   -0.14133404E+03
     100   -0.14411786E+03
     101   -0.14692206E+03
     102   -0.14975830E+03
     103   -0.15261965E+03
     104   -0.15550193E+03
     105   -0.15839661E+03
     106   -0.16133048E+03
     107   -0.16428953E+03
     108   -0.16727299E+03
     109   -0.17025668E+03
     110   -0.17328213E+03
     111   -0.17632459E+03
     112   -0.17938560E+03
     113   -0.18248331E+03
     114   -0.18558829E+03
     115   -0.18872900E+03
     116   -0.19187717E+03
     117   -0.19504418E+03
     118   -0.19826314E+03
     119   -0.20150453E+03
     120   -0.20475657E+03
     121   -0.20803310E+03
     122   -0.21134550E+03
     123   -0.21466053E+03
     124   -0.21801198E+03
     125   -0.22139333E+03
     126   -0.22478449E+03
     127   -0.22822753E+03
     128   -0.23166660E+03
     129   -0.23512246E+03
     130   -0.23863916E+03
     131   -0.24215761E+03
     132   -0.24566389E+03
     133   -0.24920291E+03
     134   -0.25277023E+03
     135   -0.25635625E+03
     136   -0.25997366E+03
     137   -0.26362779E+03
     138   -0.26728564E+03
     139   -0.27096650E+03
     140   -0.27468816E+03
     141   -0.27843103E+03
     142   -0.28219205E+03
     143   -0.28597514E+03
     144   -0.28977397E+03
     145   -0.29358697E+03
     146   -0.29743439E+03
     147   -0.30127635E+03
     148   -0.30515489E+03
     149   -0.30907471E+03
     150   -0.31301659E+03
     151   -0.31698683E+03
     152   -0.32098257E+03
     153   -0.32500859E+03
     154   -0.32902921E+03
     155   -0.33308165E+03
     156   -0.33716297E+03
     157   -0.34126523E+03
     158   -0.34541191E+03
     159   -0.34952772E+03
     160   -0.35366616E+03
     161   -0.35786523E+03
     162   -0.36208838E+03
     163   -0.36633029E+03
     164   -0.37060092E+03
     165   -0.37486111E+03
     166   -0.37917324E+03
     167   -0.38350743E+03
     168   -0.38786002E+03
     169   -0.39224115E+03
     170   -0.39663703E+03
     171   -0.40106502E+03
     172   -0.40551170E+03
     173   -0.40998918E+03
     174   -0.41444406E+03
     175   -0.41895908E+03
     176   -0.42346152E+03
     177   -0.42801520E+03
     178   -0.43260729E+03
     179   -0.43724895E+03
     180   -0.44186265E+03
     181   -0.44646901E+03
     182   -0.45116307E+03
     183   -0.45584272E+03
     184   -0.46053737E+03
     185   -0.46524418E+03
     186   -0.47000578E+03
     187   -0.47479316E+03
     188   -0.47959330E+03
     189   -0.48443539E+03
     190   -0.48929852E+03
     191   -0.49417841E+03
     192   -0.49906727E+03
     193   -0.50402012E+03
     194   -0.50895343E+03
     195   -0.51396045E+03
     196   -0.51896025E+03
     197   -0.52402231E+03
     198   -0.52904619E+03
     199   -0.53413013E+03
     200   -0.53922789E+03
     201   -0.54436440E+03
     202   -0.54947254E+03
     203   -0.55464299E+03
     204   -0.55985202E+03
     205   -0.56505747E+03
     206   -0.57025338E+03
     207   -0.57547483E+03
     208   -0.58076859E+03
     209   -0.58610361E+03
     210   -0.59147700E+03
     211   -0.59683466E+03
     212   -0.60224002E+03
     213   -0.60768777E+03
     214   -0.61310902E+03
     215   -0.61859792E+03
     216   -0.62408104E+03
     217   -0.62961842E+03
     218   -0.63512094E+03
     219   -0.64066532E+03
     220   -0.64627334E+03
     221   -0.65195141E+03
     222   -0.65760349E+03
     223   -0.66326380E+03
     224   -0.66896131E+03
     225   -0.67472154E+03
     226   -0.68052641E+03
     227   -0.68629567E+03
     228   -0.69209073E+03
     229   -0.69790897E+03
     230   -0.70369553E+03
     231   -0.70954199E+03
     232   -0.71544507E+03
     233   -0.72140387E+03
     234   -0.72735320E+03
     235   -0.73334213E+03
     236   -0.73934275E+03
     237   -0.74535411E+03
     238   -0.75139432E+03
     239   -0.75750460E+03
     240   -0.76363500E+03
     241   -0.76979923E+03
     242   -0.77596170E+03
     243   -0.78216240E+03
     244   -0.78837569E+03
     245   -0.79469976E+03
     246   -0.80095537E+03
     247   -0.80724999E+03
     248   -0.81362094E+03
     249   -0.82002488E+03
     250   -0.82642990E+03
     251   -0.83282653E+03
     252   -0.83924173E+03
     253   -0.84567231E+03
     254   -0.85214367E+03
     255   -0.85862239E+03
     256   -0.86520422E+03
     257   -0.87179440E+03
     258   -0.87842558E+03
     259   -0.88500834E+03
     260   -0.89162499E+03
     261   -0.89831751E+03
     262   -0.90507869E+03
     263   -0.91179551E+03
     264   -0.91856590E+03
     265   -0.92533885E+03
     266   -0.93217137E+03
     267   -0.93902839E+03
     268   -0.94594625E+03
     269   -0.95284447E+03
     270   -0.95978508E+03
     271   -0.96671637E+03
     272   -0.97368932E+03
     273   -0.98071629E+03
     274   -0.98770507E+03
     275   -0.99479333E+03
     276   -0.10018915E+04
     277   -0.10090038E+04
     278   -0.10161781E+04
     279   -0.10233975E+04
     280   -0.10305848E+04
     281   -0.10378080E+04
     282   -0.10450875E+04
     283   -0.10523728E+04
     284   -0.10596749E+04
     285   -0.10670517E+04
     286   -0.10744621E+04
     287   -0.10818007E+04
     288   -0.10892412E+04
     289   -0.10966441E+04
     290   -0.11042197E+04
     291   -0.11116895E+04
     292   -0.11192974E+04
     293   -0.11268653E+04
     294   -0.11344349E+04
     295   -0.11419903E+04
     296   -0.11496286E+04
     297   -0.11572863E+04
     298   -0.11649217E+04
     299   -0.11726291E+04
     300   -0.11804126E+04
     301   -0.11880838E+04
     302   -0.11959166E+04
     303   -0.12038419E+04
     304   -0.12117126E+04
     305   -0.12195353E+04
     306   -0.12274043E+04
     307   -0.12353264E+04
     308   -0.12432436E+04
     309   -0.12511222E+04
     310   -0.12590617E+04
     311   -0.12669346E+04
     312   -0.12749585E+04
     313   -0.12831325E+04
     314   -0.12912904E+04
     315   -0.12994266E+04
     316   -0.13075762E+04
     317   -0.13157394E+04
     318   -0.13239293E+04
     319   -0.13320416E+04
     320   -0.13402440E+04
     321   -0.13484952E+04
     322   -0.13567958E+04
     323   -0.13651188E+04
     324   -0.13734133E+04
     325   -0.13816872E+04
     326   -0.13900883E+04
     327   -0.13986488E+04
     328   -0.14069627E+04
     329   -0.14153912E+04
     330   -0.14239412E+04
     331   -0.14324792E+04
     332   -0.14409940E+04
     333   -0.14494969E+04
     334   -0.14582227E+04
     335   -0.14667739E+04
     336   -0.14752568E+04
     337   -0.14839655E+04
     338   -0.14926102E+04
     339   -0.15012689E+04
     340   -0.15097043E+04
     341   -0.15184144E+04
     342   -0.15272884E+04
     343   -0.15358261E+04
     344   -0.15445708E+04
     345   -0.15533809E+04
     346   -0.15619663E+04
     347   -0.15708557E+04
     348   -0.15795777E+04
     349   -0.15883392E+04
     350   -0.15972736E+04
     351   -0.16061403E+04
     352   -0.16150048E+04
     353   -0.16237741E+04
     354   -0.16325182E+04
     355   -0.16412872E+04
     356   -0.16504687E+04
     357   -0.16596213E+04
     358   -0.16686593E+04
     359   -0.16776730E+04
     360   -0.16867254E+04
     361   -0.16959135E+04
     362   -0.17049076E+04
     363   -0.17138064E+04
     364   -0.17228065E+04
     365   -0.17316706E+04
     366   -0.17408784E+04
     367   -0.17499802E+04
     368   -0.17591303E+04
     369   -0.17686242E+04
     370   -0.17775218E+04
     371   -0.17868390E+04
     372   -0.17962685E+04
     373   -0.18054718E+04
     374   -0.18145910E+04
     375   -0.18238579E+04
     376   -0.18329758E+04
     377   -0.18422880E+04
     378   -0.18515992E+04
     379   -0.18610356E+04
     380   -0.18702369E+04
