       0    0.59028207E-10
       1   -0.60573994E-03
       2   -0.35707048E-01
       3   -0.10552465E+00
       4   -0.21018343E+00
       5   -0.34970682E+00
       6   -0.52373061E+00
       7   -0.73295954E+00
       8   -0.97653144E+00
       9   -0.12551875E+01
      10   -0.15682360E+01
      11   -0.19157543E+01
      12   -0.22985999E+01
      13   -0.27165787E+01
      14   -0.31697837E+01
      15   -0.36587273E+01
      16   -0.41818641E+01
      17   -0.47403724E+01
      18   -0.53348123E+01
      19   -0.59629542E+01
      20   -0.66266510E+01
      21   -0.73244002E+01
      22   -0.80589494E+01
      23   -0.88288000E+01
      24   -0.96343603E+01
      25   -0.10475345E+02
      26   -0.11351377E+02
      27   -0.12261934E+02
      28   -0.13210623E+02
      29   -0.14194237E+02
      30   -0.15214085E+02
      31   -0.16268300E+02
      32   -0.17358136E+02
      33   -0.18479682E+02
      34   -0.19642613E+02
      35   -0.20838188E+02
      36   -0.22066266E+02
      37   -0.23333653E+02
      38   -0.24633542E+02
      39   -0.25969976E+02
      40   -0.27345987E+02
      41   -0.28762653E+02
      42   -0.30220066E+02
      43   -0.31705039E+02
      44   -0.33224407E+02
      45   -0.34784741E+02
      46   -0.36378984E+02
      47   -0.38002268E+02
      48   -0.39663658E+02
      49   -0.41361008E+02
      50   -0.43094507E+02
      51   -0.44871876E+02
      52   -0.46678387E+02
      53   -0.48523429E+02
      54   -0.50401647E+02
      55   -0.52313990E+02
      56   -0.54259165E+02
      57   -0.56233898E+02
      58   -0.58247785E+02
      59   -0.60297339E+02
      60   -0.62384074E+02
      61   -0.64498370E+02
      62   -0.66643089E+02
      63   -0.68828585E+02
      64   -0.71053376E+02
      65   -0.73315461E+02
      66   -0.75604114E+02
      67   -0.77935905E+02
      68   -0.80294706E+02
      69   -0.82688375E+02
      70   -0.85096706E+02
      71   -0.87553098E+02
      72   -0.90033669E+02
      73   -0.92547728E+02
      74   -0.95117949E+02
      75   -0.97709929E+02
      76   -0.10031299E+03
      77   -0.10295634E+03
      78   -0.10564432E+03
      79   -0.10835485E+03
      80   -0.11109076E+03
      81   -0.11388551E+03
      82   -0.11669707E+03
      83   -0.11952845E+03
      84   -0.12239478E+03
      85   -0.12530063E+03
      86   -0.12821176E+03
      87   -0.13116511E+03
      88   -0.13414039E+03
      89   -0.13717371E+03
      90   -0.14022207E+03
      91   -0.14328748E+03
      92   -0.14638704E+03
      93   -0.14949874E+03
      94   -0.15263681E+03
      95   -0.15580330E+03
      96   -0.15901117E+03
      97   -0.16225308E+03
      98   -0.16551873E+03
      99   -0.16879952E+03
     100   -0.17212237E+03
     101   -0.17544030E+03
     102   -0.17879177E+03
     103   -0.18215916E+03
     104   -0.18554508E+03
     105   -0.18894806E+03
     106   -0.19238122E+03
     107   -0.19586174E+03
     108   -0.19938227E+03
     109   -0.20290467E+03
     110   -0.20645104E+03
     111   -0.21001688E+03
     112   -0.21359264E+03
     113   -0.21720433E+03
     114   -0.22082599E+03
     115   -0.22446248E+03
     116   -0.22812260E+03
     117   -0.23178087E+03
     118   -0.23551003E+03
     119   -0.23924227E+03
     120   -0.24302256E+03
     121   -0.24681701E+03
     122   -0.25058679E+03
     123   -0.25441476E+03
     124   -0.25821961E+03
     125   -0.26210206E+03
     126   -0.26597026E+03
     127   -0.26986820E+03
     128   -0.27378457E+03
     129   -0.27771989E+03
     130   -0.28169256E+03
     131   -0.28565720E+03
     132   -0.28965796E+03
     133   -0.29365141E+03
     134   -0.29765778E+03
     135   -0.30170375E+03
     136   -0.30573067E+03
     137   -0.30978123E+03
     138   -0.31384397E+03
     139   -0.31793268E+03
     140   -0.32204396E+03
     141   -0.32617911E+03
     142   -0.33033289E+03
     143   -0.33450657E+03
     144   -0.33868700E+03
     145   -0.34290129E+03
     146   -0.34712969E+03
     147   -0.35135514E+03
     148   -0.35560578E+03
     149   -0.35992183E+03
     150   -0.36422272E+03
     151   -0.36856212E+03
     152   -0.37288893E+03
     153   -0.37721068E+03
     154   -0.38154072E+03
     155   -0.38589760E+03
     156   -0.39027381E+03
     157   -0.39467048E+03
     158   -0.39905354E+03
     159   -0.40349281E+03
     160   -0.40793220E+03
     161   -0.41234034E+03
     162   -0.41682204E+03
     163   -0.42130567E+03
     164   -0.42583349E+03
     165   -0.43032490E+03
     166   -0.43487655E+03
     167   -0.43940278E+03
     168   -0.44396245E+03
     169   -0.44854253E+03
     170   -0.45316493E+03
     171   -0.45777520E+03
     172   -0.46236995E+03
     173   -0.46704311E+03
     174   -0.47170922E+03
     175   -0.47632932E+03
     176   -0.48096729E+03
     177   -0.48565645E+03
     178   -0.49037181E+03
     179   -0.49510860E+03
     180   -0.49984343E+03
     181   -0.50461174E+03
     182   -0.50935655E+03
     183   -0.51408306E+03
     184   -0.51885026E+03
     185   -0.52365038E+03
     186   -0.52843262E+03
     187   -0.53321482E+03
     188   -0.53802944E+03
     189   -0.54286733E+03
     190   -0.54773393E+03
     191   -0.55258881E+03
     192   -0.55749279E+03
     193   -0.56239770E+03
     194   -0.56741171E+03
     195   -0.57239608E+03
     196   -0.57735040E+03
     197   -0.58238492E+03
     198   -0.58739361E+03
     199   -0.59241012E+03
     200   -0.59746212E+03
     201   -0.60252330E+03
     202   -0.60757675E+03
     203   -0.61268821E+03
     204   -0.61782491E+03
     205   -0.62296081E+03
     206   -0.62812621E+03
     207   -0.63327690E+03
     208   -0.63849419E+03
     209   -0.64364961E+03
     210   -0.64888311E+03
     211   -0.65413777E+03
     212   -0.65941278E+03
     213   -0.66472250E+03
     214   -0.67002464E+03
     215   -0.67536736E+03
     216   -0.68072207E+03
     217   -0.68609210E+03
     218   -0.69148281E+03
     219   -0.69694110E+03
     220   -0.70239846E+03
     221   -0.70780548E+03
     222   -0.71328247E+03
     223   -0.71878747E+03
     224   -0.72433473E+03
     225   -0.72988328E+03
     226   -0.73543350E+03
     227   -0.74097721E+03
     228   -0.74661223E+03
     229   -0.75225215E+03
     230   -0.75785049E+03
     231   -0.76354966E+03
     232   -0.76921312E+03
     233   -0.77497993E+03
     234   -0.78072231E+03
     235   -0.78647595E+03
     236   -0.79229350E+03
     237   -0.79812637E+03
     238   -0.80393189E+03
     239   -0.80978607E+03
     240   -0.81565791E+03
     241   -0.82160639E+03
     242   -0.82757855E+03
     243   -0.83357034E+03
     244   -0.83958598E+03
     245   -0.84564144E+03
     246   -0.85167826E+03
     247   -0.85778045E+03
     248   -0.86393424E+03
     249   -0.87010182E+03
     250   -0.87627475E+03
     251   -0.88248530E+03
     252   -0.88873413E+03
     253   -0.89500437E+03
     254   -0.90125537E+03
     255   -0.90755832E+03
     256   -0.91390327E+03
     257   -0.92029934E+03
     258   -0.92676041E+03
     259   -0.93322631E+03
     260   -0.93978026E+03
     261   -0.94633886E+03
     262   -0.95288726E+03
     263   -0.95948745E+03
     264   -0.96613978E+03
     265   -0.97279726E+03
     266   -0.97951309E+03
     267   -0.98622239E+03
     268   -0.99299032E+03
     269   -0.99986955E+03
     270   -0.10066929E+04
     271   -0.10135814E+04
     272   -0.10205192E+04
     273   -0.10274866E+04
     274   -0.10344266E+04
     275   -0.10413852E+04
     276   -0.10484620E+04
     277   -0.10555293E+04
     278   -0.10626314E+04
     279   -0.10698060E+04
     280   -0.10769305E+04
     281   -0.10841200E+04
     282   -0.10914192E+04
     283   -0.10987499E+04
     284   -0.11060761E+04
     285   -0.11133867E+04
     286   -0.11207329E+04
     287   -0.11281415E+04
     288   -0.11355435E+04
     289   -0.11430117E+04
     290   -0.11505407E+04
     291   -0.11580972E+04
     292   -0.11656950E+04
     293   -0.11733910E+04
     294   -0.11810093E+04
     295   -0.11886455E+04
     296   -0.11963564E+04
     297   -0.12041444E+04
     298   -0.12119183E+04
     299   -0.12197316E+04
     300   -0.12275926E+04
     301   -0.12354866E+04
     302   -0.12434275E+04
     303   -0.12514464E+04
     304   -0.12594601E+04
     305   -0.12674783E+04
     306   -0.12755816E+04
     307   -0.12836972E+04
     308   -0.12918440E+04
     309   -0.12999866E+04
     310   -0.13081892E+04
     311   -0.13163796E+04
     312   -0.13246200E+04
     313   -0.13329915E+04
     314   -0.13412576E+04
     315   -0.13496423E+04
     316   -0.13579932E+04
     317   -0.13663964E+04
     318   -0.13748530E+04
     319   -0.13833024E+04
     320   -0.13918280E+04
     321   -0.14003695E+04
     322   -0.14089390E+04
     323   -0.14174940E+04
     324   -0.14262010E+04
     325   -0.14348717E+04
     326   -0.14435646E+04
     327   -0.14523119E+04
     328   -0.14609899E+04
     329   -0.14696973E+04
     330   -0.14785703E+04
     331   -0.14874523E+04
     332   -0.14963184E+04
     333   -0.15051184E+04
     334   -0.15139884E+04
     335   -0.15229463E+04
     336   -0.15318558E+04
     337   -0.15409030E+04
     338   -0.15499110E+04
     339   -0.15589061E+04
     340   -0.15679148E+04
     341   -0.15770215E+04
     342   -0.15862443E+04
     343   -0.15953703E+04
     344   -0.16045427E+04
     345   -0.16137618E+04
     346   -0.16230357E+04
     347   -0.16323535E+04
     348   -0.16415556E+04
     349   -0.16509750E+04
     350   -0.16602876E+04
     351   -0.16696842E+04
     352   -0.16791110E+04
     353   -0.16885416E+04
     354   -0.16979346E+04
     355   -0.17073575E+04
     356   -0.17167497E+04
     357   -0.17260395E+04
     358   -0.17356467E+04
     359   -0.17451930E+04
     360   -0.17547242E+04
     361   -0.17642200E+04
     362   -0.17739466E+04
     363   -0.17836158E+04
     364   -0.17932175E+04
     365   -0.18029727E+04
     366   -0.18126931E+04
     367   -0.18223983E+04
     368   -0.18322147E+04
     369   -0.18420342E+04
     370   -0.18517324E+04
     371   -0.18616833E+04
     372   -0.18711781E+04
     373   -0.18809173E+04
     374   -0.18907026E+04
     375   -0.19005081E+04
     376   -0.19104151E+04
     377   -0.19203396E+04
     378   -0.19301948E+04
     379   -0.19399914E+04
     380   -0.19499590E+04
     381   -0.19598469E+04
     382   -0.19696067E+04
     383   -0.19794406E+04
     384   -0.19896682E+04
     385   -0.19996941E+04
     386   -0.20094249E+04
     387   -0.20195592E+04
     388   -0.20296016E+04
     389   -0.20400224E+04
     390   -0.20499911E+04
     391   -0.20601461E+04
     392   -0.20701786E+04
     393   -0.20803958E+04
     394   -0.20902252E+04
     395   -0.21002412E+04
     396   -0.21104818E+04
     397   -0.21205428E+04
     398   -0.21304605E+04
     399   -0.21408450E+04
     400   -0.21505698E+04
     401   -0.21606500E+04
     402   -0.21707511E+04
     403   -0.21809590E+04
     404   -0.21912072E+04
     405   -0.22014119E+04
     406   -0.22116148E+04
     407   -0.22221413E+04
     408   -0.22324581E+04
     409   -0.22422667E+04
     410   -0.22524481E+04
     411   -0.22631695E+04
     412   -0.22729362E+04
     413   -0.22827521E+04
     414   -0.22927403E+04
     415   -0.23027270E+04
