    0.0000000000E+00    -0.1099977486E+03
    0.1000000000E+01    -0.1086959402E+03
    0.2000000000E+01    -0.1080572836E+03
    0.3000000000E+01    -0.1077937612E+03
    0.4000000000E+01    -0.1077871199E+03
    0.5000000000E+01    -0.1079742244E+03
    0.6000000000E+01    -0.1083137489E+03
    0.7000000000E+01    -0.1087769760E+03
    0.8000000000E+01    -0.1093433026E+03
    0.9000000000E+01    -0.1099969029E+03
    0.1000000000E+02    -0.1107266029E+03
    0.1100000000E+02    -0.1115207799E+03
    0.1200000000E+02    -0.1123711104E+03
    0.1300000000E+02    -0.1132716323E+03
    0.1400000000E+02    -0.1142162837E+03
    0.1500000000E+02    -0.1151986138E+03
    0.1600000000E+02    -0.1162145927E+03
    0.1700000000E+02    -0.1172613608E+03
    0.1800000000E+02    -0.1183342088E+03
    0.1900000000E+02    -0.1194300661E+03
    0.2000000000E+02    -0.1205464379E+03
    0.2100000000E+02    -0.1216803394E+03
    0.2200000000E+02    -0.1228287314E+03
    0.2300000000E+02    -0.1239915502E+03
    0.2400000000E+02    -0.1251655468E+03
    0.2500000000E+02    -0.1263493803E+03
    0.2600000000E+02    -0.1275403387E+03
    0.2700000000E+02    -0.1287378051E+03
    0.2800000000E+02    -0.1299404277E+03
    0.2900000000E+02    -0.1311448411E+03
    0.3000000000E+02    -0.1323513941E+03
    0.3100000000E+02    -0.1335587953E+03
    0.3200000000E+02    -0.1347652190E+03
    0.3300000000E+02    -0.1359695175E+03
    0.3400000000E+02    -0.1371704443E+03
    0.3500000000E+02    -0.1383668277E+03
    0.3600000000E+02    -0.1395575859E+03
    0.3700000000E+02    -0.1407436146E+03
    0.3800000000E+02    -0.1419220675E+03
    0.3900000000E+02    -0.1430923277E+03
    0.4000000000E+02    -0.1442538520E+03
    0.4100000000E+02    -0.1454053706E+03
    0.4200000000E+02    -0.1465465587E+03
    0.4300000000E+02    -0.1476768418E+03
    0.4400000000E+02    -0.1487964439E+03
    0.4500000000E+02    -0.1499028006E+03
    0.4600000000E+02    -0.1509960631E+03
    0.4700000000E+02    -0.1520767428E+03
    0.4800000000E+02    -0.1531442415E+03
    0.4900000000E+02    -0.1541981974E+03
    0.5000000000E+02    -0.1552368214E+03
    0.5100000000E+02    -0.1562617928E+03
    0.5200000000E+02    -0.1572724715E+03
    0.5300000000E+02    -0.1582697902E+03
    0.5400000000E+02    -0.1592549686E+03
    0.5500000000E+02    -0.1602240428E+03
    0.5600000000E+02    -0.1611802543E+03
    0.5700000000E+02    -0.1621231405E+03
    0.5800000000E+02    -0.1630516428E+03
    0.5900000000E+02    -0.1639679439E+03
    0.6000000000E+02    -0.1648720810E+03
    0.6100000000E+02    -0.1657629109E+03
    0.6200000000E+02    -0.1666410440E+03
    0.6300000000E+02    -0.1675069803E+03
    0.6400000000E+02    -0.1683595282E+03
    0.6500000000E+02    -0.1692012831E+03
    0.6600000000E+02    -0.1700305904E+03
    0.6700000000E+02    -0.1708467279E+03
    0.6800000000E+02    -0.1716519804E+03
    0.6900000000E+02    -0.1724462868E+03
    0.7000000000E+02    -0.1732276879E+03
    0.7100000000E+02    -0.1739982128E+03
    0.7200000000E+02    -0.1747579882E+03
    0.7300000000E+02    -0.1755064156E+03
    0.7400000000E+02    -0.1762432607E+03
    0.7500000000E+02    -0.1769694180E+03
    0.7600000000E+02    -0.1776837599E+03
    0.7700000000E+02    -0.1783882017E+03
    0.7800000000E+02    -0.1790807406E+03
    0.7900000000E+02    -0.1797646566E+03
    0.8000000000E+02    -0.1804368835E+03
    0.8100000000E+02    -0.1810978910E+03
    0.8200000000E+02    -0.1817485729E+03
    0.8300000000E+02    -0.1823872893E+03
    0.8400000000E+02    -0.1830168375E+03
    0.8500000000E+02    -0.1836368177E+03
    0.8600000000E+02    -0.1842447039E+03
    0.8700000000E+02    -0.1848433420E+03
    0.8800000000E+02    -0.1854316799E+03
    0.8900000000E+02    -0.1860113348E+03
    0.9000000000E+02    -0.1865800000E+03
    0.9100000000E+02    -0.1871381418E+03
    0.9200000000E+02    -0.1876889832E+03
    0.9300000000E+02    -0.1882303833E+03
    0.9400000000E+02    -0.1887608700E+03
    0.9500000000E+02    -0.1892816706E+03
    0.9600000000E+02    -0.1897957715E+03
    0.9700000000E+02    -0.1902993759E+03
    0.9800000000E+02    -0.1907950577E+03
    0.9900000000E+02    -0.1912828105E+03
    0.1000000000E+03    -0.1917622163E+03
    0.1010000000E+03    -0.1922314609E+03
    0.1020000000E+03    -0.1926914215E+03
    0.1030000000E+03    -0.1931444265E+03
    0.1040000000E+03    -0.1935892893E+03
    0.1050000000E+03    -0.1940246463E+03
    0.1060000000E+03    -0.1944514328E+03
    0.1070000000E+03    -0.1948698043E+03
    0.1080000000E+03    -0.1952795620E+03
    0.1090000000E+03    -0.1956814888E+03
    0.1100000000E+03    -0.1960740510E+03
    0.1110000000E+03    -0.1964589814E+03
    0.1120000000E+03    -0.1968323996E+03
    0.1130000000E+03    -0.1971984310E+03
    0.1140000000E+03    -0.1975572760E+03
    0.1150000000E+03    -0.1979064366E+03
    0.1160000000E+03    -0.1982478919E+03
    0.1170000000E+03    -0.1985811967E+03
    0.1180000000E+03    -0.1989043680E+03
    0.1190000000E+03    -0.1992194370E+03
    0.1200000000E+03    -0.1995251100E+03
    0.1210000000E+03    -0.1998231645E+03
    0.1220000000E+03    -0.2001119322E+03
    0.1230000000E+03    -0.2003921280E+03
    0.1240000000E+03    -0.2006622980E+03
    0.1250000000E+03    -0.2009250236E+03
    0.1260000000E+03    -0.2011807284E+03
    0.1270000000E+03    -0.2014256436E+03
    0.1280000000E+03    -0.2016609353E+03
    0.1290000000E+03    -0.2018858049E+03
    0.1300000000E+03    -0.2021011855E+03
    0.1310000000E+03    -0.2023070254E+03
    0.1320000000E+03    -0.2025030273E+03
    0.1330000000E+03    -0.2026877570E+03
    0.1340000000E+03    -0.2028646625E+03
    0.1350000000E+03    -0.2030316814E+03
    0.1360000000E+03    -0.2031888205E+03
    0.1370000000E+03    -0.2033342094E+03
    0.1380000000E+03    -0.2034697033E+03
    0.1390000000E+03    -0.2035948821E+03
    0.1400000000E+03    -0.2037105638E+03
    0.1410000000E+03    -0.2038155792E+03
    0.1420000000E+03    -0.2039093579E+03
    0.1430000000E+03    -0.2039938407E+03
    0.1440000000E+03    -0.2040675057E+03
    0.1450000000E+03    -0.2041305358E+03
    0.1460000000E+03    -0.2041831163E+03
    0.1470000000E+03    -0.2042266025E+03
    0.1480000000E+03    -0.2042611225E+03
    0.1490000000E+03    -0.2042835655E+03
    0.1500000000E+03    -0.2042976914E+03
    0.1510000000E+03    -0.2043038861E+03
    0.1520000000E+03    -0.2042985465E+03
    0.1530000000E+03    -0.2042843132E+03
    0.1540000000E+03    -0.2042641920E+03
    0.1550000000E+03    -0.2042349859E+03
    0.1560000000E+03    -0.2041979167E+03
    0.1570000000E+03    -0.2041502962E+03
    0.1580000000E+03    -0.2040971312E+03
    0.1590000000E+03    -0.2040354916E+03
    0.1600000000E+03    -0.2039660970E+03
    0.1610000000E+03    -0.2038916391E+03
    0.1620000000E+03    -0.2038071812E+03
    0.1630000000E+03    -0.2037172190E+03
    0.1640000000E+03    -0.2036215518E+03
    0.1650000000E+03    -0.2035189737E+03
    0.1660000000E+03    -0.2034117144E+03
    0.1670000000E+03    -0.2032972221E+03
    0.1680000000E+03    -0.2031762292E+03
    0.1690000000E+03    -0.2030502249E+03
    0.1700000000E+03    -0.2029202753E+03
    0.1710000000E+03    -0.2027862321E+03
    0.1720000000E+03    -0.2026447100E+03
    0.1730000000E+03    -0.2025009555E+03
    0.1740000000E+03    -0.2023511715E+03
    0.1750000000E+03    -0.2021948594E+03
    0.1760000000E+03    -0.2020361143E+03
    0.1770000000E+03    -0.2018740624E+03
    0.1780000000E+03    -0.2017060926E+03
    0.1790000000E+03    -0.2015339273E+03
    0.1800000000E+03    -0.2013578550E+03
    0.1810000000E+03    -0.2011761485E+03
    0.1820000000E+03    -0.2009916541E+03
    0.1830000000E+03    -0.2008041577E+03
    0.1840000000E+03    -0.2006130808E+03
    0.1850000000E+03    -0.2004171757E+03
    0.1860000000E+03    -0.2002186862E+03
    0.1870000000E+03    -0.2000160542E+03
    0.1880000000E+03    -0.1998092328E+03
    0.1890000000E+03    -0.1995974018E+03
    0.1900000000E+03    -0.1993828769E+03
    0.1910000000E+03    -0.1991621449E+03
    0.1920000000E+03    -0.1989400034E+03
    0.1930000000E+03    -0.1987117960E+03
    0.1940000000E+03    -0.1984805013E+03
    0.1950000000E+03    -0.1982443392E+03
    0.1960000000E+03    -0.1980050146E+03
    0.1970000000E+03    -0.1977610025E+03
    0.1980000000E+03    -0.1975139842E+03
    0.1990000000E+03    -0.1972621718E+03
    0.2000000000E+03    -0.1970066247E+03
    0.2010000000E+03    -0.1967461054E+03
    0.2020000000E+03    -0.1964824548E+03
    0.2030000000E+03    -0.1962147628E+03
    0.2040000000E+03    -0.1959406704E+03
    0.2050000000E+03    -0.1956609807E+03
    0.2060000000E+03    -0.1953755896E+03
    0.2070000000E+03    -0.1950853958E+03
    0.2080000000E+03    -0.1947900807E+03
    0.2090000000E+03    -0.1944895140E+03
    0.2100000000E+03    -0.1941838619E+03
    0.2110000000E+03    -0.1938735718E+03
    0.2120000000E+03    -0.1935535383E+03
    0.2130000000E+03    -0.1932297308E+03
    0.2140000000E+03    -0.1928965544E+03
    0.2150000000E+03    -0.1925589957E+03
    0.2160000000E+03    -0.1922145472E+03
    0.2170000000E+03    -0.1918625664E+03
    0.2180000000E+03    -0.1915015733E+03
    0.2190000000E+03    -0.1911329247E+03
    0.2200000000E+03    -0.1907545024E+03
    0.2210000000E+03    -0.1903699552E+03
    0.2220000000E+03    -0.1899794061E+03
    0.2230000000E+03    -0.1895782009E+03
    0.2240000000E+03    -0.1891655185E+03
    0.2250000000E+03    -0.1887446687E+03
    0.2260000000E+03    -0.1883137193E+03
    0.2270000000E+03    -0.1878729379E+03
    0.2280000000E+03    -0.1874241568E+03
    0.2290000000E+03    -0.1869661352E+03
    0.2300000000E+03    -0.1864949429E+03
    0.2310000000E+03    -0.1860129485E+03
    0.2320000000E+03    -0.1855207824E+03
    0.2330000000E+03    -0.1850200062E+03
    0.2340000000E+03    -0.1845067924E+03
    0.2350000000E+03    -0.1839868976E+03
    0.2360000000E+03    -0.1834521271E+03
    0.2370000000E+03    -0.1829104062E+03
    0.2380000000E+03    -0.1823593314E+03
    0.2390000000E+03    -0.1817958823E+03
    0.2400000000E+03    -0.1812245881E+03
    0.2410000000E+03    -0.1806410007E+03
    0.2420000000E+03    -0.1800484342E+03
    0.2430000000E+03    -0.1794473798E+03
    0.2440000000E+03    -0.1788351424E+03
    0.2450000000E+03    -0.1782168107E+03
    0.2460000000E+03    -0.1775880297E+03
    0.2470000000E+03    -0.1769465438E+03
    0.2480000000E+03    -0.1762973849E+03
    0.2490000000E+03    -0.1756420564E+03
    0.2500000000E+03    -0.1749760446E+03
    0.2510000000E+03    -0.1743018652E+03
    0.2520000000E+03    -0.1736192213E+03
    0.2530000000E+03    -0.1729282808E+03
    0.2540000000E+03    -0.1722256747E+03
    0.2550000000E+03    -0.1715178281E+03
    0.2560000000E+03    -0.1708007155E+03
    0.2570000000E+03    -0.1700755762E+03
    0.2580000000E+03    -0.1693424370E+03
    0.2590000000E+03    -0.1686017054E+03
    0.2600000000E+03    -0.1678513450E+03
    0.2610000000E+03    -0.1670935163E+03
    0.2620000000E+03    -0.1663278312E+03
    0.2630000000E+03    -0.1655521942E+03
    0.2640000000E+03    -0.1647710682E+03
    0.2650000000E+03    -0.1639795295E+03
    0.2660000000E+03    -0.1631804587E+03
    0.2670000000E+03    -0.1623734490E+03
    0.2680000000E+03    -0.1615594344E+03
    0.2690000000E+03    -0.1607347688E+03
    0.2700000000E+03    -0.1599015540E+03
    0.2710000000E+03    -0.1590607928E+03
    0.2720000000E+03    -0.1582111868E+03
    0.2730000000E+03    -0.1573538664E+03
    0.2740000000E+03    -0.1564860034E+03
    0.2750000000E+03    -0.1556080374E+03
    0.2760000000E+03    -0.1547241908E+03
    0.2770000000E+03    -0.1538290036E+03
    0.2780000000E+03    -0.1529283835E+03
    0.2790000000E+03    -0.1520182535E+03
    0.2800000000E+03    -0.1510984774E+03
    0.2810000000E+03    -0.1501705140E+03
    0.2820000000E+03    -0.1492325035E+03
    0.2830000000E+03    -0.1482818290E+03
    0.2840000000E+03    -0.1473256603E+03
    0.2850000000E+03    -0.1463564947E+03
    0.2860000000E+03    -0.1453785236E+03
    0.2870000000E+03    -0.1443889906E+03
    0.2880000000E+03    -0.1433900125E+03
    0.2890000000E+03    -0.1423821047E+03
    0.2900000000E+03    -0.1413632382E+03
    0.2910000000E+03    -0.1403341423E+03
    0.2920000000E+03    -0.1392967698E+03
    0.2930000000E+03    -0.1382493058E+03
    0.2940000000E+03    -0.1371885587E+03
    0.2950000000E+03    -0.1361190373E+03
    0.2960000000E+03    -0.1350402272E+03
    0.2970000000E+03    -0.1339478850E+03
    0.2980000000E+03    -0.1328437450E+03
    0.2990000000E+03    -0.1317304461E+03
    0.3000000000E+03    -0.1306030074E+03
    0.3010000000E+03    -0.1294642713E+03
    0.3020000000E+03    -0.1283152056E+03
    0.3030000000E+03    -0.1271553676E+03
    0.3040000000E+03    -0.1259812612E+03
    0.3050000000E+03    -0.1247968036E+03
    0.3060000000E+03    -0.1236026393E+03
    0.3070000000E+03    -0.1223939773E+03
    0.3080000000E+03    -0.1211713501E+03
    0.3090000000E+03    -0.1199359308E+03
    0.3100000000E+03    -0.1186901390E+03
    0.3110000000E+03    -0.1174322707E+03
    0.3120000000E+03    -0.1161627358E+03
    0.3130000000E+03    -0.1148777448E+03
    0.3140000000E+03    -0.1135865333E+03
    0.3150000000E+03    -0.1122848792E+03
    0.3160000000E+03    -0.1109651994E+03
    0.3170000000E+03    -0.1096372745E+03
    0.3180000000E+03    -0.1083000967E+03
    0.3190000000E+03    -0.1069469178E+03
    0.3200000000E+03    -0.1055880612E+03
    0.3210000000E+03    -0.1042174268E+03
    0.3220000000E+03    -0.1028402406E+03
    0.3230000000E+03    -0.1014476236E+03
    0.3240000000E+03    -0.1000502559E+03
    0.3250000000E+03    -0.9864663612E+02
    0.3260000000E+03    -0.9723152266E+02
    0.3270000000E+03    -0.9581577531E+02
    0.3280000000E+03    -0.9439340720E+02
    0.3290000000E+03    -0.9296212783E+02
    0.3300000000E+03    -0.9152693166E+02
    0.3310000000E+03    -0.9009422172E+02
    0.3320000000E+03    -0.8865450026E+02
    0.3330000000E+03    -0.8720954035E+02
    0.3340000000E+03    -0.8576360686E+02
    0.3350000000E+03    -0.8431973764E+02
    0.3360000000E+03    -0.8286991339E+02
    0.3370000000E+03    -0.8142292866E+02
    0.3380000000E+03    -0.7997219979E+02
    0.3390000000E+03    -0.7852335158E+02
    0.3400000000E+03    -0.7707300035E+02
    0.3410000000E+03    -0.7562475988E+02
    0.3420000000E+03    -0.7417863768E+02
    0.3430000000E+03    -0.7273236957E+02
    0.3440000000E+03    -0.7129162117E+02
    0.3450000000E+03    -0.6985394547E+02
    0.3460000000E+03    -0.6841279539E+02
    0.3470000000E+03    -0.6698006367E+02
    0.3480000000E+03    -0.6555129698E+02
    0.3490000000E+03    -0.6413257438E+02
    0.3500000000E+03    -0.6271715821E+02
    0.3510000000E+03    -0.6130074345E+02
    0.3520000000E+03    -0.5988849054E+02
    0.3530000000E+03    -0.5848824628E+02
    0.3540000000E+03    -0.5708614755E+02
    0.3550000000E+03    -0.5569507717E+02
    0.3560000000E+03    -0.5430530274E+02
    0.3570000000E+03    -0.5292293070E+02
    0.3580000000E+03    -0.5155457339E+02
    0.3590000000E+03    -0.5019497684E+02
    0.3600000000E+03    -0.4884138578E+02
    0.3610000000E+03    -0.4749483342E+02
    0.3620000000E+03    -0.4615578165E+02
    0.3630000000E+03    -0.4483302453E+02
    0.3640000000E+03    -0.4352024295E+02
    0.3650000000E+03    -0.4222404495E+02
    0.3660000000E+03    -0.4094913319E+02
    0.3670000000E+03    -0.3968298130E+02
    0.3680000000E+03    -0.3842615679E+02
    0.3690000000E+03    -0.3718738193E+02
    0.3700000000E+03    -0.3596558935E+02
    0.3710000000E+03    -0.3474767582E+02
    0.3720000000E+03    -0.3353910123E+02
    0.3730000000E+03    -0.3235796561E+02
    0.3740000000E+03    -0.3119343076E+02
    0.3750000000E+03    -0.3004416735E+02
    0.3760000000E+03    -0.2890382654E+02
    0.3770000000E+03    -0.2777548657E+02
    0.3780000000E+03    -0.2666113940E+02
    0.3790000000E+03    -0.2557982678E+02
    0.3800000000E+03    -0.2450886215E+02
    0.3810000000E+03    -0.2344104518E+02
    0.3820000000E+03    -0.2240875629E+02
    0.3830000000E+03    -0.2139624333E+02
    0.3840000000E+03    -0.2039093971E+02
    0.3850000000E+03    -0.1940941346E+02
    0.3860000000E+03    -0.1844783550E+02
    0.3870000000E+03    -0.1751007654E+02
    0.3880000000E+03    -0.1659572266E+02
    0.3890000000E+03    -0.1570580285E+02
    0.3900000000E+03    -0.1484091267E+02
    0.3910000000E+03    -0.1401858707E+02
    0.3920000000E+03    -0.1319878629E+02
    0.3930000000E+03    -0.1242443081E+02
    0.3940000000E+03    -0.1167675784E+02
    0.3950000000E+03    -0.1093686243E+02
    0.3960000000E+03    -0.1024192872E+02
    0.3970000000E+03    -0.9557620793E+01
    0.3980000000E+03    -0.8895147309E+01
    0.3990000000E+03    -0.8267178728E+01
    0.4000000000E+03    -0.7650496433E+01
    0.4010000000E+03    -0.7066614392E+01
    0.4020000000E+03    -0.6532039626E+01
    0.4030000000E+03    -0.6019931853E+01
    0.4040000000E+03    -0.5570271640E+01
    0.4050000000E+03    -0.5135832761E+01
    0.4060000000E+03    -0.4735331486E+01
    0.4070000000E+03    -0.4349381903E+01
    0.4080000000E+03    -0.4035358988E+01
    0.4090000000E+03    -0.3701773628E+01
    0.4100000000E+03    -0.3417901658E+01
    0.4110000000E+03    -0.3187245839E+01
    0.4120000000E+03    -0.3007124502E+01
    0.4130000000E+03    -0.2802599594E+01
    0.4140000000E+03    -0.2685426410E+01
    0.4150000000E+03    -0.2614951928E+01
    0.4160000000E+03    -0.2539525691E+01
    0.4170000000E+03    -0.2531584150E+01
    0.4180000000E+03    -0.2554861560E+01
    0.4190000000E+03    -0.2613572385E+01
    0.4200000000E+03    -0.2740493643E+01
    0.4210000000E+03    -0.2896473137E+01
    0.4220000000E+03    -0.3080570718E+01
    0.4230000000E+03    -0.3329764640E+01
    0.4240000000E+03    -0.3568955363E+01
    0.4250000000E+03    -0.3904725093E+01
    0.4260000000E+03    -0.4302120708E+01
    0.4270000000E+03    -0.4712623049E+01
    0.4280000000E+03    -0.5145758639E+01
    0.4290000000E+03    -0.5662969558E+01
    0.4300000000E+03    -0.6264963821E+01
    0.4310000000E+03    -0.6849261694E+01
    0.4320000000E+03    -0.7540669763E+01
    0.4330000000E+03    -0.8301146744E+01
    0.4340000000E+03    -0.9084584402E+01
    0.4350000000E+03    -0.9908039444E+01
    0.4360000000E+03    -0.1075273941E+02
    0.4370000000E+03    -0.1169054450E+02
    0.4380000000E+03    -0.1268551585E+02
    0.4390000000E+03    -0.1371606155E+02
    0.4400000000E+03    -0.1482048948E+02
    0.4410000000E+03    -0.1597811558E+02
    0.4420000000E+03    -0.1723890682E+02
    0.4430000000E+03    -0.1847550405E+02
    0.4440000000E+03    -0.1976932528E+02
    0.4450000000E+03    -0.2116320249E+02
    0.4460000000E+03    -0.2258210109E+02
    0.4470000000E+03    -0.2406651791E+02
    0.4480000000E+03    -0.2560145422E+02
    0.4490000000E+03    -0.2719936079E+02
    0.4500000000E+03    -0.2892360585E+02
    0.4510000000E+03    -0.3064433132E+02
    0.4520000000E+03    -0.3239076054E+02
    0.4530000000E+03    -0.3420599959E+02
    0.4540000000E+03    -0.3606887264E+02
    0.4550000000E+03    -0.3808535076E+02
    0.4560000000E+03    -0.4015950400E+02
    0.4570000000E+03    -0.4235134116E+02
    0.4580000000E+03    -0.4450089313E+02
    0.4590000000E+03    -0.4689605548E+02
    0.4600000000E+03    -0.4919700954E+02
    0.4610000000E+03    -0.5168106898E+02
    0.4620000000E+03    -0.5414844951E+02
    0.4630000000E+03    -0.5677832406E+02
    0.4640000000E+03    -0.5938484491E+02
    0.4650000000E+03    -0.6201513620E+02
    0.4660000000E+03    -0.6479830094E+02
    0.4670000000E+03    -0.6764273997E+02
    0.4680000000E+03    -0.7054443953E+02
    0.4690000000E+03    -0.7346875715E+02
    0.4700000000E+03    -0.7671966595E+02
