       0    0.49248895E-09
       1   -0.60573951E-03
       2   -0.39198612E-01
       3   -0.11574664E+00
       4   -0.23058614E+00
       5   -0.38383621E+00
       6   -0.57580295E+00
       7   -0.80665449E+00
       8   -0.10755358E+01
       9   -0.13832817E+01
      10   -0.17306026E+01
      11   -0.21168686E+01
      12   -0.25424676E+01
      13   -0.30075917E+01
      14   -0.35154202E+01
      15   -0.40638480E+01
      16   -0.46521449E+01
      17   -0.52808328E+01
      18   -0.59530359E+01
      19   -0.66673954E+01
      20   -0.74204512E+01
      21   -0.82136968E+01
      22   -0.90522216E+01
      23   -0.99355398E+01
      24   -0.10861375E+02
      25   -0.11832538E+02
      26   -0.12844677E+02
      27   -0.13901070E+02
      28   -0.15002610E+02
      29   -0.16151098E+02
      30   -0.17343644E+02
      31   -0.18586014E+02
      32   -0.19880032E+02
      33   -0.21215318E+02
      34   -0.22598789E+02
      35   -0.24031707E+02
      36   -0.25513393E+02
      37   -0.27038095E+02
      38   -0.28616754E+02
      39   -0.30252927E+02
      40   -0.31932377E+02
      41   -0.33674400E+02
      42   -0.35477305E+02
      43   -0.37320196E+02
      44   -0.39221348E+02
      45   -0.41182188E+02
      46   -0.43208309E+02
      47   -0.45269543E+02
      48   -0.47381015E+02
      49   -0.49558397E+02
      50   -0.51789056E+02
      51   -0.54072766E+02
      52   -0.56414539E+02
      53   -0.58818722E+02
      54   -0.61286636E+02
      55   -0.63793663E+02
      56   -0.66360988E+02
      57   -0.68985412E+02
      58   -0.71672900E+02
      59   -0.74407683E+02
      60   -0.77196919E+02
      61   -0.80033149E+02
      62   -0.82919370E+02
      63   -0.85873064E+02
      64   -0.88850590E+02
      65   -0.91883596E+02
      66   -0.94986169E+02
      67   -0.98153456E+02
      68   -0.10135814E+03
      69   -0.10461401E+03
      70   -0.10787574E+03
      71   -0.11117734E+03
      72   -0.11451137E+03
      73   -0.11790670E+03
      74   -0.12131947E+03
      75   -0.12478014E+03
      76   -0.12826268E+03
      77   -0.13179398E+03
      78   -0.13533208E+03
      79   -0.13892054E+03
      80   -0.14252099E+03
      81   -0.14615444E+03
      82   -0.14981372E+03
      83   -0.15351022E+03
      84   -0.15724729E+03
      85   -0.16099619E+03
      86   -0.16479345E+03
      87   -0.16861070E+03
      88   -0.17244355E+03
      89   -0.17626258E+03
      90   -0.18011399E+03
      91   -0.18399483E+03
      92   -0.18788375E+03
      93   -0.19177639E+03
      94   -0.19568365E+03
      95   -0.19962779E+03
      96   -0.20359304E+03
      97   -0.20755689E+03
      98   -0.21155573E+03
      99   -0.21557808E+03
     100   -0.21962542E+03
     101   -0.22363884E+03
     102   -0.22767582E+03
     103   -0.23173516E+03
     104   -0.23582248E+03
     105   -0.23996467E+03
     106   -0.24409341E+03
     107   -0.24821257E+03
     108   -0.25233722E+03
     109   -0.25647748E+03
     110   -0.26061931E+03
     111   -0.26480452E+03
     112   -0.26902206E+03
     113   -0.27321884E+03
     114   -0.27744552E+03
     115   -0.28165825E+03
     116   -0.28592336E+03
     117   -0.29021396E+03
     118   -0.29447005E+03
     119   -0.29879503E+03
     120   -0.30312433E+03
     121   -0.30745747E+03
     122   -0.31179818E+03
     123   -0.31615521E+03
     124   -0.32057773E+03
     125   -0.32501122E+03
     126   -0.32939480E+03
     127   -0.33381842E+03
     128   -0.33825448E+03
     129   -0.34269074E+03
     130   -0.34714303E+03
     131   -0.35160811E+03
     132   -0.35609982E+03
     133   -0.36061495E+03
     134   -0.36516826E+03
     135   -0.36974028E+03
     136   -0.37430332E+03
     137   -0.37893100E+03
     138   -0.38356942E+03
     139   -0.38817742E+03
     140   -0.39280116E+03
     141   -0.39746021E+03
     142   -0.40217913E+03
     143   -0.40687185E+03
     144   -0.41158422E+03
     145   -0.41627133E+03
     146   -0.42104457E+03
     147   -0.42579969E+03
     148   -0.43057317E+03
     149   -0.43530224E+03
     150   -0.44013282E+03
     151   -0.44493919E+03
     152   -0.44979910E+03
     153   -0.45466788E+03
     154   -0.45955716E+03
     155   -0.46445136E+03
     156   -0.46934063E+03
     157   -0.47422774E+03
     158   -0.47913332E+03
     159   -0.48409271E+03
     160   -0.48903694E+03
     161   -0.49396832E+03
     162   -0.49880497E+03
     163   -0.50376352E+03
     164   -0.50880859E+03
     165   -0.51374128E+03
     166   -0.51876524E+03
     167   -0.52375891E+03
     168   -0.52874151E+03
     169   -0.53368463E+03
     170   -0.53871179E+03
     171   -0.54375299E+03
     172   -0.54877054E+03
     173   -0.55379275E+03
     174   -0.55879058E+03
     175   -0.56374567E+03
     176   -0.56875912E+03
     177   -0.57376213E+03
     178   -0.57871950E+03
     179   -0.58368390E+03
     180   -0.58864108E+03
     181   -0.59360291E+03
     182   -0.59855136E+03
     183   -0.60353930E+03
     184   -0.60855203E+03
     185   -0.61348859E+03
     186   -0.61843172E+03
     187   -0.62338193E+03
     188   -0.62834948E+03
     189   -0.63334284E+03
     190   -0.63823429E+03
     191   -0.64316125E+03
     192   -0.64812391E+03
     193   -0.65307999E+03
     194   -0.65798492E+03
     195   -0.66294198E+03
     196   -0.66784112E+03
     197   -0.67282723E+03
     198   -0.67780384E+03
     199   -0.68274332E+03
     200   -0.68767171E+03
     201   -0.69261178E+03
     202   -0.69757266E+03
     203   -0.70258591E+03
     204   -0.70756757E+03
     205   -0.71263367E+03
     206   -0.71762301E+03
     207   -0.72265731E+03
     208   -0.72775980E+03
     209   -0.73286033E+03
     210   -0.73788477E+03
     211   -0.74295733E+03
     212   -0.74804345E+03
     213   -0.75317880E+03
     214   -0.75826995E+03
     215   -0.76334999E+03
     216   -0.76850645E+03
     217   -0.77354510E+03
     218   -0.77875269E+03
     219   -0.78393384E+03
     220   -0.78920516E+03
     221   -0.79441443E+03
     222   -0.79962491E+03
     223   -0.80494288E+03
     224   -0.81016070E+03
     225   -0.81554707E+03
     226   -0.82084817E+03
     227   -0.82619604E+03
     228   -0.83158880E+03
     229   -0.83703468E+03
     230   -0.84240810E+03
     231   -0.84777966E+03
     232   -0.85314982E+03
     233   -0.85856282E+03
     234   -0.86400429E+03
     235   -0.86949501E+03
     236   -0.87489581E+03
     237   -0.88036641E+03
     238   -0.88592481E+03
     239   -0.89138296E+03
     240   -0.89682778E+03
     241   -0.90231741E+03
     242   -0.90776576E+03
     243   -0.91337489E+03
     244   -0.91897805E+03
     245   -0.92449769E+03
     246   -0.93008683E+03
     247   -0.93574366E+03
     248   -0.94133388E+03
     249   -0.94694182E+03
     250   -0.95271055E+03
     251   -0.95835890E+03
     252   -0.96411624E+03
     253   -0.96972992E+03
     254   -0.97541336E+03
     255   -0.98105607E+03
     256   -0.98678078E+03
     257   -0.99246010E+03
     258   -0.99818495E+03
     259   -0.10038987E+04
     260   -0.10096664E+04
     261   -0.10155002E+04
     262   -0.10212504E+04
     263   -0.10269999E+04
     264   -0.10328833E+04
     265   -0.10387090E+04
     266   -0.10445733E+04
     267   -0.10504593E+04
     268   -0.10563669E+04
     269   -0.10622878E+04
     270   -0.10682423E+04
     271   -0.10742895E+04
     272   -0.10802393E+04
     273   -0.10862713E+04
     274   -0.10923807E+04
     275   -0.10985048E+04
     276   -0.11046373E+04
     277   -0.11108118E+04
     278   -0.11170405E+04
     279   -0.11231648E+04
     280   -0.11294401E+04
     281   -0.11357739E+04
     282   -0.11421365E+04
     283   -0.11484924E+04
     284   -0.11548689E+04
     285   -0.11614366E+04
     286   -0.11680236E+04
     287   -0.11746558E+04
     288   -0.11813344E+04
     289   -0.11879927E+04
     290   -0.11947557E+04
     291   -0.12015930E+04
     292   -0.12085711E+04
     293   -0.12154802E+04
     294   -0.12225039E+04
     295   -0.12296111E+04
     296   -0.12366980E+04
     297   -0.12439098E+04
     298   -0.12510737E+04
     299   -0.12583905E+04
     300   -0.12658278E+04
     301   -0.12733470E+04
     302   -0.12807645E+04
     303   -0.12882420E+04
     304   -0.12957821E+04
     305   -0.13034784E+04
     306   -0.13112094E+04
     307   -0.13189724E+04
     308   -0.13267677E+04
     309   -0.13345790E+04
     310   -0.13424728E+04
     311   -0.13504183E+04
     312   -0.13584371E+04
     313   -0.13664333E+04
     314   -0.13745932E+04
     315   -0.13828274E+04
     316   -0.13910385E+04
     317   -0.13993014E+04
     318   -0.14076037E+04
     319   -0.14158853E+04
     320   -0.14242428E+04
     321   -0.14327254E+04
     322   -0.14411674E+04
     323   -0.14496939E+04
     324   -0.14583184E+04
     325   -0.14669342E+04
     326   -0.14755345E+04
     327   -0.14843437E+04
     328   -0.14931469E+04
     329   -0.15019303E+04
     330   -0.15107645E+04
     331   -0.15194973E+04
     332   -0.15283497E+04
     333   -0.15373532E+04
     334   -0.15463513E+04
     335   -0.15554706E+04
     336   -0.15645006E+04
     337   -0.15736058E+04
     338   -0.15826927E+04
     339   -0.15917997E+04
     340   -0.16009940E+04
     341   -0.16102662E+04
     342   -0.16196173E+04
     343   -0.16290576E+04
     344   -0.16383643E+04
     345   -0.16477702E+04
     346   -0.16571970E+04
     347   -0.16666393E+04
     348   -0.16760906E+04
     349   -0.16854661E+04
     350   -0.16950976E+04
     351   -0.17045985E+04
     352   -0.17141445E+04
     353   -0.17236005E+04
     354   -0.17332417E+04
     355   -0.17429451E+04
     356   -0.17526390E+04
     357   -0.17622694E+04
     358   -0.17719839E+04
     359   -0.17817320E+04
     360   -0.17915858E+04
     361   -0.18014764E+04
     362   -0.18112389E+04
     363   -0.18211943E+04
     364   -0.18311314E+04
     365   -0.18409982E+04
     366   -0.18509444E+04
     367   -0.18611472E+04
     368   -0.18710601E+04
     369   -0.18810475E+04
     370   -0.18911410E+04
     371   -0.19011683E+04
     372   -0.19114042E+04
     373   -0.19214417E+04
     374   -0.19315442E+04
     375   -0.19417136E+04
     376   -0.19519063E+04
     377   -0.19620115E+04
     378   -0.19723105E+04
     379   -0.19824854E+04
     380   -0.19925789E+04
     381   -0.20029262E+04
     382   -0.20133107E+04
     383   -0.20235499E+04
     384   -0.20336063E+04
     385   -0.20442730E+04
     386   -0.20545847E+04
     387   -0.20650022E+04
     388   -0.20751929E+04
     389   -0.20855532E+04
     390   -0.20961542E+04
     391   -0.21067677E+04
     392   -0.21170516E+04
     393   -0.21276748E+04
     394   -0.21381340E+04
     395   -0.21486354E+04
     396   -0.21591948E+04
     397   -0.21695963E+04
     398   -0.21803927E+04
     399   -0.21905578E+04
     400   -0.22012754E+04
     401   -0.22116818E+04
     402   -0.22226593E+04
     403   -0.22330399E+04
     404   -0.22435642E+04
     405   -0.22543639E+04
     406   -0.22647410E+04
     407   -0.22752372E+04
     408   -0.22859608E+04
     409   -0.22969184E+04
     410   -0.23073430E+04
     411   -0.23176085E+04
     412   -0.23283604E+04
     413   -0.23393319E+04
     414   -0.23500700E+04
     415   -0.23601821E+04
     416   -0.23708223E+04
     417   -0.23821530E+04
     418   -0.23923250E+04
     419   -0.24027218E+04
     420   -0.24136029E+04
     421   -0.24243033E+04
     422   -0.24349126E+04
     423   -0.24454060E+04
     424   -0.24569793E+04
     425   -0.24679426E+04
     426   -0.24787652E+04
     427   -0.24886228E+04
     428   -0.24990504E+04
     429   -0.25095759E+04
     430   -0.25203904E+04
     431   -0.25310737E+04
     432   -0.25425403E+04
     433   -0.25530667E+04
     434   -0.25644580E+04
     435   -0.25750382E+04
     436   -0.25858403E+04
     437   -0.25960802E+04
     438   -0.26063847E+04
     439   -0.26166618E+04
     440   -0.26269828E+04
     441   -0.26372231E+04
     442   -0.26488287E+04
     443   -0.26593824E+04
     444   -0.26690053E+04
     445   -0.26797555E+04
     446   -0.26899284E+04
     447   -0.27015624E+04
     448   -0.27121093E+04
     449   -0.27226993E+04
     450   -0.27326947E+04
     451   -0.27424577E+04
     452   -0.27543396E+04
     453   -0.27644842E+04
     454   -0.27743050E+04
     455   -0.27845758E+04
     456   -0.27964603E+04
     457   -0.28076407E+04
     458   -0.28171412E+04
     459   -0.28269397E+04
     460   -0.28395931E+04
     461   -0.28475095E+04
     462   -0.28607360E+04
     463   -0.28690416E+04
     464   -0.28775150E+04
     465   -0.28870872E+04
