    0.0000000000E+00    -0.6263746779E+03
    0.1000000000E+01    -0.6209031340E+03
    0.2000000000E+01    -0.6161141765E+03
    0.3000000000E+01    -0.6117186932E+03
    0.4000000000E+01    -0.6075997058E+03
    0.5000000000E+01    -0.6036933935E+03
    0.6000000000E+01    -0.5999586489E+03
    0.7000000000E+01    -0.5963663002E+03
    0.8000000000E+01    -0.5928958386E+03
    0.9000000000E+01    -0.5895323253E+03
    0.1000000000E+02    -0.5862633229E+03
    0.1100000000E+02    -0.5830792834E+03
    0.1200000000E+02    -0.5799709140E+03
    0.1300000000E+02    -0.5769309338E+03
    0.1400000000E+02    -0.5739541674E+03
    0.1500000000E+02    -0.5710355728E+03
    0.1600000000E+02    -0.5681700608E+03
    0.1700000000E+02    -0.5653549729E+03
    0.1800000000E+02    -0.5625867848E+03
    0.1900000000E+02    -0.5598626648E+03
    0.2000000000E+02    -0.5571786123E+03
    0.2100000000E+02    -0.5545330476E+03
    0.2200000000E+02    -0.5519228302E+03
    0.2300000000E+02    -0.5493467729E+03
    0.2400000000E+02    -0.5468025004E+03
    0.2500000000E+02    -0.5442884079E+03
    0.2600000000E+02    -0.5418037179E+03
    0.2700000000E+02    -0.5393468568E+03
    0.2800000000E+02    -0.5369154656E+03
    0.2900000000E+02    -0.5345089395E+03
    0.3000000000E+02    -0.5321252385E+03
    0.3100000000E+02    -0.5297642397E+03
    0.3200000000E+02    -0.5274255845E+03
    0.3300000000E+02    -0.5251074401E+03
    0.3400000000E+02    -0.5228078220E+03
    0.3500000000E+02    -0.5205276048E+03
    0.3600000000E+02    -0.5182648153E+03
    0.3700000000E+02    -0.5160192568E+03
    0.3800000000E+02    -0.5137901673E+03
    0.3900000000E+02    -0.5115783926E+03
    0.4000000000E+02    -0.5093814861E+03
    0.4100000000E+02    -0.5071998802E+03
    0.4200000000E+02    -0.5050317033E+03
    0.4300000000E+02    -0.5028769959E+03
    0.4400000000E+02    -0.5007344841E+03
    0.4500000000E+02    -0.4986054036E+03
    0.4600000000E+02    -0.4964893095E+03
    0.4700000000E+02    -0.4943838127E+03
    0.4800000000E+02    -0.4922899171E+03
    0.4900000000E+02    -0.4902070921E+03
    0.5000000000E+02    -0.4881347774E+03
    0.5100000000E+02    -0.4860734085E+03
    0.5200000000E+02    -0.4840221738E+03
    0.5300000000E+02    -0.4819800001E+03
    0.5400000000E+02    -0.4799470974E+03
    0.5500000000E+02    -0.4779225802E+03
    0.5600000000E+02    -0.4759063388E+03
    0.5700000000E+02    -0.4738992772E+03
    0.5800000000E+02    -0.4719004114E+03
    0.5900000000E+02    -0.4699092441E+03
    0.6000000000E+02    -0.4679256901E+03
    0.6100000000E+02    -0.4659487467E+03
    0.6200000000E+02    -0.4639788374E+03
    0.6300000000E+02    -0.4620152213E+03
    0.6400000000E+02    -0.4600587975E+03
    0.6500000000E+02    -0.4581077110E+03
    0.6600000000E+02    -0.4561626891E+03
    0.6700000000E+02    -0.4542251932E+03
    0.6800000000E+02    -0.4522928970E+03
    0.6900000000E+02    -0.4503661371E+03
    0.7000000000E+02    -0.4484452182E+03
    0.7100000000E+02    -0.4465282076E+03
    0.7200000000E+02    -0.4446173928E+03
    0.7300000000E+02    -0.4427106084E+03
    0.7400000000E+02    -0.4408091383E+03
    0.7500000000E+02    -0.4389127507E+03
    0.7600000000E+02    -0.4370195654E+03
    0.7700000000E+02    -0.4351308109E+03
    0.7800000000E+02    -0.4332475106E+03
    0.7900000000E+02    -0.4313682110E+03
    0.8000000000E+02    -0.4294923274E+03
    0.8100000000E+02    -0.4276208704E+03
    0.8200000000E+02    -0.4257528068E+03
    0.8300000000E+02    -0.4238878430E+03
    0.8400000000E+02    -0.4220274658E+03
    0.8500000000E+02    -0.4201691872E+03
    0.8600000000E+02    -0.4183153932E+03
    0.8700000000E+02    -0.4164653888E+03
    0.8800000000E+02    -0.4146170855E+03
    0.8900000000E+02    -0.4127715335E+03
    0.9000000000E+02    -0.4109296604E+03
    0.9100000000E+02    -0.4090904676E+03
    0.9200000000E+02    -0.4072541350E+03
    0.9300000000E+02    -0.4054222617E+03
    0.9400000000E+02    -0.4035912509E+03
    0.9500000000E+02    -0.4017635297E+03
    0.9600000000E+02    -0.3999384165E+03
    0.9700000000E+02    -0.3981163000E+03
    0.9800000000E+02    -0.3962960288E+03
    0.9900000000E+02    -0.3944765169E+03
    0.1000000000E+03    -0.3926600025E+03
    0.1010000000E+03    -0.3908467065E+03
    0.1020000000E+03    -0.3890343755E+03
    0.1030000000E+03    -0.3872250528E+03
    0.1040000000E+03    -0.3854160223E+03
    0.1050000000E+03    -0.3836099862E+03
    0.1060000000E+03    -0.3818055562E+03
    0.1070000000E+03    -0.3800021953E+03
    0.1080000000E+03    -0.3781994911E+03
    0.1090000000E+03    -0.3763997436E+03
    0.1100000000E+03    -0.3746022288E+03
    0.1110000000E+03    -0.3728062360E+03
    0.1120000000E+03    -0.3710116703E+03
    0.1130000000E+03    -0.3692178896E+03
    0.1140000000E+03    -0.3674252376E+03
    0.1150000000E+03    -0.3656359559E+03
    0.1160000000E+03    -0.3638464948E+03
    0.1170000000E+03    -0.3620586099E+03
    0.1180000000E+03    -0.3602721923E+03
    0.1190000000E+03    -0.3584873369E+03
    0.1200000000E+03    -0.3567046246E+03
    0.1210000000E+03    -0.3549225331E+03
    0.1220000000E+03    -0.3531410613E+03
    0.1230000000E+03    -0.3513595323E+03
    0.1240000000E+03    -0.3495803496E+03
    0.1250000000E+03    -0.3478021800E+03
    0.1260000000E+03    -0.3460257697E+03
    0.1270000000E+03    -0.3442502125E+03
    0.1280000000E+03    -0.3424757238E+03
    0.1290000000E+03    -0.3407016037E+03
    0.1300000000E+03    -0.3389281861E+03
    0.1310000000E+03    -0.3371548452E+03
    0.1320000000E+03    -0.3353830547E+03
    0.1330000000E+03    -0.3336128053E+03
    0.1340000000E+03    -0.3318433729E+03
    0.1350000000E+03    -0.3300738892E+03
    0.1360000000E+03    -0.3283061966E+03
    0.1370000000E+03    -0.3265381937E+03
    0.1380000000E+03    -0.3247713959E+03
    0.1390000000E+03    -0.3230068897E+03
    0.1400000000E+03    -0.3212425969E+03
    0.1410000000E+03    -0.3194776736E+03
    0.1420000000E+03    -0.3177141859E+03
    0.1430000000E+03    -0.3159508285E+03
    0.1440000000E+03    -0.3141876324E+03
    0.1450000000E+03    -0.3124285348E+03
    0.1460000000E+03    -0.3106684422E+03
    0.1470000000E+03    -0.3089088657E+03
    0.1480000000E+03    -0.3071480906E+03
    0.1490000000E+03    -0.3053889716E+03
    0.1500000000E+03    -0.3036315909E+03
    0.1510000000E+03    -0.3018747705E+03
    0.1520000000E+03    -0.3001186010E+03
    0.1530000000E+03    -0.2983621333E+03
    0.1540000000E+03    -0.2966072509E+03
    0.1550000000E+03    -0.2948528117E+03
    0.1560000000E+03    -0.2930988073E+03
    0.1570000000E+03    -0.2913457381E+03
    0.1580000000E+03    -0.2895937480E+03
    0.1590000000E+03    -0.2878426227E+03
    0.1600000000E+03    -0.2860914388E+03
    0.1610000000E+03    -0.2843414723E+03
    0.1620000000E+03    -0.2825892432E+03
    0.1630000000E+03    -0.2808404002E+03
    0.1640000000E+03    -0.2790927499E+03
    0.1650000000E+03    -0.2773450267E+03
    0.1660000000E+03    -0.2755971339E+03
    0.1670000000E+03    -0.2738513812E+03
    0.1680000000E+03    -0.2721058549E+03
    0.1690000000E+03    -0.2703605057E+03
    0.1700000000E+03    -0.2686147318E+03
    0.1710000000E+03    -0.2668705855E+03
    0.1720000000E+03    -0.2651265105E+03
    0.1730000000E+03    -0.2633838875E+03
    0.1740000000E+03    -0.2616447116E+03
    0.1750000000E+03    -0.2599019362E+03
    0.1760000000E+03    -0.2581600363E+03
    0.1770000000E+03    -0.2564202223E+03
    0.1780000000E+03    -0.2546801608E+03
    0.1790000000E+03    -0.2529432658E+03
    0.1800000000E+03    -0.2512083014E+03
    0.1810000000E+03    -0.2494723789E+03
    0.1820000000E+03    -0.2477359408E+03
    0.1830000000E+03    -0.2460009073E+03
    0.1840000000E+03    -0.2442653017E+03
    0.1850000000E+03    -0.2425315026E+03
    0.1860000000E+03    -0.2408002899E+03
    0.1870000000E+03    -0.2390659401E+03
    0.1880000000E+03    -0.2373357277E+03
    0.1890000000E+03    -0.2356051243E+03
    0.1900000000E+03    -0.2338767882E+03
    0.1910000000E+03    -0.2321466380E+03
    0.1920000000E+03    -0.2304194582E+03
    0.1930000000E+03    -0.2286936475E+03
    0.1940000000E+03    -0.2269695924E+03
    0.1950000000E+03    -0.2252475989E+03
    0.1960000000E+03    -0.2235246789E+03
    0.1970000000E+03    -0.2218023238E+03
    0.1980000000E+03    -0.2200841253E+03
    0.1990000000E+03    -0.2183657036E+03
    0.2000000000E+03    -0.2166470742E+03
    0.2010000000E+03    -0.2149305068E+03
    0.2020000000E+03    -0.2132142649E+03
    0.2030000000E+03    -0.2114982332E+03
    0.2040000000E+03    -0.2097831668E+03
    0.2050000000E+03    -0.2080701408E+03
    0.2060000000E+03    -0.2063584136E+03
    0.2070000000E+03    -0.2046489476E+03
    0.2080000000E+03    -0.2029414475E+03
    0.2090000000E+03    -0.2012343292E+03
    0.2100000000E+03    -0.1995288096E+03
    0.2110000000E+03    -0.1978246232E+03
    0.2120000000E+03    -0.1961241152E+03
    0.2130000000E+03    -0.1944246379E+03
    0.2140000000E+03    -0.1927266650E+03
    0.2150000000E+03    -0.1910291867E+03
    0.2160000000E+03    -0.1893338291E+03
    0.2170000000E+03    -0.1876415619E+03
    0.2180000000E+03    -0.1859483543E+03
    0.2190000000E+03    -0.1842570827E+03
    0.2200000000E+03    -0.1825686638E+03
    0.2210000000E+03    -0.1808824431E+03
    0.2220000000E+03    -0.1791994852E+03
    0.2230000000E+03    -0.1775167419E+03
    0.2240000000E+03    -0.1758365886E+03
    0.2250000000E+03    -0.1741592539E+03
    0.2260000000E+03    -0.1724839913E+03
    0.2270000000E+03    -0.1708116345E+03
    0.2280000000E+03    -0.1691407860E+03
    0.2290000000E+03    -0.1674692143E+03
    0.2300000000E+03    -0.1658010380E+03
    0.2310000000E+03    -0.1641358143E+03
    0.2320000000E+03    -0.1624736637E+03
    0.2330000000E+03    -0.1608141868E+03
    0.2340000000E+03    -0.1591572662E+03
    0.2350000000E+03    -0.1575011585E+03
    0.2360000000E+03    -0.1558534268E+03
    0.2370000000E+03    -0.1542052024E+03
    0.2380000000E+03    -0.1525627427E+03
    0.2390000000E+03    -0.1509208301E+03
    0.2400000000E+03    -0.1492803513E+03
    0.2410000000E+03    -0.1476435002E+03
    0.2420000000E+03    -0.1460124619E+03
    0.2430000000E+03    -0.1443818377E+03
    0.2440000000E+03    -0.1427557643E+03
    0.2450000000E+03    -0.1411320614E+03
    0.2460000000E+03    -0.1395092298E+03
    0.2470000000E+03    -0.1378921599E+03
    0.2480000000E+03    -0.1362786878E+03
    0.2490000000E+03    -0.1346703802E+03
    0.2500000000E+03    -0.1330637860E+03
    0.2510000000E+03    -0.1314643750E+03
    0.2520000000E+03    -0.1298655478E+03
    0.2530000000E+03    -0.1282737025E+03
    0.2540000000E+03    -0.1266830031E+03
    0.2550000000E+03    -0.1250981623E+03
    0.2560000000E+03    -0.1235154612E+03
    0.2570000000E+03    -0.1219365671E+03
    0.2580000000E+03    -0.1203638601E+03
    0.2590000000E+03    -0.1187941778E+03
    0.2600000000E+03    -0.1172304347E+03
    0.2610000000E+03    -0.1156721226E+03
    0.2620000000E+03    -0.1141201389E+03
    0.2630000000E+03    -0.1125710106E+03
    0.2640000000E+03    -0.1110258573E+03
    0.2650000000E+03    -0.1094847350E+03
    0.2660000000E+03    -0.1079477449E+03
    0.2670000000E+03    -0.1064184388E+03
    0.2680000000E+03    -0.1048947632E+03
    0.2690000000E+03    -0.1033721649E+03
    0.2700000000E+03    -0.1018586928E+03
    0.2710000000E+03    -0.1003486211E+03
    0.2720000000E+03    -0.9884656215E+02
    0.2730000000E+03    -0.9734817602E+02
    0.2740000000E+03    -0.9585640310E+02
    0.2750000000E+03    -0.9436962594E+02
    0.2760000000E+03    -0.9289188860E+02
    0.2770000000E+03    -0.9141921936E+02
    0.2780000000E+03    -0.8995297189E+02
    0.2790000000E+03    -0.8849225961E+02
    0.2800000000E+03    -0.8703533305E+02
    0.2810000000E+03    -0.8558619587E+02
    0.2820000000E+03    -0.8414472133E+02
    0.2830000000E+03    -0.8271146006E+02
    0.2840000000E+03    -0.8128667887E+02
    0.2850000000E+03    -0.7986922356E+02
    0.2860000000E+03    -0.7845437494E+02
    0.2870000000E+03    -0.7704987384E+02
    0.2880000000E+03    -0.7566021277E+02
    0.2890000000E+03    -0.7427219519E+02
    0.2900000000E+03    -0.7288867077E+02
    0.2910000000E+03    -0.7151085414E+02
    0.2920000000E+03    -0.7014598606E+02
    0.2930000000E+03    -0.6879179110E+02
    0.2940000000E+03    -0.6744174672E+02
    0.2950000000E+03    -0.6610030359E+02
    0.2960000000E+03    -0.6476745295E+02
    0.2970000000E+03    -0.6344550077E+02
    0.2980000000E+03    -0.6213026324E+02
    0.2990000000E+03    -0.6082488574E+02
    0.3000000000E+03    -0.5952443739E+02
    0.3010000000E+03    -0.5823557525E+02
    0.3020000000E+03    -0.5696010839E+02
    0.3030000000E+03    -0.5569148148E+02
    0.3040000000E+03    -0.5443848162E+02
    0.3050000000E+03    -0.5319645579E+02
    0.3060000000E+03    -0.5195787163E+02
    0.3070000000E+03    -0.5073087373E+02
    0.3080000000E+03    -0.4951608053E+02
    0.3090000000E+03    -0.4830874151E+02
    0.3100000000E+03    -0.4711478884E+02
    0.3110000000E+03    -0.4592925944E+02
    0.3120000000E+03    -0.4475685767E+02
    0.3130000000E+03    -0.4359231949E+02
    0.3140000000E+03    -0.4244293131E+02
    0.3150000000E+03    -0.4130324302E+02
    0.3160000000E+03    -0.4017636467E+02
    0.3170000000E+03    -0.3906364722E+02
    0.3180000000E+03    -0.3796203182E+02
    0.3190000000E+03    -0.3687442099E+02
    0.3200000000E+03    -0.3579727717E+02
    0.3210000000E+03    -0.3473269243E+02
    0.3220000000E+03    -0.3367978595E+02
    0.3230000000E+03    -0.3264226345E+02
    0.3240000000E+03    -0.3161239398E+02
    0.3250000000E+03    -0.3059515513E+02
    0.3260000000E+03    -0.2959542680E+02
    0.3270000000E+03    -0.2860860267E+02
    0.3280000000E+03    -0.2763489046E+02
    0.3290000000E+03    -0.2667379653E+02
    0.3300000000E+03    -0.2573697773E+02
    0.3310000000E+03    -0.2481208440E+02
    0.3320000000E+03    -0.2389857015E+02
    0.3330000000E+03    -0.2300185212E+02
    0.3340000000E+03    -0.2212216191E+02
    0.3350000000E+03    -0.2125470077E+02
    0.3360000000E+03    -0.2040770812E+02
    0.3370000000E+03    -0.1956808007E+02
    0.3380000000E+03    -0.1874324473E+02
    0.3390000000E+03    -0.1793866231E+02
    0.3400000000E+03    -0.1715187919E+02
    0.3410000000E+03    -0.1638989074E+02
    0.3420000000E+03    -0.1563217597E+02
    0.3430000000E+03    -0.1489327843E+02
    0.3440000000E+03    -0.1417870231E+02
    0.3450000000E+03    -0.1348097176E+02
    0.3460000000E+03    -0.1279333213E+02
    0.3470000000E+03    -0.1212412847E+02
    0.3480000000E+03    -0.1147571216E+02
    0.3490000000E+03    -0.1084919226E+02
    0.3500000000E+03    -0.1024758098E+02
    0.3510000000E+03    -0.9664292998E+01
    0.3520000000E+03    -0.9099797159E+01
    0.3530000000E+03    -0.8549493125E+01
    0.3540000000E+03    -0.8017103501E+01
    0.3550000000E+03    -0.7507936621E+01
    0.3560000000E+03    -0.7021450723E+01
    0.3570000000E+03    -0.6550238278E+01
    0.3580000000E+03    -0.6105656645E+01
    0.3590000000E+03    -0.5683681927E+01
    0.3600000000E+03    -0.5286736829E+01
    0.3610000000E+03    -0.4906679296E+01
    0.3620000000E+03    -0.4543430502E+01
    0.3630000000E+03    -0.4207549064E+01
    0.3640000000E+03    -0.3890036194E+01
    0.3650000000E+03    -0.3590687681E+01
    0.3660000000E+03    -0.3319153948E+01
    0.3670000000E+03    -0.3067032764E+01
    0.3680000000E+03    -0.2846138981E+01
    0.3690000000E+03    -0.2648858616E+01
    0.3700000000E+03    -0.2468815165E+01
    0.3710000000E+03    -0.2316613593E+01
    0.3720000000E+03    -0.2189551500E+01
    0.3730000000E+03    -0.2093810627E+01
    0.3740000000E+03    -0.2012531771E+01
    0.3750000000E+03    -0.1958598724E+01
