       0    0.83657100E-10
       1   -0.60573992E-03
       2   -0.39072750E-01
       3   -0.11557996E+00
       4   -0.23052470E+00
       5   -0.38372821E+00
       6   -0.57512778E+00
       7   -0.80517931E+00
       8   -0.10750073E+01
       9   -0.13832389E+01
      10   -0.17309028E+01
      11   -0.21181977E+01
      12   -0.25459497E+01
      13   -0.30145200E+01
      14   -0.35212702E+01
      15   -0.40681014E+01
      16   -0.46548333E+01
      17   -0.52845523E+01
      18   -0.59544240E+01
      19   -0.66668013E+01
      20   -0.74218758E+01
      21   -0.82191509E+01
      22   -0.90559534E+01
      23   -0.99376271E+01
      24   -0.10864903E+02
      25   -0.11836096E+02
      26   -0.12846209E+02
      27   -0.13902450E+02
      28   -0.15009308E+02
      29   -0.16159519E+02
      30   -0.17353102E+02
      31   -0.18594248E+02
      32   -0.19884934E+02
      33   -0.21218737E+02
      34   -0.22604221E+02
      35   -0.24035431E+02
      36   -0.25517794E+02
      37   -0.27050296E+02
      38   -0.28635084E+02
      39   -0.30266638E+02
      40   -0.31952520E+02
      41   -0.33684640E+02
      42   -0.35477174E+02
      43   -0.37319777E+02
      44   -0.39206954E+02
      45   -0.41164012E+02
      46   -0.43186250E+02
      47   -0.45250417E+02
      48   -0.47365539E+02
      49   -0.49540828E+02
      50   -0.51759085E+02
      51   -0.54046785E+02
      52   -0.56381591E+02
      53   -0.58773936E+02
      54   -0.61234610E+02
      55   -0.63754869E+02
      56   -0.66328341E+02
      57   -0.68953998E+02
      58   -0.71632016E+02
      59   -0.74367592E+02
      60   -0.77143481E+02
      61   -0.79972378E+02
      62   -0.82868725E+02
      63   -0.85805452E+02
      64   -0.88806898E+02
      65   -0.91872054E+02
      66   -0.94945594E+02
      67   -0.98100391E+02
      68   -0.10129650E+03
      69   -0.10451669E+03
      70   -0.10779099E+03
      71   -0.11110707E+03
      72   -0.11445480E+03
      73   -0.11784816E+03
      74   -0.12125823E+03
      75   -0.12470754E+03
      76   -0.12817059E+03
      77   -0.13167046E+03
      78   -0.13522971E+03
      79   -0.13884264E+03
      80   -0.14247292E+03
      81   -0.14610474E+03
      82   -0.14977179E+03
      83   -0.15344950E+03
      84   -0.15716787E+03
      85   -0.16092279E+03
      86   -0.16468810E+03
      87   -0.16849009E+03
      88   -0.17232604E+03
      89   -0.17618188E+03
      90   -0.18003092E+03
      91   -0.18391708E+03
      92   -0.18781362E+03
      93   -0.19172557E+03
      94   -0.19566991E+03
      95   -0.19963929E+03
      96   -0.20361878E+03
      97   -0.20756821E+03
      98   -0.21156579E+03
      99   -0.21557228E+03
     100   -0.21962510E+03
     101   -0.22363495E+03
     102   -0.22768001E+03
     103   -0.23174605E+03
     104   -0.23583233E+03
     105   -0.23985791E+03
     106   -0.24397177E+03
     107   -0.24810962E+03
     108   -0.25227716E+03
     109   -0.25644738E+03
     110   -0.26059705E+03
     111   -0.26476945E+03
     112   -0.26897733E+03
     113   -0.27322840E+03
     114   -0.27745540E+03
     115   -0.28171430E+03
     116   -0.28597547E+03
     117   -0.29024882E+03
     118   -0.29456633E+03
     119   -0.29890047E+03
     120   -0.30324672E+03
     121   -0.30758450E+03
     122   -0.31193633E+03
     123   -0.31629462E+03
     124   -0.32064393E+03
     125   -0.32501705E+03
     126   -0.32943162E+03
     127   -0.33386353E+03
     128   -0.33835987E+03
     129   -0.34285899E+03
     130   -0.34736104E+03
     131   -0.35185615E+03
     132   -0.35635058E+03
     133   -0.36094673E+03
     134   -0.36549440E+03
     135   -0.37002321E+03
     136   -0.37456608E+03
     137   -0.37915892E+03
     138   -0.38369580E+03
     139   -0.38832158E+03
     140   -0.39296700E+03
     141   -0.39760367E+03
     142   -0.40225434E+03
     143   -0.40692498E+03
     144   -0.41163549E+03
     145   -0.41634007E+03
     146   -0.42104819E+03
     147   -0.42578531E+03
     148   -0.43056539E+03
     149   -0.43539715E+03
     150   -0.44020383E+03
     151   -0.44501356E+03
     152   -0.44986228E+03
     153   -0.45468061E+03
     154   -0.45955086E+03
     155   -0.46443644E+03
     156   -0.46934578E+03
     157   -0.47422622E+03
     158   -0.47915057E+03
     159   -0.48406821E+03
     160   -0.48908637E+03
     161   -0.49407524E+03
     162   -0.49896955E+03
     163   -0.50392853E+03
     164   -0.50891388E+03
     165   -0.51391314E+03
     166   -0.51891532E+03
     167   -0.52391503E+03
     168   -0.52884458E+03
     169   -0.53378791E+03
     170   -0.53877432E+03
     171   -0.54373696E+03
     172   -0.54872751E+03
     173   -0.55370286E+03
     174   -0.55870090E+03
     175   -0.56374317E+03
     176   -0.56872833E+03
     177   -0.57368471E+03
     178   -0.57861824E+03
     179   -0.58358737E+03
     180   -0.58855969E+03
     181   -0.59350458E+03
     182   -0.59848326E+03
     183   -0.60345796E+03
     184   -0.60840423E+03
     185   -0.61342693E+03
     186   -0.61841502E+03
     187   -0.62347167E+03
     188   -0.62843800E+03
     189   -0.63337132E+03
     190   -0.63832662E+03
     191   -0.64324465E+03
     192   -0.64823160E+03
     193   -0.65317832E+03
     194   -0.65811232E+03
     195   -0.66303713E+03
     196   -0.66803104E+03
     197   -0.67303666E+03
     198   -0.67794939E+03
     199   -0.68290962E+03
     200   -0.68787575E+03
     201   -0.69285476E+03
     202   -0.69779669E+03
     203   -0.70270075E+03
     204   -0.70762833E+03
     205   -0.71262369E+03
     206   -0.71765001E+03
     207   -0.72267936E+03
     208   -0.72769303E+03
     209   -0.73274972E+03
     210   -0.73779390E+03
     211   -0.74288085E+03
     212   -0.74803905E+03
     213   -0.75312033E+03
     214   -0.75825075E+03
     215   -0.76337851E+03
     216   -0.76859354E+03
     217   -0.77372205E+03
     218   -0.77891815E+03
     219   -0.78403527E+03
     220   -0.78925875E+03
     221   -0.79454883E+03
     222   -0.79983041E+03
     223   -0.80508624E+03
     224   -0.81036796E+03
     225   -0.81564602E+03
     226   -0.82093395E+03
     227   -0.82626919E+03
     228   -0.83158445E+03
     229   -0.83688516E+03
     230   -0.84225612E+03
     231   -0.84768073E+03
     232   -0.85303048E+03
     233   -0.85850005E+03
     234   -0.86394288E+03
     235   -0.86940188E+03
     236   -0.87481937E+03
     237   -0.88022959E+03
     238   -0.88573647E+03
     239   -0.89121158E+03
     240   -0.89674562E+03
     241   -0.90217942E+03
     242   -0.90770274E+03
     243   -0.91323791E+03
     244   -0.91880297E+03
     245   -0.92438343E+03
     246   -0.92982813E+03
     247   -0.93537596E+03
     248   -0.94094896E+03
     249   -0.94655723E+03
     250   -0.95230015E+03
     251   -0.95795298E+03
     252   -0.96361466E+03
     253   -0.96927286E+03
     254   -0.97499284E+03
     255   -0.98065704E+03
     256   -0.98635291E+03
     257   -0.99209710E+03
     258   -0.99788405E+03
     259   -0.10036037E+04
     260   -0.10093725E+04
     261   -0.10151103E+04
     262   -0.10209692E+04
     263   -0.10268201E+04
     264   -0.10326657E+04
     265   -0.10384237E+04
     266   -0.10443155E+04
     267   -0.10501607E+04
     268   -0.10560344E+04
     269   -0.10619844E+04
     270   -0.10680025E+04
     271   -0.10740115E+04
     272   -0.10800463E+04
     273   -0.10861000E+04
     274   -0.10920846E+04
     275   -0.10981060E+04
     276   -0.11041272E+04
     277   -0.11102052E+04
     278   -0.11163803E+04
     279   -0.11226710E+04
     280   -0.11289722E+04
     281   -0.11353667E+04
     282   -0.11417570E+04
     283   -0.11480838E+04
     284   -0.11544800E+04
     285   -0.11610210E+04
     286   -0.11676048E+04
     287   -0.11742130E+04
     288   -0.11809362E+04
     289   -0.11876697E+04
     290   -0.11944427E+04
     291   -0.12013088E+04
     292   -0.12082268E+04
     293   -0.12151957E+04
     294   -0.12221436E+04
     295   -0.12291841E+04
     296   -0.12362681E+04
     297   -0.12434303E+04
     298   -0.12506659E+04
     299   -0.12579630E+04
     300   -0.12653752E+04
     301   -0.12727734E+04
     302   -0.12802152E+04
     303   -0.12877970E+04
     304   -0.12953774E+04
     305   -0.13030588E+04
     306   -0.13107666E+04
     307   -0.13184746E+04
     308   -0.13262408E+04
     309   -0.13340975E+04
     310   -0.13420980E+04
     311   -0.13500762E+04
     312   -0.13581653E+04
     313   -0.13662850E+04
     314   -0.13743950E+04
     315   -0.13825496E+04
     316   -0.13908400E+04
     317   -0.13991438E+04
     318   -0.14074417E+04
     319   -0.14157231E+04
     320   -0.14241596E+04
     321   -0.14325900E+04
     322   -0.14411332E+04
     323   -0.14497202E+04
     324   -0.14583487E+04
     325   -0.14670536E+04
     326   -0.14757658E+04
     327   -0.14845478E+04
     328   -0.14932287E+04
     329   -0.15020500E+04
     330   -0.15109163E+04
     331   -0.15198155E+04
     332   -0.15288205E+04
     333   -0.15377128E+04
     334   -0.15467682E+04
     335   -0.15557827E+04
     336   -0.15649491E+04
     337   -0.15739826E+04
     338   -0.15830240E+04
     339   -0.15921402E+04
     340   -0.16012143E+04
     341   -0.16104827E+04
     342   -0.16197554E+04
     343   -0.16290139E+04
     344   -0.16384157E+04
     345   -0.16477665E+04
     346   -0.16572504E+04
     347   -0.16665979E+04
     348   -0.16760242E+04
     349   -0.16855193E+04
     350   -0.16950059E+04
     351   -0.17045337E+04
     352   -0.17142051E+04
     353   -0.17238900E+04
     354   -0.17335960E+04
     355   -0.17432250E+04
     356   -0.17528368E+04
     357   -0.17625922E+04
     358   -0.17722759E+04
     359   -0.17819185E+04
     360   -0.17918987E+04
     361   -0.18016212E+04
     362   -0.18115483E+04
     363   -0.18213717E+04
     364   -0.18310914E+04
     365   -0.18410151E+04
     366   -0.18510394E+04
     367   -0.18610940E+04
     368   -0.18711819E+04
     369   -0.18809825E+04
     370   -0.18911237E+04
     371   -0.19013376E+04
     372   -0.19115195E+04
     373   -0.19216646E+04
     374   -0.19315854E+04
     375   -0.19416893E+04
     376   -0.19517504E+04
     377   -0.19620150E+04
     378   -0.19721059E+04
     379   -0.19822656E+04
     380   -0.19927037E+04
     381   -0.20031728E+04
     382   -0.20134062E+04
     383   -0.20236556E+04
     384   -0.20337915E+04
     385   -0.20441657E+04
     386   -0.20544063E+04
     387   -0.20650002E+04
     388   -0.20755596E+04
     389   -0.20858558E+04
     390   -0.20964747E+04
     391   -0.21069271E+04
     392   -0.21172254E+04
     393   -0.21278199E+04
     394   -0.21383483E+04
     395   -0.21487160E+04
     396   -0.21587670E+04
     397   -0.21694902E+04
     398   -0.21799918E+04
     399   -0.21905251E+04
     400   -0.22012221E+04
     401   -0.22121639E+04
     402   -0.22227515E+04
     403   -0.22332696E+04
     404   -0.22439269E+04
     405   -0.22546247E+04
     406   -0.22653176E+04
     407   -0.22761760E+04
     408   -0.22862026E+04
     409   -0.22968419E+04
     410   -0.23078576E+04
     411   -0.23183999E+04
     412   -0.23288849E+04
     413   -0.23394726E+04
     414   -0.23502485E+04
     415   -0.23601545E+04
     416   -0.23709235E+04
     417   -0.23818767E+04
     418   -0.23929317E+04
     419   -0.24033188E+04
     420   -0.24139862E+04
     421   -0.24241322E+04
     422   -0.24349153E+04
     423   -0.24455831E+04
     424   -0.24563173E+04
     425   -0.24669348E+04
     426   -0.24773737E+04
     427   -0.24880037E+04
     428   -0.24992484E+04
     429   -0.25099946E+04
     430   -0.25207630E+04
     431   -0.25308553E+04
     432   -0.25422086E+04
     433   -0.25531509E+04
     434   -0.25634361E+04
     435   -0.25739533E+04
     436   -0.25850993E+04
     437   -0.25954891E+04
     438   -0.26061730E+04
     439   -0.26170438E+04
     440   -0.26278996E+04
     441   -0.26384276E+04
     442   -0.26484433E+04
     443   -0.26591889E+04
     444   -0.26694584E+04
     445   -0.26794057E+04
     446   -0.26903188E+04
     447   -0.27015604E+04
     448   -0.27129390E+04
     449   -0.27238760E+04
     450   -0.27332454E+04
     451   -0.27432959E+04
     452   -0.27536952E+04
     453   -0.27634764E+04
     454   -0.27741881E+04
     455   -0.27839173E+04
     456   -0.27933214E+04
     457   -0.28045742E+04
     458   -0.28157090E+04
     459   -0.28262132E+04
     460   -0.28367521E+04
     461   -0.28473103E+04
     462   -0.28581627E+04
     463   -0.28664844E+04
     464   -0.28764937E+04
     465   -0.28882727E+04
