    0.0000000000E+00    -0.7221775299E+02
    0.1000000000E+01    -0.6941607887E+02
    0.2000000000E+01    -0.6728843059E+02
    0.3000000000E+01    -0.6554696662E+02
    0.4000000000E+01    -0.6407420658E+02
    0.5000000000E+01    -0.6280605862E+02
    0.6000000000E+01    -0.6170096674E+02
    0.7000000000E+01    -0.6073072184E+02
    0.8000000000E+01    -0.5987595340E+02
    0.9000000000E+01    -0.5912083661E+02
    0.1000000000E+02    -0.5845197076E+02
    0.1100000000E+02    -0.5786009978E+02
    0.1200000000E+02    -0.5733636193E+02
    0.1300000000E+02    -0.5687404625E+02
    0.1400000000E+02    -0.5646718777E+02
    0.1500000000E+02    -0.5611058370E+02
    0.1600000000E+02    -0.5580055805E+02
    0.1700000000E+02    -0.5553313534E+02
    0.1800000000E+02    -0.5530471939E+02
    0.1900000000E+02    -0.5511187956E+02
    0.2000000000E+02    -0.5495231789E+02
    0.2100000000E+02    -0.5482282401E+02
    0.2200000000E+02    -0.5472176836E+02
    0.2300000000E+02    -0.5464636996E+02
    0.2400000000E+02    -0.5459537862E+02
    0.2500000000E+02    -0.5456697745E+02
    0.2600000000E+02    -0.5455975384E+02
    0.2700000000E+02    -0.5457256372E+02
    0.2800000000E+02    -0.5460432866E+02
    0.2900000000E+02    -0.5465234786E+02
    0.3000000000E+02    -0.5471669034E+02
    0.3100000000E+02    -0.5479572780E+02
    0.3200000000E+02    -0.5488772564E+02
    0.3300000000E+02    -0.5499330961E+02
    0.3400000000E+02    -0.5511074031E+02
    0.3500000000E+02    -0.5524003811E+02
    0.3600000000E+02    -0.5537997763E+02
    0.3700000000E+02    -0.5552955616E+02
    0.3800000000E+02    -0.5568846302E+02
    0.3900000000E+02    -0.5585507799E+02
    0.4000000000E+02    -0.5602941512E+02
    0.4100000000E+02    -0.5621194070E+02
    0.4200000000E+02    -0.5640048077E+02
    0.4300000000E+02    -0.5659569700E+02
    0.4400000000E+02    -0.5679527657E+02
    0.4500000000E+02    -0.5700093181E+02
    0.4600000000E+02    -0.5721127042E+02
    0.4700000000E+02    -0.5742585534E+02
    0.4800000000E+02    -0.5764485379E+02
    0.4900000000E+02    -0.5786714513E+02
    0.5000000000E+02    -0.5809252514E+02
    0.5100000000E+02    -0.5832093942E+02
    0.5200000000E+02    -0.5855211423E+02
    0.5300000000E+02    -0.5878613830E+02
    0.5400000000E+02    -0.5902137160E+02
    0.5500000000E+02    -0.5925833834E+02
    0.5600000000E+02    -0.5949652727E+02
    0.5700000000E+02    -0.5973582539E+02
    0.5800000000E+02    -0.5997617335E+02
    0.5900000000E+02    -0.6021651253E+02
    0.6000000000E+02    -0.6045746053E+02
    0.6100000000E+02    -0.6069791866E+02
    0.6200000000E+02    -0.6093864787E+02
    0.6300000000E+02    -0.6117858980E+02
    0.6400000000E+02    -0.6141873323E+02
    0.6500000000E+02    -0.6165790430E+02
    0.6600000000E+02    -0.6189597303E+02
    0.6700000000E+02    -0.6213342542E+02
    0.6800000000E+02    -0.6236991326E+02
    0.6900000000E+02    -0.6260463328E+02
    0.7000000000E+02    -0.6283848915E+02
    0.7100000000E+02    -0.6307119361E+02
    0.7200000000E+02    -0.6330076306E+02
    0.7300000000E+02    -0.6352828848E+02
    0.7400000000E+02    -0.6375490958E+02
    0.7500000000E+02    -0.6397917341E+02
    0.7600000000E+02    -0.6420133055E+02
    0.7700000000E+02    -0.6442089183E+02
    0.7800000000E+02    -0.6463756800E+02
    0.7900000000E+02    -0.6485236283E+02
    0.8000000000E+02    -0.6506474342E+02
    0.8100000000E+02    -0.6527479315E+02
    0.8200000000E+02    -0.6548181529E+02
    0.8300000000E+02    -0.6568599771E+02
    0.8400000000E+02    -0.6588665732E+02
    0.8500000000E+02    -0.6608466587E+02
    0.8600000000E+02    -0.6627950492E+02
    0.8700000000E+02    -0.6647124550E+02
    0.8800000000E+02    -0.6665935141E+02
    0.8900000000E+02    -0.6684488703E+02
    0.9000000000E+02    -0.6702694244E+02
    0.9100000000E+02    -0.6720562728E+02
    0.9200000000E+02    -0.6738053721E+02
    0.9300000000E+02    -0.6755185145E+02
    0.9400000000E+02    -0.6772031351E+02
    0.9500000000E+02    -0.6788435374E+02
    0.9600000000E+02    -0.6804503208E+02
    0.9700000000E+02    -0.6820161891E+02
    0.9800000000E+02    -0.6835593121E+02
    0.9900000000E+02    -0.6850583082E+02
    0.1000000000E+03    -0.6865258125E+02
    0.1010000000E+03    -0.6879463770E+02
    0.1020000000E+03    -0.6893296012E+02
    0.1030000000E+03    -0.6906791680E+02
    0.1040000000E+03    -0.6919967020E+02
    0.1050000000E+03    -0.6932733659E+02
    0.1060000000E+03    -0.6945019240E+02
    0.1070000000E+03    -0.6956931485E+02
    0.1080000000E+03    -0.6968447696E+02
    0.1090000000E+03    -0.6979600067E+02
    0.1100000000E+03    -0.6990244577E+02
    0.1110000000E+03    -0.7000523690E+02
    0.1120000000E+03    -0.7010432630E+02
    0.1130000000E+03    -0.7019929732E+02
    0.1140000000E+03    -0.7029051902E+02
    0.1150000000E+03    -0.7037758038E+02
    0.1160000000E+03    -0.7046054716E+02
    0.1170000000E+03    -0.7054041333E+02
    0.1180000000E+03    -0.7061467853E+02
    0.1190000000E+03    -0.7068664737E+02
    0.1200000000E+03    -0.7075319506E+02
    0.1210000000E+03    -0.7081589721E+02
    0.1220000000E+03    -0.7087496019E+02
    0.1230000000E+03    -0.7093002803E+02
    0.1240000000E+03    -0.7098059869E+02
    0.1250000000E+03    -0.7102673296E+02
    0.1260000000E+03    -0.7106861831E+02
    0.1270000000E+03    -0.7110688812E+02
    0.1280000000E+03    -0.7114174866E+02
    0.1290000000E+03    -0.7117277231E+02
    0.1300000000E+03    -0.7120004462E+02
    0.1310000000E+03    -0.7122255504E+02
    0.1320000000E+03    -0.7124055342E+02
    0.1330000000E+03    -0.7125417784E+02
    0.1340000000E+03    -0.7126415433E+02
    0.1350000000E+03    -0.7127031886E+02
    0.1360000000E+03    -0.7127173040E+02
    0.1370000000E+03    -0.7126988581E+02
    0.1380000000E+03    -0.7126298290E+02
    0.1390000000E+03    -0.7125169465E+02
    0.1400000000E+03    -0.7123609978E+02
    0.1410000000E+03    -0.7121599916E+02
    0.1420000000E+03    -0.7119191453E+02
    0.1430000000E+03    -0.7116483495E+02
    0.1440000000E+03    -0.7113267348E+02
    0.1450000000E+03    -0.7109555693E+02
    0.1460000000E+03    -0.7105502849E+02
    0.1470000000E+03    -0.7101044922E+02
    0.1480000000E+03    -0.7096205838E+02
    0.1490000000E+03    -0.7090890188E+02
    0.1500000000E+03    -0.7085173598E+02
    0.1510000000E+03    -0.7079109621E+02
    0.1520000000E+03    -0.7072585619E+02
    0.1530000000E+03    -0.7065614779E+02
    0.1540000000E+03    -0.7058300388E+02
    0.1550000000E+03    -0.7050632653E+02
    0.1560000000E+03    -0.7042517148E+02
    0.1570000000E+03    -0.7033882376E+02
    0.1580000000E+03    -0.7024905708E+02
    0.1590000000E+03    -0.7015611606E+02
    0.1600000000E+03    -0.7005802383E+02
    0.1610000000E+03    -0.6995719016E+02
    0.1620000000E+03    -0.6985129725E+02
    0.1630000000E+03    -0.6974187897E+02
    0.1640000000E+03    -0.6962849797E+02
    0.1650000000E+03    -0.6951037483E+02
    0.1660000000E+03    -0.6938737625E+02
    0.1670000000E+03    -0.6926056318E+02
    0.1680000000E+03    -0.6912957812E+02
    0.1690000000E+03    -0.6899576686E+02
    0.1700000000E+03    -0.6885631826E+02
    0.1710000000E+03    -0.6871405132E+02
    0.1720000000E+03    -0.6856731952E+02
    0.1730000000E+03    -0.6841722775E+02
    0.1740000000E+03    -0.6826209253E+02
    0.1750000000E+03    -0.6810298217E+02
    0.1760000000E+03    -0.6793910365E+02
    0.1770000000E+03    -0.6777151807E+02
    0.1780000000E+03    -0.6759965566E+02
    0.1790000000E+03    -0.6742437081E+02
    0.1800000000E+03    -0.6724560704E+02
    0.1810000000E+03    -0.6706243939E+02
    0.1820000000E+03    -0.6687312217E+02
    0.1830000000E+03    -0.6667934651E+02
    0.1840000000E+03    -0.6648284208E+02
    0.1850000000E+03    -0.6628386374E+02
    0.1860000000E+03    -0.6607940140E+02
    0.1870000000E+03    -0.6587147210E+02
    0.1880000000E+03    -0.6565873874E+02
    0.1890000000E+03    -0.6544201889E+02
    0.1900000000E+03    -0.6522147069E+02
    0.1910000000E+03    -0.6499668988E+02
    0.1920000000E+03    -0.6476711115E+02
    0.1930000000E+03    -0.6453430472E+02
    0.1940000000E+03    -0.6429780744E+02
    0.1950000000E+03    -0.6405680736E+02
    0.1960000000E+03    -0.6381149614E+02
    0.1970000000E+03    -0.6356277258E+02
    0.1980000000E+03    -0.6330941161E+02
    0.1990000000E+03    -0.6305247597E+02
    0.2000000000E+03    -0.6279029775E+02
    0.2010000000E+03    -0.6252413954E+02
    0.2020000000E+03    -0.6225450834E+02
    0.2030000000E+03    -0.6198051786E+02
    0.2040000000E+03    -0.6170181836E+02
    0.2050000000E+03    -0.6142010020E+02
    0.2060000000E+03    -0.6113389070E+02
    0.2070000000E+03    -0.6084327864E+02
    0.2080000000E+03    -0.6054928695E+02
    0.2090000000E+03    -0.6025284996E+02
    0.2100000000E+03    -0.5995199308E+02
    0.2110000000E+03    -0.5964723244E+02
    0.2120000000E+03    -0.5933756560E+02
    0.2130000000E+03    -0.5902421935E+02
    0.2140000000E+03    -0.5870771992E+02
    0.2150000000E+03    -0.5838695301E+02
    0.2160000000E+03    -0.5806186939E+02
    0.2170000000E+03    -0.5773179020E+02
    0.2180000000E+03    -0.5739759433E+02
    0.2190000000E+03    -0.5706074961E+02
    0.2200000000E+03    -0.5672020430E+02
    0.2210000000E+03    -0.5637577784E+02
    0.2220000000E+03    -0.5602715238E+02
    0.2230000000E+03    -0.5567209271E+02
    0.2240000000E+03    -0.5531423794E+02
    0.2250000000E+03    -0.5495378971E+02
    0.2260000000E+03    -0.5458848884E+02
    0.2270000000E+03    -0.5422028227E+02
    0.2280000000E+03    -0.5384537782E+02
    0.2290000000E+03    -0.5346915930E+02
    0.2300000000E+03    -0.5308886127E+02
    0.2310000000E+03    -0.5270635433E+02
    0.2320000000E+03    -0.5231992864E+02
    0.2330000000E+03    -0.5192768243E+02
    0.2340000000E+03    -0.5153370476E+02
    0.2350000000E+03    -0.5113444200E+02
    0.2360000000E+03    -0.5073094330E+02
    0.2370000000E+03    -0.5032379975E+02
    0.2380000000E+03    -0.4991399780E+02
    0.2390000000E+03    -0.4950105442E+02
    0.2400000000E+03    -0.4908542500E+02
    0.2410000000E+03    -0.4866593782E+02
    0.2420000000E+03    -0.4824335751E+02
    0.2430000000E+03    -0.4781641383E+02
    0.2440000000E+03    -0.4738599802E+02
    0.2450000000E+03    -0.4695404014E+02
    0.2460000000E+03    -0.4651770896E+02
    0.2470000000E+03    -0.4607776710E+02
    0.2480000000E+03    -0.4563455253E+02
    0.2490000000E+03    -0.4518973153E+02
    0.2500000000E+03    -0.4474199952E+02
    0.2510000000E+03    -0.4429227182E+02
    0.2520000000E+03    -0.4383707362E+02
    0.2530000000E+03    -0.4338194745E+02
    0.2540000000E+03    -0.4292155236E+02
    0.2550000000E+03    -0.4245870930E+02
    0.2560000000E+03    -0.4199359436E+02
    0.2570000000E+03    -0.4152503485E+02
    0.2580000000E+03    -0.4105499390E+02
    0.2590000000E+03    -0.4058087456E+02
    0.2600000000E+03    -0.4010541828E+02
    0.2610000000E+03    -0.3962789553E+02
    0.2620000000E+03    -0.3914657802E+02
    0.2630000000E+03    -0.3866352586E+02
    0.2640000000E+03    -0.3817784490E+02
    0.2650000000E+03    -0.3768982030E+02
    0.2660000000E+03    -0.3719973592E+02
    0.2670000000E+03    -0.3670848585E+02
    0.2680000000E+03    -0.3621718721E+02
    0.2690000000E+03    -0.3572017962E+02
    0.2700000000E+03    -0.3522355439E+02
    0.2710000000E+03    -0.3472399879E+02
    0.2720000000E+03    -0.3422501763E+02
    0.2730000000E+03    -0.3372745476E+02
    0.2740000000E+03    -0.3322535006E+02
    0.2750000000E+03    -0.3272292078E+02
    0.2760000000E+03    -0.3222054198E+02
    0.2770000000E+03    -0.3171460096E+02
    0.2780000000E+03    -0.3121054324E+02
    0.2790000000E+03    -0.3070634377E+02
    0.2800000000E+03    -0.3019920487E+02
    0.2810000000E+03    -0.2969479068E+02
    0.2820000000E+03    -0.2918689504E+02
    0.2830000000E+03    -0.2867785675E+02
    0.2840000000E+03    -0.2817210321E+02
    0.2850000000E+03    -0.2766328326E+02
    0.2860000000E+03    -0.2715659084E+02
    0.2870000000E+03    -0.2664892073E+02
    0.2880000000E+03    -0.2614121660E+02
    0.2890000000E+03    -0.2563500946E+02
    0.2900000000E+03    -0.2513022738E+02
    0.2910000000E+03    -0.2462600959E+02
    0.2920000000E+03    -0.2412363804E+02
    0.2930000000E+03    -0.2362229344E+02
    0.2940000000E+03    -0.2311944464E+02
    0.2950000000E+03    -0.2262097173E+02
    0.2960000000E+03    -0.2212103102E+02
    0.2970000000E+03    -0.2162779266E+02
    0.2980000000E+03    -0.2113615731E+02
    0.2990000000E+03    -0.2064340020E+02
    0.3000000000E+03    -0.2015373974E+02
    0.3010000000E+03    -0.1966733981E+02
    0.3020000000E+03    -0.1918637184E+02
    0.3030000000E+03    -0.1870697147E+02
    0.3040000000E+03    -0.1823036756E+02
    0.3050000000E+03    -0.1776051305E+02
    0.3060000000E+03    -0.1729138718E+02
    0.3070000000E+03    -0.1682621877E+02
    0.3080000000E+03    -0.1636268479E+02
    0.3090000000E+03    -0.1590494727E+02
    0.3100000000E+03    -0.1544945865E+02
    0.3110000000E+03    -0.1499707098E+02
    0.3120000000E+03    -0.1454989412E+02
    0.3130000000E+03    -0.1410938163E+02
    0.3140000000E+03    -0.1367321230E+02
    0.3150000000E+03    -0.1324456627E+02
    0.3160000000E+03    -0.1281805355E+02
    0.3170000000E+03    -0.1239899977E+02
    0.3180000000E+03    -0.1199127065E+02
    0.3190000000E+03    -0.1158184140E+02
    0.3200000000E+03    -0.1118094470E+02
    0.3210000000E+03    -0.1078357564E+02
    0.3220000000E+03    -0.1039704622E+02
    0.3230000000E+03    -0.1001499527E+02
    0.3240000000E+03    -0.9641650874E+01
    0.3250000000E+03    -0.9274491493E+01
    0.3260000000E+03    -0.8917300971E+01
    0.3270000000E+03    -0.8562935609E+01
    0.3280000000E+03    -0.8216282486E+01
    0.3290000000E+03    -0.7883592350E+01
    0.3300000000E+03    -0.7557660435E+01
    0.3310000000E+03    -0.7242296968E+01
    0.3320000000E+03    -0.6932796118E+01
    0.3330000000E+03    -0.6634292299E+01
    0.3340000000E+03    -0.6347653260E+01
    0.3350000000E+03    -0.6068758351E+01
    0.3360000000E+03    -0.5806687325E+01
    0.3370000000E+03    -0.5550055055E+01
    0.3380000000E+03    -0.5299479427E+01
    0.3390000000E+03    -0.5059752750E+01
    0.3400000000E+03    -0.4829893314E+01
    0.3410000000E+03    -0.4612079506E+01
    0.3420000000E+03    -0.4408934482E+01
    0.3430000000E+03    -0.4223251016E+01
    0.3440000000E+03    -0.4045707511E+01
    0.3450000000E+03    -0.3879014101E+01
    0.3460000000E+03    -0.3727381135E+01
    0.3470000000E+03    -0.3594468209E+01
    0.3480000000E+03    -0.3471620896E+01
    0.3490000000E+03    -0.3359876861E+01
    0.3500000000E+03    -0.3265910970E+01
    0.3510000000E+03    -0.3179807914E+01
    0.3520000000E+03    -0.3114882960E+01
    0.3530000000E+03    -0.3062089313E+01
    0.3540000000E+03    -0.3025315506E+01
    0.3550000000E+03    -0.3001842169E+01
    0.3560000000E+03    -0.2988091412E+01
    0.3570000000E+03    -0.2985547508E+01
    0.3580000000E+03    -0.3013931256E+01
    0.3590000000E+03    -0.3058527014E+01
    0.3600000000E+03    -0.3118538016E+01
    0.3610000000E+03    -0.3191398805E+01
    0.3620000000E+03    -0.3287238669E+01
    0.3630000000E+03    -0.3403228996E+01
    0.3640000000E+03    -0.3540831871E+01
    0.3650000000E+03    -0.3692156135E+01
    0.3660000000E+03    -0.3861738203E+01
    0.3670000000E+03    -0.4043203580E+01
    0.3680000000E+03    -0.4251168185E+01
    0.3690000000E+03    -0.4474282512E+01
    0.3700000000E+03    -0.4714480942E+01
    0.3710000000E+03    -0.4988524970E+01
    0.3720000000E+03    -0.5288436234E+01
    0.3730000000E+03    -0.5600942251E+01
    0.3740000000E+03    -0.5944944947E+01
    0.3750000000E+03    -0.6308315617E+01
    0.3760000000E+03    -0.6692558078E+01
    0.3770000000E+03    -0.7091969741E+01
    0.3780000000E+03    -0.7520784008E+01
    0.3790000000E+03    -0.7964364861E+01
    0.3800000000E+03    -0.8427634180E+01
    0.3810000000E+03    -0.8927190297E+01
    0.3820000000E+03    -0.9440477966E+01
    0.3830000000E+03    -0.9995604861E+01
    0.3840000000E+03    -0.1056216536E+02
    0.3850000000E+03    -0.1115699349E+02
    0.3860000000E+03    -0.1178528153E+02
    0.3870000000E+03    -0.1243607879E+02
    0.3880000000E+03    -0.1311496883E+02
    0.3890000000E+03    -0.1382837051E+02
    0.3900000000E+03    -0.1456518337E+02
    0.3910000000E+03    -0.1531700720E+02
    0.3920000000E+03    -0.1611400709E+02
    0.3930000000E+03    -0.1693429263E+02
    0.3940000000E+03    -0.1777966968E+02
    0.3950000000E+03    -0.1866401780E+02
    0.3960000000E+03    -0.1956985811E+02
    0.3970000000E+03    -0.2051237988E+02
    0.3980000000E+03    -0.2148655700E+02
    0.3990000000E+03    -0.2249638626E+02
    0.4000000000E+03    -0.2353181065E+02
    0.4010000000E+03    -0.2458239446E+02
    0.4020000000E+03    -0.2569191155E+02
    0.4030000000E+03    -0.2684113724E+02
    0.4040000000E+03    -0.2801369525E+02
    0.4050000000E+03    -0.2922975684E+02
    0.4060000000E+03    -0.3047897216E+02
    0.4070000000E+03    -0.3175395297E+02
    0.4080000000E+03    -0.3306750543E+02
    0.4090000000E+03    -0.3441377122E+02
    0.4100000000E+03    -0.3581055355E+02
    0.4110000000E+03    -0.3722599763E+02
    0.4120000000E+03    -0.3868074823E+02
    0.4130000000E+03    -0.4016712778E+02
    0.4140000000E+03    -0.4169305130E+02
    0.4150000000E+03    -0.4325458497E+02
