    0.0000000000E+00    -0.6778846812E+02
    0.1000000000E+01    -0.6479496477E+02
    0.2000000000E+01    -0.6247730291E+02
    0.3000000000E+01    -0.6054707386E+02
    0.4000000000E+01    -0.5888826969E+02
    0.5000000000E+01    -0.5743539990E+02
    0.6000000000E+01    -0.5614722137E+02
    0.7000000000E+01    -0.5499596456E+02
    0.8000000000E+01    -0.5396005925E+02
    0.9000000000E+01    -0.5302469869E+02
    0.1000000000E+02    -0.5217848408E+02
    0.1100000000E+02    -0.5141065444E+02
    0.1200000000E+02    -0.5071239570E+02
    0.1300000000E+02    -0.5007707740E+02
    0.1400000000E+02    -0.4949884972E+02
    0.1500000000E+02    -0.4897242447E+02
    0.1600000000E+02    -0.4849342053E+02
    0.1700000000E+02    -0.4805809333E+02
    0.1800000000E+02    -0.4766320635E+02
    0.1900000000E+02    -0.4730580780E+02
    0.2000000000E+02    -0.4698264336E+02
    0.2100000000E+02    -0.4669163678E+02
    0.2200000000E+02    -0.4643022649E+02
    0.2300000000E+02    -0.4619651891E+02
    0.2400000000E+02    -0.4598891278E+02
    0.2500000000E+02    -0.4580534707E+02
    0.2600000000E+02    -0.4564477686E+02
    0.2700000000E+02    -0.4550571561E+02
    0.2800000000E+02    -0.4538653955E+02
    0.2900000000E+02    -0.4528597044E+02
    0.3000000000E+02    -0.4520276431E+02
    0.3100000000E+02    -0.4513607012E+02
    0.3200000000E+02    -0.4508415327E+02
    0.3300000000E+02    -0.4504694774E+02
    0.3400000000E+02    -0.4502292646E+02
    0.3500000000E+02    -0.4501111108E+02
    0.3600000000E+02    -0.4501195299E+02
    0.3700000000E+02    -0.4502406935E+02
    0.3800000000E+02    -0.4504664110E+02
    0.3900000000E+02    -0.4507988279E+02
    0.4000000000E+02    -0.4512204361E+02
    0.4100000000E+02    -0.4517302288E+02
    0.4200000000E+02    -0.4523241440E+02
    0.4300000000E+02    -0.4529878716E+02
    0.4400000000E+02    -0.4537275583E+02
    0.4500000000E+02    -0.4545381476E+02
    0.4600000000E+02    -0.4554088392E+02
    0.4700000000E+02    -0.4563322503E+02
    0.4800000000E+02    -0.4573141754E+02
    0.4900000000E+02    -0.4583438643E+02
    0.5000000000E+02    -0.4594247725E+02
    0.5100000000E+02    -0.4605400573E+02
    0.5200000000E+02    -0.4617041834E+02
    0.5300000000E+02    -0.4629014714E+02
    0.5400000000E+02    -0.4641262551E+02
    0.5500000000E+02    -0.4653904744E+02
    0.5600000000E+02    -0.4666849079E+02
    0.5700000000E+02    -0.4679926769E+02
    0.5800000000E+02    -0.4693242071E+02
    0.5900000000E+02    -0.4706838285E+02
    0.6000000000E+02    -0.4720599945E+02
    0.6100000000E+02    -0.4734497010E+02
    0.6200000000E+02    -0.4748464511E+02
    0.6300000000E+02    -0.4762593893E+02
    0.6400000000E+02    -0.4776867998E+02
    0.6500000000E+02    -0.4791203692E+02
    0.6600000000E+02    -0.4805585019E+02
    0.6700000000E+02    -0.4820060634E+02
    0.6800000000E+02    -0.4834543959E+02
    0.6900000000E+02    -0.4849058156E+02
    0.7000000000E+02    -0.4863594331E+02
    0.7100000000E+02    -0.4878002109E+02
    0.7200000000E+02    -0.4892379960E+02
    0.7300000000E+02    -0.4906749482E+02
    0.7400000000E+02    -0.4920970322E+02
    0.7500000000E+02    -0.4935205342E+02
    0.7600000000E+02    -0.4949348818E+02
    0.7700000000E+02    -0.4963281083E+02
    0.7800000000E+02    -0.4977189459E+02
    0.7900000000E+02    -0.4990890024E+02
    0.8000000000E+02    -0.5004597677E+02
    0.8100000000E+02    -0.5018156431E+02
    0.8200000000E+02    -0.5031518139E+02
    0.8300000000E+02    -0.5044723661E+02
    0.8400000000E+02    -0.5057819374E+02
    0.8500000000E+02    -0.5070699728E+02
    0.8600000000E+02    -0.5083419471E+02
    0.8700000000E+02    -0.5095952374E+02
    0.8800000000E+02    -0.5108289226E+02
    0.8900000000E+02    -0.5120477915E+02
    0.9000000000E+02    -0.5132378362E+02
    0.9100000000E+02    -0.5144013776E+02
    0.9200000000E+02    -0.5155480629E+02
    0.9300000000E+02    -0.5166744342E+02
    0.9400000000E+02    -0.5177728020E+02
    0.9500000000E+02    -0.5188470504E+02
    0.9600000000E+02    -0.5198984944E+02
    0.9700000000E+02    -0.5209249799E+02
    0.9800000000E+02    -0.5219239894E+02
    0.9900000000E+02    -0.5228935970E+02
    0.1000000000E+03    -0.5238490994E+02
    0.1010000000E+03    -0.5247639875E+02
    0.1020000000E+03    -0.5256545644E+02
    0.1030000000E+03    -0.5265164877E+02
    0.1040000000E+03    -0.5273531876E+02
    0.1050000000E+03    -0.5281578185E+02
    0.1060000000E+03    -0.5289419742E+02
    0.1070000000E+03    -0.5296947529E+02
    0.1080000000E+03    -0.5304128449E+02
    0.1090000000E+03    -0.5311059703E+02
    0.1100000000E+03    -0.5317642653E+02
    0.1110000000E+03    -0.5323929543E+02
    0.1120000000E+03    -0.5329872394E+02
    0.1130000000E+03    -0.5335548089E+02
    0.1140000000E+03    -0.5340982195E+02
    0.1150000000E+03    -0.5346132581E+02
    0.1160000000E+03    -0.5350995643E+02
    0.1170000000E+03    -0.5355522939E+02
    0.1180000000E+03    -0.5359743390E+02
    0.1190000000E+03    -0.5363608076E+02
    0.1200000000E+03    -0.5367164151E+02
    0.1210000000E+03    -0.5370369770E+02
    0.1220000000E+03    -0.5373306296E+02
    0.1230000000E+03    -0.5375894051E+02
    0.1240000000E+03    -0.5378127405E+02
    0.1250000000E+03    -0.5380141540E+02
    0.1260000000E+03    -0.5381690613E+02
    0.1270000000E+03    -0.5382982070E+02
    0.1280000000E+03    -0.5383943894E+02
    0.1290000000E+03    -0.5384538038E+02
    0.1300000000E+03    -0.5384850788E+02
    0.1310000000E+03    -0.5384782738E+02
    0.1320000000E+03    -0.5384445234E+02
    0.1330000000E+03    -0.5383673219E+02
    0.1340000000E+03    -0.5382694949E+02
    0.1350000000E+03    -0.5381304089E+02
    0.1360000000E+03    -0.5379524092E+02
    0.1370000000E+03    -0.5377503969E+02
    0.1380000000E+03    -0.5375254635E+02
    0.1390000000E+03    -0.5372553121E+02
    0.1400000000E+03    -0.5369543757E+02
    0.1410000000E+03    -0.5366123543E+02
    0.1420000000E+03    -0.5362358608E+02
    0.1430000000E+03    -0.5358360708E+02
    0.1440000000E+03    -0.5354040775E+02
    0.1450000000E+03    -0.5349228369E+02
    0.1460000000E+03    -0.5344254060E+02
    0.1470000000E+03    -0.5338893427E+02
    0.1480000000E+03    -0.5333068786E+02
    0.1490000000E+03    -0.5326966500E+02
    0.1500000000E+03    -0.5320515542E+02
    0.1510000000E+03    -0.5313750428E+02
    0.1520000000E+03    -0.5306746912E+02
    0.1530000000E+03    -0.5299288686E+02
    0.1540000000E+03    -0.5291545027E+02
    0.1550000000E+03    -0.5283237103E+02
    0.1560000000E+03    -0.5274786752E+02
    0.1570000000E+03    -0.5265942866E+02
    0.1580000000E+03    -0.5256831544E+02
    0.1590000000E+03    -0.5247280705E+02
    0.1600000000E+03    -0.5237374237E+02
    0.1610000000E+03    -0.5227269171E+02
    0.1620000000E+03    -0.5216797606E+02
    0.1630000000E+03    -0.5205942994E+02
    0.1640000000E+03    -0.5194749123E+02
    0.1650000000E+03    -0.5183146137E+02
    0.1660000000E+03    -0.5171277647E+02
    0.1670000000E+03    -0.5159079325E+02
    0.1680000000E+03    -0.5146477358E+02
    0.1690000000E+03    -0.5133570096E+02
    0.1700000000E+03    -0.5120318636E+02
    0.1710000000E+03    -0.5106768231E+02
    0.1720000000E+03    -0.5092812423E+02
    0.1730000000E+03    -0.5078449374E+02
    0.1740000000E+03    -0.5063830954E+02
    0.1750000000E+03    -0.5048820586E+02
    0.1760000000E+03    -0.5033442125E+02
    0.1770000000E+03    -0.5017715502E+02
    0.1780000000E+03    -0.5001640343E+02
    0.1790000000E+03    -0.4985239904E+02
    0.1800000000E+03    -0.4968532178E+02
    0.1810000000E+03    -0.4951291621E+02
    0.1820000000E+03    -0.4933858090E+02
    0.1830000000E+03    -0.4916247923E+02
    0.1840000000E+03    -0.4898286880E+02
    0.1850000000E+03    -0.4879989345E+02
    0.1860000000E+03    -0.4861243610E+02
    0.1870000000E+03    -0.4842145084E+02
    0.1880000000E+03    -0.4822776713E+02
    0.1890000000E+03    -0.4803266712E+02
    0.1900000000E+03    -0.4783216957E+02
    0.1910000000E+03    -0.4762803855E+02
    0.1920000000E+03    -0.4742019227E+02
    0.1930000000E+03    -0.4720978967E+02
    0.1940000000E+03    -0.4699527109E+02
    0.1950000000E+03    -0.4677830587E+02
    0.1960000000E+03    -0.4655799292E+02
    0.1970000000E+03    -0.4633502921E+02
    0.1980000000E+03    -0.4610901255E+02
    0.1990000000E+03    -0.4587956292E+02
    0.2000000000E+03    -0.4564594058E+02
    0.2010000000E+03    -0.4540930580E+02
    0.2020000000E+03    -0.4516931052E+02
    0.2030000000E+03    -0.4492616628E+02
    0.2040000000E+03    -0.4467852477E+02
    0.2050000000E+03    -0.4442836149E+02
    0.2060000000E+03    -0.4417464861E+02
    0.2070000000E+03    -0.4391843471E+02
    0.2080000000E+03    -0.4365906199E+02
    0.2090000000E+03    -0.4339605893E+02
    0.2100000000E+03    -0.4313019332E+02
    0.2110000000E+03    -0.4286189565E+02
    0.2120000000E+03    -0.4259085281E+02
    0.2130000000E+03    -0.4231644961E+02
    0.2140000000E+03    -0.4203809092E+02
    0.2150000000E+03    -0.4175706251E+02
    0.2160000000E+03    -0.4147312099E+02
    0.2170000000E+03    -0.4118669089E+02
    0.2180000000E+03    -0.4089807732E+02
    0.2190000000E+03    -0.4060544739E+02
    0.2200000000E+03    -0.4030950434E+02
    0.2210000000E+03    -0.4001167071E+02
    0.2220000000E+03    -0.3970994063E+02
    0.2230000000E+03    -0.3940590390E+02
    0.2240000000E+03    -0.3909755981E+02
    0.2250000000E+03    -0.3878727752E+02
    0.2260000000E+03    -0.3847390081E+02
    0.2270000000E+03    -0.3815891916E+02
    0.2280000000E+03    -0.3783667462E+02
    0.2290000000E+03    -0.3751541777E+02
    0.2300000000E+03    -0.3719200592E+02
    0.2310000000E+03    -0.3686511852E+02
    0.2320000000E+03    -0.3653573330E+02
    0.2330000000E+03    -0.3620343390E+02
    0.2340000000E+03    -0.3586699366E+02
    0.2350000000E+03    -0.3552951547E+02
    0.2360000000E+03    -0.3518968042E+02
    0.2370000000E+03    -0.3484640337E+02
    0.2380000000E+03    -0.3450008869E+02
    0.2390000000E+03    -0.3415158338E+02
    0.2400000000E+03    -0.3380203319E+02
    0.2410000000E+03    -0.3345094120E+02
    0.2420000000E+03    -0.3309796910E+02
    0.2430000000E+03    -0.3274264582E+02
    0.2440000000E+03    -0.3238521449E+02
    0.2450000000E+03    -0.3202501864E+02
    0.2460000000E+03    -0.3166323829E+02
    0.2470000000E+03    -0.3129982875E+02
    0.2480000000E+03    -0.3093414941E+02
    0.2490000000E+03    -0.3056667110E+02
    0.2500000000E+03    -0.3019783057E+02
    0.2510000000E+03    -0.2982838260E+02
    0.2520000000E+03    -0.2945709274E+02
    0.2530000000E+03    -0.2908328027E+02
    0.2540000000E+03    -0.2870596420E+02
    0.2550000000E+03    -0.2833023291E+02
    0.2560000000E+03    -0.2795262034E+02
    0.2570000000E+03    -0.2757508918E+02
    0.2580000000E+03    -0.2719440522E+02
    0.2590000000E+03    -0.2681164377E+02
    0.2600000000E+03    -0.2642825923E+02
    0.2610000000E+03    -0.2604350470E+02
    0.2620000000E+03    -0.2565945771E+02
    0.2630000000E+03    -0.2527355114E+02
    0.2640000000E+03    -0.2488562128E+02
    0.2650000000E+03    -0.2449635556E+02
    0.2660000000E+03    -0.2410791832E+02
    0.2670000000E+03    -0.2371858414E+02
    0.2680000000E+03    -0.2332863098E+02
    0.2690000000E+03    -0.2294042970E+02
    0.2700000000E+03    -0.2254934382E+02
    0.2710000000E+03    -0.2215826358E+02
    0.2720000000E+03    -0.2176861832E+02
    0.2730000000E+03    -0.2137938218E+02
    0.2740000000E+03    -0.2099076064E+02
    0.2750000000E+03    -0.2059989682E+02
    0.2760000000E+03    -0.2020978020E+02
    0.2770000000E+03    -0.1982286496E+02
    0.2780000000E+03    -0.1943490147E+02
    0.2790000000E+03    -0.1905136652E+02
    0.2800000000E+03    -0.1866656315E+02
    0.2810000000E+03    -0.1828138357E+02
    0.2820000000E+03    -0.1789751513E+02
    0.2830000000E+03    -0.1751542576E+02
    0.2840000000E+03    -0.1713587306E+02
    0.2850000000E+03    -0.1675751731E+02
    0.2860000000E+03    -0.1638181232E+02
    0.2870000000E+03    -0.1600782753E+02
    0.2880000000E+03    -0.1563370004E+02
    0.2890000000E+03    -0.1526359850E+02
    0.2900000000E+03    -0.1489500286E+02
    0.2910000000E+03    -0.1452938558E+02
    0.2920000000E+03    -0.1416321503E+02
    0.2930000000E+03    -0.1380321072E+02
    0.2940000000E+03    -0.1344444414E+02
    0.2950000000E+03    -0.1308824281E+02
    0.2960000000E+03    -0.1273640388E+02
    0.2970000000E+03    -0.1238963051E+02
    0.2980000000E+03    -0.1204624353E+02
    0.2990000000E+03    -0.1170707353E+02
    0.3000000000E+03    -0.1136918639E+02
    0.3010000000E+03    -0.1103552284E+02
    0.3020000000E+03    -0.1070466142E+02
    0.3030000000E+03    -0.1037753394E+02
    0.3040000000E+03    -0.1005633147E+02
    0.3050000000E+03    -0.9737759546E+01
    0.3060000000E+03    -0.9428062873E+01
    0.3070000000E+03    -0.9120264518E+01
    0.3080000000E+03    -0.8819560837E+01
    0.3090000000E+03    -0.8525498257E+01
    0.3100000000E+03    -0.8238744216E+01
    0.3110000000E+03    -0.7952994537E+01
    0.3120000000E+03    -0.7676400426E+01
    0.3130000000E+03    -0.7402950370E+01
    0.3140000000E+03    -0.7133494089E+01
    0.3150000000E+03    -0.6876119744E+01
    0.3160000000E+03    -0.6621146804E+01
    0.3170000000E+03    -0.6371410109E+01
    0.3180000000E+03    -0.6132122288E+01
    0.3190000000E+03    -0.5899786712E+01
    0.3200000000E+03    -0.5674329204E+01
    0.3210000000E+03    -0.5455504688E+01
    0.3220000000E+03    -0.5248365175E+01
    0.3230000000E+03    -0.5048546100E+01
    0.3240000000E+03    -0.4857913003E+01
    0.3250000000E+03    -0.4677123036E+01
    0.3260000000E+03    -0.4502266651E+01
    0.3270000000E+03    -0.4337215888E+01
    0.3280000000E+03    -0.4185180894E+01
    0.3290000000E+03    -0.4035927862E+01
    0.3300000000E+03    -0.3898381361E+01
    0.3310000000E+03    -0.3771466843E+01
    0.3320000000E+03    -0.3651982835E+01
    0.3330000000E+03    -0.3544526743E+01
    0.3340000000E+03    -0.3449296644E+01
    0.3350000000E+03    -0.3366681082E+01
    0.3360000000E+03    -0.3296196815E+01
    0.3370000000E+03    -0.3232199574E+01
    0.3380000000E+03    -0.3181791193E+01
    0.3390000000E+03    -0.3141628219E+01
    0.3400000000E+03    -0.3114873046E+01
    0.3410000000E+03    -0.3098887766E+01
    0.3420000000E+03    -0.3095095418E+01
    0.3430000000E+03    -0.3107216743E+01
    0.3440000000E+03    -0.3130975698E+01
    0.3450000000E+03    -0.3172185063E+01
    0.3460000000E+03    -0.3223880011E+01
    0.3470000000E+03    -0.3293418917E+01
    0.3480000000E+03    -0.3376223464E+01
    0.3490000000E+03    -0.3475637460E+01
    0.3500000000E+03    -0.3583110276E+01
    0.3510000000E+03    -0.3705368521E+01
    0.3520000000E+03    -0.3848918586E+01
    0.3530000000E+03    -0.4011121677E+01
    0.3540000000E+03    -0.4186261419E+01
    0.3550000000E+03    -0.4383220444E+01
    0.3560000000E+03    -0.4596963848E+01
    0.3570000000E+03    -0.4825685061E+01
    0.3580000000E+03    -0.5061694714E+01
    0.3590000000E+03    -0.5327521193E+01
    0.3600000000E+03    -0.5604740441E+01
    0.3610000000E+03    -0.5908999559E+01
    0.3620000000E+03    -0.6219616800E+01
    0.3630000000E+03    -0.6551409152E+01
    0.3640000000E+03    -0.6906100747E+01
    0.3650000000E+03    -0.7282530509E+01
    0.3660000000E+03    -0.7678849900E+01
    0.3670000000E+03    -0.8094084445E+01
    0.3680000000E+03    -0.8523455185E+01
    0.3690000000E+03    -0.8977641023E+01
    0.3700000000E+03    -0.9452606115E+01
    0.3710000000E+03    -0.9949735262E+01
    0.3720000000E+03    -0.1046993712E+02
    0.3730000000E+03    -0.1101673152E+02
    0.3740000000E+03    -0.1158145672E+02
    0.3750000000E+03    -0.1217198272E+02
    0.3760000000E+03    -0.1279144445E+02
    0.3770000000E+03    -0.1342635945E+02
    0.3780000000E+03    -0.1408865115E+02
    0.3790000000E+03    -0.1477113782E+02
    0.3800000000E+03    -0.1548070774E+02
    0.3810000000E+03    -0.1621690767E+02
    0.3820000000E+03    -0.1698503425E+02
    0.3830000000E+03    -0.1776527580E+02
    0.3840000000E+03    -0.1858201056E+02
    0.3850000000E+03    -0.1942596412E+02
    0.3860000000E+03    -0.2028846632E+02
    0.3870000000E+03    -0.2117727670E+02
    0.3880000000E+03    -0.2210092283E+02
    0.3890000000E+03    -0.2305078681E+02
    0.3900000000E+03    -0.2403429110E+02
    0.3910000000E+03    -0.2505610850E+02
    0.3920000000E+03    -0.2609743649E+02
    0.3930000000E+03    -0.2716854685E+02
    0.3940000000E+03    -0.2826535459E+02
    0.3950000000E+03    -0.2939734867E+02
    0.3960000000E+03    -0.3054587485E+02
    0.3970000000E+03    -0.3173700514E+02
    0.3980000000E+03    -0.3296820611E+02
    0.3990000000E+03    -0.3422530070E+02
    0.4000000000E+03    -0.3550744683E+02
