       0    0.24186956E-09
       1   -0.60573976E-03
       2   -0.42315471E-01
       3   -0.12560301E+00
       4   -0.25043628E+00
       5   -0.41759891E+00
       6   -0.62657852E+00
       7   -0.87903665E+00
       8   -0.11755188E+01
       9   -0.15160173E+01
      10   -0.18998467E+01
      11   -0.23287437E+01
      12   -0.28031129E+01
      13   -0.33247390E+01
      14   -0.38928777E+01
      15   -0.45084239E+01
      16   -0.51742921E+01
      17   -0.58881869E+01
      18   -0.66499754E+01
      19   -0.74673187E+01
      20   -0.83376409E+01
      21   -0.92621510E+01
      22   -0.10244239E+02
      23   -0.11280092E+02
      24   -0.12374514E+02
      25   -0.13529630E+02
      26   -0.14746305E+02
      27   -0.16031132E+02
      28   -0.17380027E+02
      29   -0.18804321E+02
      30   -0.20297727E+02
      31   -0.21869667E+02
      32   -0.23529039E+02
      33   -0.25258559E+02
      34   -0.27079148E+02
      35   -0.28992378E+02
      36   -0.30997667E+02
      37   -0.33097990E+02
      38   -0.35295185E+02
      39   -0.37584525E+02
      40   -0.39981780E+02
      41   -0.42476514E+02
      42   -0.45071918E+02
      43   -0.47780202E+02
      44   -0.50603448E+02
      45   -0.53506557E+02
      46   -0.56514208E+02
      47   -0.59616226E+02
      48   -0.62817226E+02
      49   -0.66084930E+02
      50   -0.69423374E+02
      51   -0.72824570E+02
      52   -0.76290408E+02
      53   -0.79824385E+02
      54   -0.83399778E+02
      55   -0.87021142E+02
      56   -0.90698920E+02
      57   -0.94394747E+02
      58   -0.98125637E+02
      59   -0.10187935E+03
      60   -0.10568295E+03
      61   -0.10945472E+03
      62   -0.11325499E+03
      63   -0.11707969E+03
      64   -0.12093357E+03
      65   -0.12478730E+03
      66   -0.12867534E+03
      67   -0.13260885E+03
      68   -0.13651089E+03
      69   -0.14043828E+03
      70   -0.14439658E+03
      71   -0.14833638E+03
      72   -0.15233672E+03
      73   -0.15637385E+03
      74   -0.16037867E+03
      75   -0.16439475E+03
      76   -0.16845791E+03
      77   -0.17252729E+03
      78   -0.17660598E+03
      79   -0.18070567E+03
      80   -0.18483826E+03
      81   -0.18899248E+03
      82   -0.19310450E+03
      83   -0.19728584E+03
      84   -0.20147790E+03
      85   -0.20565112E+03
      86   -0.20987535E+03
      87   -0.21407670E+03
      88   -0.21830482E+03
      89   -0.22251446E+03
      90   -0.22680796E+03
      91   -0.23107530E+03
      92   -0.23535666E+03
      93   -0.23964859E+03
      94   -0.24391441E+03
      95   -0.24820984E+03
      96   -0.25251920E+03
      97   -0.25683573E+03
      98   -0.26116479E+03
      99   -0.26549216E+03
     100   -0.26984295E+03
     101   -0.27420584E+03
     102   -0.27852933E+03
     103   -0.28289460E+03
     104   -0.28728571E+03
     105   -0.29169720E+03
     106   -0.29610682E+03
     107   -0.30057499E+03
     108   -0.30497830E+03
     109   -0.30939148E+03
     110   -0.31383046E+03
     111   -0.31826617E+03
     112   -0.32270044E+03
     113   -0.32714841E+03
     114   -0.33157414E+03
     115   -0.33602500E+03
     116   -0.34048749E+03
     117   -0.34501920E+03
     118   -0.34952896E+03
     119   -0.35400391E+03
     120   -0.35852482E+03
     121   -0.36308311E+03
     122   -0.36764532E+03
     123   -0.37228001E+03
     124   -0.37685785E+03
     125   -0.38148066E+03
     126   -0.38613503E+03
     127   -0.39081050E+03
     128   -0.39548763E+03
     129   -0.40019253E+03
     130   -0.40492939E+03
     131   -0.40970058E+03
     132   -0.41447609E+03
     133   -0.41932579E+03
     134   -0.42413553E+03
     135   -0.42895218E+03
     136   -0.43382544E+03
     137   -0.43878647E+03
     138   -0.44378014E+03
     139   -0.44879653E+03
     140   -0.45381415E+03
     141   -0.45886881E+03
     142   -0.46398570E+03
     143   -0.46925289E+03
     144   -0.47454896E+03
     145   -0.47977858E+03
     146   -0.48512311E+03
     147   -0.49048477E+03
     148   -0.49583683E+03
     149   -0.50124491E+03
     150   -0.50671181E+03
     151   -0.51214432E+03
     152   -0.51771230E+03
     153   -0.52321002E+03
     154   -0.52873958E+03
     155   -0.53426865E+03
     156   -0.53980139E+03
     157   -0.54545623E+03
     158   -0.55112756E+03
     159   -0.55667227E+03
     160   -0.56234497E+03
     161   -0.56796134E+03
     162   -0.57364232E+03
     163   -0.57930745E+03
     164   -0.58501825E+03
     165   -0.59066614E+03
     166   -0.59628995E+03
     167   -0.60187800E+03
     168   -0.60746779E+03
     169   -0.61305526E+03
     170   -0.61867356E+03
     171   -0.62429654E+03
     172   -0.62995037E+03
     173   -0.63549212E+03
     174   -0.64107904E+03
     175   -0.64666269E+03
     176   -0.65226682E+03
     177   -0.65784199E+03
     178   -0.66339218E+03
     179   -0.66893175E+03
     180   -0.67445610E+03
     181   -0.67999312E+03
     182   -0.68557107E+03
     183   -0.69111043E+03
     184   -0.69667100E+03
     185   -0.70217604E+03
     186   -0.70777588E+03
     187   -0.71336372E+03
     188   -0.71880950E+03
     189   -0.72430969E+03
     190   -0.72969248E+03
     191   -0.73524549E+03
     192   -0.74070181E+03
     193   -0.74611840E+03
     194   -0.75153803E+03
     195   -0.75689362E+03
     196   -0.76225322E+03
     197   -0.76752749E+03
     198   -0.77286558E+03
     199   -0.77824484E+03
     200   -0.78347117E+03
     201   -0.78874142E+03
     202   -0.79394883E+03
     203   -0.79916233E+03
     204   -0.80432241E+03
     205   -0.80956993E+03
     206   -0.81482124E+03
     207   -0.81999746E+03
     208   -0.82513942E+03
     209   -0.83023629E+03
     210   -0.83526054E+03
     211   -0.84029898E+03
     212   -0.84532578E+03
     213   -0.85024919E+03
     214   -0.85528790E+03
     215   -0.86027627E+03
     216   -0.86519650E+03
     217   -0.87010558E+03
     218   -0.87497903E+03
     219   -0.87987397E+03
     220   -0.88472299E+03
     221   -0.88952141E+03
     222   -0.89430699E+03
     223   -0.89912086E+03
     224   -0.90383442E+03
     225   -0.90863829E+03
     226   -0.91345881E+03
     227   -0.91825064E+03
     228   -0.92315367E+03
     229   -0.92807193E+03
     230   -0.93291643E+03
     231   -0.93782541E+03
     232   -0.94277198E+03
     233   -0.94772014E+03
     234   -0.95273858E+03
     235   -0.95769185E+03
     236   -0.96278727E+03
     237   -0.96793048E+03
     238   -0.97313202E+03
     239   -0.97848955E+03
     240   -0.98369870E+03
     241   -0.98906660E+03
     242   -0.99448031E+03
     243   -0.99993843E+03
     244   -0.10053487E+04
     245   -0.10107724E+04
     246   -0.10163709E+04
     247   -0.10217945E+04
     248   -0.10273878E+04
     249   -0.10329944E+04
     250   -0.10386730E+04
     251   -0.10443309E+04
     252   -0.10500996E+04
     253   -0.10559162E+04
     254   -0.10617413E+04
     255   -0.10675852E+04
     256   -0.10734388E+04
     257   -0.10793004E+04
     258   -0.10852216E+04
     259   -0.10909838E+04
     260   -0.10968955E+04
     261   -0.11027593E+04
     262   -0.11085499E+04
     263   -0.11144485E+04
     264   -0.11204699E+04
     265   -0.11263846E+04
     266   -0.11323166E+04
     267   -0.11382897E+04
     268   -0.11440654E+04
     269   -0.11500628E+04
     270   -0.11560324E+04
     271   -0.11620713E+04
     272   -0.11680575E+04
     273   -0.11740142E+04
     274   -0.11799997E+04
     275   -0.11860212E+04
     276   -0.11919461E+04
     277   -0.11979113E+04
     278   -0.12038972E+04
     279   -0.12098557E+04
     280   -0.12157264E+04
     281   -0.12216648E+04
     282   -0.12276393E+04
     283   -0.12334995E+04
     284   -0.12394374E+04
     285   -0.12453271E+04
     286   -0.12512448E+04
     287   -0.12573075E+04
     288   -0.12632906E+04
     289   -0.12692517E+04
     290   -0.12752917E+04
     291   -0.12812880E+04
     292   -0.12873196E+04
     293   -0.12933702E+04
     294   -0.12993913E+04
     295   -0.13053218E+04
     296   -0.13113283E+04
     297   -0.13172239E+04
     298   -0.13233260E+04
     299   -0.13291863E+04
     300   -0.13352125E+04
     301   -0.13411956E+04
     302   -0.13471948E+04
     303   -0.13531549E+04
     304   -0.13591290E+04
     305   -0.13652090E+04
     306   -0.13712549E+04
     307   -0.13772667E+04
     308   -0.13833341E+04
     309   -0.13894527E+04
     310   -0.13956595E+04
     311   -0.14019515E+04
     312   -0.14082658E+04
     313   -0.14146703E+04
     314   -0.14210887E+04
     315   -0.14276857E+04
     316   -0.14343163E+04
     317   -0.14411591E+04
     318   -0.14480585E+04
     319   -0.14551205E+04
     320   -0.14621983E+04
     321   -0.14695561E+04
     322   -0.14769832E+04
     323   -0.14845413E+04
     324   -0.14919616E+04
     325   -0.14996896E+04
     326   -0.15075510E+04
     327   -0.15155252E+04
     328   -0.15236132E+04
     329   -0.15317286E+04
     330   -0.15400796E+04
     331   -0.15486082E+04
     332   -0.15571555E+04
     333   -0.15657815E+04
     334   -0.15744368E+04
     335   -0.15831409E+04
     336   -0.15918362E+04
     337   -0.16006933E+04
     338   -0.16096048E+04
     339   -0.16186589E+04
     340   -0.16276758E+04
     341   -0.16366426E+04
     342   -0.16458831E+04
     343   -0.16551084E+04
     344   -0.16642599E+04
     345   -0.16735347E+04
     346   -0.16828853E+04
     347   -0.16923245E+04
     348   -0.17018460E+04
     349   -0.17113420E+04
     350   -0.17210299E+04
     351   -0.17306231E+04
     352   -0.17401554E+04
     353   -0.17499366E+04
     354   -0.17598028E+04
     355   -0.17694903E+04
     356   -0.17791390E+04
     357   -0.17889416E+04
     358   -0.17989350E+04
     359   -0.18087364E+04
     360   -0.18187408E+04
     361   -0.18287946E+04
     362   -0.18386678E+04
     363   -0.18486850E+04
     364   -0.18587958E+04
     365   -0.18687024E+04
     366   -0.18787417E+04
     367   -0.18888048E+04
     368   -0.18989103E+04
     369   -0.19089682E+04
     370   -0.19189649E+04
     371   -0.19291680E+04
     372   -0.19394500E+04
     373   -0.19496133E+04
     374   -0.19599356E+04
     375   -0.19704986E+04
     376   -0.19810082E+04
     377   -0.19915935E+04
     378   -0.20021530E+04
     379   -0.20123721E+04
     380   -0.20232534E+04
     381   -0.20335149E+04
     382   -0.20437612E+04
     383   -0.20543690E+04
     384   -0.20647793E+04
     385   -0.20754518E+04
     386   -0.20859301E+04
     387   -0.20968054E+04
     388   -0.21073762E+04
     389   -0.21179444E+04
     390   -0.21283347E+04
     391   -0.21388835E+04
     392   -0.21497019E+04
     393   -0.21602184E+04
     394   -0.21712182E+04
     395   -0.21820564E+04
     396   -0.21932029E+04
     397   -0.22042583E+04
     398   -0.22152336E+04
     399   -0.22258437E+04
     400   -0.22367066E+04
     401   -0.22480853E+04
     402   -0.22586861E+04
     403   -0.22696789E+04
     404   -0.22808187E+04
     405   -0.22914970E+04
     406   -0.23025950E+04
     407   -0.23134740E+04
     408   -0.23243295E+04
     409   -0.23353388E+04
     410   -0.23465266E+04
     411   -0.23569203E+04
     412   -0.23677259E+04
     413   -0.23787652E+04
     414   -0.23899636E+04
     415   -0.24007499E+04
     416   -0.24112176E+04
     417   -0.24222170E+04
     418   -0.24335512E+04
     419   -0.24444593E+04
     420   -0.24547856E+04
     421   -0.24658940E+04
     422   -0.24773404E+04
     423   -0.24886569E+04
     424   -0.24995194E+04
     425   -0.25107308E+04
     426   -0.25208859E+04
     427   -0.25318050E+04
     428   -0.25434445E+04
     429   -0.25549901E+04
     430   -0.25665052E+04
     431   -0.25782029E+04
     432   -0.25885222E+04
     433   -0.25984618E+04
     434   -0.26099760E+04
     435   -0.26214837E+04
     436   -0.26325517E+04
     437   -0.26438246E+04
     438   -0.26549716E+04
     439   -0.26650661E+04
     440   -0.26768618E+04
     441   -0.26867151E+04
     442   -0.26985368E+04
     443   -0.27090610E+04
     444   -0.27206441E+04
     445   -0.27324020E+04
     446   -0.27436608E+04
     447   -0.27528470E+04
     448   -0.27627802E+04
     449   -0.27749171E+04
     450   -0.27857526E+04
     451   -0.27970038E+04
     452   -0.28087070E+04
     453   -0.28200908E+04
     454   -0.28303504E+04
     455   -0.28403900E+04
     456   -0.28509054E+04
     457   -0.28624300E+04
     458   -0.28736171E+04
     459   -0.28834598E+04
     460   -0.28944937E+04
     461   -0.29045778E+04
     462   -0.29166099E+04
     463   -0.29278678E+04
     464   -0.29394408E+04
     465   -0.29501856E+04
     466   -0.29609503E+04
     467   -0.29697618E+04
     468   -0.29797227E+04
     469   -0.29894700E+04
     470   -0.29991540E+04
