       0    0.16943860E-09
       1   -0.60573984E-03
       2   -0.35829109E-01
       3   -0.10578522E+00
       4   -0.21035224E+00
       5   -0.34933883E+00
       6   -0.52334397E+00
       7   -0.73243604E+00
       8   -0.97623060E+00
       9   -0.12546330E+01
      10   -0.15680337E+01
      11   -0.19167561E+01
      12   -0.22997885E+01
      13   -0.27166146E+01
      14   -0.31706650E+01
      15   -0.36600381E+01
      16   -0.41832209E+01
      17   -0.47402560E+01
      18   -0.53333006E+01
      19   -0.59612184E+01
      20   -0.66250849E+01
      21   -0.73252833E+01
      22   -0.80581444E+01
      23   -0.88280544E+01
      24   -0.96326538E+01
      25   -0.10471320E+02
      26   -0.11350497E+02
      27   -0.12265365E+02
      28   -0.13210108E+02
      29   -0.14190700E+02
      30   -0.15208568E+02
      31   -0.16263934E+02
      32   -0.17355784E+02
      33   -0.18481042E+02
      34   -0.19641283E+02
      35   -0.20838970E+02
      36   -0.22073942E+02
      37   -0.23340394E+02
      38   -0.24646463E+02
      39   -0.25985877E+02
      40   -0.27365313E+02
      41   -0.28772595E+02
      42   -0.30218352E+02
      43   -0.31706029E+02
      44   -0.33225754E+02
      45   -0.34776908E+02
      46   -0.36369410E+02
      47   -0.37997497E+02
      48   -0.39654280E+02
      49   -0.41349624E+02
      50   -0.43082186E+02
      51   -0.44846226E+02
      52   -0.46645390E+02
      53   -0.48482660E+02
      54   -0.50356888E+02
      55   -0.52265583E+02
      56   -0.54213284E+02
      57   -0.56194164E+02
      58   -0.58220389E+02
      59   -0.60267797E+02
      60   -0.62355508E+02
      61   -0.64474262E+02
      62   -0.66627021E+02
      63   -0.68814759E+02
      64   -0.71034747E+02
      65   -0.73295143E+02
      66   -0.75576743E+02
      67   -0.77900559E+02
      68   -0.80260898E+02
      69   -0.82650039E+02
      70   -0.85069198E+02
      71   -0.87532229E+02
      72   -0.90019962E+02
      73   -0.92542715E+02
      74   -0.95094540E+02
      75   -0.97674800E+02
      76   -0.10028927E+03
      77   -0.10295442E+03
      78   -0.10564358E+03
      79   -0.10835532E+03
      80   -0.11110309E+03
      81   -0.11387878E+03
      82   -0.11670123E+03
      83   -0.11954494E+03
      84   -0.12241614E+03
      85   -0.12530916E+03
      86   -0.12822171E+03
      87   -0.13115954E+03
      88   -0.13413266E+03
      89   -0.13712686E+03
      90   -0.14017286E+03
      91   -0.14324966E+03
      92   -0.14633218E+03
      93   -0.14946088E+03
      94   -0.15261605E+03
      95   -0.15578872E+03
      96   -0.15897766E+03
      97   -0.16221230E+03
      98   -0.16546232E+03
      99   -0.16876664E+03
     100   -0.17209314E+03
     101   -0.17544325E+03
     102   -0.17881234E+03
     103   -0.18220155E+03
     104   -0.18561134E+03
     105   -0.18903030E+03
     106   -0.19250598E+03
     107   -0.19599238E+03
     108   -0.19948874E+03
     109   -0.20301357E+03
     110   -0.20654106E+03
     111   -0.21010296E+03
     112   -0.21370455E+03
     113   -0.21730333E+03
     114   -0.22093695E+03
     115   -0.22458023E+03
     116   -0.22827095E+03
     117   -0.23197873E+03
     118   -0.23569031E+03
     119   -0.23942499E+03
     120   -0.24317613E+03
     121   -0.24694779E+03
     122   -0.25077166E+03
     123   -0.25457995E+03
     124   -0.25840211E+03
     125   -0.26226565E+03
     126   -0.26615004E+03
     127   -0.27004079E+03
     128   -0.27391525E+03
     129   -0.27782791E+03
     130   -0.28176880E+03
     131   -0.28572693E+03
     132   -0.28970020E+03
     133   -0.29369902E+03
     134   -0.29770991E+03
     135   -0.30172153E+03
     136   -0.30577068E+03
     137   -0.30986155E+03
     138   -0.31397436E+03
     139   -0.31805260E+03
     140   -0.32215728E+03
     141   -0.32630726E+03
     142   -0.33045599E+03
     143   -0.33460053E+03
     144   -0.33877027E+03
     145   -0.34298900E+03
     146   -0.34719101E+03
     147   -0.35140663E+03
     148   -0.35564760E+03
     149   -0.35991659E+03
     150   -0.36421565E+03
     151   -0.36848132E+03
     152   -0.37280400E+03
     153   -0.37712191E+03
     154   -0.38146719E+03
     155   -0.38582959E+03
     156   -0.39018319E+03
     157   -0.39455990E+03
     158   -0.39897642E+03
     159   -0.40340455E+03
     160   -0.40782549E+03
     161   -0.41228252E+03
     162   -0.41675681E+03
     163   -0.42123128E+03
     164   -0.42571931E+03
     165   -0.43024532E+03
     166   -0.43478350E+03
     167   -0.43934271E+03
     168   -0.44389906E+03
     169   -0.44848073E+03
     170   -0.45306721E+03
     171   -0.45766579E+03
     172   -0.46225010E+03
     173   -0.46686905E+03
     174   -0.47151646E+03
     175   -0.47618013E+03
     176   -0.48083183E+03
     177   -0.48554449E+03
     178   -0.49024102E+03
     179   -0.49493321E+03
     180   -0.49965282E+03
     181   -0.50439281E+03
     182   -0.50914242E+03
     183   -0.51391030E+03
     184   -0.51865570E+03
     185   -0.52346000E+03
     186   -0.52826461E+03
     187   -0.53311409E+03
     188   -0.53799116E+03
     189   -0.54284714E+03
     190   -0.54774550E+03
     191   -0.55264835E+03
     192   -0.55753670E+03
     193   -0.56248714E+03
     194   -0.56742152E+03
     195   -0.57238445E+03
     196   -0.57742452E+03
     197   -0.58242292E+03
     198   -0.58742774E+03
     199   -0.59248913E+03
     200   -0.59750791E+03
     201   -0.60258616E+03
     202   -0.60764703E+03
     203   -0.61279597E+03
     204   -0.61791379E+03
     205   -0.62305366E+03
     206   -0.62819517E+03
     207   -0.63333849E+03
     208   -0.63849233E+03
     209   -0.64368778E+03
     210   -0.64887727E+03
     211   -0.65412336E+03
     212   -0.65942509E+03
     213   -0.66474572E+03
     214   -0.67004557E+03
     215   -0.67540262E+03
     216   -0.68074449E+03
     217   -0.68613404E+03
     218   -0.69148180E+03
     219   -0.69688757E+03
     220   -0.70233351E+03
     221   -0.70781341E+03
     222   -0.71330671E+03
     223   -0.71879215E+03
     224   -0.72427383E+03
     225   -0.72982091E+03
     226   -0.73541126E+03
     227   -0.74099996E+03
     228   -0.74662152E+03
     229   -0.75223145E+03
     230   -0.75789261E+03
     231   -0.76357641E+03
     232   -0.76924204E+03
     233   -0.77496931E+03
     234   -0.78068256E+03
     235   -0.78649921E+03
     236   -0.79231650E+03
     237   -0.79815737E+03
     238   -0.80404790E+03
     239   -0.80986410E+03
     240   -0.81570537E+03
     241   -0.82169402E+03
     242   -0.82770786E+03
     243   -0.83371529E+03
     244   -0.83972184E+03
     245   -0.84576539E+03
     246   -0.85182262E+03
     247   -0.85794872E+03
     248   -0.86407930E+03
     249   -0.87022214E+03
     250   -0.87643649E+03
     251   -0.88266466E+03
     252   -0.88892219E+03
     253   -0.89516264E+03
     254   -0.90150448E+03
     255   -0.90786961E+03
     256   -0.91419548E+03
     257   -0.92059790E+03
     258   -0.92701136E+03
     259   -0.93341872E+03
     260   -0.93987943E+03
     261   -0.94641308E+03
     262   -0.95298116E+03
     263   -0.95958814E+03
     264   -0.96624068E+03
     265   -0.97286977E+03
     266   -0.97956026E+03
     267   -0.98630746E+03
     268   -0.99301859E+03
     269   -0.99981765E+03
     270   -0.10066214E+04
     271   -0.10134714E+04
     272   -0.10203075E+04
     273   -0.10272837E+04
     274   -0.10342166E+04
     275   -0.10412291E+04
     276   -0.10482869E+04
     277   -0.10553502E+04
     278   -0.10624200E+04
     279   -0.10695706E+04
     280   -0.10767723E+04
     281   -0.10840206E+04
     282   -0.10912446E+04
     283   -0.10985561E+04
     284   -0.11058878E+04
     285   -0.11132824E+04
     286   -0.11206248E+04
     287   -0.11280564E+04
     288   -0.11354801E+04
     289   -0.11429586E+04
     290   -0.11505078E+04
     291   -0.11580870E+04
     292   -0.11657142E+04
     293   -0.11733358E+04
     294   -0.11810339E+04
     295   -0.11886913E+04
     296   -0.11964348E+04
     297   -0.12042141E+04
     298   -0.12119797E+04
     299   -0.12198583E+04
     300   -0.12277371E+04
     301   -0.12356275E+04
     302   -0.12435671E+04
     303   -0.12515359E+04
     304   -0.12595490E+04
     305   -0.12676056E+04
     306   -0.12756072E+04
     307   -0.12837120E+04
     308   -0.12918861E+04
     309   -0.13000377E+04
     310   -0.13081707E+04
     311   -0.13164005E+04
     312   -0.13246819E+04
     313   -0.13330146E+04
     314   -0.13413872E+04
     315   -0.13496698E+04
     316   -0.13580704E+04
     317   -0.13664258E+04
     318   -0.13748912E+04
     319   -0.13834332E+04
     320   -0.13918690E+04
     321   -0.14004261E+04
     322   -0.14089805E+04
     323   -0.14175367E+04
     324   -0.14262023E+04
     325   -0.14348952E+04
     326   -0.14435196E+04
     327   -0.14522817E+04
     328   -0.14609997E+04
     329   -0.14696866E+04
     330   -0.14784351E+04
     331   -0.14872692E+04
     332   -0.14962188E+04
     333   -0.15052105E+04
     334   -0.15141185E+04
     335   -0.15230309E+04
     336   -0.15319762E+04
     337   -0.15409750E+04
     338   -0.15500460E+04
     339   -0.15589999E+04
     340   -0.15681038E+04
     341   -0.15770958E+04
     342   -0.15861745E+04
     343   -0.15953513E+04
     344   -0.16046089E+04
     345   -0.16139390E+04
     346   -0.16233188E+04
     347   -0.16325977E+04
     348   -0.16418900E+04
     349   -0.16511897E+04
     350   -0.16603876E+04
     351   -0.16696600E+04
     352   -0.16790906E+04
     353   -0.16885176E+04
     354   -0.16979678E+04
     355   -0.17073874E+04
     356   -0.17167261E+04
     357   -0.17261769E+04
     358   -0.17357087E+04
     359   -0.17453168E+04
     360   -0.17547324E+04
     361   -0.17642802E+04
     362   -0.17739844E+04
     363   -0.17836153E+04
     364   -0.17933408E+04
     365   -0.18028563E+04
     366   -0.18124948E+04
     367   -0.18222021E+04
     368   -0.18318168E+04
     369   -0.18415867E+04
     370   -0.18512363E+04
     371   -0.18610558E+04
     372   -0.18708486E+04
     373   -0.18807466E+04
     374   -0.18907359E+04
     375   -0.19002319E+04
     376   -0.19101358E+04
     377   -0.19202662E+04
     378   -0.19301401E+04
     379   -0.19400804E+04
     380   -0.19499431E+04
     381   -0.19598254E+04
     382   -0.19697575E+04
     383   -0.19795767E+04
     384   -0.19893872E+04
     385   -0.19995924E+04
     386   -0.20096294E+04
     387   -0.20195014E+04
     388   -0.20294843E+04
     389   -0.20397605E+04
     390   -0.20497110E+04
     391   -0.20599148E+04
     392   -0.20698057E+04
     393   -0.20794440E+04
     394   -0.20898765E+04
     395   -0.21000280E+04
     396   -0.21106312E+04
     397   -0.21205232E+04
     398   -0.21307167E+04
     399   -0.21410290E+04
     400   -0.21510164E+04
     401   -0.21613427E+04
     402   -0.21715085E+04
     403   -0.21813799E+04
     404   -0.21912968E+04
     405   -0.22020194E+04
     406   -0.22119957E+04
     407   -0.22223196E+04
     408   -0.22322281E+04
     409   -0.22422944E+04
     410   -0.22521894E+04
     411   -0.22624759E+04
     412   -0.22725429E+04
     413   -0.22829129E+04
     414   -0.22931396E+04
     415   -0.23032934E+04
