       0   -0.77592628E-09
       1   -0.60574078E-03
       2   -0.36737864E-01
       3   -0.10863105E+00
       4   -0.21610949E+00
       5   -0.35914201E+00
       6   -0.53834286E+00
       7   -0.75317749E+00
       8   -0.10041192E+01
       9   -0.12911105E+01
      10   -0.16135867E+01
      11   -0.19721311E+01
      12   -0.23679140E+01
      13   -0.27976356E+01
      14   -0.32653023E+01
      15   -0.37697420E+01
      16   -0.43118415E+01
      17   -0.48897106E+01
      18   -0.55042231E+01
      19   -0.61558055E+01
      20   -0.68437514E+01
      21   -0.75671010E+01
      22   -0.83312492E+01
      23   -0.91289146E+01
      24   -0.99651244E+01
      25   -0.10838266E+02
      26   -0.11748635E+02
      27   -0.12696271E+02
      28   -0.13683754E+02
      29   -0.14705074E+02
      30   -0.15768491E+02
      31   -0.16871861E+02
      32   -0.18007520E+02
      33   -0.19180674E+02
      34   -0.20396396E+02
      35   -0.21650030E+02
      36   -0.22937516E+02
      37   -0.24259637E+02
      38   -0.25626716E+02
      39   -0.27034202E+02
      40   -0.28479198E+02
      41   -0.29963422E+02
      42   -0.31493069E+02
      43   -0.33061675E+02
      44   -0.34662642E+02
      45   -0.36304620E+02
      46   -0.37979589E+02
      47   -0.39685112E+02
      48   -0.41441074E+02
      49   -0.43245626E+02
      50   -0.45086847E+02
      51   -0.46958118E+02
      52   -0.48877449E+02
      53   -0.50837276E+02
      54   -0.52821213E+02
      55   -0.54851467E+02
      56   -0.56919752E+02
      57   -0.59027228E+02
      58   -0.61178492E+02
      59   -0.63361289E+02
      60   -0.65583736E+02
      61   -0.67850564E+02
      62   -0.70167492E+02
      63   -0.72512509E+02
      64   -0.74890656E+02
      65   -0.77306095E+02
      66   -0.79778660E+02
      67   -0.82278795E+02
      68   -0.84809376E+02
      69   -0.87363253E+02
      70   -0.89962447E+02
      71   -0.92610095E+02
      72   -0.95286743E+02
      73   -0.97982693E+02
      74   -0.10072112E+03
      75   -0.10350215E+03
      76   -0.10633134E+03
      77   -0.10915698E+03
      78   -0.11204695E+03
      79   -0.11496972E+03
      80   -0.11793010E+03
      81   -0.12090505E+03
      82   -0.12392509E+03
      83   -0.12697205E+03
      84   -0.13002607E+03
      85   -0.13311936E+03
      86   -0.13623732E+03
      87   -0.13942170E+03
      88   -0.14262217E+03
      89   -0.14585099E+03
      90   -0.14911185E+03
      91   -0.15237289E+03
      92   -0.15567713E+03
      93   -0.15899807E+03
      94   -0.16238308E+03
      95   -0.16579058E+03
      96   -0.16921957E+03
      97   -0.17268443E+03
      98   -0.17616134E+03
      99   -0.17965646E+03
     100   -0.18320573E+03
     101   -0.18676682E+03
     102   -0.19034843E+03
     103   -0.19393874E+03
     104   -0.19754025E+03
     105   -0.20118428E+03
     106   -0.20482690E+03
     107   -0.20849174E+03
     108   -0.21221045E+03
     109   -0.21597116E+03
     110   -0.21972818E+03
     111   -0.22348965E+03
     112   -0.22726009E+03
     113   -0.23104308E+03
     114   -0.23486578E+03
     115   -0.23871343E+03
     116   -0.24257609E+03
     117   -0.24644299E+03
     118   -0.25036712E+03
     119   -0.25427091E+03
     120   -0.25824518E+03
     121   -0.26220501E+03
     122   -0.26616310E+03
     123   -0.27016196E+03
     124   -0.27419136E+03
     125   -0.27822608E+03
     126   -0.28227917E+03
     127   -0.28632195E+03
     128   -0.29037148E+03
     129   -0.29445782E+03
     130   -0.29857070E+03
     131   -0.30268092E+03
     132   -0.30682787E+03
     133   -0.31100720E+03
     134   -0.31521941E+03
     135   -0.31945364E+03
     136   -0.32366778E+03
     137   -0.32786239E+03
     138   -0.33209282E+03
     139   -0.33635893E+03
     140   -0.34062278E+03
     141   -0.34493380E+03
     142   -0.34922252E+03
     143   -0.35355781E+03
     144   -0.35789300E+03
     145   -0.36221823E+03
     146   -0.36658811E+03
     147   -0.37090012E+03
     148   -0.37525467E+03
     149   -0.37964084E+03
     150   -0.38406901E+03
     151   -0.38851875E+03
     152   -0.39296001E+03
     153   -0.39737746E+03
     154   -0.40181389E+03
     155   -0.40631834E+03
     156   -0.41078810E+03
     157   -0.41530674E+03
     158   -0.41980565E+03
     159   -0.42433077E+03
     160   -0.42891640E+03
     161   -0.43345768E+03
     162   -0.43803656E+03
     163   -0.44262542E+03
     164   -0.44721002E+03
     165   -0.45180962E+03
     166   -0.45641946E+03
     167   -0.46108154E+03
     168   -0.46573889E+03
     169   -0.47038413E+03
     170   -0.47507792E+03
     171   -0.47969806E+03
     172   -0.48442129E+03
     173   -0.48912527E+03
     174   -0.49383752E+03
     175   -0.49857178E+03
     176   -0.50327552E+03
     177   -0.50800761E+03
     178   -0.51275399E+03
     179   -0.51754011E+03
     180   -0.52229209E+03
     181   -0.52703726E+03
     182   -0.53181374E+03
     183   -0.53664306E+03
     184   -0.54143664E+03
     185   -0.54628368E+03
     186   -0.55113217E+03
     187   -0.55596672E+03
     188   -0.56085879E+03
     189   -0.56572628E+03
     190   -0.57055857E+03
     191   -0.57544525E+03
     192   -0.58035480E+03
     193   -0.58524384E+03
     194   -0.59015114E+03
     195   -0.59510227E+03
     196   -0.60002401E+03
     197   -0.60503737E+03
     198   -0.61005412E+03
     199   -0.61503028E+03
     200   -0.62004908E+03
     201   -0.62510600E+03
     202   -0.63013948E+03
     203   -0.63522123E+03
     204   -0.64026304E+03
     205   -0.64533938E+03
     206   -0.65045887E+03
     207   -0.65562862E+03
     208   -0.66075614E+03
     209   -0.66592643E+03
     210   -0.67114482E+03
     211   -0.67629416E+03
     212   -0.68146691E+03
     213   -0.68663088E+03
     214   -0.69183324E+03
     215   -0.69706528E+03
     216   -0.70226991E+03
     217   -0.70756164E+03
     218   -0.71283197E+03
     219   -0.71824059E+03
     220   -0.72360286E+03
     221   -0.72894481E+03
     222   -0.73434817E+03
     223   -0.73970371E+03
     224   -0.74510403E+03
     225   -0.75054168E+03
     226   -0.75596977E+03
     227   -0.76147354E+03
     228   -0.76694168E+03
     229   -0.77246090E+03
     230   -0.77799834E+03
     231   -0.78357570E+03
     232   -0.78917180E+03
     233   -0.79479853E+03
     234   -0.80033501E+03
     235   -0.80593879E+03
     236   -0.81158100E+03
     237   -0.81720645E+03
     238   -0.82300570E+03
     239   -0.82871087E+03
     240   -0.83448721E+03
     241   -0.84022763E+03
     242   -0.84601329E+03
     243   -0.85179800E+03
     244   -0.85756501E+03
     245   -0.86345507E+03
     246   -0.86931995E+03
     247   -0.87524119E+03
     248   -0.88119981E+03
     249   -0.88720364E+03
     250   -0.89312889E+03
     251   -0.89911860E+03
     252   -0.90524458E+03
     253   -0.91136742E+03
     254   -0.91749408E+03
     255   -0.92364460E+03
     256   -0.92988013E+03
     257   -0.93618673E+03
     258   -0.94243437E+03
     259   -0.94868126E+03
     260   -0.95503848E+03
     261   -0.96138188E+03
     262   -0.96776652E+03
     263   -0.97411716E+03
     264   -0.98052485E+03
     265   -0.98700724E+03
     266   -0.99353228E+03
     267   -0.10000978E+04
     268   -0.10066465E+04
     269   -0.10132344E+04
     270   -0.10198673E+04
     271   -0.10265671E+04
     272   -0.10333294E+04
     273   -0.10401078E+04
     274   -0.10469919E+04
     275   -0.10538728E+04
     276   -0.10607275E+04
     277   -0.10676521E+04
     278   -0.10746772E+04
     279   -0.10816861E+04
     280   -0.10886776E+04
     281   -0.10957516E+04
     282   -0.11028859E+04
     283   -0.11100906E+04
     284   -0.11173574E+04
     285   -0.11246090E+04
     286   -0.11318777E+04
     287   -0.11392253E+04
     288   -0.11465699E+04
     289   -0.11539557E+04
     290   -0.11613647E+04
     291   -0.11688141E+04
     292   -0.11763440E+04
     293   -0.11839351E+04
     294   -0.11915764E+04
     295   -0.11992291E+04
     296   -0.12069375E+04
     297   -0.12146871E+04
     298   -0.12224290E+04
     299   -0.12302543E+04
     300   -0.12380352E+04
     301   -0.12458173E+04
     302   -0.12536591E+04
     303   -0.12615501E+04
     304   -0.12695409E+04
     305   -0.12774841E+04
     306   -0.12855347E+04
     307   -0.12935864E+04
     308   -0.13016772E+04
     309   -0.13098601E+04
     310   -0.13178895E+04
     311   -0.13261202E+04
     312   -0.13344783E+04
     313   -0.13428098E+04
     314   -0.13511207E+04
     315   -0.13594198E+04
     316   -0.13677361E+04
     317   -0.13762026E+04
     318   -0.13847379E+04
     319   -0.13931865E+04
     320   -0.14017223E+04
     321   -0.14103679E+04
     322   -0.14190607E+04
     323   -0.14276816E+04
     324   -0.14364058E+04
     325   -0.14451293E+04
     326   -0.14537969E+04
     327   -0.14625209E+04
     328   -0.14712076E+04
     329   -0.14799797E+04
     330   -0.14888241E+04
     331   -0.14976459E+04
     332   -0.15065757E+04
     333   -0.15155306E+04
     334   -0.15244940E+04
     335   -0.15335260E+04
     336   -0.15425313E+04
     337   -0.15516730E+04
     338   -0.15606254E+04
     339   -0.15696947E+04
     340   -0.15788418E+04
     341   -0.15878566E+04
     342   -0.15969920E+04
     343   -0.16062257E+04
     344   -0.16156383E+04
     345   -0.16249446E+04
     346   -0.16341649E+04
     347   -0.16435062E+04
     348   -0.16528155E+04
     349   -0.16622347E+04
     350   -0.16715331E+04
     351   -0.16810248E+04
     352   -0.16905207E+04
     353   -0.17000055E+04
     354   -0.17094653E+04
     355   -0.17189455E+04
     356   -0.17284159E+04
     357   -0.17379365E+04
     358   -0.17476340E+04
     359   -0.17570942E+04
     360   -0.17666968E+04
     361   -0.17763386E+04
     362   -0.17861280E+04
     363   -0.17959059E+04
     364   -0.18057376E+04
     365   -0.18153531E+04
     366   -0.18251077E+04
     367   -0.18347405E+04
     368   -0.18445868E+04
     369   -0.18544712E+04
     370   -0.18645663E+04
     371   -0.18743829E+04
     372   -0.18844575E+04
     373   -0.18941391E+04
     374   -0.19041094E+04
     375   -0.19140380E+04
     376   -0.19237053E+04
     377   -0.19335749E+04
     378   -0.19436696E+04
     379   -0.19538818E+04
     380   -0.19639415E+04
     381   -0.19740443E+04
     382   -0.19841976E+04
     383   -0.19940827E+04
     384   -0.20040045E+04
     385   -0.20140996E+04
     386   -0.20242349E+04
     387   -0.20343504E+04
     388   -0.20444843E+04
     389   -0.20547036E+04
     390   -0.20647264E+04
     391   -0.20748595E+04
     392   -0.20850177E+04
     393   -0.20954396E+04
     394   -0.21057171E+04
     395   -0.21158630E+04
     396   -0.21263143E+04
     397   -0.21364796E+04
     398   -0.21469002E+04
     399   -0.21571594E+04
     400   -0.21675195E+04
     401   -0.21777992E+04
     402   -0.21878140E+04
     403   -0.21981389E+04
     404   -0.22081208E+04
     405   -0.22187790E+04
     406   -0.22295187E+04
     407   -0.22392322E+04
     408   -0.22495461E+04
     409   -0.22599532E+04
     410   -0.22700114E+04
     411   -0.22805010E+04
     412   -0.22912439E+04
     413   -0.23019884E+04
     414   -0.23123146E+04
     415   -0.23228123E+04
     416   -0.23327769E+04
     417   -0.23437876E+04
     418   -0.23534209E+04
     419   -0.23638261E+04
     420   -0.23739935E+04
     421   -0.23843969E+04
     422   -0.23944839E+04
     423   -0.24045747E+04
     424   -0.24147332E+04
     425   -0.24254477E+04
