    0.0000000000E+00    -0.1217876686E+03
    0.1000000000E+01    -0.1209489235E+03
    0.2000000000E+01    -0.1207701786E+03
    0.3000000000E+01    -0.1209628063E+03
    0.4000000000E+01    -0.1214093868E+03
    0.5000000000E+01    -0.1220455120E+03
    0.6000000000E+01    -0.1228298135E+03
    0.7000000000E+01    -0.1237338632E+03
    0.8000000000E+01    -0.1247375024E+03
    0.9000000000E+01    -0.1258253994E+03
    0.1000000000E+02    -0.1269841708E+03
    0.1100000000E+02    -0.1282046812E+03
    0.1200000000E+02    -0.1294772643E+03
    0.1300000000E+02    -0.1307950284E+03
    0.1400000000E+02    -0.1321531045E+03
    0.1500000000E+02    -0.1335448983E+03
    0.1600000000E+02    -0.1349662638E+03
    0.1700000000E+02    -0.1364126515E+03
    0.1800000000E+02    -0.1378813514E+03
    0.1900000000E+02    -0.1393690822E+03
    0.2000000000E+02    -0.1408715920E+03
    0.2100000000E+02    -0.1423872455E+03
    0.2200000000E+02    -0.1439133633E+03
    0.2300000000E+02    -0.1454473465E+03
    0.2400000000E+02    -0.1469858642E+03
    0.2500000000E+02    -0.1485278824E+03
    0.2600000000E+02    -0.1500709848E+03
    0.2700000000E+02    -0.1516143328E+03
    0.2800000000E+02    -0.1531554077E+03
    0.2900000000E+02    -0.1546916937E+03
    0.3000000000E+02    -0.1562222301E+03
    0.3100000000E+02    -0.1577452912E+03
    0.3200000000E+02    -0.1592588729E+03
    0.3300000000E+02    -0.1607613483E+03
    0.3400000000E+02    -0.1622511294E+03
    0.3500000000E+02    -0.1637270685E+03
    0.3600000000E+02    -0.1651875028E+03
    0.3700000000E+02    -0.1666316888E+03
    0.3800000000E+02    -0.1680584528E+03
    0.3900000000E+02    -0.1694661550E+03
    0.4000000000E+02    -0.1708547235E+03
    0.4100000000E+02    -0.1722248545E+03
    0.4200000000E+02    -0.1735749478E+03
    0.4300000000E+02    -0.1749042582E+03
    0.4400000000E+02    -0.1762140039E+03
    0.4500000000E+02    -0.1775031682E+03
    0.4600000000E+02    -0.1787734923E+03
    0.4700000000E+02    -0.1800245544E+03
    0.4800000000E+02    -0.1812551042E+03
    0.4900000000E+02    -0.1824698120E+03
    0.5000000000E+02    -0.1836668229E+03
    0.5100000000E+02    -0.1848457218E+03
    0.5200000000E+02    -0.1860082868E+03
    0.5300000000E+02    -0.1871546565E+03
    0.5400000000E+02    -0.1882860825E+03
    0.5500000000E+02    -0.1894025154E+03
    0.5600000000E+02    -0.1905032415E+03
    0.5700000000E+02    -0.1915898031E+03
    0.5800000000E+02    -0.1926609761E+03
    0.5900000000E+02    -0.1937192282E+03
    0.6000000000E+02    -0.1947634540E+03
    0.6100000000E+02    -0.1957938997E+03
    0.6200000000E+02    -0.1968111739E+03
    0.6300000000E+02    -0.1978155281E+03
    0.6400000000E+02    -0.1988046006E+03
    0.6500000000E+02    -0.1997814386E+03
    0.6600000000E+02    -0.2007444421E+03
    0.6700000000E+02    -0.2016932532E+03
    0.6800000000E+02    -0.2026292328E+03
    0.6900000000E+02    -0.2035546755E+03
    0.7000000000E+02    -0.2044653747E+03
    0.7100000000E+02    -0.2053629026E+03
    0.7200000000E+02    -0.2062486084E+03
    0.7300000000E+02    -0.2071197374E+03
    0.7400000000E+02    -0.2079770350E+03
    0.7500000000E+02    -0.2088232650E+03
    0.7600000000E+02    -0.2096555376E+03
    0.7700000000E+02    -0.2104753981E+03
    0.7800000000E+02    -0.2112829297E+03
    0.7900000000E+02    -0.2120778813E+03
    0.8000000000E+02    -0.2128616611E+03
    0.8100000000E+02    -0.2136315622E+03
    0.8200000000E+02    -0.2143888680E+03
    0.8300000000E+02    -0.2151354851E+03
    0.8400000000E+02    -0.2158708813E+03
    0.8500000000E+02    -0.2165941649E+03
    0.8600000000E+02    -0.2173063829E+03
    0.8700000000E+02    -0.2180072839E+03
    0.8800000000E+02    -0.2186973621E+03
    0.8900000000E+02    -0.2193760143E+03
    0.9000000000E+02    -0.2200447713E+03
    0.9100000000E+02    -0.2207040385E+03
    0.9200000000E+02    -0.2213537280E+03
    0.9300000000E+02    -0.2219916664E+03
    0.9400000000E+02    -0.2226204367E+03
    0.9500000000E+02    -0.2232396120E+03
    0.9600000000E+02    -0.2238480706E+03
    0.9700000000E+02    -0.2244467451E+03
    0.9800000000E+02    -0.2250367875E+03
    0.9900000000E+02    -0.2256178752E+03
    0.1000000000E+03    -0.2261902082E+03
    0.1010000000E+03    -0.2267536194E+03
    0.1020000000E+03    -0.2273072598E+03
    0.1030000000E+03    -0.2278536433E+03
    0.1040000000E+03    -0.2283894708E+03
    0.1050000000E+03    -0.2289178304E+03
    0.1060000000E+03    -0.2294393979E+03
    0.1070000000E+03    -0.2299503299E+03
    0.1080000000E+03    -0.2304520393E+03
    0.1090000000E+03    -0.2309460720E+03
    0.1100000000E+03    -0.2314312802E+03
    0.1110000000E+03    -0.2319079071E+03
    0.1120000000E+03    -0.2323740916E+03
    0.1130000000E+03    -0.2328319110E+03
    0.1140000000E+03    -0.2332791376E+03
    0.1150000000E+03    -0.2337179180E+03
    0.1160000000E+03    -0.2341456763E+03
    0.1170000000E+03    -0.2345645772E+03
    0.1180000000E+03    -0.2349743652E+03
    0.1190000000E+03    -0.2353737626E+03
    0.1200000000E+03    -0.2357641736E+03
    0.1210000000E+03    -0.2361440079E+03
    0.1220000000E+03    -0.2365138452E+03
    0.1230000000E+03    -0.2368728838E+03
    0.1240000000E+03    -0.2372225242E+03
    0.1250000000E+03    -0.2375606126E+03
    0.1260000000E+03    -0.2378870538E+03
    0.1270000000E+03    -0.2382037940E+03
    0.1280000000E+03    -0.2385086869E+03
    0.1290000000E+03    -0.2388024090E+03
    0.1300000000E+03    -0.2390828123E+03
    0.1310000000E+03    -0.2393514400E+03
    0.1320000000E+03    -0.2396087504E+03
    0.1330000000E+03    -0.2398520007E+03
    0.1340000000E+03    -0.2400841403E+03
    0.1350000000E+03    -0.2403021881E+03
    0.1360000000E+03    -0.2405073204E+03
    0.1370000000E+03    -0.2406992957E+03
    0.1380000000E+03    -0.2408773285E+03
    0.1390000000E+03    -0.2410399471E+03
    0.1400000000E+03    -0.2411902970E+03
    0.1410000000E+03    -0.2413249106E+03
    0.1420000000E+03    -0.2414467064E+03
    0.1430000000E+03    -0.2415557903E+03
    0.1440000000E+03    -0.2416503738E+03
    0.1450000000E+03    -0.2417323577E+03
    0.1460000000E+03    -0.2417996167E+03
    0.1470000000E+03    -0.2418542434E+03
    0.1480000000E+03    -0.2418948693E+03
    0.1490000000E+03    -0.2419234237E+03
    0.1500000000E+03    -0.2419395740E+03
    0.1510000000E+03    -0.2419417301E+03
    0.1520000000E+03    -0.2419334828E+03
    0.1530000000E+03    -0.2419139654E+03
    0.1540000000E+03    -0.2418844549E+03
    0.1550000000E+03    -0.2418451223E+03
    0.1560000000E+03    -0.2417991351E+03
    0.1570000000E+03    -0.2417419625E+03
    0.1580000000E+03    -0.2416773581E+03
    0.1590000000E+03    -0.2416050521E+03
    0.1600000000E+03    -0.2415244787E+03
    0.1610000000E+03    -0.2414370920E+03
    0.1620000000E+03    -0.2413426362E+03
    0.1630000000E+03    -0.2412399829E+03
    0.1640000000E+03    -0.2411322722E+03
    0.1650000000E+03    -0.2410169420E+03
    0.1660000000E+03    -0.2408957936E+03
    0.1670000000E+03    -0.2407701110E+03
    0.1680000000E+03    -0.2406402513E+03
    0.1690000000E+03    -0.2405036866E+03
    0.1700000000E+03    -0.2403615631E+03
    0.1710000000E+03    -0.2402142136E+03
    0.1720000000E+03    -0.2400612106E+03
    0.1730000000E+03    -0.2399050754E+03
    0.1740000000E+03    -0.2397432303E+03
    0.1750000000E+03    -0.2395802814E+03
    0.1760000000E+03    -0.2394102381E+03
    0.1770000000E+03    -0.2392374508E+03
    0.1780000000E+03    -0.2390578055E+03
    0.1790000000E+03    -0.2388765409E+03
    0.1800000000E+03    -0.2386897159E+03
    0.1810000000E+03    -0.2385002731E+03
    0.1820000000E+03    -0.2383076328E+03
    0.1830000000E+03    -0.2381120174E+03
    0.1840000000E+03    -0.2379117095E+03
    0.1850000000E+03    -0.2377088664E+03
    0.1860000000E+03    -0.2375013356E+03
    0.1870000000E+03    -0.2372897739E+03
    0.1880000000E+03    -0.2370758939E+03
    0.1890000000E+03    -0.2368581380E+03
    0.1900000000E+03    -0.2366365485E+03
    0.1910000000E+03    -0.2364130924E+03
    0.1920000000E+03    -0.2361843855E+03
    0.1930000000E+03    -0.2359546966E+03
    0.1940000000E+03    -0.2357183634E+03
    0.1950000000E+03    -0.2354815616E+03
    0.1960000000E+03    -0.2352404096E+03
    0.1970000000E+03    -0.2349973116E+03
    0.1980000000E+03    -0.2347494120E+03
    0.1990000000E+03    -0.2344970792E+03
    0.2000000000E+03    -0.2342415818E+03
    0.2010000000E+03    -0.2339822701E+03
    0.2020000000E+03    -0.2337205198E+03
    0.2030000000E+03    -0.2334564544E+03
    0.2040000000E+03    -0.2331902322E+03
    0.2050000000E+03    -0.2329173006E+03
    0.2060000000E+03    -0.2326425203E+03
    0.2070000000E+03    -0.2323645695E+03
    0.2080000000E+03    -0.2320815673E+03
    0.2090000000E+03    -0.2317958318E+03
    0.2100000000E+03    -0.2315064156E+03
    0.2110000000E+03    -0.2312142070E+03
    0.2120000000E+03    -0.2309162500E+03
    0.2130000000E+03    -0.2306143476E+03
    0.2140000000E+03    -0.2303114029E+03
    0.2150000000E+03    -0.2300022468E+03
    0.2160000000E+03    -0.2296896926E+03
    0.2170000000E+03    -0.2293713021E+03
    0.2180000000E+03    -0.2290482321E+03
    0.2190000000E+03    -0.2287206344E+03
    0.2200000000E+03    -0.2283885186E+03
    0.2210000000E+03    -0.2280511821E+03
    0.2220000000E+03    -0.2277080417E+03
    0.2230000000E+03    -0.2273601880E+03
    0.2240000000E+03    -0.2270062951E+03
    0.2250000000E+03    -0.2266438708E+03
    0.2260000000E+03    -0.2262740990E+03
    0.2270000000E+03    -0.2258972672E+03
    0.2280000000E+03    -0.2255114757E+03
    0.2290000000E+03    -0.2251160105E+03
    0.2300000000E+03    -0.2247129250E+03
    0.2310000000E+03    -0.2243004227E+03
    0.2320000000E+03    -0.2238782019E+03
    0.2330000000E+03    -0.2234448793E+03
    0.2340000000E+03    -0.2230004570E+03
    0.2350000000E+03    -0.2225459655E+03
    0.2360000000E+03    -0.2220761758E+03
    0.2370000000E+03    -0.2215939733E+03
    0.2380000000E+03    -0.2210986925E+03
    0.2390000000E+03    -0.2205925632E+03
    0.2400000000E+03    -0.2200695988E+03
    0.2410000000E+03    -0.2195340097E+03
    0.2420000000E+03    -0.2189812377E+03
    0.2430000000E+03    -0.2184142888E+03
    0.2440000000E+03    -0.2178315619E+03
    0.2450000000E+03    -0.2172336535E+03
    0.2460000000E+03    -0.2166239501E+03
    0.2470000000E+03    -0.2160027414E+03
    0.2480000000E+03    -0.2153647632E+03
    0.2490000000E+03    -0.2147141084E+03
    0.2500000000E+03    -0.2140484662E+03
    0.2510000000E+03    -0.2133703972E+03
    0.2520000000E+03    -0.2126811316E+03
    0.2530000000E+03    -0.2119820279E+03
    0.2540000000E+03    -0.2112677678E+03
    0.2550000000E+03    -0.2105415997E+03
    0.2560000000E+03    -0.2098027264E+03
    0.2570000000E+03    -0.2090559002E+03
    0.2580000000E+03    -0.2082951573E+03
    0.2590000000E+03    -0.2075234936E+03
    0.2600000000E+03    -0.2067407461E+03
    0.2610000000E+03    -0.2059469472E+03
    0.2620000000E+03    -0.2051471668E+03
    0.2630000000E+03    -0.2043351100E+03
    0.2640000000E+03    -0.2035128250E+03
    0.2650000000E+03    -0.2026817350E+03
    0.2660000000E+03    -0.2018436112E+03
    0.2670000000E+03    -0.2009972480E+03
    0.2680000000E+03    -0.2001389076E+03
    0.2690000000E+03    -0.1992719526E+03
    0.2700000000E+03    -0.1983940978E+03
    0.2710000000E+03    -0.1975107471E+03
    0.2720000000E+03    -0.1966179476E+03
    0.2730000000E+03    -0.1957172337E+03
    0.2740000000E+03    -0.1948075345E+03
    0.2750000000E+03    -0.1938888566E+03
    0.2760000000E+03    -0.1929613961E+03
    0.2770000000E+03    -0.1920231097E+03
    0.2780000000E+03    -0.1910766466E+03
    0.2790000000E+03    -0.1901234451E+03
    0.2800000000E+03    -0.1891601153E+03
    0.2810000000E+03    -0.1881907953E+03
    0.2820000000E+03    -0.1872082180E+03
    0.2830000000E+03    -0.1862192670E+03
    0.2840000000E+03    -0.1852223266E+03
    0.2850000000E+03    -0.1842161144E+03
    0.2860000000E+03    -0.1831994933E+03
    0.2870000000E+03    -0.1821751822E+03
    0.2880000000E+03    -0.1811383750E+03
    0.2890000000E+03    -0.1800946228E+03
    0.2900000000E+03    -0.1790406954E+03
    0.2910000000E+03    -0.1779743196E+03
    0.2920000000E+03    -0.1769007869E+03
    0.2930000000E+03    -0.1758157179E+03
    0.2940000000E+03    -0.1747176019E+03
    0.2950000000E+03    -0.1736098553E+03
    0.2960000000E+03    -0.1724874732E+03
    0.2970000000E+03    -0.1713578994E+03
    0.2980000000E+03    -0.1702142468E+03
    0.2990000000E+03    -0.1690616239E+03
    0.3000000000E+03    -0.1678954718E+03
    0.3010000000E+03    -0.1667205757E+03
    0.3020000000E+03    -0.1655309110E+03
    0.3030000000E+03    -0.1643268675E+03
    0.3040000000E+03    -0.1631129191E+03
    0.3050000000E+03    -0.1618877908E+03
    0.3060000000E+03    -0.1606484261E+03
    0.3070000000E+03    -0.1593968775E+03
    0.3080000000E+03    -0.1581304934E+03
    0.3090000000E+03    -0.1568522270E+03
    0.3100000000E+03    -0.1555603348E+03
    0.3110000000E+03    -0.1542529240E+03
    0.3120000000E+03    -0.1529345174E+03
    0.3130000000E+03    -0.1516080641E+03
    0.3140000000E+03    -0.1502646608E+03
    0.3150000000E+03    -0.1489069748E+03
    0.3160000000E+03    -0.1475329623E+03
    0.3170000000E+03    -0.1461497261E+03
    0.3180000000E+03    -0.1447498335E+03
    0.3190000000E+03    -0.1433369839E+03
    0.3200000000E+03    -0.1419106178E+03
    0.3210000000E+03    -0.1404638305E+03
    0.3220000000E+03    -0.1390047177E+03
    0.3230000000E+03    -0.1375248682E+03
    0.3240000000E+03    -0.1360292095E+03
    0.3250000000E+03    -0.1345173059E+03
    0.3260000000E+03    -0.1329908580E+03
    0.3270000000E+03    -0.1314474839E+03
    0.3280000000E+03    -0.1298829465E+03
    0.3290000000E+03    -0.1283060439E+03
    0.3300000000E+03    -0.1267108283E+03
    0.3310000000E+03    -0.1250939734E+03
    0.3320000000E+03    -0.1234619311E+03
    0.3330000000E+03    -0.1218217216E+03
    0.3340000000E+03    -0.1201652470E+03
    0.3350000000E+03    -0.1184986837E+03
    0.3360000000E+03    -0.1168146396E+03
    0.3370000000E+03    -0.1151202199E+03
    0.3380000000E+03    -0.1134144920E+03
    0.3390000000E+03    -0.1117002362E+03
    0.3400000000E+03    -0.1099790261E+03
    0.3410000000E+03    -0.1082531457E+03
    0.3420000000E+03    -0.1065184386E+03
    0.3430000000E+03    -0.1047841499E+03
    0.3440000000E+03    -0.1030402112E+03
    0.3450000000E+03    -0.1012906965E+03
    0.3460000000E+03    -0.9953896465E+02
    0.3470000000E+03    -0.9779360741E+02
    0.3480000000E+03    -0.9604260255E+02
    0.3490000000E+03    -0.9429360418E+02
    0.3500000000E+03    -0.9254575748E+02
    0.3510000000E+03    -0.9080650089E+02
    0.3520000000E+03    -0.8905478820E+02
    0.3530000000E+03    -0.8731695836E+02
    0.3540000000E+03    -0.8558278072E+02
    0.3550000000E+03    -0.8385067843E+02
    0.3560000000E+03    -0.8212467789E+02
    0.3570000000E+03    -0.8039935989E+02
    0.3580000000E+03    -0.7866709381E+02
    0.3590000000E+03    -0.7695096616E+02
    0.3600000000E+03    -0.7523641779E+02
    0.3610000000E+03    -0.7353237225E+02
    0.3620000000E+03    -0.7182928236E+02
    0.3630000000E+03    -0.7014345782E+02
    0.3640000000E+03    -0.6845873092E+02
    0.3650000000E+03    -0.6678058439E+02
    0.3660000000E+03    -0.6511234280E+02
    0.3670000000E+03    -0.6345824303E+02
    0.3680000000E+03    -0.6181721688E+02
    0.3690000000E+03    -0.6018811721E+02
    0.3700000000E+03    -0.5857002187E+02
    0.3710000000E+03    -0.5697101837E+02
    0.3720000000E+03    -0.5537291649E+02
    0.3730000000E+03    -0.5378115385E+02
    0.3740000000E+03    -0.5220398633E+02
    0.3750000000E+03    -0.5064343392E+02
    0.3760000000E+03    -0.4909736009E+02
    0.3770000000E+03    -0.4756049996E+02
    0.3780000000E+03    -0.4604609961E+02
    0.3790000000E+03    -0.4454624954E+02
    0.3800000000E+03    -0.4306405270E+02
    0.3810000000E+03    -0.4160048625E+02
    0.3820000000E+03    -0.4013746118E+02
    0.3830000000E+03    -0.3870076148E+02
    0.3840000000E+03    -0.3729683890E+02
    0.3850000000E+03    -0.3590756006E+02
    0.3860000000E+03    -0.3454026802E+02
    0.3870000000E+03    -0.3318983723E+02
    0.3880000000E+03    -0.3184447053E+02
    0.3890000000E+03    -0.3052972046E+02
    0.3900000000E+03    -0.2923782096E+02
    0.3910000000E+03    -0.2797179366E+02
    0.3920000000E+03    -0.2672503890E+02
    0.3930000000E+03    -0.2551120362E+02
    0.3940000000E+03    -0.2431819110E+02
    0.3950000000E+03    -0.2314051467E+02
    0.3960000000E+03    -0.2198683812E+02
    0.3970000000E+03    -0.2086642699E+02
    0.3980000000E+03    -0.1977454449E+02
    0.3990000000E+03    -0.1871097031E+02
    0.4000000000E+03    -0.1767228528E+02
    0.4010000000E+03    -0.1664013234E+02
    0.4020000000E+03    -0.1564596341E+02
    0.4030000000E+03    -0.1469275687E+02
    0.4040000000E+03    -0.1376068315E+02
    0.4050000000E+03    -0.1285305642E+02
    0.4060000000E+03    -0.1198776437E+02
    0.4070000000E+03    -0.1115760642E+02
    0.4080000000E+03    -0.1035743595E+02
    0.4090000000E+03    -0.9599261911E+01
    0.4100000000E+03    -0.8901732416E+01
    0.4110000000E+03    -0.8219132101E+01
    0.4120000000E+03    -0.7569529189E+01
    0.4130000000E+03    -0.6957284173E+01
    0.4140000000E+03    -0.6402792239E+01
    0.4150000000E+03    -0.5848614224E+01
    0.4160000000E+03    -0.5383896989E+01
    0.4170000000E+03    -0.4908362007E+01
    0.4180000000E+03    -0.4451329610E+01
    0.4190000000E+03    -0.4057280505E+01
    0.4200000000E+03    -0.3720588108E+01
    0.4210000000E+03    -0.3424565791E+01
    0.4220000000E+03    -0.3144045752E+01
    0.4230000000E+03    -0.2899867825E+01
    0.4240000000E+03    -0.2732734294E+01
    0.4250000000E+03    -0.2604131367E+01
    0.4260000000E+03    -0.2505212236E+01
    0.4270000000E+03    -0.2454486386E+01
    0.4280000000E+03    -0.2459168715E+01
    0.4290000000E+03    -0.2515087864E+01
    0.4300000000E+03    -0.2600160225E+01
    0.4310000000E+03    -0.2750807027E+01
    0.4320000000E+03    -0.2941245291E+01
    0.4330000000E+03    -0.3204806351E+01
    0.4340000000E+03    -0.3432498597E+01
    0.4350000000E+03    -0.3756430822E+01
    0.4360000000E+03    -0.4177012935E+01
    0.4370000000E+03    -0.4656100966E+01
    0.4380000000E+03    -0.5128268334E+01
    0.4390000000E+03    -0.5701043048E+01
    0.4400000000E+03    -0.6332063889E+01
    0.4410000000E+03    -0.7037312256E+01
    0.4420000000E+03    -0.7777148697E+01
    0.4430000000E+03    -0.8635829555E+01
    0.4440000000E+03    -0.9501703118E+01
    0.4450000000E+03    -0.1041051321E+02
    0.4460000000E+03    -0.1136623863E+02
    0.4470000000E+03    -0.1247190159E+02
    0.4480000000E+03    -0.1360821257E+02
    0.4490000000E+03    -0.1477174289E+02
    0.4500000000E+03    -0.1603857379E+02
    0.4510000000E+03    -0.1738140218E+02
    0.4520000000E+03    -0.1874809405E+02
    0.4530000000E+03    -0.2020433628E+02
    0.4540000000E+03    -0.2161233226E+02
    0.4550000000E+03    -0.2318119084E+02
    0.4560000000E+03    -0.2481127225E+02
    0.4570000000E+03    -0.2646338846E+02
    0.4580000000E+03    -0.2820954399E+02
    0.4590000000E+03    -0.3002452161E+02
    0.4600000000E+03    -0.3198332855E+02
    0.4610000000E+03    -0.3402585519E+02
    0.4620000000E+03    -0.3604951290E+02
    0.4630000000E+03    -0.3825916825E+02
    0.4640000000E+03    -0.4043042139E+02
    0.4650000000E+03    -0.4265023517E+02
    0.4660000000E+03    -0.4496428310E+02
    0.4670000000E+03    -0.4734323222E+02
    0.4680000000E+03    -0.4990956781E+02
    0.4690000000E+03    -0.5257729420E+02
    0.4700000000E+03    -0.5521940976E+02
    0.4710000000E+03    -0.5809447013E+02
    0.4720000000E+03    -0.6104756259E+02
    0.4730000000E+03    -0.6412619141E+02
    0.4740000000E+03    -0.6704463409E+02
    0.4750000000E+03    -0.7032804058E+02
