       0   -0.30874574E-09
       1   -0.60574031E-03
       2   -0.34975361E-01
       3   -0.10321193E+00
       4   -0.20517885E+00
       5   -0.34095037E+00
       6   -0.51052002E+00
       7   -0.71414329E+00
       8   -0.95113652E+00
       9   -0.12220143E+01
      10   -0.15270706E+01
      11   -0.18655859E+01
      12   -0.22386274E+01
      13   -0.26453345E+01
      14   -0.30850645E+01
      15   -0.35594448E+01
      16   -0.40668031E+01
      17   -0.46088223E+01
      18   -0.51844962E+01
      19   -0.57935206E+01
      20   -0.64389761E+01
      21   -0.71157587E+01
      22   -0.78285293E+01
      23   -0.85755289E+01
      24   -0.93561530E+01
      25   -0.10169732E+02
      26   -0.11017291E+02
      27   -0.11899371E+02
      28   -0.12817371E+02
      29   -0.13768638E+02
      30   -0.14755820E+02
      31   -0.15775962E+02
      32   -0.16824197E+02
      33   -0.17913615E+02
      34   -0.19034263E+02
      35   -0.20188758E+02
      36   -0.21374565E+02
      37   -0.22596453E+02
      38   -0.23850014E+02
      39   -0.25136029E+02
      40   -0.26457479E+02
      41   -0.27815930E+02
      42   -0.29204680E+02
      43   -0.30627993E+02
      44   -0.32086310E+02
      45   -0.33580877E+02
      46   -0.35106766E+02
      47   -0.36661997E+02
      48   -0.38248451E+02
      49   -0.39870420E+02
      50   -0.41528370E+02
      51   -0.43220155E+02
      52   -0.44945814E+02
      53   -0.46706027E+02
      54   -0.48502450E+02
      55   -0.50331185E+02
      56   -0.52182257E+02
      57   -0.54064854E+02
      58   -0.55982840E+02
      59   -0.57935180E+02
      60   -0.59914412E+02
      61   -0.61928633E+02
      62   -0.63984299E+02
      63   -0.66067885E+02
      64   -0.68182476E+02
      65   -0.70323890E+02
      66   -0.72498574E+02
      67   -0.74706036E+02
      68   -0.76939130E+02
      69   -0.79216501E+02
      70   -0.81516377E+02
      71   -0.83852332E+02
      72   -0.86217849E+02
      73   -0.88611539E+02
      74   -0.91048515E+02
      75   -0.93498849E+02
      76   -0.95975323E+02
      77   -0.98485474E+02
      78   -0.10103280E+03
      79   -0.10359854E+03
      80   -0.10620224E+03
      81   -0.10883035E+03
      82   -0.11148199E+03
      83   -0.11416422E+03
      84   -0.11687703E+03
      85   -0.11960240E+03
      86   -0.12237339E+03
      87   -0.12517388E+03
      88   -0.12801774E+03
      89   -0.13087340E+03
      90   -0.13377523E+03
      91   -0.13669123E+03
      92   -0.13961241E+03
      93   -0.14258373E+03
      94   -0.14557046E+03
      95   -0.14857389E+03
      96   -0.15161957E+03
      97   -0.15469958E+03
      98   -0.15778665E+03
      99   -0.16091904E+03
     100   -0.16407465E+03
     101   -0.16724884E+03
     102   -0.17046496E+03
     103   -0.17367865E+03
     104   -0.17690725E+03
     105   -0.18017641E+03
     106   -0.18345735E+03
     107   -0.18677380E+03
     108   -0.19010678E+03
     109   -0.19347359E+03
     110   -0.19687762E+03
     111   -0.20029378E+03
     112   -0.20374780E+03
     113   -0.20720323E+03
     114   -0.21068275E+03
     115   -0.21418558E+03
     116   -0.21770154E+03
     117   -0.22124104E+03
     118   -0.22481251E+03
     119   -0.22840253E+03
     120   -0.23200251E+03
     121   -0.23560302E+03
     122   -0.23925609E+03
     123   -0.24290202E+03
     124   -0.24659950E+03
     125   -0.25031384E+03
     126   -0.25405563E+03
     127   -0.25782288E+03
     128   -0.26160946E+03
     129   -0.26540070E+03
     130   -0.26921240E+03
     131   -0.27305395E+03
     132   -0.27691259E+03
     133   -0.28077621E+03
     134   -0.28466235E+03
     135   -0.28854488E+03
     136   -0.29245271E+03
     137   -0.29639194E+03
     138   -0.30035317E+03
     139   -0.30433043E+03
     140   -0.30834182E+03
     141   -0.31235408E+03
     142   -0.31640244E+03
     143   -0.32045720E+03
     144   -0.32454677E+03
     145   -0.32862520E+03
     146   -0.33274178E+03
     147   -0.33689063E+03
     148   -0.34105906E+03
     149   -0.34526144E+03
     150   -0.34948064E+03
     151   -0.35369223E+03
     152   -0.35789672E+03
     153   -0.36217212E+03
     154   -0.36644886E+03
     155   -0.37072657E+03
     156   -0.37502356E+03
     157   -0.37930943E+03
     158   -0.38359263E+03
     159   -0.38792411E+03
     160   -0.39228044E+03
     161   -0.39660481E+03
     162   -0.40100045E+03
     163   -0.40542531E+03
     164   -0.40986850E+03
     165   -0.41429369E+03
     166   -0.41876263E+03
     167   -0.42325709E+03
     168   -0.42776762E+03
     169   -0.43224321E+03
     170   -0.43679144E+03
     171   -0.44134867E+03
     172   -0.44595572E+03
     173   -0.45053829E+03
     174   -0.45512710E+03
     175   -0.45975697E+03
     176   -0.46437995E+03
     177   -0.46902341E+03
     178   -0.47368926E+03
     179   -0.47839577E+03
     180   -0.48314516E+03
     181   -0.48787527E+03
     182   -0.49257959E+03
     183   -0.49733722E+03
     184   -0.50209338E+03
     185   -0.50688850E+03
     186   -0.51170431E+03
     187   -0.51653198E+03
     188   -0.52136665E+03
     189   -0.52626841E+03
     190   -0.53113139E+03
     191   -0.53605215E+03
     192   -0.54098001E+03
     193   -0.54594052E+03
     194   -0.55090940E+03
     195   -0.55588994E+03
     196   -0.56091096E+03
     197   -0.56590572E+03
     198   -0.57097031E+03
     199   -0.57598115E+03
     200   -0.58110088E+03
     201   -0.58616480E+03
     202   -0.59133182E+03
     203   -0.59646873E+03
     204   -0.60161791E+03
     205   -0.60680831E+03
     206   -0.61200925E+03
     207   -0.61726609E+03
     208   -0.62251953E+03
     209   -0.62775100E+03
     210   -0.63301228E+03
     211   -0.63831000E+03
     212   -0.64357295E+03
     213   -0.64894158E+03
     214   -0.65431624E+03
     215   -0.65970680E+03
     216   -0.66511976E+03
     217   -0.67054533E+03
     218   -0.67600177E+03
     219   -0.68149041E+03
     220   -0.68700101E+03
     221   -0.69255789E+03
     222   -0.69808630E+03
     223   -0.70367897E+03
     224   -0.70928745E+03
     225   -0.71492676E+03
     226   -0.72056670E+03
     227   -0.72618665E+03
     228   -0.73184833E+03
     229   -0.73756798E+03
     230   -0.74332352E+03
     231   -0.74911246E+03
     232   -0.75488652E+03
     233   -0.76069342E+03
     234   -0.76654658E+03
     235   -0.77244809E+03
     236   -0.77836306E+03
     237   -0.78432419E+03
     238   -0.79028452E+03
     239   -0.79625953E+03
     240   -0.80220629E+03
     241   -0.80826852E+03
     242   -0.81437065E+03
     243   -0.82049148E+03
     244   -0.82662290E+03
     245   -0.83281465E+03
     246   -0.83902505E+03
     247   -0.84520540E+03
     248   -0.85141052E+03
     249   -0.85769014E+03
     250   -0.86393552E+03
     251   -0.87032541E+03
     252   -0.87667121E+03
     253   -0.88306453E+03
     254   -0.88945627E+03
     255   -0.89587060E+03
     256   -0.90234317E+03
     257   -0.90887115E+03
     258   -0.91540486E+03
     259   -0.92192082E+03
     260   -0.92848369E+03
     261   -0.93512269E+03
     262   -0.94177259E+03
     263   -0.94847659E+03
     264   -0.95518045E+03
     265   -0.96198537E+03
     266   -0.96878625E+03
     267   -0.97561304E+03
     268   -0.98243228E+03
     269   -0.98929508E+03
     270   -0.99625390E+03
     271   -0.10031587E+04
     272   -0.10101226E+04
     273   -0.10171273E+04
     274   -0.10241472E+04
     275   -0.10311765E+04
     276   -0.10382177E+04
     277   -0.10453796E+04
     278   -0.10525762E+04
     279   -0.10598290E+04
     280   -0.10671012E+04
     281   -0.10744213E+04
     282   -0.10817167E+04
     283   -0.10890898E+04
     284   -0.10964705E+04
     285   -0.11038943E+04
     286   -0.11113734E+04
     287   -0.11188439E+04
     288   -0.11263918E+04
     289   -0.11338906E+04
     290   -0.11414698E+04
     291   -0.11490582E+04
     292   -0.11566684E+04
     293   -0.11642809E+04
     294   -0.11720285E+04
     295   -0.11797770E+04
     296   -0.11875789E+04
     297   -0.11953774E+04
     298   -0.12031481E+04
     299   -0.12109528E+04
     300   -0.12188438E+04
     301   -0.12267006E+04
     302   -0.12345923E+04
     303   -0.12425495E+04
     304   -0.12505835E+04
     305   -0.12586088E+04
     306   -0.12666477E+04
     307   -0.12747334E+04
     308   -0.12828613E+04
     309   -0.12910105E+04
     310   -0.12992623E+04
     311   -0.13074166E+04
     312   -0.13156626E+04
     313   -0.13239138E+04
     314   -0.13321352E+04
     315   -0.13404424E+04
     316   -0.13488338E+04
     317   -0.13572036E+04
     318   -0.13656786E+04
     319   -0.13740983E+04
     320   -0.13825679E+04
     321   -0.13910630E+04
     322   -0.13996298E+04
     323   -0.14081367E+04
     324   -0.14167605E+04
     325   -0.14253946E+04
     326   -0.14340400E+04
     327   -0.14426950E+04
     328   -0.14513494E+04
     329   -0.14600066E+04
     330   -0.14687752E+04
     331   -0.14776081E+04
     332   -0.14863744E+04
     333   -0.14952327E+04
     334   -0.15040771E+04
     335   -0.15130340E+04
     336   -0.15219318E+04
     337   -0.15308120E+04
     338   -0.15398501E+04
     339   -0.15488332E+04
     340   -0.15579156E+04
     341   -0.15669303E+04
     342   -0.15759645E+04
     343   -0.15851193E+04
     344   -0.15943198E+04
     345   -0.16033621E+04
     346   -0.16126538E+04
     347   -0.16217662E+04
     348   -0.16310751E+04
     349   -0.16402335E+04
     350   -0.16494243E+04
     351   -0.16587498E+04
     352   -0.16680335E+04
     353   -0.16772696E+04
     354   -0.16866229E+04
     355   -0.16961436E+04
     356   -0.17056191E+04
     357   -0.17148324E+04
     358   -0.17242781E+04
     359   -0.17335074E+04
     360   -0.17429403E+04
     361   -0.17525574E+04
     362   -0.17620902E+04
     363   -0.17715533E+04
     364   -0.17813695E+04
     365   -0.17909230E+04
     366   -0.18004048E+04
     367   -0.18098240E+04
     368   -0.18194109E+04
     369   -0.18290509E+04
     370   -0.18387187E+04
     371   -0.18482516E+04
     372   -0.18578433E+04
     373   -0.18675272E+04
     374   -0.18773814E+04
     375   -0.18871781E+04
     376   -0.18968774E+04
     377   -0.19065163E+04
     378   -0.19164873E+04
     379   -0.19264627E+04
     380   -0.19363532E+04
     381   -0.19459780E+04
     382   -0.19557578E+04
     383   -0.19653697E+04
     384   -0.19752697E+04
     385   -0.19852436E+04
     386   -0.19950719E+04
     387   -0.20050689E+04
     388   -0.20149681E+04
     389   -0.20249577E+04
     390   -0.20346220E+04
     391   -0.20449532E+04
     392   -0.20551121E+04
     393   -0.20648550E+04
     394   -0.20747738E+04
     395   -0.20847416E+04
     396   -0.20946286E+04
     397   -0.21046422E+04
     398   -0.21145185E+04
     399   -0.21248019E+04
     400   -0.21350413E+04
