    0.00000000E+00       2.493739080152109157E-10
    1.00000000E+00      -6.057397521439919410E-04
    2.00000000E+00      -4.688192850980957976E-02
    3.00000000E+00      -1.394141757924584057E-01
    4.00000000E+00      -2.792953111368197683E-01
    5.00000000E+00      -4.671531407723586993E-01
    6.00000000E+00      -7.038807366005551680E-01
    7.00000000E+00      -9.907233813030816849E-01
    8.00000000E+00      -1.329411207832692288E+00
    9.00000000E+00      -1.720487239439795202E+00
    1.00000000E+01      -2.165694245448327671E+00
    1.10000000E+01      -2.667166544593798427E+00
    1.20000000E+01      -3.227203815589451352E+00
    1.30000000E+01      -3.847609005181631403E+00
    1.40000000E+01      -4.531609474669952675E+00
    1.50000000E+01      -5.282017073579041266E+00
    1.60000000E+01      -6.102818823551984906E+00
    1.70000000E+01      -6.998976661785476949E+00
    1.80000000E+01      -7.974473389975536008E+00
    1.90000000E+01      -9.037113137186025824E+00
    2.00000000E+01      -1.019281108062104124E+01
    2.10000000E+01      -1.144990977678463651E+01
    2.20000000E+01      -1.282116493688775449E+01
    2.30000000E+01      -1.431410436197404579E+01
    2.40000000E+01      -1.594393825935810582E+01
    2.50000000E+01      -1.772529830567054887E+01
    2.60000000E+01      -1.967404188101409090E+01
    2.70000000E+01      -2.180443297241572509E+01
    2.80000000E+01      -2.413278843527518802E+01
    2.90000000E+01      -2.667270082547815946E+01
    3.00000000E+01      -2.942869790805002594E+01
    3.10000000E+01      -3.240724785540487574E+01
    3.20000000E+01      -3.560235818907221983E+01
    3.30000000E+01      -3.899493118591817620E+01
    3.40000000E+01      -4.256237443425584388E+01
    3.50000000E+01      -4.628494831790953867E+01
    3.60000000E+01      -5.012623840528908659E+01
    3.70000000E+01      -5.405309837105471615E+01
    3.80000000E+01      -5.804268399409717460E+01
    3.90000000E+01      -6.206336139608129088E+01
    4.00000000E+01      -6.610068617653223555E+01
    4.10000000E+01      -7.014588343669856840E+01
    4.20000000E+01      -7.418521142359259102E+01
    4.30000000E+01      -7.820517374407472744E+01
    4.40000000E+01      -8.221902736079209717E+01
    4.50000000E+01      -8.621602216417704767E+01
    4.60000000E+01      -9.019509682755324320E+01
    4.70000000E+01      -9.416865312790378084E+01
    4.80000000E+01      -9.812952834832140070E+01
    4.90000000E+01      -1.020798312818096747E+02
    5.00000000E+01      -1.060158569161521882E+02
    5.10000000E+01      -1.099422438713991141E+02
    5.20000000E+01      -1.138785543847416193E+02
    5.30000000E+01      -1.178130403459999798E+02
    5.40000000E+01      -1.217421590738476880E+02
    5.50000000E+01      -1.256706926277620369E+02
    5.60000000E+01      -1.296140053682411235E+02
    5.70000000E+01      -1.335670229213237690E+02
    5.80000000E+01      -1.375170563481806312E+02
    5.90000000E+01      -1.414857317026408055E+02
    6.00000000E+01      -1.454653455142424718E+02
    6.10000000E+01      -1.494477325256939366E+02
    6.20000000E+01      -1.534554620154408440E+02
    6.30000000E+01      -1.574657010069913667E+02
    6.40000000E+01      -1.614985085923576662E+02
    6.50000000E+01      -1.655518237093228890E+02
    6.60000000E+01      -1.696278148272672297E+02
    6.70000000E+01      -1.737261274465445240E+02
    6.80000000E+01      -1.778572903181898255E+02
    6.90000000E+01      -1.820281389828955980E+02
    7.00000000E+01      -1.862282966390757792E+02
    7.10000000E+01      -1.904608691642820304E+02
    7.20000000E+01      -1.947240388276375143E+02
    7.30000000E+01      -1.990265328777441027E+02
    7.40000000E+01      -2.033605360516089604E+02
    7.50000000E+01      -2.077368654419383347E+02
    7.60000000E+01      -2.121480448137824624E+02
    7.70000000E+01      -2.165943704510440284E+02
    7.80000000E+01      -2.210733095280041880E+02
    7.90000000E+01      -2.255714339142606377E+02
    8.00000000E+01      -2.300842627758473782E+02
    8.10000000E+01      -2.346364885433690688E+02
    8.20000000E+01      -2.392074458467772047E+02
    8.30000000E+01      -2.437889275795964465E+02
    8.40000000E+01      -2.483978157074108140E+02
    8.50000000E+01      -2.530087047544930101E+02
    8.60000000E+01      -2.576316859551025686E+02
    8.70000000E+01      -2.622720726066111183E+02
    8.80000000E+01      -2.669204450443642145E+02
    8.90000000E+01      -2.715834116949402528E+02
    9.00000000E+01      -2.762425241561276152E+02
    9.10000000E+01      -2.809029268628054297E+02
    9.20000000E+01      -2.855577798259528208E+02
    9.30000000E+01      -2.902355851562584803E+02
    9.40000000E+01      -2.948972306618039738E+02
    9.50000000E+01      -2.995594034407117192E+02
    9.60000000E+01      -3.042116605614333480E+02
    9.70000000E+01      -3.088770912475633281E+02
    9.80000000E+01      -3.135552910944111318E+02
    9.90000000E+01      -3.182284642432903752E+02
    1.00000000E+02      -3.228884421356694929E+02
    1.01000000E+02      -3.275600851800421651E+02
    1.02000000E+02      -3.322278220062072478E+02
    1.03000000E+02      -3.368940570496255305E+02
    1.04000000E+02      -3.415638391159699268E+02
    1.05000000E+02      -3.462313887459370108E+02
    1.06000000E+02      -3.508778053488341584E+02
    1.07000000E+02      -3.555303828880166748E+02
    1.08000000E+02      -3.601766377714251348E+02
    1.09000000E+02      -3.648192151538230519E+02
    1.10000000E+02      -3.694580089382200185E+02
    1.11000000E+02      -3.740990299781141175E+02
    1.12000000E+02      -3.787411060140673271E+02
    1.13000000E+02      -3.833848611540091724E+02
    1.14000000E+02      -3.880196673183696703E+02
    1.15000000E+02      -3.926630041446553605E+02
    1.16000000E+02      -3.972933024212246664E+02
    1.17000000E+02      -4.019222356228541457E+02
    1.18000000E+02      -4.065558067637468866E+02
    1.19000000E+02      -4.111753267727196999E+02
    1.20000000E+02      -4.158127459556362737E+02
    1.21000000E+02      -4.204596025237465255E+02
    1.22000000E+02      -4.251062729716986723E+02
    1.23000000E+02      -4.297695196287716044E+02
    1.24000000E+02      -4.344476522489078434E+02
    1.25000000E+02      -4.391330327005796335E+02
    1.26000000E+02      -4.438506321979289169E+02
    1.27000000E+02      -4.485775945552422854E+02
    1.28000000E+02      -4.533263345685036256E+02
    1.29000000E+02      -4.580965294709624231E+02
    1.30000000E+02      -4.629093100016716562E+02
    1.31000000E+02      -4.677321360662783718E+02
    1.32000000E+02      -4.725926030128332513E+02
    1.33000000E+02      -4.774925708751111415E+02
    1.34000000E+02      -4.824207801552820456E+02
    1.35000000E+02      -4.874087701457951880E+02
    1.36000000E+02      -4.924382359842329606E+02
    1.37000000E+02      -4.974974588601276082E+02
    1.38000000E+02      -5.026177035215901014E+02
    1.39000000E+02      -5.077819514519164841E+02
    1.40000000E+02      -5.130092213270215780E+02
    1.41000000E+02      -5.182937014825538427E+02
    1.42000000E+02      -5.236571610948890338E+02
    1.43000000E+02      -5.290730011732011917E+02
    1.44000000E+02      -5.345312051284358859E+02
    1.45000000E+02      -5.400683644649557209E+02
    1.46000000E+02      -5.456785218673740019E+02
    1.47000000E+02      -5.513467078949665847E+02
    1.48000000E+02      -5.570469948363611365E+02
    1.49000000E+02      -5.628135491111725059E+02
    1.50000000E+02      -5.686335863408075966E+02
    1.51000000E+02      -5.744764866799155243E+02
    1.52000000E+02      -5.804288924725565266E+02
    1.53000000E+02      -5.863294807174361267E+02
    1.54000000E+02      -5.922479365297322147E+02
    1.55000000E+02      -5.982016290014294100E+02
    1.56000000E+02      -6.041333071556682626E+02
    1.57000000E+02      -6.100931506201386583E+02
    1.58000000E+02      -6.160596179375806969E+02
    1.59000000E+02      -6.220305918089052284E+02
    1.60000000E+02      -6.280023747033055770E+02
    1.61000000E+02      -6.339832913727577761E+02
    1.62000000E+02      -6.399507089945154803E+02
    1.63000000E+02      -6.459310164133576109E+02
    1.64000000E+02      -6.519008318691930981E+02
    1.65000000E+02      -6.578738891118109677E+02
    1.66000000E+02      -6.638495864578062537E+02
    1.67000000E+02      -6.698202707161881335E+02
    1.68000000E+02      -6.757869137487732587E+02
    1.69000000E+02      -6.817528784460982934E+02
    1.70000000E+02      -6.877250173381744389E+02
    1.71000000E+02      -6.936928289166517061E+02
    1.72000000E+02      -6.996682843241287628E+02
    1.73000000E+02      -7.056404756148567685E+02
    1.74000000E+02      -7.116090518242372127E+02
    1.75000000E+02      -7.175861059934031800E+02
    1.76000000E+02      -7.235343497971098259E+02
    1.77000000E+02      -7.294959698483680768E+02
    1.78000000E+02      -7.354756871691533888E+02
    1.79000000E+02      -7.414526664379845897E+02
    1.80000000E+02      -7.474211398713578092E+02
    1.81000000E+02      -7.533829258851255872E+02
    1.82000000E+02      -7.593460057308093383E+02
    1.83000000E+02      -7.653066860690414615E+02
    1.84000000E+02      -7.712669446116260588E+02
    1.85000000E+02      -7.772348343725971063E+02
    1.86000000E+02      -7.832081713477728044E+02
    1.87000000E+02      -7.891756211007495949E+02
    1.88000000E+02      -7.951418476344560986E+02
    1.89000000E+02      -8.011072742426040350E+02
    1.90000000E+02      -8.070627937516101156E+02
    1.91000000E+02      -8.130314586106323986E+02
    1.92000000E+02      -8.190010466203548276E+02
    1.93000000E+02      -8.249644317840165968E+02
    1.94000000E+02      -8.309330258282352588E+02
    1.95000000E+02      -8.369104350374709611E+02
    1.96000000E+02      -8.428729393234971212E+02
    1.97000000E+02      -8.488395343497577414E+02
    1.98000000E+02      -8.547993779998887476E+02
    1.99000000E+02      -8.607691862189867607E+02
    2.00000000E+02      -8.667282945670694971E+02
    2.01000000E+02      -8.726867853847561491E+02
    2.02000000E+02      -8.786275519718310534E+02
    2.03000000E+02      -8.845804136038891556E+02
    2.04000000E+02      -8.905324738102976880E+02
    2.05000000E+02      -8.964910082577061985E+02
    2.06000000E+02      -9.024229584671934390E+02
    2.07000000E+02      -9.083610028600373880E+02
    2.08000000E+02      -9.143165526666120968E+02
    2.09000000E+02      -9.202448766951433754E+02
    2.10000000E+02      -9.261817681646937217E+02
    2.11000000E+02      -9.321194492259274966E+02
    2.12000000E+02      -9.380404626027814174E+02
    2.13000000E+02      -9.439432385146485558E+02
    2.14000000E+02      -9.498701054657501572E+02
    2.15000000E+02      -9.557818460240964669E+02
    2.16000000E+02      -9.616865587093784598E+02
    2.17000000E+02      -9.675789628259690289E+02
    2.18000000E+02      -9.734772610865766183E+02
    2.19000000E+02      -9.793577057274515028E+02
    2.20000000E+02      -9.852204286812766441E+02
    2.21000000E+02      -9.910775257917102863E+02
    2.22000000E+02      -9.969180426086277294E+02
    2.23000000E+02      -1.002712104172815089E+03
    2.24000000E+02      -1.008535430360740065E+03
    2.25000000E+02      -1.014324816964401180E+03
    2.26000000E+02      -1.020107724264073113E+03
    2.27000000E+02      -1.025903991917271924E+03
    2.28000000E+02      -1.031677739864944670E+03
    2.29000000E+02      -1.037376190320615933E+03
    2.30000000E+02      -1.043084860198929164E+03
    2.31000000E+02      -1.048741124888310878E+03
    2.32000000E+02      -1.054370675270289212E+03
    2.33000000E+02      -1.059941028277067744E+03
    2.34000000E+02      -1.065458291152006495E+03
    2.35000000E+02      -1.070938712691702676E+03
    2.36000000E+02      -1.076368448677887500E+03
    2.37000000E+02      -1.081781515573447905E+03
    2.38000000E+02      -1.087063468195806308E+03
    2.39000000E+02      -1.092293747828318374E+03
    2.40000000E+02      -1.097450620139320563E+03
    2.41000000E+02      -1.102534376967523258E+03
    2.42000000E+02      -1.107513503456417311E+03
    2.43000000E+02      -1.112394654128499042E+03
    2.44000000E+02      -1.117184161515986943E+03
    2.45000000E+02      -1.121927807137491982E+03
    2.46000000E+02      -1.126545963767293415E+03
    2.47000000E+02      -1.131061317142997268E+03
    2.48000000E+02      -1.135518835789479454E+03
    2.49000000E+02      -1.139986269761678159E+03
    2.50000000E+02      -1.144420225291178213E+03
    2.51000000E+02      -1.148853194808835724E+03
    2.52000000E+02      -1.153334154646866409E+03
    2.53000000E+02      -1.157930097828886574E+03
    2.54000000E+02      -1.162549603986366492E+03
    2.55000000E+02      -1.167245630401633207E+03
    2.56000000E+02      -1.172091883019210400E+03
    2.57000000E+02      -1.177081110008784890E+03
    2.58000000E+02      -1.182164861225965069E+03
    2.59000000E+02      -1.187369604088912638E+03
    2.60000000E+02      -1.192709116013790663E+03
    2.61000000E+02      -1.198149384644266775E+03
    2.62000000E+02      -1.203559721641635406E+03
    2.63000000E+02      -1.209225024432479131E+03
    2.64000000E+02      -1.214969897253148702E+03
    2.65000000E+02      -1.220635399472590962E+03
    2.66000000E+02      -1.226553844721330734E+03
    2.67000000E+02      -1.232564604480517573E+03
    2.68000000E+02      -1.238628626882960816E+03
    2.69000000E+02      -1.244755384647057326E+03
    2.70000000E+02      -1.250962146802372899E+03
    2.71000000E+02      -1.257238318086911022E+03
    2.72000000E+02      -1.263539741995411987E+03
    2.73000000E+02      -1.269886453078732075E+03
    2.74000000E+02      -1.276254488582663953E+03
    2.75000000E+02      -1.282629814335436095E+03
    2.76000000E+02      -1.289071774305793951E+03
    2.77000000E+02      -1.295563907249882277E+03
    2.78000000E+02      -1.302080737458875092E+03
    2.79000000E+02      -1.308581774686060726E+03
    2.80000000E+02      -1.315083406285821184E+03
    2.81000000E+02      -1.321641507353273937E+03
    2.82000000E+02      -1.328192410640584058E+03
    2.83000000E+02      -1.334737523897098527E+03
    2.84000000E+02      -1.341319831695131143E+03
    2.85000000E+02      -1.347843402768618034E+03
    2.86000000E+02      -1.354412232567285173E+03
    2.87000000E+02      -1.360959074632944066E+03
    2.88000000E+02      -1.367504736274343486E+03
    2.89000000E+02      -1.374051592490430266E+03
    2.90000000E+02      -1.380564961423583554E+03
    2.91000000E+02      -1.387147945515916945E+03
    2.92000000E+02      -1.393595275643747300E+03
    2.93000000E+02      -1.400089098668835504E+03
    2.94000000E+02      -1.406559192385495408E+03
    2.95000000E+02      -1.412928104679316675E+03
    2.96000000E+02      -1.419407561167517997E+03
    2.97000000E+02      -1.425915915600458902E+03
    2.98000000E+02      -1.432296675392866746E+03
    2.99000000E+02      -1.438663310742633257E+03
    3.00000000E+02      -1.444984042595531719E+03
    3.01000000E+02      -1.451267426064086976E+03
    3.02000000E+02      -1.457557712240077308E+03
    3.03000000E+02      -1.463902237292157224E+03
    3.04000000E+02      -1.470081932618984865E+03
    3.05000000E+02      -1.476283934730337933E+03
    3.06000000E+02      -1.482557724451251488E+03
    3.07000000E+02      -1.488745078345895308E+03
    3.08000000E+02      -1.494929210194044572E+03
    3.09000000E+02      -1.500975965404821181E+03
    3.10000000E+02      -1.507093232680665096E+03
    3.11000000E+02      -1.513237662588035164E+03
    3.12000000E+02      -1.519375301495674648E+03
    3.13000000E+02      -1.525555056336776033E+03
    3.14000000E+02      -1.531686446739353414E+03
    3.15000000E+02      -1.537828679315098270E+03
    3.16000000E+02      -1.544065697920068487E+03
    3.17000000E+02      -1.550356497327004035E+03
    3.18000000E+02      -1.556686905315447802E+03
    3.19000000E+02      -1.562953365639070398E+03
    3.20000000E+02      -1.569339938449666079E+03
    3.21000000E+02      -1.575767192491222886E+03
    3.22000000E+02      -1.582172587871606083E+03
    3.23000000E+02      -1.588588502317768871E+03
    3.24000000E+02      -1.594995530595459059E+03
    3.25000000E+02      -1.601463058208271832E+03
    3.26000000E+02      -1.607895057675217686E+03
    3.27000000E+02      -1.614367799983087025E+03
    3.28000000E+02      -1.620877374007599428E+03
    3.29000000E+02      -1.627304715184103770E+03
    3.30000000E+02      -1.633452089674560739E+03
    3.31000000E+02      -1.639760275275657477E+03
    3.32000000E+02      -1.646046685472014360E+03
    3.33000000E+02      -1.652034895347683914E+03
    3.34000000E+02      -1.658101656270732292E+03
    3.35000000E+02      -1.664084043003565967E+03
    3.36000000E+02      -1.669985687517752012E+03
    3.37000000E+02      -1.675660171177321899E+03
    3.38000000E+02      -1.681300955777933268E+03
    3.39000000E+02      -1.686776203950190393E+03
    3.40000000E+02      -1.692316666108061327E+03
    3.41000000E+02      -1.697843497744674096E+03
    3.42000000E+02      -1.703424180175359652E+03
    3.43000000E+02      -1.709362269483764976E+03
    3.44000000E+02      -1.715455804008211999E+03
    3.45000000E+02      -1.721739573763807130E+03
    3.46000000E+02      -1.728361195788980694E+03
    3.47000000E+02      -1.735312200764337831E+03
    3.48000000E+02      -1.742504249409270415E+03
    3.49000000E+02      -1.750166773078621191E+03
    3.50000000E+02      -1.758083818559132851E+03
    3.51000000E+02      -1.766392717678463669E+03
    3.52000000E+02      -1.774884354229855489E+03
    3.53000000E+02      -1.783609846561851555E+03
    3.54000000E+02      -1.792477046469716697E+03
    3.55000000E+02      -1.801566613187896564E+03
    3.56000000E+02      -1.810877122650837919E+03
    3.57000000E+02      -1.820271929071313025E+03
    3.58000000E+02      -1.829843470072160017E+03
    3.59000000E+02      -1.839435902380043217E+03
    3.60000000E+02      -1.849047509978362541E+03
    3.61000000E+02      -1.858875958791186804E+03
    3.62000000E+02      -1.868691661293564721E+03
    3.63000000E+02      -1.878577066170404578E+03
    3.64000000E+02      -1.888539409371047896E+03
    3.65000000E+02      -1.898658402530588774E+03
    3.66000000E+02      -1.908792511642517866E+03
    3.67000000E+02      -1.918958676424008218E+03
    3.68000000E+02      -1.929143209643543969E+03
    3.69000000E+02      -1.939425908540995806E+03
    3.70000000E+02      -1.949730784738202829E+03
    3.71000000E+02      -1.960008254665904133E+03
    3.72000000E+02      -1.970412343057974795E+03
    3.73000000E+02      -1.980892589663219951E+03
    3.74000000E+02      -1.991369104797760883E+03
    3.75000000E+02      -2.001846402019527204E+03
    3.76000000E+02      -2.012360140145794958E+03
    3.77000000E+02      -2.022945143462904070E+03
    3.78000000E+02      -2.033559733738283740E+03
    3.79000000E+02      -2.044209642748625129E+03
    3.80000000E+02      -2.054856423695683134E+03
    3.81000000E+02      -2.065492072878018007E+03
    3.82000000E+02      -2.076264968222471452E+03
    3.83000000E+02      -2.087028007298667035E+03
    3.84000000E+02      -2.097736740879414356E+03
    3.85000000E+02      -2.108584383409859583E+03
    3.86000000E+02      -2.119399695210649043E+03
    3.87000000E+02      -2.130329626797411493E+03
    3.88000000E+02      -2.141204019240008165E+03
    3.89000000E+02      -2.152081561975618570E+03
    3.90000000E+02      -2.163001831151153510E+03
    3.91000000E+02      -2.173918958147858575E+03
    3.92000000E+02      -2.184822192249822365E+03
    3.93000000E+02      -2.195936529845541372E+03
    3.94000000E+02      -2.206886977817103798E+03
    3.95000000E+02      -2.217983122424055182E+03
    3.96000000E+02      -2.229033834175571883E+03
    3.97000000E+02      -2.240095399436409025E+03
    3.98000000E+02      -2.251195086957492094E+03
    3.99000000E+02      -2.262319396063835029E+03
    4.00000000E+02      -2.273477258083530160E+03
    4.01000000E+02      -2.284608240089963147E+03
    4.02000000E+02      -2.295757488193762129E+03
    4.03000000E+02      -2.306944642254008613E+03
    4.04000000E+02      -2.318121752072737763E+03
    4.05000000E+02      -2.329239200224750675E+03
    4.06000000E+02      -2.340551385422896146E+03
    4.07000000E+02      -2.351904315958670850E+03
    4.08000000E+02      -2.363104635382294873E+03
    4.09000000E+02      -2.374456812802298373E+03
    4.10000000E+02      -2.385639199297006144E+03
    4.11000000E+02      -2.396941295184327828E+03
    4.12000000E+02      -2.408262518440385975E+03
    4.13000000E+02      -2.419533057612708035E+03
    4.14000000E+02      -2.430878718682551607E+03
    4.15000000E+02      -2.442215093906786478E+03
    4.16000000E+02      -2.453592042855905220E+03
    4.17000000E+02      -2.464988936851007566E+03
    4.18000000E+02      -2.476405541674275810E+03
    4.19000000E+02      -2.487765830075084978E+03
    4.20000000E+02      -2.499145480622953983E+03
    4.21000000E+02      -2.510555028321435202E+03
    4.22000000E+02      -2.521986178386218853E+03
    4.23000000E+02      -2.533380178762779906E+03
    4.24000000E+02      -2.544646897079956943E+03
    4.25000000E+02      -2.556164225865863500E+03
    4.26000000E+02      -2.567600903870632010E+03
    4.27000000E+02      -2.579103534349210804E+03
    4.28000000E+02      -2.590408243481630052E+03
    4.29000000E+02      -2.601835622917371438E+03
    4.30000000E+02      -2.613265002051041847E+03
    4.31000000E+02      -2.624673209700082225E+03
    4.32000000E+02      -2.636187328302975857E+03
    4.33000000E+02      -2.647678011238129329E+03
    4.34000000E+02      -2.659056852664998587E+03
    4.35000000E+02      -2.670443322287453611E+03
    4.36000000E+02      -2.681923711439575527E+03
    4.37000000E+02      -2.693390233293345773E+03
    4.38000000E+02      -2.704745018121312569E+03
    4.39000000E+02      -2.716289879454629499E+03
    4.40000000E+02      -2.727651205297809156E+03
    4.41000000E+02      -2.739006775236602152E+03
    4.42000000E+02      -2.750508207667412989E+03
    4.43000000E+02      -2.761828000302538385E+03
    4.44000000E+02      -2.773245834692555036E+03
    4.45000000E+02      -2.784720941483614752E+03
    4.46000000E+02      -2.796029175498971199E+03
    4.47000000E+02      -2.807514264526073021E+03
    4.48000000E+02      -2.818866637215431638E+03
    4.49000000E+02      -2.830166466370063063E+03
    4.50000000E+02      -2.841460680429047898E+03
    4.51000000E+02      -2.852952499939860900E+03
    4.52000000E+02      -2.864296185378088012E+03
    4.53000000E+02      -2.875646370615324031E+03
    4.54000000E+02      -2.886816972076548154E+03
    4.55000000E+02      -2.898107904182857965E+03
    4.56000000E+02      -2.909430616254185225E+03
    4.57000000E+02      -2.920607949057710812E+03
    4.58000000E+02      -2.931789032980599586E+03
    4.59000000E+02      -2.943122250075695774E+03
    4.60000000E+02      -2.954503009670876054E+03
    4.61000000E+02      -2.965559625546166899E+03
    4.62000000E+02      -2.976753834484359231E+03
    4.63000000E+02      -2.987982252352017895E+03
    4.64000000E+02      -2.999053193905941498E+03
    4.65000000E+02      -3.010247534635205739E+03
    4.66000000E+02      -3.021354055726520073E+03
    4.67000000E+02      -3.032289239919166448E+03
    4.68000000E+02      -3.043373138619455858E+03
    4.69000000E+02      -3.054179276616413972E+03
    4.70000000E+02      -3.065421919924267968E+03
    4.71000000E+02      -3.076384579677795045E+03
    4.72000000E+02      -3.087282388701893524E+03
    4.73000000E+02      -3.098141778778986009E+03
    4.74000000E+02      -3.109196633026831023E+03
    4.75000000E+02      -3.120196676927201224E+03
    4.76000000E+02      -3.130920430670327733E+03
    4.77000000E+02      -3.141621771964270465E+03
    4.78000000E+02      -3.152569628277025913E+03
    4.79000000E+02      -3.163245732955619587E+03
    4.80000000E+02      -3.173859142063243780E+03
    4.81000000E+02      -3.184774850021441125E+03
    4.82000000E+02      -3.195650441667910854E+03
    4.83000000E+02      -3.206254711471290193E+03
    4.84000000E+02      -3.216871907940571873E+03
    4.85000000E+02      -3.227491831245116373E+03
    4.86000000E+02      -3.238426201569975092E+03
    4.87000000E+02      -3.251353718333215511E+03
    4.88000000E+02      -3.286285048470192123E+03
    4.89000000E+02      -3.397320377212483436E+03
    4.90000000E+02      -3.440475468057818944E+03
    4.91000000E+02      -3.425712812462297734E+03
    4.92000000E+02      -3.467727189386059763E+03
    4.93000000E+02      -3.489762703108564438E+03
    4.94000000E+02      -3.506754174839883490E+03
    4.95000000E+02      -3.463979134355089627E+03
    4.96000000E+02      -3.530774552781600505E+03
    4.97000000E+02      -3.548279662459390238E+03
    4.98000000E+02      -3.557399510351009667E+03
    4.99000000E+02      -3.571662472533527762E+03
    5.00000000E+02      -3.586061683439183980E+03
    5.01000000E+02      -3.598758563162366045E+03
    5.02000000E+02      -3.581540833727674908E+03
    5.03000000E+02      -3.593671632909172331E+03
    5.04000000E+02      -3.607690825255005620E+03
    5.05000000E+02      -3.621590606959405704E+03
    5.06000000E+02      -3.635766166952147614E+03
    5.07000000E+02      -3.650650310573328170E+03
    5.08000000E+02      -3.666262756021227688E+03
    5.09000000E+02      -3.670330389820795972E+03
    5.10000000E+02      -3.681568190680496627E+03
