    0.00000000E+00      -2.165255447577037362E+00
    1.00000000E+00      -1.426188501129813435E+00
    2.00000000E+00      -1.350381638354547054E+00
    3.00000000E+00      -1.650091139307305443E+00
    4.00000000E+00      -2.207479211235549688E+00
    5.00000000E+00      -2.958159848367954314E+00
    6.00000000E+00      -3.861189540118088903E+00
    7.00000000E+00      -4.888352831081219207E+00
    8.00000000E+00      -6.019178075430458463E+00
    9.00000000E+00      -7.237822704550721298E+00
    1.00000000E+01      -8.531821553319359097E+00
    1.10000000E+01      -9.891166215803904649E+00
    1.20000000E+01      -1.130717287153620809E+01
    1.30000000E+01      -1.277318253777278123E+01
    1.40000000E+01      -1.428321799245784796E+01
    1.50000000E+01      -1.583194140389119120E+01
    1.60000000E+01      -1.741487390146804159E+01
    1.70000000E+01      -1.902807366580785242E+01
    1.80000000E+01      -2.066798147791089946E+01
    1.90000000E+01      -2.233125463335071004E+01
    2.00000000E+01      -2.401550832671526337E+01
    2.10000000E+01      -2.571776081760052080E+01
    2.20000000E+01      -2.743586712154845486E+01
    2.30000000E+01      -2.916742922277265393E+01
    2.40000000E+01      -3.091054239182724928E+01
    2.50000000E+01      -3.266365116328623230E+01
    2.60000000E+01      -3.442472964712354155E+01
    2.70000000E+01      -3.619213161079235874E+01
    2.80000000E+01      -3.796466790926459112E+01
    2.90000000E+01      -3.974065006687104074E+01
    3.00000000E+01      -4.151865826346445942E+01
    3.10000000E+01      -4.329782697283533821E+01
    3.20000000E+01      -4.507688728738938266E+01
    3.30000000E+01      -4.685428416381256511E+01
    3.40000000E+01      -4.862929134664548769E+01
    3.50000000E+01      -5.040056971706442823E+01
    3.60000000E+01      -5.216723954728129797E+01
    3.70000000E+01      -5.392801684587246314E+01
    3.80000000E+01      -5.568197336943083542E+01
    3.90000000E+01      -5.742817754661953700E+01
    4.00000000E+01      -5.916576813878489816E+01
    4.10000000E+01      -6.089375022177662800E+01
    4.20000000E+01      -6.261174573844871816E+01
    4.30000000E+01      -6.431916580957184237E+01
    4.40000000E+01      -6.601521249432951777E+01
    4.50000000E+01      -6.769942074026837986E+01
    4.60000000E+01      -6.937160245181692630E+01
    4.70000000E+01      -7.103128769999946712E+01
    4.80000000E+01      -7.267848986295783220E+01
    4.90000000E+01      -7.431284753494199435E+01
    5.00000000E+01      -7.593436608895061113E+01
    5.10000000E+01      -7.754265843205828901E+01
    5.20000000E+01      -7.913825408225673641E+01
    5.30000000E+01      -8.072022307807472430E+01
    5.40000000E+01      -8.228909947489844967E+01
    5.50000000E+01      -8.384447980762050179E+01
    5.60000000E+01      -8.538665213544189214E+01
    5.70000000E+01      -8.691572770995551878E+01
    5.80000000E+01      -8.843199105532838189E+01
    5.90000000E+01      -8.993487433062435343E+01
    6.00000000E+01      -9.142479519634142093E+01
    6.10000000E+01      -9.290217245501915500E+01
    6.20000000E+01      -9.436687375093131891E+01
    6.30000000E+01      -9.581868412380279665E+01
    6.40000000E+01      -9.725823564897180518E+01
    6.50000000E+01      -9.868616294179699366E+01
    6.60000000E+01      -1.001019526882326147E+02
    6.70000000E+01      -1.015047598759254299E+02
    6.80000000E+01      -1.028975237066158854E+02
    6.90000000E+01      -1.042781060140376042E+02
    7.00000000E+01      -1.056468450513919208E+02
    7.10000000E+01      -1.070038334309872710E+02
    7.20000000E+01      -1.083502811335099807E+02
    7.30000000E+01      -1.096856006580717633E+02
    7.40000000E+01      -1.110099437223859979E+02
    7.50000000E+01      -1.123227736490460131E+02
    7.60000000E+01      -1.136248264780286092E+02
    7.70000000E+01      -1.149158215496070454E+02
    7.80000000E+01      -1.161960260349676730E+02
    7.90000000E+01      -1.174657570802744715E+02
    8.00000000E+01      -1.187246751361515464E+02
    8.10000000E+01      -1.199729892595567264E+02
    8.20000000E+01      -1.212102089340412761E+02
    8.30000000E+01      -1.224380944907450441E+02
    8.40000000E+01      -1.236552705679758049E+02
    8.50000000E+01      -1.248626089629113096E+02
    8.60000000E+01      -1.260605187896951804E+02
    8.70000000E+01      -1.272476343430996906E+02
    8.80000000E+01      -1.284250364359120624E+02
    8.90000000E+01      -1.295937388682985159E+02
    9.00000000E+01      -1.307524679559008121E+02
    9.10000000E+01      -1.319014953140884074E+02
    9.20000000E+01      -1.330403668889223638E+02
    9.30000000E+01      -1.341707401270930688E+02
    9.40000000E+01      -1.352915107953547533E+02
    9.50000000E+01      -1.364039311227686824E+02
    9.60000000E+01      -1.375066581024678101E+02
    9.70000000E+01      -1.386005539817104193E+02
    9.80000000E+01      -1.396862709797858599E+02
    9.90000000E+01      -1.407630699656781701E+02
    1.00000000E+02      -1.418304887309266462E+02
    1.01000000E+02      -1.428897546967689607E+02
    1.02000000E+02      -1.439403542489087897E+02
    1.03000000E+02      -1.449826295560690426E+02
    1.04000000E+02      -1.460157729086611482E+02
    1.05000000E+02      -1.470409567580670966E+02
    1.06000000E+02      -1.480575980791921040E+02
    1.07000000E+02      -1.490659173107017352E+02
    1.08000000E+02      -1.500656358922749689E+02
    1.09000000E+02      -1.510582404912259165E+02
    1.10000000E+02      -1.520422838800798502E+02
    1.11000000E+02      -1.530169670405696536E+02
    1.12000000E+02      -1.539831397561040660E+02
    1.13000000E+02      -1.549411516219945781E+02
    1.14000000E+02      -1.558906622640234048E+02
    1.15000000E+02      -1.568317636064946612E+02
    1.16000000E+02      -1.577639984800310060E+02
    1.17000000E+02      -1.586877483568264608E+02
    1.18000000E+02      -1.596023654360091371E+02
    1.19000000E+02      -1.605087286562926749E+02
    1.20000000E+02      -1.614061861194639107E+02
    1.21000000E+02      -1.622954493032346193E+02
    1.22000000E+02      -1.631765205179870293E+02
    1.23000000E+02      -1.640486794524859135E+02
    1.24000000E+02      -1.649117266423366175E+02
    1.25000000E+02      -1.657649671288129696E+02
    1.26000000E+02      -1.666091292169847122E+02
    1.27000000E+02      -1.674455370351645627E+02
    1.28000000E+02      -1.682716599378711919E+02
    1.29000000E+02      -1.690875735824049855E+02
    1.30000000E+02      -1.698953040671611063E+02
    1.31000000E+02      -1.706933343261121365E+02
    1.32000000E+02      -1.714811387736974950E+02
    1.33000000E+02      -1.722590037248740202E+02
    1.34000000E+02      -1.730278166266307665E+02
    1.35000000E+02      -1.737865501799898595E+02
    1.36000000E+02      -1.745350662047340222E+02
    1.37000000E+02      -1.752746253066466409E+02
    1.38000000E+02      -1.760036644477101220E+02
    1.39000000E+02      -1.767226036459394720E+02
    1.40000000E+02      -1.774306915593963652E+02
    1.41000000E+02      -1.781293400897831418E+02
    1.42000000E+02      -1.788181092448770926E+02
    1.43000000E+02      -1.794976626264152912E+02
    1.44000000E+02      -1.801669165694979995E+02
    1.45000000E+02      -1.808245022691310453E+02
    1.46000000E+02      -1.814734947900884947E+02
    1.47000000E+02      -1.821110497943795110E+02
    1.48000000E+02      -1.827424536615722275E+02
    1.49000000E+02      -1.833619405076795204E+02
    1.50000000E+02      -1.839729936552662650E+02
    1.51000000E+02      -1.845741402946291885E+02
    1.52000000E+02      -1.851642967117257115E+02
    1.53000000E+02      -1.857469856426262425E+02
    1.54000000E+02      -1.863209491217349125E+02
    1.55000000E+02      -1.868857086736234407E+02
    1.56000000E+02      -1.874442302943764673E+02
    1.57000000E+02      -1.879942667863831787E+02
    1.58000000E+02      -1.885371903924408628E+02
    1.59000000E+02      -1.890717037145289225E+02
    1.60000000E+02      -1.895992493650406061E+02
    1.61000000E+02      -1.901198433095028406E+02
    1.62000000E+02      -1.906339266439138385E+02
    1.63000000E+02      -1.911397513457036723E+02
    1.64000000E+02      -1.916401191848149494E+02
    1.65000000E+02      -1.921358740577786932E+02
    1.66000000E+02      -1.926248167292194751E+02
    1.67000000E+02      -1.931077649364677029E+02
    1.68000000E+02      -1.935849359679862403E+02
    1.69000000E+02      -1.940562047089465807E+02
    1.70000000E+02      -1.945223897939672781E+02
    1.71000000E+02      -1.949828704994695556E+02
    1.72000000E+02      -1.954401379263613592E+02
    1.73000000E+02      -1.958924672372936868E+02
    1.74000000E+02      -1.963397674943699087E+02
    1.75000000E+02      -1.967824805827069952E+02
    1.76000000E+02      -1.972198717772050998E+02
    1.77000000E+02      -1.976533609569462726E+02
    1.78000000E+02      -1.980820026271647123E+02
    1.79000000E+02      -1.985066067034343007E+02
    1.80000000E+02      -1.989260191743044572E+02
    1.81000000E+02      -1.993412132597088942E+02
    1.82000000E+02      -1.997532388887487116E+02
    1.83000000E+02      -2.001607879269693342E+02
    1.84000000E+02      -2.005646867957810002E+02
    1.85000000E+02      -2.009642746769898451E+02
    1.86000000E+02      -2.013593207243859808E+02
    1.87000000E+02      -2.017508351743806827E+02
    1.88000000E+02      -2.021381643725947299E+02
    1.89000000E+02      -2.025221872269264907E+02
    1.90000000E+02      -2.029021405653491286E+02
    1.91000000E+02      -2.032778451505935493E+02
    1.92000000E+02      -2.036513828973563989E+02
    1.93000000E+02      -2.040199897287923534E+02
    1.94000000E+02      -2.043844220511398646E+02
    1.95000000E+02      -2.047443848684604575E+02
    1.96000000E+02      -2.051005147993544426E+02
    1.97000000E+02      -2.054538437491544585E+02
    1.98000000E+02      -2.058025891632867399E+02
    1.99000000E+02      -2.061466545941191555E+02
    2.00000000E+02      -2.064856932885311664E+02
    2.01000000E+02      -2.068209448904842986E+02
    2.02000000E+02      -2.071509742552396176E+02
    2.03000000E+02      -2.074770164765966740E+02
    2.04000000E+02      -2.077971801413175683E+02
    2.05000000E+02      -2.081125991105352853E+02
    2.06000000E+02      -2.084220919495262763E+02
    2.07000000E+02      -2.087259354076002467E+02
    2.08000000E+02      -2.090239884302089024E+02
    2.09000000E+02      -2.093174586808770812E+02
    2.10000000E+02      -2.096051454160649712E+02
    2.11000000E+02      -2.098858295323323375E+02
    2.12000000E+02      -2.101597447899064548E+02
    2.13000000E+02      -2.104265224485596093E+02
    2.14000000E+02      -2.106869131898954777E+02
    2.15000000E+02      -2.109391153852582477E+02
    2.16000000E+02      -2.111846541217480819E+02
    2.17000000E+02      -2.114227256110487190E+02
    2.18000000E+02      -2.116532877861343707E+02
    2.19000000E+02      -2.118751472349638618E+02
    2.20000000E+02      -2.120887587759887367E+02
    2.21000000E+02      -2.122947319951224756E+02
    2.22000000E+02      -2.124922397689249749E+02
    2.23000000E+02      -2.126807242599923313E+02
    2.24000000E+02      -2.128621395564867100E+02
    2.25000000E+02      -2.130320008314036215E+02
    2.26000000E+02      -2.131937079139995888E+02
    2.27000000E+02      -2.133457908140906341E+02
    2.28000000E+02      -2.134869245607649475E+02
    2.29000000E+02      -2.136204714384701049E+02
    2.30000000E+02      -2.137444619856126167E+02
    2.31000000E+02      -2.138592628284375508E+02
    2.32000000E+02      -2.139663638558766081E+02
    2.33000000E+02      -2.140624429099687234E+02
    2.34000000E+02      -2.141476771038713025E+02
    2.35000000E+02      -2.142253329188122564E+02
    2.36000000E+02      -2.142892706417431157E+02
    2.37000000E+02      -2.143450840981411432E+02
    2.38000000E+02      -2.143958112276984878E+02
    2.39000000E+02      -2.144335851476305663E+02
    2.40000000E+02      -2.144607498315770329E+02
    2.41000000E+02      -2.144800320712554651E+02
    2.42000000E+02      -2.144912037913188954E+02
    2.43000000E+02      -2.144887750472869641E+02
    2.44000000E+02      -2.144753914325363269E+02
    2.45000000E+02      -2.144544399335816536E+02
    2.46000000E+02      -2.144228954148373134E+02
    2.47000000E+02      -2.143823822712609228E+02
    2.48000000E+02      -2.143307842225283650E+02
    2.49000000E+02      -2.142708646544786291E+02
    2.50000000E+02      -2.141999431863303300E+02
    2.51000000E+02      -2.141232053305787133E+02
    2.52000000E+02      -2.140337839357050882E+02
    2.53000000E+02      -2.139390717370563664E+02
    2.54000000E+02      -2.138376658598060942E+02
    2.55000000E+02      -2.137274179615885998E+02
    2.56000000E+02      -2.136086973806439175E+02
    2.57000000E+02      -2.134827851394318543E+02
    2.58000000E+02      -2.133465155772671835E+02
    2.59000000E+02      -2.132034465160475349E+02
    2.60000000E+02      -2.130524972168848592E+02
    2.61000000E+02      -2.128925332080769124E+02
    2.62000000E+02      -2.127236148232284734E+02
    2.63000000E+02      -2.125461665986083801E+02
    2.64000000E+02      -2.123617292816077509E+02
    2.65000000E+02      -2.121691519059156974E+02
    2.66000000E+02      -2.119692151826236852E+02
    2.67000000E+02      -2.117613289673434167E+02
    2.68000000E+02      -2.115458435066491631E+02
    2.69000000E+02      -2.113210442831976081E+02
    2.70000000E+02      -2.110872317356432006E+02
    2.71000000E+02      -2.108460374668818815E+02
    2.72000000E+02      -2.105971312346526076E+02
    2.73000000E+02      -2.103399515683857146E+02
    2.74000000E+02      -2.100716627527133653E+02
    2.75000000E+02      -2.097944772706439664E+02
    2.76000000E+02      -2.095099088031973054E+02
    2.77000000E+02      -2.092141589935552304E+02
    2.78000000E+02      -2.089152490932490593E+02
    2.79000000E+02      -2.086041552277918356E+02
    2.80000000E+02      -2.082856567775732231E+02
    2.81000000E+02      -2.079556205963188233E+02
    2.82000000E+02      -2.076139718810398165E+02
    2.83000000E+02      -2.072687341138833119E+02
    2.84000000E+02      -2.069112644106524215E+02
    2.85000000E+02      -2.065447195491604191E+02
    2.86000000E+02      -2.061671382597112654E+02
    2.87000000E+02      -2.057821779085523133E+02
    2.88000000E+02      -2.053849171127574493E+02
    2.89000000E+02      -2.049787117167022927E+02
    2.90000000E+02      -2.045632038336323433E+02
    2.91000000E+02      -2.041381079529772080E+02
    2.92000000E+02      -2.037007302576191989E+02
    2.93000000E+02      -2.032508929084094973E+02
    2.94000000E+02      -2.027911139363884843E+02
    2.95000000E+02      -2.023262521905806182E+02
    2.96000000E+02      -2.018422713414645671E+02
    2.97000000E+02      -2.013510495186954188E+02
    2.98000000E+02      -2.008468218195874044E+02
    2.99000000E+02      -2.003283614881754886E+02
    3.00000000E+02      -1.998005959818135864E+02
    3.01000000E+02      -1.992586369630760430E+02
    3.02000000E+02      -1.987057531763737472E+02
    3.03000000E+02      -1.981398220179351313E+02
    3.04000000E+02      -1.975610803160623448E+02
    3.05000000E+02      -1.969736813409861327E+02
    3.06000000E+02      -1.963803017542766440E+02
    3.07000000E+02      -1.957659693318226175E+02
    3.08000000E+02      -1.951402527145499164E+02
    3.09000000E+02      -1.945049948973926632E+02
    3.10000000E+02      -1.938564432526498251E+02
    3.11000000E+02      -1.931964759454811258E+02
    3.12000000E+02      -1.925255365760192774E+02
    3.13000000E+02      -1.918413583665267481E+02
    3.14000000E+02      -1.911494923953421505E+02
    3.15000000E+02      -1.904452802715339033E+02
    3.16000000E+02      -1.897308910322360873E+02
    3.17000000E+02      -1.890121316095544728E+02
    3.18000000E+02      -1.882881675525302683E+02
    3.19000000E+02      -1.875489025483646230E+02
    3.20000000E+02      -1.867990601227745913E+02
    3.21000000E+02      -1.860488287930809577E+02
    3.22000000E+02      -1.852861049181981627E+02
    3.23000000E+02      -1.845155731877919436E+02
    3.24000000E+02      -1.837399618968509287E+02
    3.25000000E+02      -1.829582371727181282E+02
    3.26000000E+02      -1.821739053058725233E+02
    3.27000000E+02      -1.813764321594669866E+02
    3.28000000E+02      -1.805742313042599392E+02
    3.29000000E+02      -1.797672291019141824E+02
    3.30000000E+02      -1.789602141592065720E+02
    3.31000000E+02      -1.781461770022167741E+02
    3.32000000E+02      -1.773227274429835063E+02
    3.33000000E+02      -1.764939019396577180E+02
    3.34000000E+02      -1.756610057645619065E+02
    3.35000000E+02      -1.748260986613629768E+02
    3.36000000E+02      -1.739893220881083664E+02
    3.37000000E+02      -1.731481044542331631E+02
    3.38000000E+02      -1.723070868679522221E+02
    3.39000000E+02      -1.714622456625955067E+02
    3.40000000E+02      -1.706182576200433516E+02
    3.41000000E+02      -1.697774129148517943E+02
    3.42000000E+02      -1.689372178976725820E+02
    3.43000000E+02      -1.681034247934610733E+02
    3.44000000E+02      -1.672724598919838002E+02
    3.45000000E+02      -1.664549611896607360E+02
    3.46000000E+02      -1.656339128523493684E+02
    3.47000000E+02      -1.648215537018357111E+02
    3.48000000E+02      -1.640113495503053684E+02
    3.49000000E+02      -1.632095810343915048E+02
    3.50000000E+02      -1.624194795376631930E+02
    3.51000000E+02      -1.616256184526417030E+02
    3.52000000E+02      -1.608375978763677097E+02
    3.53000000E+02      -1.600572178391801401E+02
    3.54000000E+02      -1.592848127465202026E+02
    3.55000000E+02      -1.585170398114294414E+02
    3.56000000E+02      -1.577575677863283374E+02
    3.57000000E+02      -1.570077465998674882E+02
    3.58000000E+02      -1.562652218681375587E+02
    3.59000000E+02      -1.555342619800840396E+02
    3.60000000E+02      -1.548096690011794010E+02
    3.61000000E+02      -1.540934540774415211E+02
    3.62000000E+02      -1.533865120654238865E+02
    3.63000000E+02      -1.526939966386462686E+02
    3.64000000E+02      -1.520140670868070458E+02
    3.65000000E+02      -1.513373716893754874E+02
    3.66000000E+02      -1.506787386073476966E+02
    3.67000000E+02      -1.500367335944531817E+02
    3.68000000E+02      -1.493996454441628714E+02
    3.69000000E+02      -1.487890059598983328E+02
    3.70000000E+02      -1.481831042418296249E+02
    3.71000000E+02      -1.475920342503839322E+02
    3.72000000E+02      -1.470199991975844398E+02
    3.73000000E+02      -1.464564433604935232E+02
    3.74000000E+02      -1.459129406726313221E+02
    3.75000000E+02      -1.453862917634312737E+02
    3.76000000E+02      -1.448770837767745263E+02
    3.77000000E+02      -1.443816889939119221E+02
    3.78000000E+02      -1.439117670024136544E+02
    3.79000000E+02      -1.434578699001133657E+02
    3.80000000E+02      -1.430128928854280446E+02
    3.81000000E+02      -1.425946886534041198E+02
    3.82000000E+02      -1.421919765280208878E+02
    3.83000000E+02      -1.418144597948536045E+02
    3.84000000E+02      -1.414547058260128836E+02
    3.85000000E+02      -1.411173902493656840E+02
    3.86000000E+02      -1.407959217094107487E+02
    3.87000000E+02      -1.405018413619460773E+02
    3.88000000E+02      -1.402200486449608263E+02
    3.89000000E+02      -1.399698260196781519E+02
    3.90000000E+02      -1.397420865782008548E+02
    3.91000000E+02      -1.395423372812938680E+02
    3.92000000E+02      -1.393629923911916251E+02
    3.93000000E+02      -1.392136992224251060E+02
    3.94000000E+02      -1.390868773516848762E+02
    3.95000000E+02      -1.389801055776610212E+02
    3.96000000E+02      -1.389158334279798908E+02
    3.97000000E+02      -1.388755361599117748E+02
    3.98000000E+02      -1.388648299179372714E+02
    3.99000000E+02      -1.388823650150882543E+02
    4.00000000E+02      -1.389111723802021459E+02
    4.01000000E+02      -1.389777483511109324E+02
    4.02000000E+02      -1.390756929997130840E+02
    4.03000000E+02      -1.392010409245188214E+02
    4.04000000E+02      -1.393688365933126363E+02
    4.05000000E+02      -1.395574224845778701E+02
    4.06000000E+02      -1.397885237965436147E+02
    4.07000000E+02      -1.400569547083448754E+02
    4.08000000E+02      -1.403596285590190575E+02
    4.09000000E+02      -1.406960639572533012E+02
    4.10000000E+02      -1.410603400857114877E+02
    4.11000000E+02      -1.414651968593514368E+02
    4.12000000E+02      -1.418942126166473656E+02
    4.13000000E+02      -1.423568034469542738E+02
    4.14000000E+02      -1.428677528834430461E+02
    4.15000000E+02      -1.434143929066447356E+02
    4.16000000E+02      -1.439972010252627399E+02
    4.17000000E+02      -1.446179778556308122E+02
    4.18000000E+02      -1.452761903850919509E+02
    4.19000000E+02      -1.459742530549476669E+02
    4.20000000E+02      -1.467312818235657517E+02
    4.21000000E+02      -1.475106578567845474E+02
    4.22000000E+02      -1.483280600063281156E+02
    4.23000000E+02      -1.492205654947190681E+02
    4.24000000E+02      -1.501504739479603643E+02
    4.25000000E+02      -1.511160520304017894E+02
    4.26000000E+02      -1.521349299805686144E+02
    4.27000000E+02      -1.532015978480820024E+02
    4.28000000E+02      -1.543149209190148952E+02
    4.29000000E+02      -1.554638132053503625E+02
    4.30000000E+02      -1.566610324692944971E+02
    4.31000000E+02      -1.579122635652063593E+02
    4.32000000E+02      -1.592171265104414317E+02
    4.33000000E+02      -1.605597406902914202E+02
    4.34000000E+02      -1.619719187067264841E+02
    4.35000000E+02      -1.634096891585038804E+02
    4.36000000E+02      -1.649161628147892600E+02
    4.37000000E+02      -1.664673636936247760E+02
    4.38000000E+02      -1.680610102653725164E+02
    4.39000000E+02      -1.697440736996620956E+02
    4.40000000E+02      -1.714555317193378698E+02
    4.41000000E+02      -1.732248668067848314E+02
    4.42000000E+02      -1.750423131611157999E+02
    4.43000000E+02      -1.769324110395034779E+02
    4.44000000E+02      -1.788892198140918310E+02
    4.45000000E+02      -1.808876908089539768E+02
    4.46000000E+02      -1.829439158903631153E+02
    4.47000000E+02      -1.850674387796014173E+02
    4.48000000E+02      -1.872680253745773200E+02
    4.49000000E+02      -1.894997857732730893E+02
    4.50000000E+02      -1.918429539869637495E+02
    4.51000000E+02      -1.942154706730787268E+02
    4.52000000E+02      -1.966645396506089867E+02
    4.53000000E+02      -1.991738001024957896E+02
    4.54000000E+02      -2.017407070787437817E+02
    4.55000000E+02      -2.043753550305725923E+02
    4.56000000E+02      -2.070639666132617833E+02
    4.57000000E+02      -2.098171411152932535E+02
    4.58000000E+02      -2.126538038574824725E+02
    4.59000000E+02      -2.155376683341299042E+02
    4.60000000E+02      -2.185255304734116919E+02
    4.61000000E+02      -2.215914722162695227E+02
    4.62000000E+02      -2.247084595478288804E+02
    4.63000000E+02      -2.278956996407130475E+02
    4.64000000E+02      -2.311738366803827205E+02
    4.65000000E+02      -2.345295601652603921E+02
    4.66000000E+02      -2.379289293526333324E+02
    4.67000000E+02      -2.414303738771220935E+02
    4.68000000E+02      -2.450336976357309879E+02
    4.69000000E+02      -2.486932805734784608E+02
    4.70000000E+02      -2.524029792450772050E+02
    4.71000000E+02      -2.562218390302648459E+02
    4.72000000E+02      -2.601110958741326158E+02
    4.73000000E+02      -2.640832041847813798E+02
    4.74000000E+02      -2.681386115965058252E+02
    4.75000000E+02      -2.722670963236766966E+02
    4.76000000E+02      -2.764833571553888305E+02
    4.77000000E+02      -2.807930146469868760E+02
    4.78000000E+02      -2.851559904196572006E+02
    4.79000000E+02      -2.896363570738747057E+02
    4.80000000E+02      -2.942382486593039630E+02
    4.81000000E+02      -2.988894531469275080E+02
    4.82000000E+02      -3.036592377772055897E+02
    4.83000000E+02      -3.085265530180720361E+02
    4.84000000E+02      -3.134307192548756120E+02
    4.85000000E+02      -3.185069021614460780E+02
    4.86000000E+02      -3.235854352970006858E+02
    4.87000000E+02      -3.288449584900615719E+02
    4.88000000E+02      -3.341202960532216366E+02
    4.89000000E+02      -3.391216194013129552E+02
    4.90000000E+02      -3.441346650906368723E+02
    4.91000000E+02      -3.500453951482656976E+02
    4.92000000E+02      -3.568172576839449448E+02
    4.93000000E+02      -3.623287195682521542E+02
    4.94000000E+02      -3.675372676541326200E+02
    4.95000000E+02      -3.736689779165196796E+02
    4.96000000E+02      -3.789190106940684473E+02
    4.97000000E+02      -3.843013251529071113E+02
    4.98000000E+02      -3.894487305032550921E+02
    4.99000000E+02      -3.951871968843504419E+02
    5.00000000E+02      -4.013982043038583924E+02
    5.01000000E+02      -4.076020004051267733E+02
    5.02000000E+02      -4.139796221857420733E+02
    5.03000000E+02      -4.200920724575869372E+02
    5.04000000E+02      -4.260720337429545452E+02
    5.05000000E+02      -4.350716301748059323E+02
    5.06000000E+02      -4.414393340715203067E+02
    5.07000000E+02      -4.312793456991664698E+02
    5.08000000E+02      -4.387730203276030352E+02
    5.09000000E+02      -4.616013607748780032E+02
    5.10000000E+02      -4.737520587249189248E+02
