    0.00000000E+00      -2.783939091624901274E-10
    1.00000000E+00      -6.057402802828931515E-04
    2.00000000E+00      -3.450516420051986249E-02
    3.00000000E+00      -1.016249285531958257E-01
    4.00000000E+00      -2.020444669177716701E-01
    5.00000000E+00      -3.358871972354993685E-01
    6.00000000E+00      -5.028444153822189122E-01
    7.00000000E+00      -7.031377427599274643E-01
    8.00000000E+00      -9.365963278667077674E-01
    9.00000000E+00      -1.203760367858567992E+00
    1.00000000E+01      -1.504258113751522963E+00
    1.10000000E+01      -1.837632552342034042E+00
    1.20000000E+01      -2.204342049744200338E+00
    1.30000000E+01      -2.604912788307751192E+00
    1.40000000E+01      -3.038054489361824650E+00
    1.50000000E+01      -3.505119711652177728E+00
    1.60000000E+01      -4.005554287882808318E+00
    1.70000000E+01      -4.538284558603828955E+00
    1.80000000E+01      -5.104925473509746681E+00
    1.90000000E+01      -5.706052982227499015E+00
    2.00000000E+01      -6.338477349086122814E+00
    2.10000000E+01      -7.005347522513428515E+00
    2.20000000E+01      -7.705651465697248348E+00
    2.30000000E+01      -8.438960959115696880E+00
    2.40000000E+01      -9.205686518008102226E+00
    2.50000000E+01      -1.000431657165212940E+01
    2.60000000E+01      -1.083706631967152489E+01
    2.70000000E+01      -1.170254322748810338E+01
    2.80000000E+01      -1.260146221146214529E+01
    2.90000000E+01      -1.353443909890313712E+01
    3.00000000E+01      -1.450150788855097872E+01
    3.10000000E+01      -1.549986442584873281E+01
    3.20000000E+01      -1.653145269184928168E+01
    3.30000000E+01      -1.759554152445579689E+01
    3.40000000E+01      -1.869460809049232708E+01
    3.50000000E+01      -1.982557474025027489E+01
    3.60000000E+01      -2.099143935816390893E+01
    3.70000000E+01      -2.218794470408178299E+01
    3.80000000E+01      -2.341818545389764950E+01
    3.90000000E+01      -2.467977383820499426E+01
    4.00000000E+01      -2.597591887572293956E+01
    4.10000000E+01      -2.730417042737715150E+01
    4.20000000E+01      -2.866516957048247605E+01
    4.30000000E+01      -3.005853564024604907E+01
    4.40000000E+01      -3.148534844040518976E+01
    4.50000000E+01      -3.294279608890829536E+01
    4.60000000E+01      -3.443396475271950408E+01
    4.70000000E+01      -3.595685158888790056E+01
    4.80000000E+01      -3.751620428932164941E+01
    4.90000000E+01      -3.910238740511172040E+01
    5.00000000E+01      -4.072238275470330393E+01
    5.10000000E+01      -4.237515283876908256E+01
    5.20000000E+01      -4.405782138953267690E+01
    5.30000000E+01      -4.577630028522000316E+01
    5.40000000E+01      -4.752572375634819934E+01
    5.50000000E+01      -4.930647150624702135E+01
    5.60000000E+01      -5.112168887281998764E+01
    5.70000000E+01      -5.296611857597162043E+01
    5.80000000E+01      -5.484129808558631680E+01
    5.90000000E+01      -5.674651629070498871E+01
    6.00000000E+01      -5.868440955139789139E+01
    6.10000000E+01      -6.065234972669756530E+01
    6.20000000E+01      -6.265470017945116865E+01
    6.30000000E+01      -6.468449609117425325E+01
    6.40000000E+01      -6.674846028341346482E+01
    6.50000000E+01      -6.883968868724514323E+01
    6.60000000E+01      -7.096192975263659264E+01
    6.70000000E+01      -7.311752283295987809E+01
    6.80000000E+01      -7.529844933874170465E+01
    6.90000000E+01      -7.751439017695861367E+01
    7.00000000E+01      -7.976038082393523609E+01
    7.10000000E+01      -8.203443327508369975E+01
    7.20000000E+01      -8.433579792187418889E+01
    7.30000000E+01      -8.666595308934779496E+01
    7.40000000E+01      -8.903078207748171735E+01
    7.50000000E+01      -9.142133471244068232E+01
    7.60000000E+01      -9.384310400816633546E+01
    7.70000000E+01      -9.629293238455517212E+01
    7.80000000E+01      -9.877294723780835284E+01
    7.90000000E+01      -1.012810877204948383E+02
    8.00000000E+01      -1.038246174455576920E+02
    8.10000000E+01      -1.063869276476960977E+02
    8.20000000E+01      -1.089759719688996142E+02
    8.30000000E+01      -1.115981650559696163E+02
    8.40000000E+01      -1.142477257656890970E+02
    8.50000000E+01      -1.169176859885241129E+02
    8.60000000E+01      -1.196263752140595216E+02
    8.70000000E+01      -1.223570618086707782E+02
    8.80000000E+01      -1.251180374811360707E+02
    8.90000000E+01      -1.279005735427555237E+02
    9.00000000E+01      -1.307075636766265916E+02
    9.10000000E+01      -1.335536679110596197E+02
    9.20000000E+01      -1.364278171365065191E+02
    9.30000000E+01      -1.393173635271696185E+02
    9.40000000E+01      -1.422371677100343277E+02
    9.50000000E+01      -1.451807710933229600E+02
    9.60000000E+01      -1.481558531203025950E+02
    9.70000000E+01      -1.511504066670120210E+02
    9.80000000E+01      -1.541744644900314825E+02
    9.90000000E+01      -1.572164521538090867E+02
    1.00000000E+02      -1.602904966650213510E+02
    1.01000000E+02      -1.633833256048151270E+02
    1.02000000E+02      -1.665039742197474197E+02
    1.03000000E+02      -1.696455931963424746E+02
    1.04000000E+02      -1.728097817306330626E+02
    1.05000000E+02      -1.760049239970089729E+02
    1.06000000E+02      -1.792161105455480765E+02
    1.07000000E+02      -1.824557889165655524E+02
    1.08000000E+02      -1.857192270940066692E+02
    1.09000000E+02      -1.890038554519519494E+02
    1.10000000E+02      -1.923181746862173895E+02
    1.11000000E+02      -1.956434357312589327E+02
    1.12000000E+02      -1.990011016283724530E+02
    1.13000000E+02      -2.023800192111139040E+02
    1.14000000E+02      -2.057845103201434540E+02
    1.15000000E+02      -2.092049351358964486E+02
    1.16000000E+02      -2.126474352001910120E+02
    1.17000000E+02      -2.161148159838794527E+02
    1.18000000E+02      -2.196039276250489820E+02
    1.19000000E+02      -2.231235170844538516E+02
    1.20000000E+02      -2.266561719796175112E+02
    1.21000000E+02      -2.302098197622847238E+02
    1.22000000E+02      -2.337921124755087021E+02
    1.23000000E+02      -2.373874767851143588E+02
    1.24000000E+02      -2.410070613035286442E+02
    1.25000000E+02      -2.446561770834100571E+02
    1.26000000E+02      -2.483158237659274619E+02
    1.27000000E+02      -2.520008914948693928E+02
    1.28000000E+02      -2.557022191125620338E+02
    1.29000000E+02      -2.594338081750238416E+02
    1.30000000E+02      -2.631823108077169309E+02
    1.31000000E+02      -2.669472783574278765E+02
    1.32000000E+02      -2.707398536906011941E+02
    1.33000000E+02      -2.745479664406241227E+02
    1.34000000E+02      -2.783729720392727813E+02
    1.35000000E+02      -2.822166613565973421E+02
    1.36000000E+02      -2.860860282722057946E+02
    1.37000000E+02      -2.899877301237854681E+02
    1.38000000E+02      -2.938956691607504581E+02
    1.39000000E+02      -2.978141698146864655E+02
    1.40000000E+02      -3.017541260873642841E+02
    1.41000000E+02      -3.057155061758371630E+02
    1.42000000E+02      -3.097168321054655280E+02
    1.43000000E+02      -3.137099502793273587E+02
    1.44000000E+02      -3.177375229548188145E+02
    1.45000000E+02      -3.217879206740808513E+02
    1.46000000E+02      -3.258517908433443608E+02
    1.47000000E+02      -3.299385116990779352E+02
    1.48000000E+02      -3.340289385825930140E+02
    1.49000000E+02      -3.381503140733598229E+02
    1.50000000E+02      -3.422896585011762909E+02
    1.51000000E+02      -3.464470622439929457E+02
    1.52000000E+02      -3.506310762043376599E+02
    1.53000000E+02      -3.548240495135144101E+02
    1.54000000E+02      -3.590325201735179235E+02
    1.55000000E+02      -3.632766928235898831E+02
    1.56000000E+02      -3.675352806262958438E+02
    1.57000000E+02      -3.718038152573258230E+02
    1.58000000E+02      -3.760850769041562671E+02
    1.59000000E+02      -3.803948538792901672E+02
    1.60000000E+02      -3.847184950309326723E+02
    1.61000000E+02      -3.890602970927666320E+02
    1.62000000E+02      -3.934176775967912363E+02
    1.63000000E+02      -3.977961385335327122E+02
    1.64000000E+02      -4.021920253970088197E+02
    1.65000000E+02      -4.066045323371702125E+02
    1.66000000E+02      -4.110311859092546456E+02
    1.67000000E+02      -4.154904574055726698E+02
    1.68000000E+02      -4.199651390463056941E+02
    1.69000000E+02      -4.244500578277520617E+02
    1.70000000E+02      -4.289576174023436579E+02
    1.71000000E+02      -4.334761099931552053E+02
    1.72000000E+02      -4.380028059274591214E+02
    1.73000000E+02      -4.425687723061446377E+02
    1.74000000E+02      -4.471922611668760510E+02
    1.75000000E+02      -4.517951332676520906E+02
    1.76000000E+02      -4.564189672592317493E+02
    1.77000000E+02      -4.610847700465847083E+02
    1.78000000E+02      -4.657343062021279820E+02
    1.79000000E+02      -4.704023817492734452E+02
    1.80000000E+02      -4.750954447305082340E+02
    1.81000000E+02      -4.798122692056690539E+02
    1.82000000E+02      -4.845448335142480119E+02
    1.83000000E+02      -4.892948853514901657E+02
    1.84000000E+02      -4.940594730904235803E+02
    1.85000000E+02      -4.988414633267684621E+02
    1.86000000E+02      -5.036501198154439862E+02
    1.87000000E+02      -5.084754945951628997E+02
    1.88000000E+02      -5.133299060597669268E+02
    1.89000000E+02      -5.182009360567860767E+02
    1.90000000E+02      -5.230915970319324515E+02
    1.91000000E+02      -5.280103355541950805E+02
    1.92000000E+02      -5.329447680569051045E+02
    1.93000000E+02      -5.378874785857628922E+02
    1.94000000E+02      -5.428609906999724899E+02
    1.95000000E+02      -5.478567070585618239E+02
    1.96000000E+02      -5.528727140961977966E+02
    1.97000000E+02      -5.579036198347550908E+02
    1.98000000E+02      -5.629571013539245996E+02
    1.99000000E+02      -5.680367342122315222E+02
    2.00000000E+02      -5.731186649185463011E+02
    2.01000000E+02      -5.782411786188210954E+02
    2.02000000E+02      -5.833769844821388233E+02
    2.03000000E+02      -5.885377201954320299E+02
    2.04000000E+02      -5.937123522337622035E+02
    2.05000000E+02      -5.989128326145782921E+02
    2.06000000E+02      -6.041384775518558854E+02
    2.07000000E+02      -6.093760894243682742E+02
    2.08000000E+02      -6.146502313695145858E+02
    2.09000000E+02      -6.199375845152906095E+02
    2.10000000E+02      -6.252390718062356427E+02
    2.11000000E+02      -6.305716965832580172E+02
    2.12000000E+02      -6.359140535122655820E+02
    2.13000000E+02      -6.412917118311613649E+02
    2.14000000E+02      -6.466764055575442853E+02
    2.15000000E+02      -6.521071164548820889E+02
    2.16000000E+02      -6.575556086630485879E+02
    2.17000000E+02      -6.630215457379031250E+02
    2.18000000E+02      -6.685070993558749706E+02
    2.19000000E+02      -6.740089325241976894E+02
    2.20000000E+02      -6.795206807386593937E+02
    2.21000000E+02      -6.850779596890897665E+02
    2.22000000E+02      -6.906625349393079887E+02
    2.23000000E+02      -6.962629558378353067E+02
    2.24000000E+02      -7.019036682456062408E+02
    2.25000000E+02      -7.075699132415420536E+02
    2.26000000E+02      -7.132530030675625312E+02
    2.27000000E+02      -7.189670933666147903E+02
    2.28000000E+02      -7.247032737297181484E+02
    2.29000000E+02      -7.304717429920124232E+02
    2.30000000E+02      -7.362575582874742395E+02
    2.31000000E+02      -7.420680485817833869E+02
    2.32000000E+02      -7.479087860816039210E+02
    2.33000000E+02      -7.537749945707973893E+02
    2.34000000E+02      -7.596769314633372687E+02
    2.35000000E+02      -7.656077573874731570E+02
    2.36000000E+02      -7.715640023488849693E+02
    2.37000000E+02      -7.775324626847002492E+02
    2.38000000E+02      -7.835368602345829458E+02
    2.39000000E+02      -7.895609566734883629E+02
    2.40000000E+02      -7.956194014834295558E+02
    2.41000000E+02      -8.016995981002371536E+02
    2.42000000E+02      -8.078094647520779290E+02
    2.43000000E+02      -8.139616791884993745E+02
    2.44000000E+02      -8.201421709593200831E+02
    2.45000000E+02      -8.263486377414792514E+02
    2.46000000E+02      -8.325790463807195465E+02
    2.47000000E+02      -8.388170049755763102E+02
    2.48000000E+02      -8.450946271670172791E+02
    2.49000000E+02      -8.514061283948565233E+02
    2.50000000E+02      -8.577371954999839545E+02
    2.51000000E+02      -8.640988532068129189E+02
    2.52000000E+02      -8.704624698979707773E+02
    2.53000000E+02      -8.768948511073181180E+02
    2.54000000E+02      -8.833520398141786245E+02
    2.55000000E+02      -8.898354846465110768E+02
    2.56000000E+02      -8.963480589611376672E+02
    2.57000000E+02      -9.028996099495975614E+02
    2.58000000E+02      -9.094611623020562092E+02
    2.59000000E+02      -9.160652291909268570E+02
    2.60000000E+02      -9.227133579572027884E+02
    2.61000000E+02      -9.293740130287733336E+02
    2.62000000E+02      -9.360733311633580342E+02
    2.63000000E+02      -9.428092358836338462E+02
    2.64000000E+02      -9.495590131744397695E+02
    2.65000000E+02      -9.563578941097002826E+02
    2.66000000E+02      -9.631837387062971629E+02
    2.67000000E+02      -9.700374802764542892E+02
    2.68000000E+02      -9.769183087416604394E+02
    2.69000000E+02      -9.838369616704167129E+02
    2.70000000E+02      -9.907822922444938740E+02
    2.71000000E+02      -9.977477615790010077E+02
    2.72000000E+02      -1.004758512842071013E+03
    2.73000000E+02      -1.011798536822653659E+03
    2.74000000E+02      -1.018859026332909252E+03
    2.75000000E+02      -1.025956699769590159E+03
    2.76000000E+02      -1.033072740535894354E+03
    2.77000000E+02      -1.040237475614891537E+03
    2.78000000E+02      -1.047434050301186744E+03
    2.79000000E+02      -1.054664775950951480E+03
    2.80000000E+02      -1.061921335254418409E+03
    2.81000000E+02      -1.069173597604434008E+03
    2.82000000E+02      -1.076500632703766314E+03
    2.83000000E+02      -1.083850347636137030E+03
    2.84000000E+02      -1.091222494545078234E+03
    2.85000000E+02      -1.098633201655674384E+03
    2.86000000E+02      -1.106093511091321034E+03
    2.87000000E+02      -1.113573888486728265E+03
    2.88000000E+02      -1.121061686006791206E+03
    2.89000000E+02      -1.128597668722468370E+03
    2.90000000E+02      -1.136160690090003754E+03
    2.91000000E+02      -1.143775257079450739E+03
    2.92000000E+02      -1.151385492887337932E+03
    2.93000000E+02      -1.159044024649913808E+03
    2.94000000E+02      -1.166730770348784972E+03
    2.95000000E+02      -1.174448961391624835E+03
    2.96000000E+02      -1.182185933633703826E+03
    2.97000000E+02      -1.189963201802715503E+03
    2.98000000E+02      -1.197806819661253485E+03
    2.99000000E+02      -1.205638155251941043E+03
    3.00000000E+02      -1.213513695024740628E+03
    3.01000000E+02      -1.221412328070539161E+03
    3.02000000E+02      -1.229339226758414497E+03
    3.03000000E+02      -1.237265748038427319E+03
    3.04000000E+02      -1.245267294872969615E+03
    3.05000000E+02      -1.253271832110886635E+03
    3.06000000E+02      -1.261323401700697104E+03
    3.07000000E+02      -1.269400074449672502E+03
    3.08000000E+02      -1.277499256637837334E+03
    3.09000000E+02      -1.285650889240159813E+03
    3.10000000E+02      -1.293809461990767431E+03
    3.11000000E+02      -1.301991575229837508E+03
    3.12000000E+02      -1.310206053610363142E+03
    3.13000000E+02      -1.318484086221500775E+03
    3.14000000E+02      -1.326770566413601273E+03
    3.15000000E+02      -1.335081401117125097E+03
    3.16000000E+02      -1.343428233037277096E+03
    3.17000000E+02      -1.351801396997857864E+03
    3.18000000E+02      -1.360195671837253940E+03
    3.19000000E+02      -1.368614482915906365E+03
    3.20000000E+02      -1.377048995722816016E+03
    3.21000000E+02      -1.385579799083269791E+03
    3.22000000E+02      -1.394103415265492004E+03
    3.23000000E+02      -1.402632184568836465E+03
    3.24000000E+02      -1.411171980580938452E+03
    3.25000000E+02      -1.419738840937756095E+03
    3.26000000E+02      -1.428342071316436204E+03
    3.27000000E+02      -1.437012881770489230E+03
    3.28000000E+02      -1.445661566315372056E+03
    3.29000000E+02      -1.454375008276130302E+03
    3.30000000E+02      -1.463110536404396498E+03
    3.31000000E+02      -1.471837252005586834E+03
    3.32000000E+02      -1.480589387855703990E+03
    3.33000000E+02      -1.489399582138534470E+03
    3.34000000E+02      -1.498215675759064425E+03
    3.35000000E+02      -1.507090216940700884E+03
    3.36000000E+02      -1.515967025448306686E+03
    3.37000000E+02      -1.524843513094971058E+03
    3.38000000E+02      -1.533749792352378790E+03
    3.39000000E+02      -1.542717623007543125E+03
    3.40000000E+02      -1.551703228142235730E+03
    3.41000000E+02      -1.560682865986575962E+03
    3.42000000E+02      -1.569693104651235899E+03
    3.43000000E+02      -1.578736174445722099E+03
    3.44000000E+02      -1.587793670911212985E+03
    3.45000000E+02      -1.596844136006061035E+03
    3.46000000E+02      -1.605986504108726649E+03
    3.47000000E+02      -1.615143134659646194E+03
    3.48000000E+02      -1.624303865626530978E+03
    3.49000000E+02      -1.633487460338818209E+03
    3.50000000E+02      -1.642620025593101218E+03
    3.51000000E+02      -1.651869069495698113E+03
    3.52000000E+02      -1.661117311756252320E+03
    3.53000000E+02      -1.670441467649643528E+03
    3.54000000E+02      -1.679705332991972909E+03
    3.55000000E+02      -1.688997572961910009E+03
    3.56000000E+02      -1.698334842475703226E+03
    3.57000000E+02      -1.707645975506451123E+03
    3.58000000E+02      -1.717010728591003272E+03
    3.59000000E+02      -1.726379520027925309E+03
    3.60000000E+02      -1.735783827953152468E+03
    3.61000000E+02      -1.745270038564851120E+03
    3.62000000E+02      -1.754653168882917726E+03
    3.63000000E+02      -1.764154754863742255E+03
    3.64000000E+02      -1.773630345747319552E+03
    3.65000000E+02      -1.783117886320585512E+03
    3.66000000E+02      -1.792669960011196508E+03
    3.67000000E+02      -1.802201817278347335E+03
    3.68000000E+02      -1.811730052802034152E+03
    3.69000000E+02      -1.821298178283066136E+03
    3.70000000E+02      -1.830870191937526215E+03
    3.71000000E+02      -1.840485600342568432E+03
    3.72000000E+02      -1.850059418822848784E+03
    3.73000000E+02      -1.859682282007540607E+03
    3.74000000E+02      -1.869280025081255189E+03
    3.75000000E+02      -1.878852386578560527E+03
    3.76000000E+02      -1.888643949443138808E+03
    3.77000000E+02      -1.898319270992994234E+03
    3.78000000E+02      -1.908062071912558395E+03
    3.79000000E+02      -1.917759970076406262E+03
    3.80000000E+02      -1.927456151226896964E+03
    3.81000000E+02      -1.937232193775969108E+03
    3.82000000E+02      -1.946928573077470901E+03
    3.83000000E+02      -1.956703020929571267E+03
    3.84000000E+02      -1.966388193538914720E+03
    3.85000000E+02      -1.976209005081958367E+03
    3.86000000E+02      -1.986143848127174351E+03
    3.87000000E+02      -1.995945608263608165E+03
    3.88000000E+02      -2.005741845122540326E+03
    3.89000000E+02      -2.015501319522814811E+03
    3.90000000E+02      -2.025457351560230563E+03
    3.91000000E+02      -2.035390163226773666E+03
    3.92000000E+02      -2.045107553389056648E+03
    3.93000000E+02      -2.055002866094079309E+03
    3.94000000E+02      -2.064947059683981479E+03
    3.95000000E+02      -2.074837374759974864E+03
    3.96000000E+02      -2.084633525794190973E+03
    3.97000000E+02      -2.094616811729093115E+03
    3.98000000E+02      -2.104453826934978679E+03
    3.99000000E+02      -2.114426731920482780E+03
    4.00000000E+02      -2.124294528593019095E+03
    4.01000000E+02      -2.134210767271869827E+03
    4.02000000E+02      -2.144205998726339658E+03
    4.03000000E+02      -2.154070652488429914E+03
    4.04000000E+02      -2.164029496061786631E+03
    4.05000000E+02      -2.174050334124700385E+03
    4.06000000E+02      -2.183941714870805299E+03
    4.07000000E+02      -2.193917869528715528E+03
    4.08000000E+02      -2.203924907398531559E+03
    4.09000000E+02      -2.213947027985474961E+03
    4.10000000E+02      -2.223716107721849767E+03
    4.11000000E+02      -2.233797581518780589E+03
    4.12000000E+02      -2.243708110716097053E+03
    4.13000000E+02      -2.253684786041935695E+03
    4.14000000E+02      -2.263770373434253088E+03
    4.15000000E+02      -2.273615185758908410E+03
    4.16000000E+02      -2.283596840319580224E+03
    4.17000000E+02      -2.293452623615513403E+03
    4.18000000E+02      -2.303438008721314418E+03
    4.19000000E+02      -2.313434605400505916E+03
    4.20000000E+02      -2.323337084343766946E+03
    4.21000000E+02      -2.333183786238054836E+03
    4.22000000E+02      -2.343282206696282174E+03
    4.23000000E+02      -2.353236797416095214E+03
    4.24000000E+02      -2.363064869611294853E+03
    4.25000000E+02      -2.373059085939428769E+03
    4.26000000E+02      -2.382963943527068295E+03
    4.27000000E+02      -2.392811805811265003E+03
    4.28000000E+02      -2.402686658270413773E+03
    4.29000000E+02      -2.412717208389740790E+03
    4.30000000E+02      -2.422676920771476034E+03
    4.31000000E+02      -2.432502617247939270E+03
    4.32000000E+02      -2.442384415387304216E+03
    4.33000000E+02      -2.452159682217305544E+03
    4.34000000E+02      -2.462177000863634930E+03
    4.35000000E+02      -2.472113411181869196E+03
    4.36000000E+02      -2.481854295461894253E+03
    4.37000000E+02      -2.491799626206235189E+03
    4.38000000E+02      -2.501391883494349258E+03
    4.39000000E+02      -2.511254837027487611E+03
    4.40000000E+02      -2.521100157123571080E+03
    4.41000000E+02      -2.530867447020254986E+03
    4.42000000E+02      -2.540665341053383145E+03
    4.43000000E+02      -2.550236135301013746E+03
    4.44000000E+02      -2.560124478813389942E+03
    4.45000000E+02      -2.569873892849104777E+03
    4.46000000E+02      -2.579590395563116545E+03
    4.47000000E+02      -2.589261718879266482E+03
    4.48000000E+02      -2.598918234564509021E+03
    4.49000000E+02      -2.608655895568294000E+03
    4.50000000E+02      -2.618362608851790810E+03
    4.51000000E+02      -2.627955202500342693E+03
    4.52000000E+02      -2.637431698615502683E+03
    4.53000000E+02      -2.646932557189683394E+03
    4.54000000E+02      -2.656563650256264737E+03
    4.55000000E+02      -2.666077022219800710E+03
    4.56000000E+02      -2.675649434104606371E+03
    4.57000000E+02      -2.685147352505414801E+03
    4.58000000E+02      -2.694681849870206861E+03
    4.59000000E+02      -2.704143383796243143E+03
    4.60000000E+02      -2.713504913320361084E+03
    4.61000000E+02      -2.722856303296842725E+03
    4.62000000E+02      -2.732263519285872917E+03
    4.63000000E+02      -2.741563994098862167E+03
    4.64000000E+02      -2.750863048567302940E+03
    4.65000000E+02      -2.760220077197899627E+03
    4.66000000E+02      -2.769658538580128152E+03
    4.67000000E+02      -2.778736059515974830E+03
    4.68000000E+02      -2.787923289493634911E+03
    4.69000000E+02      -2.797098457846053407E+03
    4.70000000E+02      -2.806200073105320371E+03
    4.71000000E+02      -2.814989923069910674E+03
    4.72000000E+02      -2.824565820436007471E+03
    4.73000000E+02      -2.833556014015483925E+03
    4.74000000E+02      -2.842493454309050321E+03
    4.75000000E+02      -2.851285864421914084E+03
    4.76000000E+02      -2.860274145314128873E+03
    4.77000000E+02      -2.869261140756691020E+03
    4.78000000E+02      -2.878266962448758022E+03
    4.79000000E+02      -2.887064215616559068E+03
    4.80000000E+02      -2.896007108132357644E+03
    4.81000000E+02      -2.904511507703457028E+03
    4.82000000E+02      -2.913149002887322695E+03
    4.83000000E+02      -2.922117389307975827E+03
    4.84000000E+02      -2.930597259728792324E+03
    4.85000000E+02      -2.939189514758744735E+03
    4.86000000E+02      -2.947713408695290582E+03
    4.87000000E+02      -2.956237854408858766E+03
    4.88000000E+02      -2.965098251312019784E+03
    4.89000000E+02      -2.973219569678868538E+03
    4.90000000E+02      -2.981372249868768449E+03
    4.91000000E+02      -2.989913890425976206E+03
    4.92000000E+02      -2.998144783254975664E+03
    4.93000000E+02      -3.006390680822114973E+03
    4.94000000E+02      -3.014684680155234219E+03
    4.95000000E+02      -3.022844919929128082E+03
    4.96000000E+02      -3.031059959287719721E+03
    4.97000000E+02      -3.039032029112864620E+03
    4.98000000E+02      -3.046927022495398433E+03
    4.99000000E+02      -3.054814342478748586E+03
    5.00000000E+02      -3.062440944468526141E+03
    5.01000000E+02      -3.070894333104866746E+03
    5.02000000E+02      -3.078732915972934279E+03
    5.03000000E+02      -3.086346840461297688E+03
    5.04000000E+02      -3.093367970098653132E+03
    5.05000000E+02      -3.101027688868226505E+03
    5.06000000E+02      -3.109051437827788050E+03
    5.07000000E+02      -3.116216943925439864E+03
    5.08000000E+02      -3.123364190273180157E+03
    5.09000000E+02      -3.131033662759370600E+03
    5.10000000E+02      -3.138272726138216512E+03
