    0.0000000000E+00     -0.2312568918E+02
    0.1000000000E+01     -0.2023167359E+02
    0.2000000000E+01     -0.1801381794E+02
    0.3000000000E+01     -0.1618444285E+02
    0.4000000000E+01     -0.1462551615E+02
    0.5000000000E+01     -0.1327256999E+02
    0.6000000000E+01     -0.1208516033E+02
    0.7000000000E+01     -0.1103504687E+02
    0.8000000000E+01     -0.1010148286E+02
    0.9000000000E+01     -0.9268580011E+01
    0.1000000000E+02     -0.8524178612E+01
    0.1100000000E+02     -0.7858475179E+01
    0.1200000000E+02     -0.7262546622E+01
    0.1300000000E+02     -0.6729703137E+01
    0.1400000000E+02     -0.6254628888E+01
    0.1500000000E+02     -0.5831960063E+01
    0.1600000000E+02     -0.5457322967E+01
    0.1700000000E+02     -0.5126298935E+01
    0.1800000000E+02     -0.4835870070E+01
    0.1900000000E+02     -0.4582580699E+01
    0.2000000000E+02     -0.4364212963E+01
    0.2100000000E+02     -0.4178274304E+01
    0.2200000000E+02     -0.4022031621E+01
    0.2300000000E+02     -0.3893690283E+01
    0.2400000000E+02     -0.3792236387E+01
    0.2500000000E+02     -0.3715360354E+01
    0.2600000000E+02     -0.3660955351E+01
    0.2700000000E+02     -0.3628414077E+01
    0.2800000000E+02     -0.3616084611E+01
    0.2900000000E+02     -0.3622535757E+01
    0.3000000000E+02     -0.3646694124E+01
    0.3100000000E+02     -0.3687388592E+01
    0.3200000000E+02     -0.3743694322E+01
    0.3300000000E+02     -0.3814776039E+01
    0.3400000000E+02     -0.3899643178E+01
    0.3500000000E+02     -0.3997384366E+01
    0.3600000000E+02     -0.4107649130E+01
    0.3700000000E+02     -0.4229623606E+01
    0.3800000000E+02     -0.4362555164E+01
    0.3900000000E+02     -0.4505659330E+01
    0.4000000000E+02     -0.4658103258E+01
    0.4100000000E+02     -0.4819707965E+01
    0.4200000000E+02     -0.4989565140E+01
    0.4300000000E+02     -0.5167508292E+01
    0.4400000000E+02     -0.5352952041E+01
    0.4500000000E+02     -0.5545076032E+01
    0.4600000000E+02     -0.5743702346E+01
    0.4700000000E+02     -0.5948720830E+01
    0.4800000000E+02     -0.6159369814E+01
    0.4900000000E+02     -0.6375000861E+01
    0.5000000000E+02     -0.6595854656E+01
    0.5100000000E+02     -0.6821216797E+01
    0.5200000000E+02     -0.7050386699E+01
    0.5300000000E+02     -0.7283592987E+01
    0.5400000000E+02     -0.7520898044E+01
    0.5500000000E+02     -0.7761775286E+01
    0.5600000000E+02     -0.8005469071E+01
    0.5700000000E+02     -0.8251837934E+01
    0.5800000000E+02     -0.8500378217E+01
    0.5900000000E+02     -0.8751372207E+01
    0.6000000000E+02     -0.9004292079E+01
    0.6100000000E+02     -0.9259529123E+01
    0.6200000000E+02     -0.9516124050E+01
    0.6300000000E+02     -0.9773677859E+01
    0.6400000000E+02     -0.1003262590E+02
    0.6500000000E+02     -0.1029299517E+02
    0.6600000000E+02     -0.1055434329E+02
    0.6700000000E+02     -0.1081640708E+02
    0.6800000000E+02     -0.1107890708E+02
    0.6900000000E+02     -0.1134176966E+02
    0.7000000000E+02     -0.1160493170E+02
    0.7100000000E+02     -0.1186742916E+02
    0.7200000000E+02     -0.1213027157E+02
    0.7300000000E+02     -0.1239279200E+02
    0.7400000000E+02     -0.1265489689E+02
    0.7500000000E+02     -0.1291663126E+02
    0.7600000000E+02     -0.1317749077E+02
    0.7700000000E+02     -0.1343809938E+02
    0.7800000000E+02     -0.1369739859E+02
    0.7900000000E+02     -0.1395549920E+02
    0.8000000000E+02     -0.1421257961E+02
    0.8100000000E+02     -0.1446823362E+02
    0.8200000000E+02     -0.1472295872E+02
    0.8300000000E+02     -0.1497632456E+02
    0.8400000000E+02     -0.1522851971E+02
    0.8500000000E+02     -0.1547895203E+02
    0.8600000000E+02     -0.1572766093E+02
    0.8700000000E+02     -0.1597493370E+02
    0.8800000000E+02     -0.1622044312E+02
    0.8900000000E+02     -0.1646425776E+02
    0.9000000000E+02     -0.1670645245E+02
    0.9100000000E+02     -0.1694653199E+02
    0.9200000000E+02     -0.1718424012E+02
    0.9300000000E+02     -0.1742012708E+02
    0.9400000000E+02     -0.1765365685E+02
    0.9500000000E+02     -0.1788466035E+02
    0.9600000000E+02     -0.1811375639E+02
    0.9700000000E+02     -0.1834056911E+02
    0.9800000000E+02     -0.1856473836E+02
    0.9900000000E+02     -0.1878715326E+02
    0.1000000000E+03     -0.1900689231E+02
    0.1010000000E+03     -0.1922374513E+02
    0.1020000000E+03     -0.1943838847E+02
    0.1030000000E+03     -0.1965042855E+02
    0.1040000000E+03     -0.1986037681E+02
    0.1050000000E+03     -0.2006740436E+02
    0.1060000000E+03     -0.2027134138E+02
    0.1070000000E+03     -0.2047290922E+02
    0.1080000000E+03     -0.2067241687E+02
    0.1090000000E+03     -0.2086874529E+02
    0.1100000000E+03     -0.2106176079E+02
    0.1110000000E+03     -0.2125230004E+02
    0.1120000000E+03     -0.2144053053E+02
    0.1130000000E+03     -0.2162604232E+02
    0.1140000000E+03     -0.2180856536E+02
    0.1150000000E+03     -0.2198802424E+02
    0.1160000000E+03     -0.2216444920E+02
    0.1170000000E+03     -0.2233809952E+02
    0.1180000000E+03     -0.2250844814E+02
    0.1190000000E+03     -0.2267579531E+02
    0.1200000000E+03     -0.2284043123E+02
    0.1210000000E+03     -0.2300159876E+02
    0.1220000000E+03     -0.2315940856E+02
    0.1230000000E+03     -0.2331503622E+02
    0.1240000000E+03     -0.2346746621E+02
    0.1250000000E+03     -0.2361668760E+02
    0.1260000000E+03     -0.2376295859E+02
    0.1270000000E+03     -0.2390626963E+02
    0.1280000000E+03     -0.2404606880E+02
    0.1290000000E+03     -0.2418269166E+02
    0.1300000000E+03     -0.2431664491E+02
    0.1310000000E+03     -0.2444667633E+02
    0.1320000000E+03     -0.2457438582E+02
    0.1330000000E+03     -0.2469874330E+02
    0.1340000000E+03     -0.2481971573E+02
    0.1350000000E+03     -0.2493725133E+02
    0.1360000000E+03     -0.2505175822E+02
    0.1370000000E+03     -0.2516279932E+02
    0.1380000000E+03     -0.2527055473E+02
    0.1390000000E+03     -0.2537586404E+02
    0.1400000000E+03     -0.2547741004E+02
    0.1410000000E+03     -0.2557568691E+02
    0.1420000000E+03     -0.2567088406E+02
    0.1430000000E+03     -0.2576288219E+02
    0.1440000000E+03     -0.2585156151E+02
    0.1450000000E+03     -0.2593713725E+02
    0.1460000000E+03     -0.2602008227E+02
    0.1470000000E+03     -0.2609930237E+02
    0.1480000000E+03     -0.2617461333E+02
    0.1490000000E+03     -0.2624699917E+02
    0.1500000000E+03     -0.2631706498E+02
    0.1510000000E+03     -0.2638325930E+02
    0.1520000000E+03     -0.2644612657E+02
    0.1530000000E+03     -0.2650529530E+02
    0.1540000000E+03     -0.2656122556E+02
    0.1550000000E+03     -0.2661349633E+02
    0.1560000000E+03     -0.2666288679E+02
    0.1570000000E+03     -0.2670928994E+02
    0.1580000000E+03     -0.2675240379E+02
    0.1590000000E+03     -0.2679211675E+02
    0.1600000000E+03     -0.2682901080E+02
    0.1610000000E+03     -0.2686222818E+02
    0.1620000000E+03     -0.2689145005E+02
    0.1630000000E+03     -0.2691803057E+02
    0.1640000000E+03     -0.2694134850E+02
    0.1650000000E+03     -0.2696143962E+02
    0.1660000000E+03     -0.2697836179E+02
    0.1670000000E+03     -0.2699166615E+02
    0.1680000000E+03     -0.2700214220E+02
    0.1690000000E+03     -0.2701001536E+02
    0.1700000000E+03     -0.2701432325E+02
    0.1710000000E+03     -0.2701501234E+02
    0.1720000000E+03     -0.2701146975E+02
    0.1730000000E+03     -0.2700605303E+02
    0.1740000000E+03     -0.2699709074E+02
    0.1750000000E+03     -0.2698436786E+02
    0.1760000000E+03     -0.2696835668E+02
    0.1770000000E+03     -0.2694966898E+02
    0.1780000000E+03     -0.2692699178E+02
    0.1790000000E+03     -0.2690110031E+02
    0.1800000000E+03     -0.2687203242E+02
    0.1810000000E+03     -0.2683921428E+02
    0.1820000000E+03     -0.2680370877E+02
    0.1830000000E+03     -0.2676463185E+02
    0.1840000000E+03     -0.2672261093E+02
    0.1850000000E+03     -0.2667753980E+02
    0.1860000000E+03     -0.2662979480E+02
    0.1870000000E+03     -0.2657813752E+02
    0.1880000000E+03     -0.2652331570E+02
    0.1890000000E+03     -0.2646579018E+02
    0.1900000000E+03     -0.2640489516E+02
    0.1910000000E+03     -0.2634072246E+02
    0.1920000000E+03     -0.2627283934E+02
    0.1930000000E+03     -0.2620181704E+02
    0.1940000000E+03     -0.2612851051E+02
    0.1950000000E+03     -0.2605155437E+02
    0.1960000000E+03     -0.2597187926E+02
    0.1970000000E+03     -0.2588903090E+02
    0.1980000000E+03     -0.2580320338E+02
    0.1990000000E+03     -0.2571416456E+02
    0.2000000000E+03     -0.2562189282E+02
    0.2010000000E+03     -0.2552654432E+02
    0.2020000000E+03     -0.2542766495E+02
    0.2030000000E+03     -0.2532629098E+02
    0.2040000000E+03     -0.2522149880E+02
    0.2050000000E+03     -0.2511378200E+02
    0.2060000000E+03     -0.2500331285E+02
    0.2070000000E+03     -0.2488934627E+02
    0.2080000000E+03     -0.2477220268E+02
    0.2090000000E+03     -0.2465222787E+02
    0.2100000000E+03     -0.2452962140E+02
    0.2110000000E+03     -0.2440333067E+02
    0.2120000000E+03     -0.2427393398E+02
    0.2130000000E+03     -0.2414197320E+02
    0.2140000000E+03     -0.2400689313E+02
    0.2150000000E+03     -0.2386914205E+02
    0.2160000000E+03     -0.2372975567E+02
    0.2170000000E+03     -0.2358638014E+02
    0.2180000000E+03     -0.2344039516E+02
    0.2190000000E+03     -0.2329115677E+02
    0.2200000000E+03     -0.2313958424E+02
    0.2210000000E+03     -0.2298466726E+02
    0.2220000000E+03     -0.2282785775E+02
    0.2230000000E+03     -0.2266865649E+02
    0.2240000000E+03     -0.2250657023E+02
    0.2250000000E+03     -0.2234141510E+02
    0.2260000000E+03     -0.2217365370E+02
    0.2270000000E+03     -0.2200444769E+02
    0.2280000000E+03     -0.2183168960E+02
    0.2290000000E+03     -0.2165694894E+02
    0.2300000000E+03     -0.2147886880E+02
    0.2310000000E+03     -0.2129859324E+02
    0.2320000000E+03     -0.2111596196E+02
    0.2330000000E+03     -0.2093153320E+02
    0.2340000000E+03     -0.2074450157E+02
    0.2350000000E+03     -0.2055570122E+02
    0.2360000000E+03     -0.2036444086E+02
    0.2370000000E+03     -0.2017059649E+02
    0.2380000000E+03     -0.1997425990E+02
    0.2390000000E+03     -0.1977667533E+02
    0.2400000000E+03     -0.1957686917E+02
    0.2410000000E+03     -0.1937402949E+02
    0.2420000000E+03     -0.1917022203E+02
    0.2430000000E+03     -0.1896410422E+02
    0.2440000000E+03     -0.1875647370E+02
    0.2450000000E+03     -0.1854671514E+02
    0.2460000000E+03     -0.1833505405E+02
    0.2470000000E+03     -0.1812070955E+02
    0.2480000000E+03     -0.1790474534E+02
    0.2490000000E+03     -0.1768813821E+02
    0.2500000000E+03     -0.1747011126E+02
    0.2510000000E+03     -0.1725010687E+02
    0.2520000000E+03     -0.1702901195E+02
    0.2530000000E+03     -0.1680618479E+02
    0.2540000000E+03     -0.1658277107E+02
    0.2550000000E+03     -0.1635763450E+02
    0.2560000000E+03     -0.1613111305E+02
    0.2570000000E+03     -0.1590439413E+02
    0.2580000000E+03     -0.1567552272E+02
    0.2590000000E+03     -0.1544656171E+02
    0.2600000000E+03     -0.1521607590E+02
    0.2610000000E+03     -0.1498609325E+02
    0.2620000000E+03     -0.1475403508E+02
    0.2630000000E+03     -0.1452257120E+02
    0.2640000000E+03     -0.1428959336E+02
    0.2650000000E+03     -0.1405625048E+02
    0.2660000000E+03     -0.1382399751E+02
    0.2670000000E+03     -0.1358985562E+02
    0.2680000000E+03     -0.1335617646E+02
    0.2690000000E+03     -0.1312199819E+02
    0.2700000000E+03     -0.1288767151E+02
    0.2710000000E+03     -0.1265396138E+02
    0.2720000000E+03     -0.1242063190E+02
    0.2730000000E+03     -0.1218864559E+02
    0.2740000000E+03     -0.1195636124E+02
    0.2750000000E+03     -0.1172452603E+02
    0.2760000000E+03     -0.1149347776E+02
    0.2770000000E+03     -0.1126352408E+02
    0.2780000000E+03     -0.1103429185E+02
    0.2790000000E+03     -0.1080673936E+02
    0.2800000000E+03     -0.1058062243E+02
    0.2810000000E+03     -0.1035490656E+02
    0.2820000000E+03     -0.1013055330E+02
    0.2830000000E+03     -0.9906699669E+01
    0.2840000000E+03     -0.9686946863E+01
    0.2850000000E+03     -0.9468792932E+01
    0.2860000000E+03     -0.9252542838E+01
    0.2870000000E+03     -0.9037561726E+01
    0.2880000000E+03     -0.8824476086E+01
    0.2890000000E+03     -0.8613061340E+01
    0.2900000000E+03     -0.8405223085E+01
    0.2910000000E+03     -0.8200068879E+01
    0.2920000000E+03     -0.7997819994E+01
    0.2930000000E+03     -0.7798285418E+01
    0.2940000000E+03     -0.7601167051E+01
    0.2950000000E+03     -0.7408222655E+01
    0.2960000000E+03     -0.7218989472E+01
    0.2970000000E+03     -0.7033793453E+01
    0.2980000000E+03     -0.6852692374E+01
    0.2990000000E+03     -0.6673552791E+01
    0.3000000000E+03     -0.6498758181E+01
    0.3010000000E+03     -0.6328347727E+01
    0.3020000000E+03     -0.6160453622E+01
    0.3030000000E+03     -0.5998151315E+01
    0.3040000000E+03     -0.5838348137E+01
    0.3050000000E+03     -0.5685955564E+01
    0.3060000000E+03     -0.5540019229E+01
    0.3070000000E+03     -0.5398908262E+01
    0.3080000000E+03     -0.5261874416E+01
    0.3090000000E+03     -0.5128272360E+01
    0.3100000000E+03     -0.5003277577E+01
    0.3110000000E+03     -0.4886136118E+01
    0.3120000000E+03     -0.4773913902E+01
    0.3130000000E+03     -0.4668185016E+01
    0.3140000000E+03     -0.4567814181E+01
    0.3150000000E+03     -0.4474585138E+01
    0.3160000000E+03     -0.4389550425E+01
    0.3170000000E+03     -0.4311615740E+01
    0.3180000000E+03     -0.4239707095E+01
    0.3190000000E+03     -0.4176360338E+01
    0.3200000000E+03     -0.4120273798E+01
    0.3210000000E+03     -0.4074445255E+01
    0.3220000000E+03     -0.4035692127E+01
    0.3230000000E+03     -0.4006562529E+01
    0.3240000000E+03     -0.3983821834E+01
    0.3250000000E+03     -0.3970263906E+01
    0.3260000000E+03     -0.3965074704E+01
    0.3270000000E+03     -0.3968754606E+01
    0.3280000000E+03     -0.3978089160E+01
    0.3290000000E+03     -0.4001517723E+01
    0.3300000000E+03     -0.4035211418E+01
    0.3310000000E+03     -0.4076816984E+01
    0.3320000000E+03     -0.4133370367E+01
    0.3330000000E+03     -0.4194551429E+01
    0.3340000000E+03     -0.4272332578E+01
    0.3350000000E+03     -0.4359926008E+01
    0.3360000000E+03     -0.4459037823E+01
    0.3370000000E+03     -0.4571469681E+01
    0.3380000000E+03     -0.4694866913E+01
    0.3390000000E+03     -0.4833121802E+01
    0.3400000000E+03     -0.4977658294E+01
    0.3410000000E+03     -0.5142674056E+01
    0.3420000000E+03     -0.5315096876E+01
    0.3430000000E+03     -0.5498530446E+01
    0.3440000000E+03     -0.5700587086E+01
    0.3450000000E+03     -0.5909831904E+01
    0.3460000000E+03     -0.6134733790E+01
    0.3470000000E+03     -0.6378084915E+01
    0.3480000000E+03     -0.6633711743E+01
    0.3490000000E+03     -0.6903263278E+01
    0.3500000000E+03     -0.7189667483E+01
    0.3510000000E+03     -0.7492435479E+01
    0.3520000000E+03     -0.7810822657E+01
    0.3530000000E+03     -0.8146874479E+01
    0.3540000000E+03     -0.8498836190E+01
    0.3550000000E+03     -0.8869613257E+01
    0.3560000000E+03     -0.9256092021E+01
    0.3570000000E+03     -0.9656912288E+01
    0.3580000000E+03     -0.1007629868E+02
    0.3590000000E+03     -0.1051618289E+02
    0.3600000000E+03     -0.1096584331E+02
    0.3610000000E+03     -0.1143926844E+02
    0.3620000000E+03     -0.1193135310E+02
    0.3630000000E+03     -0.1244153589E+02
    0.3640000000E+03     -0.1297019859E+02
    0.3650000000E+03     -0.1352075910E+02
    0.3660000000E+03     -0.1408949840E+02
    0.3670000000E+03     -0.1468169181E+02
    0.3680000000E+03     -0.1529902823E+02
    0.3690000000E+03     -0.1593689717E+02
    0.3700000000E+03     -0.1659706190E+02
    0.3710000000E+03     -0.1727447525E+02
    0.3720000000E+03     -0.1796683788E+02
    0.3730000000E+03     -0.1868065690E+02
    0.3740000000E+03     -0.1942688062E+02
    0.3750000000E+03     -0.2019991464E+02
    0.3760000000E+03     -0.2099403084E+02
    0.3770000000E+03     -0.2181656716E+02
    0.3780000000E+03     -0.2265971455E+02
    0.3790000000E+03     -0.2352258767E+02
    0.3800000000E+03     -0.2440754778E+02
    0.3810000000E+03     -0.2532489981E+02
    0.3820000000E+03     -0.2626874035E+02
    0.3830000000E+03     -0.2723205665E+02
    0.3840000000E+03     -0.2822271001E+02
    0.3850000000E+03     -0.2925068761E+02
    0.3860000000E+03     -0.3030014320E+02
    0.3870000000E+03     -0.3137719117E+02
    0.3880000000E+03     -0.3248507793E+02
    0.3890000000E+03     -0.3362095387E+02
    0.3900000000E+03     -0.3478217052E+02
    0.3910000000E+03     -0.3596792362E+02
    0.3920000000E+03     -0.3717180770E+02
    0.3930000000E+03     -0.3842326636E+02
    0.3940000000E+03     -0.3969739041E+02
    0.3950000000E+03     -0.4101321350E+02
    0.3960000000E+03     -0.4235461884E+02
    0.3970000000E+03     -0.4372721433E+02
    0.3980000000E+03     -0.4512681447E+02
    0.3990000000E+03     -0.4655803330E+02
    0.4000000000E+03     -0.4802336956E+02
    0.4010000000E+03     -0.4951565406E+02
    0.4020000000E+03     -0.5103589921E+02
    0.4030000000E+03     -0.5261491303E+02
    0.4040000000E+03     -0.5421595181E+02
    0.4050000000E+03     -0.5584694457E+02
    0.4060000000E+03     -0.5750940016E+02
    0.4070000000E+03     -0.5921471930E+02
    0.4080000000E+03     -0.6095597018E+02
    0.4090000000E+03     -0.6273825674E+02
    0.4100000000E+03     -0.6455292957E+02
    0.4110000000E+03     -0.6641215680E+02
    0.4120000000E+03     -0.6830526511E+02
    0.4130000000E+03     -0.7023583153E+02
    0.4140000000E+03     -0.7219122851E+02
    0.4150000000E+03     -0.7419824491E+02
    0.4160000000E+03     -0.7624789029E+02
    0.4170000000E+03     -0.7834331172E+02
    0.4180000000E+03     -0.8046726147E+02
    0.4190000000E+03     -0.8263275405E+02
    0.4200000000E+03     -0.8484243999E+02
    0.4210000000E+03     -0.8709347439E+02
    0.4220000000E+03     -0.8938259745E+02
    0.4230000000E+03     -0.9172738149E+02
    0.4240000000E+03     -0.9412150570E+02
    0.4250000000E+03     -0.9655757075E+02
    0.4260000000E+03     -0.9904465181E+02
    0.4270000000E+03     -0.1015581476E+03
    0.4280000000E+03     -0.1041332918E+03
    0.4290000000E+03     -0.1067545711E+03
    0.4300000000E+03     -0.1094127853E+03
    0.4310000000E+03     -0.1121214368E+03
    0.4320000000E+03     -0.1148674578E+03
    0.4330000000E+03     -0.1176704580E+03
    0.4340000000E+03     -0.1205177255E+03
    0.4350000000E+03     -0.1234072296E+03
    0.4360000000E+03     -0.1263647148E+03
    0.4370000000E+03     -0.1293686822E+03
    0.4380000000E+03     -0.1324045980E+03
    0.4390000000E+03     -0.1354860505E+03
    0.4400000000E+03     -0.1386350680E+03
    0.4410000000E+03     -0.1418407054E+03
    0.4420000000E+03     -0.1450899650E+03
    0.4430000000E+03     -0.1484082880E+03
    0.4440000000E+03     -0.1517683685E+03
    0.4450000000E+03     -0.1551902693E+03
    0.4460000000E+03     -0.1586835073E+03
    0.4470000000E+03     -0.1622302591E+03
    0.4480000000E+03     -0.1658418680E+03
    0.4490000000E+03     -0.1694943598E+03
    0.4500000000E+03     -0.1731965372E+03
    0.4510000000E+03     -0.1769700660E+03
    0.4520000000E+03     -0.1808005272E+03
    0.4530000000E+03     -0.1847113972E+03
    0.4540000000E+03     -0.1886595278E+03
    0.4550000000E+03     -0.1926593749E+03
    0.4560000000E+03     -0.1966985438E+03
    0.4570000000E+03     -0.2008573300E+03
    0.4580000000E+03     -0.2050461597E+03
    0.4590000000E+03     -0.2092999240E+03
    0.4600000000E+03     -0.2136288023E+03
    0.4610000000E+03     -0.2180011940E+03
    0.4620000000E+03     -0.2224363468E+03
    0.4630000000E+03     -0.2269474987E+03
    0.4640000000E+03     -0.2315228869E+03
    0.4650000000E+03     -0.2361414058E+03
    0.4660000000E+03     -0.2408228868E+03
    0.4670000000E+03     -0.2456073847E+03
    0.4680000000E+03     -0.2504512244E+03
    0.4690000000E+03     -0.2553541087E+03
    0.4700000000E+03     -0.2603045240E+03
    0.4710000000E+03     -0.2653710352E+03
    0.4720000000E+03     -0.2705146578E+03
    0.4730000000E+03     -0.2757367561E+03
    0.4740000000E+03     -0.2809985074E+03
    0.4750000000E+03     -0.2863606883E+03
    0.4760000000E+03     -0.2918121127E+03
    0.4770000000E+03     -0.2972952773E+03
    0.4780000000E+03     -0.3028676501E+03
    0.4790000000E+03     -0.3085151060E+03
    0.4800000000E+03     -0.3142451155E+03
    0.4810000000E+03     -0.3200541432E+03
    0.4820000000E+03     -0.3259319777E+03
    0.4830000000E+03     -0.3318877172E+03
    0.4840000000E+03     -0.3379090810E+03
    0.4850000000E+03     -0.3440247300E+03
