    0.00000000E+00      -2.162629525498656058E+00
    1.00000000E+00      -1.425221900777128958E+00
    2.00000000E+00      -1.350536057115701460E+00
    3.00000000E+00      -1.651132754371670508E+00
    4.00000000E+00      -2.209166410700587058E+00
    5.00000000E+00      -2.959821277619508528E+00
    6.00000000E+00      -3.862431529299525046E+00
    7.00000000E+00      -4.888705007122067236E+00
    8.00000000E+00      -6.018187103183177733E+00
    9.00000000E+00      -7.234863673658279204E+00
    1.00000000E+01      -8.526128883795049518E+00
    1.10000000E+01      -9.882310274378564685E+00
    1.20000000E+01      -1.129520323439052376E+01
    1.30000000E+01      -1.275728945373108658E+01
    1.40000000E+01      -1.426275618685891899E+01
    1.50000000E+01      -1.580642081549873623E+01
    1.60000000E+01      -1.738378488025179180E+01
    1.70000000E+01      -1.899080346277466091E+01
    1.80000000E+01      -2.062394852689018521E+01
    1.90000000E+01      -2.228020453205814633E+01
    2.00000000E+01      -2.395662310658505234E+01
    2.10000000E+01      -2.565042216828575405E+01
    2.20000000E+01      -2.735951564400007996E+01
    2.30000000E+01      -2.908170627182832035E+01
    2.40000000E+01      -3.081484212479105267E+01
    2.50000000E+01      -3.255694119384995133E+01
    2.60000000E+01      -3.430641014999261529E+01
    2.70000000E+01      -3.606173287643602521E+01
    2.80000000E+01      -3.782113233892729909E+01
    2.90000000E+01      -3.958333316943159730E+01
    3.00000000E+01      -4.134675084366014630E+01
    3.10000000E+01      -4.311039534522703320E+01
    3.20000000E+01      -4.487322165197244317E+01
    3.30000000E+01      -4.663355093388369710E+01
    3.40000000E+01      -4.839071735864988000E+01
    3.50000000E+01      -5.014337907670548589E+01
    3.60000000E+01      -5.189016220471373231E+01
    3.70000000E+01      -5.362988632297626168E+01
    3.80000000E+01      -5.536178240491560132E+01
    3.90000000E+01      -5.708460940173378617E+01
    4.00000000E+01      -5.879773155911377103E+01
    4.10000000E+01      -6.050034423111489446E+01
    4.20000000E+01      -6.219117242223134667E+01
    4.30000000E+01      -6.386986288553586633E+01
    4.40000000E+01      -6.553651815591862828E+01
    4.50000000E+01      -6.719029740741959245E+01
    4.60000000E+01      -6.883130630789807469E+01
    4.70000000E+01      -7.045894159129372269E+01
    4.80000000E+01      -7.207346311523130566E+01
    4.90000000E+01      -7.367424505515506894E+01
    5.00000000E+01      -7.526100626713147790E+01
    5.10000000E+01      -7.683432108847907216E+01
    5.20000000E+01      -7.839391373595705659E+01
    5.30000000E+01      -7.993965687914302976E+01
    5.40000000E+01      -8.147196423387637765E+01
    5.50000000E+01      -8.299007057151308686E+01
    5.60000000E+01      -8.449483045502117307E+01
    5.70000000E+01      -8.598601686893513829E+01
    5.80000000E+01      -8.746343240825942189E+01
    5.90000000E+01      -8.892803713804593713E+01
    6.00000000E+01      -9.037976723662129075E+01
    6.10000000E+01      -9.181846163733413846E+01
    6.20000000E+01      -9.324434903575590283E+01
    6.30000000E+01      -9.465713214068225057E+01
    6.40000000E+01      -9.605809630206337602E+01
    6.50000000E+01      -9.744630717983952195E+01
    6.60000000E+01      -9.882170059657207162E+01
    6.70000000E+01      -1.001851792534302774E+02
    6.80000000E+01      -1.015369824965905252E+02
    6.90000000E+01      -1.028768857394765917E+02
    7.00000000E+01      -1.042051374813031259E+02
    7.10000000E+01      -1.055210702003400627E+02
    7.20000000E+01      -1.068259834436189237E+02
    7.30000000E+01      -1.081197321818630996E+02
    7.40000000E+01      -1.094020660308610502E+02
    7.50000000E+01      -1.106730576188724342E+02
    7.60000000E+01      -1.119324947421859804E+02
    7.70000000E+01      -1.131807677776973549E+02
    7.80000000E+01      -1.144180824955414835E+02
    7.90000000E+01      -1.156450509199362102E+02
    8.00000000E+01      -1.168612502248447242E+02
    8.10000000E+01      -1.180666973212223354E+02
    8.20000000E+01      -1.192612308052789274E+02
    8.30000000E+01      -1.204446290408681932E+02
    8.40000000E+01      -1.216175148946653906E+02
    8.50000000E+01      -1.227812171386044326E+02
    8.60000000E+01      -1.239335208361457887E+02
    8.70000000E+01      -1.250759087180208269E+02
    8.80000000E+01      -1.262087845442306104E+02
    8.90000000E+01      -1.273312578381460014E+02
    9.00000000E+01      -1.284443661657582822E+02
    9.10000000E+01      -1.295479520832609239E+02
    9.20000000E+01      -1.306416805510829988E+02
    9.30000000E+01      -1.317269777984779182E+02
    9.40000000E+01      -1.328031776317816082E+02
    9.50000000E+01      -1.338708774273704591E+02
    9.60000000E+01      -1.349293534023176733E+02
    9.70000000E+01      -1.359781509706240001E+02
    9.80000000E+01      -1.370184839585285488E+02
    9.90000000E+01      -1.380501110268246237E+02
    1.00000000E+02      -1.390718552668999735E+02
    1.01000000E+02      -1.400847048082809749E+02
    1.02000000E+02      -1.410892688290636841E+02
    1.03000000E+02      -1.420854558119039837E+02
    1.04000000E+02      -1.430721570545296970E+02
    1.05000000E+02      -1.440513546088199917E+02
    1.06000000E+02      -1.450219649703662697E+02
    1.07000000E+02      -1.459843027529727522E+02
    1.08000000E+02      -1.469390122977506223E+02
    1.09000000E+02      -1.478838763435792032E+02
    1.10000000E+02      -1.488211601910602155E+02
    1.11000000E+02      -1.497495723733167949E+02
    1.12000000E+02      -1.506692480755459371E+02
    1.13000000E+02      -1.515803063673388067E+02
    1.14000000E+02      -1.524825881061564985E+02
    1.15000000E+02      -1.533769334101538959E+02
    1.16000000E+02      -1.542617196863006654E+02
    1.17000000E+02      -1.551381567207585874E+02
    1.18000000E+02      -1.560056197618555132E+02
    1.19000000E+02      -1.568644562376152578E+02
    1.20000000E+02      -1.577153397550295892E+02
    1.21000000E+02      -1.585563615498553816E+02
    1.22000000E+02      -1.593884776880454126E+02
    1.23000000E+02      -1.602117803072046343E+02
    1.24000000E+02      -1.610252093815665546E+02
    1.25000000E+02      -1.618294586942951980E+02
    1.26000000E+02      -1.626238467426460090E+02
    1.27000000E+02      -1.634095800606023374E+02
    1.28000000E+02      -1.641864058816294971E+02
    1.29000000E+02      -1.649534804777663055E+02
    1.30000000E+02      -1.657106739276509586E+02
    1.31000000E+02      -1.664569115520875755E+02
    1.32000000E+02      -1.671955966365944448E+02
    1.33000000E+02      -1.679234630086880031E+02
    1.34000000E+02      -1.686406922483306232E+02
    1.35000000E+02      -1.693480368827890459E+02
    1.36000000E+02      -1.700441960723560157E+02
    1.37000000E+02      -1.707311744646590057E+02
    1.38000000E+02      -1.714075167489658895E+02
    1.39000000E+02      -1.720747832687061134E+02
    1.40000000E+02      -1.727303774406622949E+02
    1.41000000E+02      -1.733755047426979843E+02
    1.42000000E+02      -1.740099128348242346E+02
    1.43000000E+02      -1.746335575350981060E+02
    1.44000000E+02      -1.752480013085018697E+02
    1.45000000E+02      -1.758522745346139970E+02
    1.46000000E+02      -1.764463168302040401E+02
    1.47000000E+02      -1.770299349048595730E+02
    1.48000000E+02      -1.776023034745316806E+02
    1.49000000E+02      -1.781657186014067236E+02
    1.50000000E+02      -1.787183360618959966E+02
    1.51000000E+02      -1.792613026847552362E+02
    1.52000000E+02      -1.797903826584528986E+02
    1.53000000E+02      -1.803159632956098619E+02
    1.54000000E+02      -1.808331046265970770E+02
    1.55000000E+02      -1.813371205510061088E+02
    1.56000000E+02      -1.818359405317764583E+02
    1.57000000E+02      -1.823259532352398935E+02
    1.58000000E+02      -1.828091857632111612E+02
    1.59000000E+02      -1.832849135448645654E+02
    1.60000000E+02      -1.837531384596090618E+02
    1.61000000E+02      -1.842141664636742178E+02
    1.62000000E+02      -1.846682959490876499E+02
    1.63000000E+02      -1.851152090442787710E+02
    1.64000000E+02      -1.855566465401511493E+02
    1.65000000E+02      -1.859918791254471842E+02
    1.66000000E+02      -1.864204343905161920E+02
    1.67000000E+02      -1.868446115286510292E+02
    1.68000000E+02      -1.872623871297996345E+02
    1.69000000E+02      -1.876746297845106426E+02
    1.70000000E+02      -1.880810945363204780E+02
    1.71000000E+02      -1.884829264891754690E+02
    1.72000000E+02      -1.888792763681571785E+02
    1.73000000E+02      -1.892714945034544769E+02
    1.74000000E+02      -1.896600256053220335E+02
    1.75000000E+02      -1.900430262250315252E+02
    1.76000000E+02      -1.904212739666413370E+02
    1.77000000E+02      -1.907959844259034696E+02
    1.78000000E+02      -1.911653274589639011E+02
    1.79000000E+02      -1.915309955900024477E+02
    1.80000000E+02      -1.918930127540092769E+02
    1.81000000E+02      -1.922499937800180021E+02
    1.82000000E+02      -1.926024913185696903E+02
    1.83000000E+02      -1.929510946342211071E+02
    1.84000000E+02      -1.932960702957074943E+02
    1.85000000E+02      -1.936366484084587398E+02
    1.86000000E+02      -1.939738546249877515E+02
    1.87000000E+02      -1.943074357279997173E+02
    1.88000000E+02      -1.946370821346949640E+02
    1.89000000E+02      -1.949641081423919502E+02
    1.90000000E+02      -1.952876052421938482E+02
    1.91000000E+02      -1.956065899984400573E+02
    1.92000000E+02      -1.959219732632350031E+02
    1.93000000E+02      -1.962329335113476816E+02
    1.94000000E+02      -1.965395737917583290E+02
    1.95000000E+02      -1.968439954811196628E+02
    1.96000000E+02      -1.971425762151788774E+02
    1.97000000E+02      -1.974373742913316789E+02
    1.98000000E+02      -1.977298332297663990E+02
    1.99000000E+02      -1.980175277528773847E+02
    2.00000000E+02      -1.983004011300813261E+02
    2.01000000E+02      -1.985790472043167654E+02
    2.02000000E+02      -1.988527178758244816E+02
    2.03000000E+02      -1.991239388765256706E+02
    2.04000000E+02      -1.993896261689673963E+02
    2.05000000E+02      -1.996494493310760561E+02
    2.06000000E+02      -1.999057423447679582E+02
    2.07000000E+02      -2.001560456411402527E+02
    2.08000000E+02      -2.004009241194885078E+02
    2.09000000E+02      -2.006396853154014650E+02
    2.10000000E+02      -2.008729034246366325E+02
    2.11000000E+02      -2.011003851158033910E+02
    2.12000000E+02      -2.013215682351451221E+02
    2.13000000E+02      -2.015367896085094515E+02
    2.14000000E+02      -2.017461571948092285E+02
    2.15000000E+02      -2.019452895124863687E+02
    2.16000000E+02      -2.021383852878074947E+02
    2.17000000E+02      -2.023246493091296259E+02
    2.18000000E+02      -2.025036736273627582E+02
    2.19000000E+02      -2.026749095798890892E+02
    2.20000000E+02      -2.028362557826053205E+02
    2.21000000E+02      -2.029888097283851209E+02
    2.22000000E+02      -2.031333992288868728E+02
    2.23000000E+02      -2.032670825285326544E+02
    2.24000000E+02      -2.033951746796678606E+02
    2.25000000E+02      -2.035139421181242767E+02
    2.26000000E+02      -2.036208516260098520E+02
    2.27000000E+02      -2.037226935339581075E+02
    2.28000000E+02      -2.038160835405301157E+02
    2.29000000E+02      -2.038987257139246765E+02
    2.30000000E+02      -2.039707038955252472E+02
    2.31000000E+02      -2.040322305870663229E+02
    2.32000000E+02      -2.040872327753763500E+02
    2.33000000E+02      -2.041329843339931074E+02
    2.34000000E+02      -2.041669450358908477E+02
    2.35000000E+02      -2.041919568491589132E+02
    2.36000000E+02      -2.042076711331914964E+02
    2.37000000E+02      -2.042126682022075954E+02
    2.38000000E+02      -2.042069985860448185E+02
    2.39000000E+02      -2.041905125503849092E+02
    2.40000000E+02      -2.041642704152922931E+02
    2.41000000E+02      -2.041269321174781624E+02
    2.42000000E+02      -2.040803403494369093E+02
    2.43000000E+02      -2.040222199068825546E+02
    2.44000000E+02      -2.039544642803680006E+02
    2.45000000E+02      -2.038748447553675476E+02
    2.46000000E+02      -2.037837274720381799E+02
    2.47000000E+02      -2.036807985392819944E+02
    2.48000000E+02      -2.035715858799826208E+02
    2.49000000E+02      -2.034502322593193355E+02
    2.50000000E+02      -2.033200581607829633E+02
    2.51000000E+02      -2.031795521242033544E+02
    2.52000000E+02      -2.030309638617049757E+02
    2.53000000E+02      -2.028757339989255968E+02
    2.54000000E+02      -2.027128019717942777E+02
    2.55000000E+02      -2.025430044395338598E+02
    2.56000000E+02      -2.023626086761664453E+02
    2.57000000E+02      -2.021717766237865987E+02
    2.58000000E+02      -2.019730157827447954E+02
    2.59000000E+02      -2.017672091753642860E+02
    2.60000000E+02      -2.015535126843910518E+02
    2.61000000E+02      -2.013304258765142265E+02
    2.62000000E+02      -2.011013979756694141E+02
    2.63000000E+02      -2.008638327450912300E+02
    2.64000000E+02      -2.006164412063967291E+02
    2.65000000E+02      -2.003563273971389833E+02
    2.66000000E+02      -2.000928074450652900E+02
    2.67000000E+02      -1.998186989495020214E+02
    2.68000000E+02      -1.995398824972521368E+02
    2.69000000E+02      -1.992514811245214048E+02
    2.70000000E+02      -1.989545482614498439E+02
    2.71000000E+02      -1.986477009387176338E+02
    2.72000000E+02      -1.983351337680082622E+02
    2.73000000E+02      -1.980142765262584987E+02
    2.74000000E+02      -1.976822408114980760E+02
    2.75000000E+02      -1.973409364403646293E+02
    2.76000000E+02      -1.969918572952460352E+02
    2.77000000E+02      -1.966323198651384416E+02
    2.78000000E+02      -1.962734830820422474E+02
    2.79000000E+02      -1.958987286103378835E+02
    2.80000000E+02      -1.955149709091942611E+02
    2.81000000E+02      -1.951255053964864317E+02
    2.82000000E+02      -1.947230413810770813E+02
    2.83000000E+02      -1.943126355571161810E+02
    2.84000000E+02      -1.938913626646112505E+02
    2.85000000E+02      -1.934617985015224519E+02
    2.86000000E+02      -1.930235664167862240E+02
    2.87000000E+02      -1.925717823294412199E+02
    2.88000000E+02      -1.921139858135443035E+02
    2.89000000E+02      -1.916446082455526891E+02
    2.90000000E+02      -1.911651260418306890E+02
    2.91000000E+02      -1.906791442999105755E+02
    2.92000000E+02      -1.901806043939154449E+02
    2.93000000E+02      -1.896713175618510547E+02
    2.94000000E+02      -1.891507326097648445E+02
    2.95000000E+02      -1.886166695294391218E+02
    2.96000000E+02      -1.880693943457167450E+02
    2.97000000E+02      -1.875156531216066185E+02
    2.98000000E+02      -1.869455926151435676E+02
    2.99000000E+02      -1.863714098216455284E+02
    3.00000000E+02      -1.857772546944629255E+02
    3.01000000E+02      -1.851748775591563287E+02
    3.02000000E+02      -1.845575978414576355E+02
    3.03000000E+02      -1.839238877923648658E+02
    3.04000000E+02      -1.832824414235960546E+02
    3.05000000E+02      -1.826246609290551248E+02
    3.06000000E+02      -1.819514616907995048E+02
    3.07000000E+02      -1.812697585032742325E+02
    3.08000000E+02      -1.805830482499163452E+02
    3.09000000E+02      -1.798720365197818580E+02
    3.10000000E+02      -1.791542009612034860E+02
    3.11000000E+02      -1.784211435088377300E+02
    3.12000000E+02      -1.776786933758716884E+02
    3.13000000E+02      -1.769268459131430689E+02
    3.14000000E+02      -1.761651782704006735E+02
    3.15000000E+02      -1.753928019044410291E+02
    3.16000000E+02      -1.746102404551070038E+02
    3.17000000E+02      -1.738159468912940326E+02
    3.18000000E+02      -1.730162650173019472E+02
    3.19000000E+02      -1.722031007067721191E+02
    3.20000000E+02      -1.713815538430075947E+02
    3.21000000E+02      -1.705524196302007738E+02
    3.22000000E+02      -1.697134820812802616E+02
    3.23000000E+02      -1.688647875872861448E+02
    3.24000000E+02      -1.680111080308865610E+02
    3.25000000E+02      -1.671522427809845510E+02
    3.26000000E+02      -1.662837274589996639E+02
    3.27000000E+02      -1.654083143801849189E+02
    3.28000000E+02      -1.645287049443881813E+02
    3.29000000E+02      -1.636415109106760326E+02
    3.30000000E+02      -1.627420884327452484E+02
    3.31000000E+02      -1.618397467279296222E+02
    3.32000000E+02      -1.609287728623907867E+02
    3.33000000E+02      -1.600114796621214452E+02
    3.34000000E+02      -1.590912165337662998E+02
    3.35000000E+02      -1.581604585660111013E+02
    3.36000000E+02      -1.572236309417944256E+02
    3.37000000E+02      -1.562856482168149057E+02
    3.38000000E+02      -1.553470444021236005E+02
    3.39000000E+02      -1.544038328485052887E+02
    3.40000000E+02      -1.534567940061401430E+02
    3.41000000E+02      -1.525159925644706789E+02
    3.42000000E+02      -1.515811131851237121E+02
    3.43000000E+02      -1.506465698735277954E+02
    3.44000000E+02      -1.497177086093883815E+02
    3.45000000E+02      -1.487867524394254986E+02
    3.46000000E+02      -1.478674004146318737E+02
    3.47000000E+02      -1.469557034497570100E+02
    3.48000000E+02      -1.460428653353314701E+02
    3.49000000E+02      -1.451433867247264686E+02
    3.50000000E+02      -1.442463362657885853E+02
    3.51000000E+02      -1.433515992996703687E+02
    3.52000000E+02      -1.424604030431669059E+02
    3.53000000E+02      -1.415732426171611849E+02
    3.54000000E+02      -1.406939327077429596E+02
    3.55000000E+02      -1.398226148386906686E+02
    3.56000000E+02      -1.389566947178404632E+02
    3.57000000E+02      -1.381000669126819673E+02
    3.58000000E+02      -1.372546144587408605E+02
    3.59000000E+02      -1.364151193642478290E+02
    3.60000000E+02      -1.355834641860287491E+02
    3.61000000E+02      -1.347678096735339466E+02
    3.62000000E+02      -1.339554787383835617E+02
    3.63000000E+02      -1.331577730824660364E+02
    3.64000000E+02      -1.323595240836452547E+02
    3.65000000E+02      -1.315866123338650766E+02
    3.66000000E+02      -1.308211785902689996E+02
    3.67000000E+02      -1.300703178135167661E+02
    3.68000000E+02      -1.293291482546787563E+02
    3.69000000E+02      -1.285968179510395828E+02
    3.70000000E+02      -1.278860539564352337E+02
    3.71000000E+02      -1.271849436716597381E+02
    3.72000000E+02      -1.264958154702048603E+02
    3.73000000E+02      -1.258209968743335310E+02
    3.74000000E+02      -1.251706777767699066E+02
    3.75000000E+02      -1.245332230360668007E+02
    3.76000000E+02      -1.239052954663943353E+02
    3.77000000E+02      -1.232908194431524578E+02
    3.78000000E+02      -1.227039182180028263E+02
    3.79000000E+02      -1.221331874424081150E+02
    3.80000000E+02      -1.215736340166490379E+02
    3.81000000E+02      -1.210394946721803251E+02
    3.82000000E+02      -1.205202984803777042E+02
    3.83000000E+02      -1.200224785612385574E+02
    3.84000000E+02      -1.195496899907898012E+02
    3.85000000E+02      -1.191020808418702188E+02
    3.86000000E+02      -1.186706038092683855E+02
    3.87000000E+02      -1.182630882909010950E+02
    3.88000000E+02      -1.178859112442891899E+02
    3.89000000E+02      -1.175240715382110182E+02
    3.90000000E+02      -1.171803294674914184E+02
    3.91000000E+02      -1.168556871668856445E+02
    3.92000000E+02      -1.165649013736706081E+02
    3.93000000E+02      -1.163029041172426048E+02
    3.94000000E+02      -1.160566883416335884E+02
    3.95000000E+02      -1.158368373712014261E+02
    3.96000000E+02      -1.156516110499810281E+02
    3.97000000E+02      -1.154915001200001541E+02
    3.98000000E+02      -1.153602523611347976E+02
    3.99000000E+02      -1.152554401507090631E+02
    4.00000000E+02      -1.151853466046463552E+02
    4.01000000E+02      -1.151346658257257047E+02
    4.02000000E+02      -1.151200728112321201E+02
    4.03000000E+02      -1.151318419699977937E+02
    4.04000000E+02      -1.151825376649807993E+02
    4.05000000E+02      -1.152617955518375936E+02
    4.06000000E+02      -1.153739144255827966E+02
    4.07000000E+02      -1.155128180006008449E+02
    4.08000000E+02      -1.156876558618109527E+02
    4.09000000E+02      -1.158956541282545629E+02
    4.10000000E+02      -1.161428202682595554E+02
    4.11000000E+02      -1.164235932597379986E+02
    4.12000000E+02      -1.167435407166790071E+02
    4.13000000E+02      -1.171067074922334257E+02
    4.14000000E+02      -1.174856738088141981E+02
    4.15000000E+02      -1.179262866297226253E+02
    4.16000000E+02      -1.183781473500143591E+02
    4.17000000E+02      -1.188846619551490846E+02
    4.18000000E+02      -1.194297372431915107E+02
    4.19000000E+02      -1.200082610373806062E+02
    4.20000000E+02      -1.206475279231976572E+02
    4.21000000E+02      -1.213061571822922531E+02
    4.22000000E+02      -1.220193400972943607E+02
    4.23000000E+02      -1.227678026122461858E+02
    4.24000000E+02      -1.235607505937527719E+02
    4.25000000E+02      -1.244076669079672399E+02
    4.26000000E+02      -1.252952583481978479E+02
    4.27000000E+02      -1.262222215117376152E+02
    4.28000000E+02      -1.272087781050663295E+02
    4.29000000E+02      -1.282312925768505636E+02
    4.30000000E+02      -1.293242217556994262E+02
    4.31000000E+02      -1.304488839966665807E+02
    4.32000000E+02      -1.316405281194906536E+02
    4.33000000E+02      -1.328650741217147413E+02
    4.34000000E+02      -1.341472093531351391E+02
    4.35000000E+02      -1.354717062016438547E+02
    4.36000000E+02      -1.368569508896630111E+02
    4.37000000E+02      -1.382872089253228012E+02
    4.38000000E+02      -1.397605583698909584E+02
    4.39000000E+02      -1.413265811217438284E+02
    4.40000000E+02      -1.429358450335871282E+02
    4.41000000E+02      -1.445790363525461260E+02
    4.42000000E+02      -1.462948964679103199E+02
    4.43000000E+02      -1.480700276003639999E+02
    4.44000000E+02      -1.499025570017706457E+02
    4.45000000E+02      -1.517792813194405142E+02
    4.46000000E+02      -1.537256255609404150E+02
    4.47000000E+02      -1.557216348474334779E+02
    4.48000000E+02      -1.577925123473118845E+02
    4.49000000E+02      -1.599173342393200699E+02
    4.50000000E+02      -1.620925841232251230E+02
    4.51000000E+02      -1.643659473148595396E+02
    4.52000000E+02      -1.667059405588965717E+02
    4.53000000E+02      -1.690866848224263492E+02
    4.54000000E+02      -1.715237559819083515E+02
    4.55000000E+02      -1.740268668321382108E+02
    4.56000000E+02      -1.766252391574393812E+02
    4.57000000E+02      -1.792562872239809337E+02
    4.58000000E+02      -1.819744385642420355E+02
    4.59000000E+02      -1.847794079718600813E+02
    4.60000000E+02      -1.876344318625938001E+02
    4.61000000E+02      -1.905453791090708080E+02
    4.62000000E+02      -1.935487611157309118E+02
    4.63000000E+02      -1.966157328405838314E+02
    4.64000000E+02      -1.997725189694624248E+02
    4.65000000E+02      -2.029985090935092273E+02
    4.66000000E+02      -2.062815046527843776E+02
    4.67000000E+02      -2.096568108474325243E+02
    4.68000000E+02      -2.130960534767668548E+02
    4.69000000E+02      -2.166309661449353996E+02
    4.70000000E+02      -2.202398035576056543E+02
    4.71000000E+02      -2.239212836076926294E+02
    4.72000000E+02      -2.276997903020541969E+02
    4.73000000E+02      -2.315535286379467550E+02
    4.74000000E+02      -2.354937829872082773E+02
    4.75000000E+02      -2.395136805058877769E+02
    4.76000000E+02      -2.436065081873398128E+02
    4.77000000E+02      -2.477984018673609796E+02
    4.78000000E+02      -2.521239560296248499E+02
    4.79000000E+02      -2.565242748962204473E+02
    4.80000000E+02      -2.609934966409068124E+02
    4.81000000E+02      -2.655321182211350219E+02
    4.82000000E+02      -2.696907903173427599E+02
    4.83000000E+02      -2.734831290369342582E+02
    4.84000000E+02      -2.770118507736783044E+02
    4.85000000E+02      -2.850475388777862804E+02
    4.86000000E+02      -2.893489506685595529E+02
    4.87000000E+02      -2.936485375606875436E+02
    4.88000000E+02      -2.952740829525004642E+02
    4.89000000E+02      -3.000902620249848383E+02
    4.90000000E+02      -3.058651714859019535E+02
    4.91000000E+02      -3.111219072540711181E+02
    4.92000000E+02      -3.145094848567109125E+02
    4.93000000E+02      -3.225104886566709297E+02
    4.94000000E+02      -3.286719452937554138E+02
    4.95000000E+02      -3.348077213627706783E+02
    4.96000000E+02      -3.400396345512430685E+02
    4.97000000E+02      -3.453168410745869892E+02
    4.98000000E+02      -3.507841189069162624E+02
    4.99000000E+02      -3.563486419146369713E+02
    5.00000000E+02      -3.622451171570878046E+02
    5.01000000E+02      -3.683460115039210336E+02
    5.02000000E+02      -3.741629733437161462E+02
    5.03000000E+02      -3.802369770476083772E+02
    5.04000000E+02      -3.861421257474880235E+02
    5.05000000E+02      -3.920007214502851980E+02
    5.06000000E+02      -3.976522937001149671E+02
    5.07000000E+02      -3.903527278242121952E+02
    5.08000000E+02      -3.912312658218156116E+02
    5.09000000E+02      -3.975541144957255142E+02
    5.10000000E+02      -4.007013301098208444E+02
