    0.0000000000E+00     -0.1420926936E+02
    0.1000000000E+01     -0.1175420321E+02
    0.2000000000E+01     -0.9972254962E+01
    0.3000000000E+01     -0.8575877731E+01
    0.4000000000E+01     -0.7447037434E+01
    0.5000000000E+01     -0.6521157244E+01
    0.6000000000E+01     -0.5757313401E+01
    0.7000000000E+01     -0.5127439323E+01
    0.8000000000E+01     -0.4611349909E+01
    0.9000000000E+01     -0.4193033241E+01
    0.1000000000E+02     -0.3859778107E+01
    0.1100000000E+02     -0.3601826014E+01
    0.1200000000E+02     -0.3411065139E+01
    0.1300000000E+02     -0.3280233977E+01
    0.1400000000E+02     -0.3204027702E+01
    0.1500000000E+02     -0.3177000086E+01
    0.1600000000E+02     -0.3194393496E+01
    0.1700000000E+02     -0.3252646892E+01
    0.1800000000E+02     -0.3348496673E+01
    0.1900000000E+02     -0.3478855732E+01
    0.2000000000E+02     -0.3640656225E+01
    0.2100000000E+02     -0.3831695550E+01
    0.2200000000E+02     -0.4049516834E+01
    0.2300000000E+02     -0.4292283193E+01
    0.2400000000E+02     -0.4558217781E+01
    0.2500000000E+02     -0.4845316549E+01
    0.2600000000E+02     -0.5152328428E+01
    0.2700000000E+02     -0.5477420503E+01
    0.2800000000E+02     -0.5819642789E+01
    0.2900000000E+02     -0.6177845723E+01
    0.3000000000E+02     -0.6550408454E+01
    0.3100000000E+02     -0.6936277940E+01
    0.3200000000E+02     -0.7334806580E+01
    0.3300000000E+02     -0.7744831672E+01
    0.3400000000E+02     -0.8165422189E+01
    0.3500000000E+02     -0.8596180799E+01
    0.3600000000E+02     -0.9035929048E+01
    0.3700000000E+02     -0.9484365111E+01
    0.3800000000E+02     -0.9939896817E+01
    0.3900000000E+02     -0.1040241490E+02
    0.4000000000E+02     -0.1087190898E+02
    0.4100000000E+02     -0.1134757241E+02
    0.4200000000E+02     -0.1182771304E+02
    0.4300000000E+02     -0.1231305837E+02
    0.4400000000E+02     -0.1280269832E+02
    0.4500000000E+02     -0.1329648541E+02
    0.4600000000E+02     -0.1379312169E+02
    0.4700000000E+02     -0.1429293295E+02
    0.4800000000E+02     -0.1479529736E+02
    0.4900000000E+02     -0.1529955202E+02
    0.5000000000E+02     -0.1580527371E+02
    0.5100000000E+02     -0.1631261455E+02
    0.5200000000E+02     -0.1682120139E+02
    0.5300000000E+02     -0.1733068125E+02
    0.5400000000E+02     -0.1784054538E+02
    0.5500000000E+02     -0.1835124265E+02
    0.5600000000E+02     -0.1886177407E+02
    0.5700000000E+02     -0.1937217862E+02
    0.5800000000E+02     -0.1988170111E+02
    0.5900000000E+02     -0.2038977168E+02
    0.6000000000E+02     -0.2089743075E+02
    0.6100000000E+02     -0.2140355320E+02
    0.6200000000E+02     -0.2190834309E+02
    0.6300000000E+02     -0.2241193670E+02
    0.6400000000E+02     -0.2291334908E+02
    0.6500000000E+02     -0.2341343732E+02
    0.6600000000E+02     -0.2391090346E+02
    0.6700000000E+02     -0.2440589879E+02
    0.6800000000E+02     -0.2489879583E+02
    0.6900000000E+02     -0.2538908834E+02
    0.7000000000E+02     -0.2587605427E+02
    0.7100000000E+02     -0.2636101646E+02
    0.7200000000E+02     -0.2684266081E+02
    0.7300000000E+02     -0.2732093779E+02
    0.7400000000E+02     -0.2779570571E+02
    0.7500000000E+02     -0.2826695947E+02
    0.7600000000E+02     -0.2873487827E+02
    0.7700000000E+02     -0.2919897629E+02
    0.7800000000E+02     -0.2966006822E+02
    0.7900000000E+02     -0.3011672151E+02
    0.8000000000E+02     -0.3056928438E+02
    0.8100000000E+02     -0.3101776364E+02
    0.8200000000E+02     -0.3146258563E+02
    0.8300000000E+02     -0.3190350989E+02
    0.8400000000E+02     -0.3233989655E+02
    0.8500000000E+02     -0.3277264568E+02
    0.8600000000E+02     -0.3320128667E+02
    0.8700000000E+02     -0.3362519799E+02
    0.8800000000E+02     -0.3404481923E+02
    0.8900000000E+02     -0.3445994654E+02
    0.9000000000E+02     -0.3487114653E+02
    0.9100000000E+02     -0.3527659298E+02
    0.9200000000E+02     -0.3567862688E+02
    0.9300000000E+02     -0.3607588917E+02
    0.9400000000E+02     -0.3646966656E+02
    0.9500000000E+02     -0.3685795483E+02
    0.9600000000E+02     -0.3724137639E+02
    0.9700000000E+02     -0.3762054556E+02
    0.9800000000E+02     -0.3799523973E+02
    0.9900000000E+02     -0.3836565724E+02
    0.1000000000E+03     -0.3873107492E+02
    0.1010000000E+03     -0.3909208625E+02
    0.1020000000E+03     -0.3944775446E+02
    0.1030000000E+03     -0.3979894091E+02
    0.1040000000E+03     -0.4014608996E+02
    0.1050000000E+03     -0.4048829472E+02
    0.1060000000E+03     -0.4082506990E+02
    0.1070000000E+03     -0.4115805001E+02
    0.1080000000E+03     -0.4148524632E+02
    0.1090000000E+03     -0.4180779890E+02
    0.1100000000E+03     -0.4212632958E+02
    0.1110000000E+03     -0.4244031245E+02
    0.1120000000E+03     -0.4274948562E+02
    0.1130000000E+03     -0.4305269924E+02
    0.1140000000E+03     -0.4335267907E+02
    0.1150000000E+03     -0.4364754197E+02
    0.1160000000E+03     -0.4393689229E+02
    0.1170000000E+03     -0.4422100450E+02
    0.1180000000E+03     -0.4450160961E+02
    0.1190000000E+03     -0.4477666659E+02
    0.1200000000E+03     -0.4504702444E+02
    0.1210000000E+03     -0.4531329835E+02
    0.1220000000E+03     -0.4557300871E+02
    0.1230000000E+03     -0.4582910250E+02
    0.1240000000E+03     -0.4608139021E+02
    0.1250000000E+03     -0.4632724152E+02
    0.1260000000E+03     -0.4656803979E+02
    0.1270000000E+03     -0.4680503252E+02
    0.1280000000E+03     -0.4703693755E+02
    0.1290000000E+03     -0.4726429125E+02
    0.1300000000E+03     -0.4748631162E+02
    0.1310000000E+03     -0.4770447446E+02
    0.1320000000E+03     -0.4791834135E+02
    0.1330000000E+03     -0.4812657174E+02
    0.1340000000E+03     -0.4832943185E+02
    0.1350000000E+03     -0.4852799260E+02
    0.1360000000E+03     -0.4872212409E+02
    0.1370000000E+03     -0.4891247902E+02
    0.1380000000E+03     -0.4909750867E+02
    0.1390000000E+03     -0.4927748401E+02
    0.1400000000E+03     -0.4945259099E+02
    0.1410000000E+03     -0.4962191090E+02
    0.1420000000E+03     -0.4978684091E+02
    0.1430000000E+03     -0.4994814309E+02
    0.1440000000E+03     -0.5010459622E+02
    0.1450000000E+03     -0.5025558570E+02
    0.1460000000E+03     -0.5040120836E+02
    0.1470000000E+03     -0.5054287365E+02
    0.1480000000E+03     -0.5067942556E+02
    0.1490000000E+03     -0.5081048804E+02
    0.1500000000E+03     -0.5093779480E+02
    0.1510000000E+03     -0.5106113447E+02
    0.1520000000E+03     -0.5118101427E+02
    0.1530000000E+03     -0.5129607222E+02
    0.1540000000E+03     -0.5140446436E+02
    0.1550000000E+03     -0.5151063728E+02
    0.1560000000E+03     -0.5161077154E+02
    0.1570000000E+03     -0.5170675617E+02
    0.1580000000E+03     -0.5179692300E+02
    0.1590000000E+03     -0.5188142137E+02
    0.1600000000E+03     -0.5196266706E+02
    0.1610000000E+03     -0.5203951574E+02
    0.1620000000E+03     -0.5211185199E+02
    0.1630000000E+03     -0.5217938704E+02
    0.1640000000E+03     -0.5224197406E+02
    0.1650000000E+03     -0.5230104081E+02
    0.1660000000E+03     -0.5235487843E+02
    0.1670000000E+03     -0.5240281895E+02
    0.1680000000E+03     -0.5244631772E+02
    0.1690000000E+03     -0.5248604839E+02
    0.1700000000E+03     -0.5252161813E+02
    0.1710000000E+03     -0.5255384200E+02
    0.1720000000E+03     -0.5257837993E+02
    0.1730000000E+03     -0.5259896033E+02
    0.1740000000E+03     -0.5261391036E+02
    0.1750000000E+03     -0.5262574078E+02
    0.1760000000E+03     -0.5263233505E+02
    0.1770000000E+03     -0.5263442682E+02
    0.1780000000E+03     -0.5263190037E+02
    0.1790000000E+03     -0.5262556982E+02
    0.1800000000E+03     -0.5261456112E+02
    0.1810000000E+03     -0.5259726478E+02
    0.1820000000E+03     -0.5257676523E+02
    0.1830000000E+03     -0.5255223277E+02
    0.1840000000E+03     -0.5252250710E+02
    0.1850000000E+03     -0.5248771815E+02
    0.1860000000E+03     -0.5244922417E+02
    0.1870000000E+03     -0.5240540910E+02
    0.1880000000E+03     -0.5235619099E+02
    0.1890000000E+03     -0.5230222848E+02
    0.1900000000E+03     -0.5224483233E+02
    0.1910000000E+03     -0.5218216822E+02
    0.1920000000E+03     -0.5211408473E+02
    0.1930000000E+03     -0.5204091763E+02
    0.1940000000E+03     -0.5196357698E+02
    0.1950000000E+03     -0.5188233577E+02
    0.1960000000E+03     -0.5179572888E+02
    0.1970000000E+03     -0.5170428524E+02
    0.1980000000E+03     -0.5160749533E+02
    0.1990000000E+03     -0.5150764312E+02
    0.2000000000E+03     -0.5140271188E+02
    0.2010000000E+03     -0.5129339822E+02
    0.2020000000E+03     -0.5117879090E+02
    0.2030000000E+03     -0.5106098933E+02
    0.2040000000E+03     -0.5093527438E+02
    0.2050000000E+03     -0.5080611824E+02
    0.2060000000E+03     -0.5067305548E+02
    0.2070000000E+03     -0.5053453730E+02
    0.2080000000E+03     -0.5039129447E+02
    0.2090000000E+03     -0.5024547097E+02
    0.2100000000E+03     -0.5009368142E+02
    0.2110000000E+03     -0.4993725919E+02
    0.2120000000E+03     -0.4977701291E+02
    0.2130000000E+03     -0.4961102775E+02
    0.2140000000E+03     -0.4944050365E+02
    0.2150000000E+03     -0.4926612298E+02
    0.2160000000E+03     -0.4908653738E+02
    0.2170000000E+03     -0.4890308219E+02
    0.2180000000E+03     -0.4871457593E+02
    0.2190000000E+03     -0.4852301668E+02
    0.2200000000E+03     -0.4832384118E+02
    0.2210000000E+03     -0.4812238707E+02
    0.2220000000E+03     -0.4791693891E+02
    0.2230000000E+03     -0.4770788786E+02
    0.2240000000E+03     -0.4749071650E+02
    0.2250000000E+03     -0.4727059019E+02
    0.2260000000E+03     -0.4704498158E+02
    0.2270000000E+03     -0.4681602539E+02
    0.2280000000E+03     -0.4658277185E+02
    0.2290000000E+03     -0.4634373411E+02
    0.2300000000E+03     -0.4610007113E+02
    0.2310000000E+03     -0.4585292786E+02
    0.2320000000E+03     -0.4560068898E+02
    0.2330000000E+03     -0.4534370071E+02
    0.2340000000E+03     -0.4508181826E+02
    0.2350000000E+03     -0.4481751097E+02
    0.2360000000E+03     -0.4454771787E+02
    0.2370000000E+03     -0.4427466857E+02
    0.2380000000E+03     -0.4399611856E+02
    0.2390000000E+03     -0.4371140228E+02
    0.2400000000E+03     -0.4342261616E+02
    0.2410000000E+03     -0.4313173527E+02
    0.2420000000E+03     -0.4283496298E+02
    0.2430000000E+03     -0.4253306349E+02
    0.2440000000E+03     -0.4222765681E+02
    0.2450000000E+03     -0.4191699330E+02
    0.2460000000E+03     -0.4160327057E+02
    0.2470000000E+03     -0.4128534782E+02
    0.2480000000E+03     -0.4096358197E+02
    0.2490000000E+03     -0.4063621832E+02
    0.2500000000E+03     -0.4030583353E+02
    0.2510000000E+03     -0.3997061371E+02
    0.2520000000E+03     -0.3962926487E+02
    0.2530000000E+03     -0.3928689225E+02
    0.2540000000E+03     -0.3894003245E+02
    0.2550000000E+03     -0.3858717575E+02
    0.2560000000E+03     -0.3823092599E+02
    0.2570000000E+03     -0.3787079210E+02
    0.2580000000E+03     -0.3750759719E+02
    0.2590000000E+03     -0.3713970445E+02
    0.2600000000E+03     -0.3676996538E+02
    0.2610000000E+03     -0.3639601397E+02
    0.2620000000E+03     -0.3602148721E+02
    0.2630000000E+03     -0.3564070167E+02
    0.2640000000E+03     -0.3525722310E+02
    0.2650000000E+03     -0.3487006218E+02
    0.2660000000E+03     -0.3448070647E+02
    0.2670000000E+03     -0.3408509960E+02
    0.2680000000E+03     -0.3368819034E+02
    0.2690000000E+03     -0.3328829934E+02
    0.2700000000E+03     -0.3288421656E+02
    0.2710000000E+03     -0.3247830803E+02
    0.2720000000E+03     -0.3206950619E+02
    0.2730000000E+03     -0.3165815819E+02
    0.2740000000E+03     -0.3124237705E+02
    0.2750000000E+03     -0.3082342552E+02
    0.2760000000E+03     -0.3040236860E+02
    0.2770000000E+03     -0.2997958344E+02
    0.2780000000E+03     -0.2955537320E+02
    0.2790000000E+03     -0.2912776809E+02
    0.2800000000E+03     -0.2869886087E+02
    0.2810000000E+03     -0.2827238325E+02
    0.2820000000E+03     -0.2783822218E+02
    0.2830000000E+03     -0.2740511484E+02
    0.2840000000E+03     -0.2696788205E+02
    0.2850000000E+03     -0.2653015674E+02
    0.2860000000E+03     -0.2609276187E+02
    0.2870000000E+03     -0.2564960629E+02
    0.2880000000E+03     -0.2520911776E+02
    0.2890000000E+03     -0.2476792932E+02
    0.2900000000E+03     -0.2432467759E+02
    0.2910000000E+03     -0.2388077180E+02
    0.2920000000E+03     -0.2343515553E+02
    0.2930000000E+03     -0.2299332505E+02
    0.2940000000E+03     -0.2255125835E+02
    0.2950000000E+03     -0.2210788201E+02
    0.2960000000E+03     -0.2166655678E+02
    0.2970000000E+03     -0.2122768684E+02
    0.2980000000E+03     -0.2078521000E+02
    0.2990000000E+03     -0.2034568086E+02
    0.3000000000E+03     -0.1990896130E+02
    0.3010000000E+03     -0.1947263010E+02
    0.3020000000E+03     -0.1903696677E+02
    0.3030000000E+03     -0.1860276533E+02
    0.3040000000E+03     -0.1817193647E+02
    0.3050000000E+03     -0.1774133643E+02
    0.3060000000E+03     -0.1731522491E+02
    0.3070000000E+03     -0.1689153861E+02
    0.3080000000E+03     -0.1647329985E+02
    0.3090000000E+03     -0.1605032732E+02
    0.3100000000E+03     -0.1563347153E+02
    0.3110000000E+03     -0.1521862405E+02
    0.3120000000E+03     -0.1480678988E+02
    0.3130000000E+03     -0.1440004079E+02
    0.3140000000E+03     -0.1399924120E+02
    0.3150000000E+03     -0.1360142680E+02
    0.3160000000E+03     -0.1320681706E+02
    0.3170000000E+03     -0.1281659147E+02
    0.3180000000E+03     -0.1243339511E+02
    0.3190000000E+03     -0.1205420982E+02
    0.3200000000E+03     -0.1167757934E+02
    0.3210000000E+03     -0.1131001270E+02
    0.3220000000E+03     -0.1094867958E+02
    0.3230000000E+03     -0.1058996315E+02
    0.3240000000E+03     -0.1023855651E+02
    0.3250000000E+03     -0.9893781176E+01
    0.3260000000E+03     -0.9552962940E+01
    0.3270000000E+03     -0.9220050202E+01
    0.3280000000E+03     -0.8893780563E+01
    0.3290000000E+03     -0.8574301788E+01
    0.3300000000E+03     -0.8263167345E+01
    0.3310000000E+03     -0.7962669864E+01
    0.3320000000E+03     -0.7666267678E+01
    0.3330000000E+03     -0.7382890579E+01
    0.3340000000E+03     -0.7104382885E+01
    0.3350000000E+03     -0.6834191268E+01
    0.3360000000E+03     -0.6574284420E+01
    0.3370000000E+03     -0.6323490468E+01
    0.3380000000E+03     -0.6082052638E+01
    0.3390000000E+03     -0.5844593285E+01
    0.3400000000E+03     -0.5622158737E+01
    0.3410000000E+03     -0.5409962358E+01
    0.3420000000E+03     -0.5211095462E+01
    0.3430000000E+03     -0.5019288655E+01
    0.3440000000E+03     -0.4848545318E+01
    0.3450000000E+03     -0.4684509359E+01
    0.3460000000E+03     -0.4533674726E+01
    0.3470000000E+03     -0.4391994204E+01
    0.3480000000E+03     -0.4262404147E+01
    0.3490000000E+03     -0.4142653797E+01
    0.3500000000E+03     -0.4035717509E+01
    0.3510000000E+03     -0.3948917567E+01
    0.3520000000E+03     -0.3870077096E+01
    0.3530000000E+03     -0.3804882292E+01
    0.3540000000E+03     -0.3752517976E+01
    0.3550000000E+03     -0.3722558172E+01
    0.3560000000E+03     -0.3705983013E+01
    0.3570000000E+03     -0.3701642239E+01
    0.3580000000E+03     -0.3707590482E+01
    0.3590000000E+03     -0.3735908156E+01
    0.3600000000E+03     -0.3781399926E+01
    0.3610000000E+03     -0.3842871297E+01
    0.3620000000E+03     -0.3924483765E+01
    0.3630000000E+03     -0.4013652937E+01
    0.3640000000E+03     -0.4129050680E+01
    0.3650000000E+03     -0.4255946790E+01
    0.3660000000E+03     -0.4405186509E+01
    0.3670000000E+03     -0.4575290147E+01
    0.3680000000E+03     -0.4769371017E+01
    0.3690000000E+03     -0.4978432623E+01
    0.3700000000E+03     -0.5198389143E+01
    0.3710000000E+03     -0.5445213620E+01
    0.3720000000E+03     -0.5712198945E+01
    0.3730000000E+03     -0.6001104562E+01
    0.3740000000E+03     -0.6304108151E+01
    0.3750000000E+03     -0.6627459090E+01
    0.3760000000E+03     -0.6982161226E+01
    0.3770000000E+03     -0.7355739123E+01
    0.3780000000E+03     -0.7758264481E+01
    0.3790000000E+03     -0.8184373258E+01
    0.3800000000E+03     -0.8631331057E+01
    0.3810000000E+03     -0.9087955718E+01
    0.3820000000E+03     -0.9580095931E+01
    0.3830000000E+03     -0.1010012114E+02
    0.3840000000E+03     -0.1064396844E+02
    0.3850000000E+03     -0.1120890676E+02
    0.3860000000E+03     -0.1180808579E+02
    0.3870000000E+03     -0.1243801102E+02
    0.3880000000E+03     -0.1308857962E+02
    0.3890000000E+03     -0.1376905417E+02
    0.3900000000E+03     -0.1447603359E+02
    0.3910000000E+03     -0.1520275117E+02
    0.3920000000E+03     -0.1595527825E+02
    0.3930000000E+03     -0.1673841044E+02
    0.3940000000E+03     -0.1754809512E+02
    0.3950000000E+03     -0.1840591063E+02
    0.3960000000E+03     -0.1928145759E+02
    0.3970000000E+03     -0.2019032573E+02
    0.3980000000E+03     -0.2113762818E+02
    0.3990000000E+03     -0.2210856838E+02
    0.4000000000E+03     -0.2311814144E+02
    0.4010000000E+03     -0.2414890644E+02
    0.4020000000E+03     -0.2523130851E+02
    0.4030000000E+03     -0.2633317318E+02
    0.4040000000E+03     -0.2747078386E+02
    0.4050000000E+03     -0.2863222618E+02
    0.4060000000E+03     -0.2983833859E+02
    0.4070000000E+03     -0.3107984779E+02
    0.4080000000E+03     -0.3235001337E+02
    0.4090000000E+03     -0.3365830533E+02
    0.4100000000E+03     -0.3500238298E+02
    0.4110000000E+03     -0.3639281133E+02
    0.4120000000E+03     -0.3782004860E+02
    0.4130000000E+03     -0.3927456995E+02
    0.4140000000E+03     -0.4077869564E+02
    0.4150000000E+03     -0.4232806871E+02
    0.4160000000E+03     -0.4390808535E+02
    0.4170000000E+03     -0.4551767649E+02
    0.4180000000E+03     -0.4718053238E+02
    0.4190000000E+03     -0.4888348993E+02
    0.4200000000E+03     -0.5062168961E+02
    0.4210000000E+03     -0.5241858000E+02
    0.4220000000E+03     -0.5425298082E+02
    0.4230000000E+03     -0.5613163302E+02
    0.4240000000E+03     -0.5805134229E+02
    0.4250000000E+03     -0.6001350137E+02
    0.4260000000E+03     -0.6201768354E+02
    0.4270000000E+03     -0.6407374096E+02
    0.4280000000E+03     -0.6617068320E+02
    0.4290000000E+03     -0.6832663251E+02
    0.4300000000E+03     -0.7051486669E+02
    0.4310000000E+03     -0.7275778907E+02
    0.4320000000E+03     -0.7506263362E+02
    0.4330000000E+03     -0.7740056800E+02
    0.4340000000E+03     -0.7978088181E+02
    0.4350000000E+03     -0.8221308133E+02
    0.4360000000E+03     -0.8469583299E+02
    0.4370000000E+03     -0.8724786521E+02
    0.4380000000E+03     -0.8984882897E+02
    0.4390000000E+03     -0.9248823053E+02
    0.4400000000E+03     -0.9520553379E+02
    0.4410000000E+03     -0.9795533378E+02
    0.4420000000E+03     -0.1007365050E+03
    0.4430000000E+03     -0.1035938018E+03
    0.4440000000E+03     -0.1065015582E+03
    0.4450000000E+03     -0.1094714297E+03
    0.4460000000E+03     -0.1125017847E+03
    0.4470000000E+03     -0.1156113412E+03
    0.4480000000E+03     -0.1187567391E+03
    0.4490000000E+03     -0.1219826745E+03
    0.4500000000E+03     -0.1252176162E+03
    0.4510000000E+03     -0.1285324320E+03
    0.4520000000E+03     -0.1319137302E+03
    0.4530000000E+03     -0.1353664095E+03
    0.4540000000E+03     -0.1388557391E+03
    0.4550000000E+03     -0.1424450551E+03
    0.4560000000E+03     -0.1460805461E+03
    0.4570000000E+03     -0.1497630782E+03
    0.4580000000E+03     -0.1535404338E+03
    0.4590000000E+03     -0.1573491865E+03
    0.4600000000E+03     -0.1612416158E+03
    0.4610000000E+03     -0.1651813595E+03
    0.4620000000E+03     -0.1691857978E+03
    0.4630000000E+03     -0.1732789034E+03
    0.4640000000E+03     -0.1774451296E+03
    0.4650000000E+03     -0.1816632761E+03
    0.4660000000E+03     -0.1859622942E+03
    0.4670000000E+03     -0.1903332950E+03
    0.4680000000E+03     -0.1947884064E+03
    0.4690000000E+03     -0.1992821382E+03
    0.4700000000E+03     -0.2038632786E+03
    0.4710000000E+03     -0.2085244108E+03
    0.4720000000E+03     -0.2132450657E+03
    0.4730000000E+03     -0.2180398992E+03
    0.4740000000E+03     -0.2229060852E+03
    0.4750000000E+03     -0.2278544571E+03
    0.4760000000E+03     -0.2328969072E+03
    0.4770000000E+03     -0.2380132122E+03
    0.4780000000E+03     -0.2431896804E+03
    0.4790000000E+03     -0.2484667748E+03
    0.4800000000E+03     -0.2538223041E+03
    0.4810000000E+03     -0.2593008119E+03
    0.4820000000E+03     -0.2648001433E+03
    0.4830000000E+03     -0.2703835438E+03
    0.4840000000E+03     -0.2760131792E+03
    0.4850000000E+03     -0.2817706450E+03
