    0.0000000000E+00     -0.3034236619E+02
    0.1000000000E+01     -0.2721861374E+02
    0.2000000000E+01     -0.2477239468E+02
    0.3000000000E+01     -0.2271614984E+02
    0.4000000000E+01     -0.2093212217E+02
    0.5000000000E+01     -0.1935595213E+02
    0.6000000000E+01     -0.1794678395E+02
    0.7000000000E+01     -0.1667639845E+02
    0.8000000000E+01     -0.1552418134E+02
    0.9000000000E+01     -0.1447444963E+02
    0.1000000000E+02     -0.1351455775E+02
    0.1100000000E+02     -0.1263488144E+02
    0.1200000000E+02     -0.1182698137E+02
    0.1300000000E+02     -0.1108402096E+02
    0.1400000000E+02     -0.1039999682E+02
    0.1500000000E+02     -0.9769977724E+01
    0.1600000000E+02     -0.9189399328E+01
    0.1700000000E+02     -0.8654465457E+01
    0.1800000000E+02     -0.8161727071E+01
    0.1900000000E+02     -0.7707596085E+01
    0.2000000000E+02     -0.7290290916E+01
    0.2100000000E+02     -0.6906987838E+01
    0.2200000000E+02     -0.6555267688E+01
    0.2300000000E+02     -0.6233026325E+01
    0.2400000000E+02     -0.5938495032E+01
    0.2500000000E+02     -0.5670436992E+01
    0.2600000000E+02     -0.5426660457E+01
    0.2700000000E+02     -0.5206035963E+01
    0.2800000000E+02     -0.5007147153E+01
    0.2900000000E+02     -0.4828798275E+01
    0.3000000000E+02     -0.4669810219E+01
    0.3100000000E+02     -0.4529084686E+01
    0.3200000000E+02     -0.4405688829E+01
    0.3300000000E+02     -0.4298749703E+01
    0.3400000000E+02     -0.4207165137E+01
    0.3500000000E+02     -0.4130167921E+01
    0.3600000000E+02     -0.4067033160E+01
    0.3700000000E+02     -0.4017071443E+01
    0.3800000000E+02     -0.3979665925E+01
    0.3900000000E+02     -0.3954012778E+01
    0.4000000000E+02     -0.3939418963E+01
    0.4100000000E+02     -0.3935611405E+01
    0.4200000000E+02     -0.3941654155E+01
    0.4300000000E+02     -0.3957333272E+01
    0.4400000000E+02     -0.3982179911E+01
    0.4500000000E+02     -0.4015073431E+01
    0.4600000000E+02     -0.4056440339E+01
    0.4700000000E+02     -0.4105302031E+01
    0.4800000000E+02     -0.4161512531E+01
    0.4900000000E+02     -0.4224889349E+01
    0.5000000000E+02     -0.4294746887E+01
    0.5100000000E+02     -0.4370500574E+01
    0.5200000000E+02     -0.4452092665E+01
    0.5300000000E+02     -0.4539294150E+01
    0.5400000000E+02     -0.4631792421E+01
    0.5500000000E+02     -0.4729090954E+01
    0.5600000000E+02     -0.4831039058E+01
    0.5700000000E+02     -0.4937460232E+01
    0.5800000000E+02     -0.5048053171E+01
    0.5900000000E+02     -0.5162221417E+01
    0.6000000000E+02     -0.5279746318E+01
    0.6100000000E+02     -0.5400902159E+01
    0.6200000000E+02     -0.5525041305E+01
    0.6300000000E+02     -0.5652244510E+01
    0.6400000000E+02     -0.5781992925E+01
    0.6500000000E+02     -0.5913729016E+01
    0.6600000000E+02     -0.6048257919E+01
    0.6700000000E+02     -0.6185247452E+01
    0.6800000000E+02     -0.6324146593E+01
    0.6900000000E+02     -0.6464910788E+01
    0.7000000000E+02     -0.6607272449E+01
    0.7100000000E+02     -0.6750886978E+01
    0.7200000000E+02     -0.6896286197E+01
    0.7300000000E+02     -0.7042744087E+01
    0.7400000000E+02     -0.7190189206E+01
    0.7500000000E+02     -0.7338325632E+01
    0.7600000000E+02     -0.7486882085E+01
    0.7700000000E+02     -0.7636216898E+01
    0.7800000000E+02     -0.7786280553E+01
    0.7900000000E+02     -0.7936974955E+01
    0.8000000000E+02     -0.8087805033E+01
    0.8100000000E+02     -0.8238971873E+01
    0.8200000000E+02     -0.8390066629E+01
    0.8300000000E+02     -0.8540981430E+01
    0.8400000000E+02     -0.8691927178E+01
    0.8500000000E+02     -0.8842917472E+01
    0.8600000000E+02     -0.8993366996E+01
    0.8700000000E+02     -0.9143575549E+01
    0.8800000000E+02     -0.9293540987E+01
    0.8900000000E+02     -0.9443060907E+01
    0.9000000000E+02     -0.9592226129E+01
    0.9100000000E+02     -0.9740522623E+01
    0.9200000000E+02     -0.9888165478E+01
    0.9300000000E+02     -0.1003491318E+02
    0.9400000000E+02     -0.1018047030E+02
    0.9500000000E+02     -0.1032532085E+02
    0.9600000000E+02     -0.1046935436E+02
    0.9700000000E+02     -0.1061250472E+02
    0.9800000000E+02     -0.1075454675E+02
    0.9900000000E+02     -0.1089554044E+02
    0.1000000000E+03     -0.1103515794E+02
    0.1010000000E+03     -0.1117318844E+02
    0.1020000000E+03     -0.1131006905E+02
    0.1030000000E+03     -0.1144574842E+02
    0.1040000000E+03     -0.1158009424E+02
    0.1050000000E+03     -0.1171324595E+02
    0.1060000000E+03     -0.1184419896E+02
    0.1070000000E+03     -0.1197394305E+02
    0.1080000000E+03     -0.1210187067E+02
    0.1090000000E+03     -0.1222848076E+02
    0.1100000000E+03     -0.1235332881E+02
    0.1110000000E+03     -0.1247691920E+02
    0.1120000000E+03     -0.1259892771E+02
    0.1130000000E+03     -0.1271908221E+02
    0.1140000000E+03     -0.1283718325E+02
    0.1150000000E+03     -0.1295355536E+02
    0.1160000000E+03     -0.1306830638E+02
    0.1170000000E+03     -0.1318090630E+02
    0.1180000000E+03     -0.1329184431E+02
    0.1190000000E+03     -0.1340081100E+02
    0.1200000000E+03     -0.1350827182E+02
    0.1210000000E+03     -0.1361351051E+02
    0.1220000000E+03     -0.1371668167E+02
    0.1230000000E+03     -0.1381779285E+02
    0.1240000000E+03     -0.1391685814E+02
    0.1250000000E+03     -0.1401405033E+02
    0.1260000000E+03     -0.1410902567E+02
    0.1270000000E+03     -0.1420253341E+02
    0.1280000000E+03     -0.1429354346E+02
    0.1290000000E+03     -0.1438233241E+02
    0.1300000000E+03     -0.1446862202E+02
    0.1310000000E+03     -0.1455322050E+02
    0.1320000000E+03     -0.1463584782E+02
    0.1330000000E+03     -0.1471602648E+02
    0.1340000000E+03     -0.1479428174E+02
    0.1350000000E+03     -0.1486966611E+02
    0.1360000000E+03     -0.1494301033E+02
    0.1370000000E+03     -0.1501511218E+02
    0.1380000000E+03     -0.1508420843E+02
    0.1390000000E+03     -0.1515135997E+02
    0.1400000000E+03     -0.1521644915E+02
    0.1410000000E+03     -0.1527893565E+02
    0.1420000000E+03     -0.1533898965E+02
    0.1430000000E+03     -0.1539695380E+02
    0.1440000000E+03     -0.1545250024E+02
    0.1450000000E+03     -0.1550572497E+02
    0.1460000000E+03     -0.1555697563E+02
    0.1470000000E+03     -0.1560628951E+02
    0.1480000000E+03     -0.1565342284E+02
    0.1490000000E+03     -0.1569709528E+02
    0.1500000000E+03     -0.1573898085E+02
    0.1510000000E+03     -0.1577818773E+02
    0.1520000000E+03     -0.1581501390E+02
    0.1530000000E+03     -0.1584965061E+02
    0.1540000000E+03     -0.1588245851E+02
    0.1550000000E+03     -0.1591212678E+02
    0.1560000000E+03     -0.1593997347E+02
    0.1570000000E+03     -0.1596505463E+02
    0.1580000000E+03     -0.1598778415E+02
    0.1590000000E+03     -0.1600830544E+02
    0.1600000000E+03     -0.1602657009E+02
    0.1610000000E+03     -0.1604262426E+02
    0.1620000000E+03     -0.1605583711E+02
    0.1630000000E+03     -0.1606709818E+02
    0.1640000000E+03     -0.1607628399E+02
    0.1650000000E+03     -0.1608268974E+02
    0.1660000000E+03     -0.1608657777E+02
    0.1670000000E+03     -0.1608870111E+02
    0.1680000000E+03     -0.1608814078E+02
    0.1690000000E+03     -0.1608534123E+02
    0.1700000000E+03     -0.1608028142E+02
    0.1710000000E+03     -0.1607261078E+02
    0.1720000000E+03     -0.1606275937E+02
    0.1730000000E+03     -0.1605042901E+02
    0.1740000000E+03     -0.1603602604E+02
    0.1750000000E+03     -0.1601918663E+02
    0.1760000000E+03     -0.1600013062E+02
    0.1770000000E+03     -0.1597883622E+02
    0.1780000000E+03     -0.1595528865E+02
    0.1790000000E+03     -0.1592948809E+02
    0.1800000000E+03     -0.1590174597E+02
    0.1810000000E+03     -0.1587087039E+02
    0.1820000000E+03     -0.1583767503E+02
    0.1830000000E+03     -0.1580211423E+02
    0.1840000000E+03     -0.1576477142E+02
    0.1850000000E+03     -0.1572474235E+02
    0.1860000000E+03     -0.1568312470E+02
    0.1870000000E+03     -0.1563851414E+02
    0.1880000000E+03     -0.1559174688E+02
    0.1890000000E+03     -0.1554304931E+02
    0.1900000000E+03     -0.1549204064E+02
    0.1910000000E+03     -0.1543932246E+02
    0.1920000000E+03     -0.1538468351E+02
    0.1930000000E+03     -0.1532717683E+02
    0.1940000000E+03     -0.1526714908E+02
    0.1950000000E+03     -0.1520556922E+02
    0.1960000000E+03     -0.1514189053E+02
    0.1970000000E+03     -0.1507595782E+02
    0.1980000000E+03     -0.1500768983E+02
    0.1990000000E+03     -0.1493740122E+02
    0.2000000000E+03     -0.1486491437E+02
    0.2010000000E+03     -0.1479099345E+02
    0.2020000000E+03     -0.1471476953E+02
    0.2030000000E+03     -0.1463650344E+02
    0.2040000000E+03     -0.1455604340E+02
    0.2050000000E+03     -0.1447378531E+02
    0.2060000000E+03     -0.1438993579E+02
    0.2070000000E+03     -0.1430415063E+02
    0.2080000000E+03     -0.1421583191E+02
    0.2090000000E+03     -0.1412616427E+02
    0.2100000000E+03     -0.1403435174E+02
    0.2110000000E+03     -0.1394028072E+02
    0.2120000000E+03     -0.1384470459E+02
    0.2130000000E+03     -0.1374722299E+02
    0.2140000000E+03     -0.1364820414E+02
    0.2150000000E+03     -0.1354749078E+02
    0.2160000000E+03     -0.1344567857E+02
    0.2170000000E+03     -0.1334135624E+02
    0.2180000000E+03     -0.1323573329E+02
    0.2190000000E+03     -0.1312861466E+02
    0.2200000000E+03     -0.1301903248E+02
    0.2210000000E+03     -0.1290823317E+02
    0.2220000000E+03     -0.1279657779E+02
    0.2230000000E+03     -0.1268230618E+02
    0.2240000000E+03     -0.1256720441E+02
    0.2250000000E+03     -0.1245096156E+02
    0.2260000000E+03     -0.1233346286E+02
    0.2270000000E+03     -0.1221396586E+02
    0.2280000000E+03     -0.1209316169E+02
    0.2290000000E+03     -0.1197177350E+02
    0.2300000000E+03     -0.1184845358E+02
    0.2310000000E+03     -0.1172422738E+02
    0.2320000000E+03     -0.1159861568E+02
    0.2330000000E+03     -0.1147235877E+02
    0.2340000000E+03     -0.1134518936E+02
    0.2350000000E+03     -0.1121717049E+02
    0.2360000000E+03     -0.1108793215E+02
    0.2370000000E+03     -0.1095734443E+02
    0.2380000000E+03     -0.1082586283E+02
    0.2390000000E+03     -0.1069447954E+02
    0.2400000000E+03     -0.1056202006E+02
    0.2410000000E+03     -0.1042814733E+02
    0.2420000000E+03     -0.1029357297E+02
    0.2430000000E+03     -0.1015897475E+02
    0.2440000000E+03     -0.1002402964E+02
    0.2450000000E+03     -0.9889122817E+01
    0.2460000000E+03     -0.9753379636E+01
    0.2470000000E+03     -0.9616351438E+01
    0.2480000000E+03     -0.9479973559E+01
    0.2490000000E+03     -0.9343784961E+01
    0.2500000000E+03     -0.9207283391E+01
    0.2510000000E+03     -0.9070429264E+01
    0.2520000000E+03     -0.8933496854E+01
    0.2530000000E+03     -0.8796613660E+01
    0.2540000000E+03     -0.8659374977E+01
    0.2550000000E+03     -0.8523220194E+01
    0.2560000000E+03     -0.8386835682E+01
    0.2570000000E+03     -0.8251503255E+01
    0.2580000000E+03     -0.8115486788E+01
    0.2590000000E+03     -0.7980434843E+01
    0.2600000000E+03     -0.7846667541E+01
    0.2610000000E+03     -0.7712998684E+01
    0.2620000000E+03     -0.7580169857E+01
    0.2630000000E+03     -0.7448924957E+01
    0.2640000000E+03     -0.7318826525E+01
    0.2650000000E+03     -0.7188931634E+01
    0.2660000000E+03     -0.7059229299E+01
    0.2670000000E+03     -0.6931258709E+01
    0.2680000000E+03     -0.6804820787E+01
    0.2690000000E+03     -0.6680806927E+01
    0.2700000000E+03     -0.6557855245E+01
    0.2710000000E+03     -0.6436727557E+01
    0.2720000000E+03     -0.6318096540E+01
    0.2730000000E+03     -0.6200848322E+01
    0.2740000000E+03     -0.6085358179E+01
    0.2750000000E+03     -0.5972813303E+01
    0.2760000000E+03     -0.5863929095E+01
    0.2770000000E+03     -0.5755942586E+01
    0.2780000000E+03     -0.5651056481E+01
    0.2790000000E+03     -0.5547736860E+01
    0.2800000000E+03     -0.5447113007E+01
    0.2810000000E+03     -0.5349909438E+01
    0.2820000000E+03     -0.5255610269E+01
    0.2830000000E+03     -0.5163990235E+01
    0.2840000000E+03     -0.5073801657E+01
    0.2850000000E+03     -0.4988824866E+01
    0.2860000000E+03     -0.4905467627E+01
    0.2870000000E+03     -0.4828210455E+01
    0.2880000000E+03     -0.4754208195E+01
    0.2890000000E+03     -0.4683837908E+01
    0.2900000000E+03     -0.4617831821E+01
    0.2910000000E+03     -0.4552813098E+01
    0.2920000000E+03     -0.4495243368E+01
    0.2930000000E+03     -0.4441355084E+01
    0.2940000000E+03     -0.4391795351E+01
    0.2950000000E+03     -0.4348694632E+01
    0.2960000000E+03     -0.4308207126E+01
    0.2970000000E+03     -0.4273341433E+01
    0.2980000000E+03     -0.4245610820E+01
    0.2990000000E+03     -0.4221735518E+01
    0.3000000000E+03     -0.4204356424E+01
    0.3010000000E+03     -0.4192028566E+01
    0.3020000000E+03     -0.4185182924E+01
    0.3030000000E+03     -0.4183162189E+01
    0.3040000000E+03     -0.4187988701E+01
    0.3050000000E+03     -0.4198418631E+01
    0.3060000000E+03     -0.4215643197E+01
    0.3070000000E+03     -0.4239179134E+01
    0.3080000000E+03     -0.4270371110E+01
    0.3090000000E+03     -0.4308690044E+01
    0.3100000000E+03     -0.4355568170E+01
    0.3110000000E+03     -0.4407929360E+01
    0.3120000000E+03     -0.4471122737E+01
    0.3130000000E+03     -0.4540595674E+01
    0.3140000000E+03     -0.4619170035E+01
    0.3150000000E+03     -0.4707427822E+01
    0.3160000000E+03     -0.4800199004E+01
    0.3170000000E+03     -0.4899451765E+01
    0.3180000000E+03     -0.5009374601E+01
    0.3190000000E+03     -0.5128062543E+01
    0.3200000000E+03     -0.5258158390E+01
    0.3210000000E+03     -0.5396856073E+01
    0.3220000000E+03     -0.5541164816E+01
    0.3230000000E+03     -0.5694921290E+01
    0.3240000000E+03     -0.5862961284E+01
    0.3250000000E+03     -0.6039959423E+01
    0.3260000000E+03     -0.6225965527E+01
    0.3270000000E+03     -0.6424293271E+01
    0.3280000000E+03     -0.6632842498E+01
    0.3290000000E+03     -0.6854923574E+01
    0.3300000000E+03     -0.7089907456E+01
    0.3310000000E+03     -0.7332600413E+01
    0.3320000000E+03     -0.7587011531E+01
    0.3330000000E+03     -0.7852138945E+01
    0.3340000000E+03     -0.8131983976E+01
    0.3350000000E+03     -0.8424737828E+01
    0.3360000000E+03     -0.8729604730E+01
    0.3370000000E+03     -0.9046461813E+01
    0.3380000000E+03     -0.9376662112E+01
    0.3390000000E+03     -0.9721151064E+01
    0.3400000000E+03     -0.1008128245E+02
    0.3410000000E+03     -0.1045432286E+02
    0.3420000000E+03     -0.1084246958E+02
    0.3430000000E+03     -0.1124159443E+02
    0.3440000000E+03     -0.1165649130E+02
    0.3450000000E+03     -0.1208623955E+02
    0.3460000000E+03     -0.1252878500E+02
    0.3470000000E+03     -0.1298822965E+02
    0.3480000000E+03     -0.1346499204E+02
    0.3490000000E+03     -0.1395576091E+02
    0.3500000000E+03     -0.1446270690E+02
    0.3510000000E+03     -0.1498739747E+02
    0.3520000000E+03     -0.1552834098E+02
    0.3530000000E+03     -0.1608540277E+02
    0.3540000000E+03     -0.1666015035E+02
    0.3550000000E+03     -0.1725798740E+02
    0.3560000000E+03     -0.1787306776E+02
    0.3570000000E+03     -0.1850544336E+02
    0.3580000000E+03     -0.1915182373E+02
    0.3590000000E+03     -0.1981674974E+02
    0.3600000000E+03     -0.2049983534E+02
    0.3610000000E+03     -0.2120862218E+02
    0.3620000000E+03     -0.2193528394E+02
    0.3630000000E+03     -0.2267944036E+02
    0.3640000000E+03     -0.2344530231E+02
    0.3650000000E+03     -0.2423357132E+02
    0.3660000000E+03     -0.2504522530E+02
    0.3670000000E+03     -0.2587325279E+02
    0.3680000000E+03     -0.2672687611E+02
    0.3690000000E+03     -0.2759855308E+02
    0.3700000000E+03     -0.2849040858E+02
    0.3710000000E+03     -0.2940742364E+02
    0.3720000000E+03     -0.3034783053E+02
    0.3730000000E+03     -0.3131373412E+02
    0.3740000000E+03     -0.3230426946E+02
    0.3750000000E+03     -0.3332057962E+02
    0.3760000000E+03     -0.3435720631E+02
    0.3770000000E+03     -0.3542215723E+02
    0.3780000000E+03     -0.3650719661E+02
    0.3790000000E+03     -0.3761409485E+02
    0.3800000000E+03     -0.3874857557E+02
    0.3810000000E+03     -0.3991190320E+02
    0.3820000000E+03     -0.4109735911E+02
    0.3830000000E+03     -0.4230797877E+02
    0.3840000000E+03     -0.4354887132E+02
    0.3850000000E+03     -0.4481854988E+02
    0.3860000000E+03     -0.4612234497E+02
    0.3870000000E+03     -0.4744440633E+02
    0.3880000000E+03     -0.4879481907E+02
    0.3890000000E+03     -0.5017749811E+02
    0.3900000000E+03     -0.5159120465E+02
    0.3910000000E+03     -0.5303284677E+02
    0.3920000000E+03     -0.5450220323E+02
    0.3930000000E+03     -0.5600165521E+02
    0.3940000000E+03     -0.5753581747E+02
    0.3950000000E+03     -0.5909968543E+02
    0.3960000000E+03     -0.6068782458E+02
    0.3970000000E+03     -0.6231593609E+02
    0.3980000000E+03     -0.6396882643E+02
    0.3990000000E+03     -0.6565512087E+02
    0.4000000000E+03     -0.6738623481E+02
    0.4010000000E+03     -0.6914241838E+02
    0.4020000000E+03     -0.7092666319E+02
    0.4030000000E+03     -0.7275399241E+02
    0.4040000000E+03     -0.7461943352E+02
    0.4050000000E+03     -0.7651176765E+02
    0.4060000000E+03     -0.7843796218E+02
    0.4070000000E+03     -0.8039795559E+02
    0.4080000000E+03     -0.8239920510E+02
    0.4090000000E+03     -0.8443436329E+02
    0.4100000000E+03     -0.8651144851E+02
    0.4110000000E+03     -0.8862135837E+02
    0.4120000000E+03     -0.9077810367E+02
    0.4130000000E+03     -0.9297403284E+02
    0.4140000000E+03     -0.9519980050E+02
    0.4150000000E+03     -0.9746422717E+02
    0.4160000000E+03     -0.9976945539E+02
    0.4170000000E+03     -0.1021193233E+03
    0.4180000000E+03     -0.1045079856E+03
    0.4190000000E+03     -0.1069389831E+03
    0.4200000000E+03     -0.1094208194E+03
    0.4210000000E+03     -0.1119318636E+03
    0.4220000000E+03     -0.1144938118E+03
    0.4230000000E+03     -0.1170926657E+03
    0.4240000000E+03     -0.1197374198E+03
    0.4250000000E+03     -0.1224077776E+03
    0.4260000000E+03     -0.1251455795E+03
    0.4270000000E+03     -0.1279177403E+03
    0.4280000000E+03     -0.1307422331E+03
    0.4290000000E+03     -0.1336092480E+03
    0.4300000000E+03     -0.1365221366E+03
    0.4310000000E+03     -0.1394882861E+03
    0.4320000000E+03     -0.1425094357E+03
    0.4330000000E+03     -0.1455613065E+03
    0.4340000000E+03     -0.1486645952E+03
    0.4350000000E+03     -0.1518087314E+03
    0.4360000000E+03     -0.1550335839E+03
    0.4370000000E+03     -0.1582891282E+03
    0.4380000000E+03     -0.1615934406E+03
    0.4390000000E+03     -0.1649416844E+03
    0.4400000000E+03     -0.1683456936E+03
    0.4410000000E+03     -0.1717974240E+03
    0.4420000000E+03     -0.1753040633E+03
    0.4430000000E+03     -0.1788634848E+03
    0.4440000000E+03     -0.1824877024E+03
    0.4450000000E+03     -0.1861268609E+03
    0.4460000000E+03     -0.1898428337E+03
    0.4470000000E+03     -0.1936252868E+03
    0.4480000000E+03     -0.1974811298E+03
    0.4490000000E+03     -0.2013705430E+03
    0.4500000000E+03     -0.2053064661E+03
    0.4510000000E+03     -0.2093256897E+03
    0.4520000000E+03     -0.2133702835E+03
    0.4530000000E+03     -0.2174973108E+03
    0.4540000000E+03     -0.2216818333E+03
    0.4550000000E+03     -0.2259323135E+03
    0.4560000000E+03     -0.2302141731E+03
    0.4570000000E+03     -0.2345817877E+03
    0.4580000000E+03     -0.2389962074E+03
    0.4590000000E+03     -0.2434747351E+03
    0.4600000000E+03     -0.2480347370E+03
    0.4610000000E+03     -0.2526390525E+03
    0.4620000000E+03     -0.2572936631E+03
    0.4630000000E+03     -0.2620427358E+03
    0.4640000000E+03     -0.2668738694E+03
    0.4650000000E+03     -0.2717528487E+03
    0.4660000000E+03     -0.2766818662E+03
    0.4670000000E+03     -0.2816775892E+03
    0.4680000000E+03     -0.2867265977E+03
    0.4690000000E+03     -0.2918902134E+03
    0.4700000000E+03     -0.2971131688E+03
    0.4710000000E+03     -0.3023884291E+03
    0.4720000000E+03     -0.3077534614E+03
    0.4730000000E+03     -0.3131615344E+03
    0.4740000000E+03     -0.3186328805E+03
    0.4750000000E+03     -0.3241801413E+03
    0.4760000000E+03     -0.3298061009E+03
    0.4770000000E+03     -0.3354890598E+03
    0.4780000000E+03     -0.3412478723E+03
    0.4790000000E+03     -0.3471006264E+03
    0.4800000000E+03     -0.3529858530E+03
    0.4810000000E+03     -0.3589784681E+03
    0.4820000000E+03     -0.3650778049E+03
    0.4830000000E+03     -0.3712217262E+03
    0.4840000000E+03     -0.3774053472E+03
    0.4850000000E+03     -0.3836891259E+03
