    0.00000000E+00       8.892011162118252781E-10
    1.00000000E+00      -6.057391125434465626E-04
    2.00000000E+00      -3.980306627094786637E-02
    3.00000000E+00      -1.178441996106439627E-01
    4.00000000E+00      -2.348265598807271481E-01
    5.00000000E+00      -3.910234129549698401E-01
    6.00000000E+00      -5.867002889347205929E-01
    7.00000000E+00      -8.221081474187028615E-01
    8.00000000E+00      -1.097330676469369548E+00
    9.00000000E+00      -1.412659990124727205E+00
    1.00000000E+01      -1.768463920323826155E+00
    1.10000000E+01      -2.165124440652228088E+00
    1.20000000E+01      -2.602104931677659660E+00
    1.30000000E+01      -3.080633607341278335E+00
    1.40000000E+01      -3.600630402859078760E+00
    1.50000000E+01      -4.162666684049993293E+00
    1.60000000E+01      -4.766864490834650248E+00
    1.70000000E+01      -5.414046298745263996E+00
    1.80000000E+01      -6.104256765698974796E+00
    1.90000000E+01      -6.837856303005223957E+00
    2.00000000E+01      -7.614812178196780579E+00
    2.10000000E+01      -8.436488394699432902E+00
    2.20000000E+01      -9.302893769986161132E+00
    2.30000000E+01      -1.021424717430973672E+01
    2.40000000E+01      -1.117247980692602738E+01
    2.50000000E+01      -1.217718928893843966E+01
    2.60000000E+01      -1.322803115950433295E+01
    2.70000000E+01      -1.432766164440095480E+01
    2.80000000E+01      -1.547639677808825809E+01
    2.90000000E+01      -1.667299663193206527E+01
    3.00000000E+01      -1.792177021974418949E+01
    3.10000000E+01      -1.921843695851796952E+01
    3.20000000E+01      -2.056738173622214561E+01
    3.30000000E+01      -2.196825348816020096E+01
    3.40000000E+01      -2.342096803156675833E+01
    3.50000000E+01      -2.492953368280797122E+01
    3.60000000E+01      -2.649317789121275268E+01
    3.70000000E+01      -2.811272997585143685E+01
    3.80000000E+01      -2.978801024254158847E+01
    3.90000000E+01      -3.152336630386969318E+01
    4.00000000E+01      -3.331619105884874443E+01
    4.10000000E+01      -3.517035994102781160E+01
    4.20000000E+01      -3.708171369900247782E+01
    4.30000000E+01      -3.905677041120753756E+01
    4.40000000E+01      -4.109639281485567608E+01
    4.50000000E+01      -4.319758495055361891E+01
    4.60000000E+01      -4.535937649409527239E+01
    4.70000000E+01      -4.758976023180082393E+01
    4.80000000E+01      -4.988505370021630370E+01
    4.90000000E+01      -5.224459767528162502E+01
    5.00000000E+01      -5.466933336907084140E+01
    5.10000000E+01      -5.715625317817057294E+01
    5.20000000E+01      -5.971341061306668507E+01
    5.30000000E+01      -6.233646292779621945E+01
    5.40000000E+01      -6.502413255896112787E+01
    5.50000000E+01      -6.777486898179267882E+01
    5.60000000E+01      -7.059533826880647212E+01
    5.70000000E+01      -7.347512721378234346E+01
    5.80000000E+01      -7.641396267359527883E+01
    5.90000000E+01      -7.940867212637908779E+01
    6.00000000E+01      -8.246356797794123850E+01
    6.10000000E+01      -8.557577773010189048E+01
    6.20000000E+01      -8.874324881211941829E+01
    6.30000000E+01      -9.196144759180515393E+01
    6.40000000E+01      -9.522664741522862641E+01
    6.50000000E+01      -9.853669995324014508E+01
    6.60000000E+01      -1.018949453697554191E+02
    6.70000000E+01      -1.052927316591088811E+02
    6.80000000E+01      -1.087349573023510629E+02
    6.90000000E+01      -1.122010525432477834E+02
    7.00000000E+01      -1.157118820891535051E+02
    7.10000000E+01      -1.192599291010071738E+02
    7.20000000E+01      -1.228382691781063158E+02
    7.30000000E+01      -1.264549756044870037E+02
    7.40000000E+01      -1.300934844253851850E+02
    7.50000000E+01      -1.337715469194357354E+02
    7.60000000E+01      -1.374630154496246064E+02
    7.70000000E+01      -1.411878327777534707E+02
    7.80000000E+01      -1.449252637788173388E+02
    7.90000000E+01      -1.486968886770468430E+02
    8.00000000E+01      -1.524874750758162918E+02
    8.10000000E+01      -1.562873444804423571E+02
    8.20000000E+01      -1.601170602648513750E+02
    8.30000000E+01      -1.639673156987452103E+02
    8.40000000E+01      -1.678373329858906118E+02
    8.50000000E+01      -1.717331941500085577E+02
    8.60000000E+01      -1.756405657972084100E+02
    8.70000000E+01      -1.795642503400576970E+02
    8.80000000E+01      -1.835025666334345260E+02
    8.90000000E+01      -1.874593858847458705E+02
    9.00000000E+01      -1.914389078375334066E+02
    9.10000000E+01      -1.954290783543508496E+02
    9.20000000E+01      -1.994350678485441222E+02
    9.30000000E+01      -2.034626778368342457E+02
    9.40000000E+01      -2.075139262736920500E+02
    9.50000000E+01      -2.115651530728823673E+02
    9.60000000E+01      -2.156480174063653976E+02
    9.70000000E+01      -2.197340320758344205E+02
    9.80000000E+01      -2.238288632479379885E+02
    9.90000000E+01      -2.279379907564662062E+02
    1.00000000E+02      -2.320517848176759799E+02
    1.01000000E+02      -2.361923014268477345E+02
    1.02000000E+02      -2.403414955944213034E+02
    1.03000000E+02      -2.445008724715007702E+02
    1.04000000E+02      -2.486727100664502359E+02
    1.05000000E+02      -2.528551127442569850E+02
    1.06000000E+02      -2.570549769148437917E+02
    1.07000000E+02      -2.612643557576034254E+02
    1.08000000E+02      -2.654922529179698358E+02
    1.09000000E+02      -2.697274560628266045E+02
    1.10000000E+02      -2.739820180331776101E+02
    1.11000000E+02      -2.782447278983172509E+02
    1.12000000E+02      -2.825111011959347707E+02
    1.13000000E+02      -2.867952537427440802E+02
    1.14000000E+02      -2.910922908903130519E+02
    1.15000000E+02      -2.954046022761926906E+02
    1.16000000E+02      -2.997346577458220054E+02
    1.17000000E+02      -3.040806202160347311E+02
    1.18000000E+02      -3.084337841761926029E+02
    1.19000000E+02      -3.128088665885857154E+02
    1.20000000E+02      -3.172141550906389966E+02
    1.21000000E+02      -3.216076957429818322E+02
    1.22000000E+02      -3.260277935648737184E+02
    1.23000000E+02      -3.304590409634201933E+02
    1.24000000E+02      -3.348923989832273946E+02
    1.25000000E+02      -3.393501956384116056E+02
    1.26000000E+02      -3.438202413445451384E+02
    1.27000000E+02      -3.483176042432924078E+02
    1.28000000E+02      -3.528282581211979050E+02
    1.29000000E+02      -3.573555348568297632E+02
    1.30000000E+02      -3.619087656999181490E+02
    1.31000000E+02      -3.664918541074493987E+02
    1.32000000E+02      -3.710727811498536539E+02
    1.33000000E+02      -3.756971586160552761E+02
    1.34000000E+02      -3.803234853748654132E+02
    1.35000000E+02      -3.849608384820330684E+02
    1.36000000E+02      -3.896425555335199533E+02
    1.37000000E+02      -3.943389638680000644E+02
    1.38000000E+02      -3.990617946471820687E+02
    1.39000000E+02      -4.037842521019601918E+02
    1.40000000E+02      -4.085505123372322487E+02
    1.41000000E+02      -4.133284807653299140E+02
    1.42000000E+02      -4.181221826851979131E+02
    1.43000000E+02      -4.229396642796036758E+02
    1.44000000E+02      -4.277912661241589376E+02
    1.45000000E+02      -4.326838146032214354E+02
    1.46000000E+02      -4.375560258344175963E+02
    1.47000000E+02      -4.424657368614953157E+02
    1.48000000E+02      -4.474056230346523080E+02
    1.49000000E+02      -4.523597497048776859E+02
    1.50000000E+02      -4.573303499855264818E+02
    1.51000000E+02      -4.623362425462346437E+02
    1.52000000E+02      -4.675053753239835714E+02
    1.53000000E+02      -4.725365109382246374E+02
    1.54000000E+02      -4.775759576480832038E+02
    1.55000000E+02      -4.827044671835064946E+02
    1.56000000E+02      -4.877787674512719605E+02
    1.57000000E+02      -4.928582359484935296E+02
    1.58000000E+02      -4.979638557671660237E+02
    1.59000000E+02      -5.030678914969803373E+02
    1.60000000E+02      -5.081740407295592377E+02
    1.61000000E+02      -5.133043517983787751E+02
    1.62000000E+02      -5.184277239759558142E+02
    1.63000000E+02      -5.235781648329502787E+02
    1.64000000E+02      -5.287413182692744158E+02
    1.65000000E+02      -5.338947621786373929E+02
    1.66000000E+02      -5.390532450935570523E+02
    1.67000000E+02      -5.442172283403660913E+02
    1.68000000E+02      -5.493844811580383976E+02
    1.69000000E+02      -5.545556010370701188E+02
    1.70000000E+02      -5.597268420372656692E+02
    1.71000000E+02      -5.648908252806049859E+02
    1.72000000E+02      -5.700619617257789287E+02
    1.73000000E+02      -5.752244309256029737E+02
    1.74000000E+02      -5.803835743840909345E+02
    1.75000000E+02      -5.855347818555874255E+02
    1.76000000E+02      -5.906733263171363433E+02
    1.77000000E+02      -5.958236744994574110E+02
    1.78000000E+02      -6.009610592379567606E+02
    1.79000000E+02      -6.060718203628439369E+02
    1.80000000E+02      -6.111862123224182142E+02
    1.81000000E+02      -6.162956580572526946E+02
    1.82000000E+02      -6.214007707647333518E+02
    1.83000000E+02      -6.264902635156377073E+02
    1.84000000E+02      -6.315712431306510553E+02
    1.85000000E+02      -6.366446708791272613E+02
    1.86000000E+02      -6.416961034363994258E+02
    1.87000000E+02      -6.467322244835077072E+02
    1.88000000E+02      -6.517496321907756283E+02
    1.89000000E+02      -6.567580971763281923E+02
    1.90000000E+02      -6.617570943153677945E+02
    1.91000000E+02      -6.667442450200805979E+02
    1.92000000E+02      -6.716452607026440091E+02
    1.93000000E+02      -6.766142044823618562E+02
    1.94000000E+02      -6.815689799580836734E+02
    1.95000000E+02      -6.864490879943136861E+02
    1.96000000E+02      -6.913978278715694614E+02
    1.97000000E+02      -6.963308176821960842E+02
    1.98000000E+02      -7.012597971553332172E+02
    1.99000000E+02      -7.061780993475254036E+02
    2.00000000E+02      -7.110913812809990304E+02
    2.01000000E+02      -7.160013525497179216E+02
    2.02000000E+02      -7.209027548421599931E+02
    2.03000000E+02      -7.258052950266660446E+02
    2.04000000E+02      -7.307254522444968643E+02
    2.05000000E+02      -7.356394918258502003E+02
    2.06000000E+02      -7.405575401966189020E+02
    2.07000000E+02      -7.454892156518044430E+02
    2.08000000E+02      -7.504368162287196355E+02
    2.09000000E+02      -7.554055034501138834E+02
    2.10000000E+02      -7.603372962663975159E+02
    2.11000000E+02      -7.652993801611073650E+02
    2.12000000E+02      -7.702970538766930986E+02
    2.13000000E+02      -7.752922922901780112E+02
    2.14000000E+02      -7.803039430662538507E+02
    2.15000000E+02      -7.853585421135394427E+02
    2.16000000E+02      -7.904214616936751554E+02
    2.17000000E+02      -7.955039011461767586E+02
    2.18000000E+02      -8.005987895589482832E+02
    2.19000000E+02      -8.057295420319169352E+02
    2.20000000E+02      -8.108834479850293064E+02
    2.21000000E+02      -8.160478318334094183E+02
    2.22000000E+02      -8.212358858837960724E+02
    2.23000000E+02      -8.265244068921433609E+02
    2.24000000E+02      -8.317483275537092595E+02
    2.25000000E+02      -8.369764069912648665E+02
    2.26000000E+02      -8.422604785119069675E+02
    2.27000000E+02      -8.475692972497172377E+02
    2.28000000E+02      -8.529235868762948485E+02
    2.29000000E+02      -8.582291226463380553E+02
    2.30000000E+02      -8.635963067265834070E+02
    2.31000000E+02      -8.689948598881987891E+02
    2.32000000E+02      -8.743846440301522307E+02
    2.33000000E+02      -8.797955017454214612E+02
    2.34000000E+02      -8.852571141208059089E+02
    2.35000000E+02      -8.907226086064356423E+02
    2.36000000E+02      -8.961719376900196039E+02
    2.37000000E+02      -9.016921494640573655E+02
    2.38000000E+02      -9.071628194452882781E+02
    2.39000000E+02      -9.126861591491497165E+02
    2.40000000E+02      -9.182139071383567170E+02
    2.41000000E+02      -9.237819970926107089E+02
    2.42000000E+02      -9.293978354454056898E+02
    2.43000000E+02      -9.349808950323695171E+02
    2.44000000E+02      -9.405685960164714743E+02
    2.45000000E+02      -9.461604346735275612E+02
    2.46000000E+02      -9.517614233778913331E+02
    2.47000000E+02      -9.573753567665075934E+02
    2.48000000E+02      -9.630047157211524791E+02
    2.49000000E+02      -9.686365073153924641E+02
    2.50000000E+02      -9.743166119709576378E+02
    2.51000000E+02      -9.799725105529819302E+02
    2.52000000E+02      -9.856338819580873860E+02
    2.53000000E+02      -9.913303182766376267E+02
    2.54000000E+02      -9.970180107078940637E+02
    2.55000000E+02      -1.002689663069577819E+03
    2.56000000E+02      -1.008417376347411391E+03
    2.57000000E+02      -1.014115291025750139E+03
    2.58000000E+02      -1.019837642896402031E+03
    2.59000000E+02      -1.025587991304719708E+03
    2.60000000E+02      -1.031342448993555990E+03
    2.61000000E+02      -1.037108135835330813E+03
    2.62000000E+02      -1.042799598953084569E+03
    2.63000000E+02      -1.048555701891626768E+03
    2.64000000E+02      -1.054325086713668497E+03
    2.65000000E+02      -1.060053653747750559E+03
    2.66000000E+02      -1.065843735963753261E+03
    2.67000000E+02      -1.071621300592468742E+03
    2.68000000E+02      -1.077393251620302635E+03
    2.69000000E+02      -1.083232842482481828E+03
    2.70000000E+02      -1.089064161228111288E+03
    2.71000000E+02      -1.094915278973230215E+03
    2.72000000E+02      -1.100777028052879814E+03
    2.73000000E+02      -1.106643024706985443E+03
    2.74000000E+02      -1.112515291656246518E+03
    2.75000000E+02      -1.118422414631425454E+03
    2.76000000E+02      -1.124364682849958626E+03
    2.77000000E+02      -1.130300349336823729E+03
    2.78000000E+02      -1.136309216305573500E+03
    2.79000000E+02      -1.142274744569775976E+03
    2.80000000E+02      -1.148281957354429323E+03
    2.81000000E+02      -1.154342449157096780E+03
    2.82000000E+02      -1.160433353548144623E+03
    2.83000000E+02      -1.166512621491564005E+03
    2.84000000E+02      -1.172596565272217504E+03
    2.85000000E+02      -1.178723155156195389E+03
    2.86000000E+02      -1.184860986358182345E+03
    2.87000000E+02      -1.191065717247239263E+03
    2.88000000E+02      -1.197327818200769798E+03
    2.89000000E+02      -1.203610765391806126E+03
    2.90000000E+02      -1.209941950494499906E+03
    2.91000000E+02      -1.216328453350277414E+03
    2.92000000E+02      -1.222783749515044292E+03
    2.93000000E+02      -1.229292974540280738E+03
    2.94000000E+02      -1.235833462313225027E+03
    2.95000000E+02      -1.242389607984727263E+03
    2.96000000E+02      -1.249092716372537325E+03
    2.97000000E+02      -1.255808110270427278E+03
    2.98000000E+02      -1.262649359124866351E+03
    2.99000000E+02      -1.269552682459525386E+03
    3.00000000E+02      -1.276519974889005425E+03
    3.01000000E+02      -1.283562023200243857E+03
    3.02000000E+02      -1.290686070708661646E+03
    3.03000000E+02      -1.297910772580265984E+03
    3.04000000E+02      -1.305242058101160183E+03
    3.05000000E+02      -1.312634009920941025E+03
    3.06000000E+02      -1.320002404265539553E+03
    3.07000000E+02      -1.327512706283105217E+03
    3.08000000E+02      -1.335101490416404886E+03
    3.09000000E+02      -1.342675437468325981E+03
    3.10000000E+02      -1.350420077631801632E+03
    3.11000000E+02      -1.358218901707031364E+03
    3.12000000E+02      -1.366125127492293814E+03
    3.13000000E+02      -1.374066350067872918E+03
    3.14000000E+02      -1.382058987456487557E+03
    3.15000000E+02      -1.390121921395194931E+03
    3.16000000E+02      -1.398228365021895115E+03
    3.17000000E+02      -1.406407226134402663E+03
    3.18000000E+02      -1.414564397101329178E+03
    3.19000000E+02      -1.422830274544120584E+03
    3.20000000E+02      -1.431153534967391352E+03
    3.21000000E+02      -1.439497367935150123E+03
    3.22000000E+02      -1.447962665928068873E+03
    3.23000000E+02      -1.456447531161762527E+03
    3.24000000E+02      -1.464972906234793072E+03
    3.25000000E+02      -1.473557113828982892E+03
    3.26000000E+02      -1.482202844695901604E+03
    3.27000000E+02      -1.490871668695206608E+03
    3.28000000E+02      -1.499560546583585619E+03
    3.29000000E+02      -1.508347235408842607E+03
    3.30000000E+02      -1.517147767557031329E+03
    3.31000000E+02      -1.526018219333374418E+03
    3.32000000E+02      -1.534900270425344843E+03
    3.33000000E+02      -1.543838887894401523E+03
    3.34000000E+02      -1.552834379986555405E+03
    3.35000000E+02      -1.561837423895621669E+03
    3.36000000E+02      -1.570865275019281398E+03
    3.37000000E+02      -1.579974071815010120E+03
    3.38000000E+02      -1.589076718864825580E+03
    3.39000000E+02      -1.598250181501410452E+03
    3.40000000E+02      -1.607442914330628128E+03
    3.41000000E+02      -1.616682229840037962E+03
    3.42000000E+02      -1.625963492930821303E+03
    3.43000000E+02      -1.635311623191355693E+03
    3.44000000E+02      -1.644650937350714003E+03
    3.45000000E+02      -1.654016067125906829E+03
    3.46000000E+02      -1.663445423940320779E+03
    3.47000000E+02      -1.672909729708917439E+03
    3.48000000E+02      -1.682405464229941799E+03
    3.49000000E+02      -1.691946823635615146E+03
    3.50000000E+02      -1.701426121573098953E+03
    3.51000000E+02      -1.711008300053286348E+03
    3.52000000E+02      -1.720621148932267488E+03
    3.53000000E+02      -1.730290849968998828E+03
    3.54000000E+02      -1.739982249041490377E+03
    3.55000000E+02      -1.749622881285454696E+03
    3.56000000E+02      -1.759313845485153706E+03
    3.57000000E+02      -1.769115803480725162E+03
    3.58000000E+02      -1.778912807746442468E+03
    3.59000000E+02      -1.788735955077675044E+03
    3.60000000E+02      -1.798555622439949047E+03
    3.61000000E+02      -1.808377583241399179E+03
    3.62000000E+02      -1.818236826559769270E+03
    3.63000000E+02      -1.828168276960669118E+03
    3.64000000E+02      -1.838098057568096465E+03
    3.65000000E+02      -1.848060184485357695E+03
    3.66000000E+02      -1.858092035493292087E+03
    3.67000000E+02      -1.868104006747329549E+03
    3.68000000E+02      -1.878131230070697256E+03
    3.69000000E+02      -1.888218855251014247E+03
    3.70000000E+02      -1.898319098376282909E+03
    3.71000000E+02      -1.908448894747889199E+03
    3.72000000E+02      -1.918554252017742783E+03
    3.73000000E+02      -1.928817074844704393E+03
    3.74000000E+02      -1.938962833790936202E+03
    3.75000000E+02      -1.949127956039202672E+03
    3.76000000E+02      -1.959309008269254264E+03
    3.77000000E+02      -1.969638526604299841E+03
    3.78000000E+02      -1.979843846239013146E+03
    3.79000000E+02      -1.990135693407053850E+03
    3.80000000E+02      -2.000476304229694961E+03
    3.81000000E+02      -2.010754994313348789E+03
    3.82000000E+02      -2.021107864866052978E+03
    3.83000000E+02      -2.031485214612563595E+03
    3.84000000E+02      -2.041960078901064662E+03
    3.85000000E+02      -2.052378503179169456E+03
    3.86000000E+02      -2.062772536546515767E+03
    3.87000000E+02      -2.073168348901770514E+03
    3.88000000E+02      -2.083651885786899584E+03
    3.89000000E+02      -2.094138754138025433E+03
    3.90000000E+02      -2.104644391958925553E+03
    3.91000000E+02      -2.115129621357283668E+03
    3.92000000E+02      -2.125621897540762347E+03
    3.93000000E+02      -2.136127691754284569E+03
    3.94000000E+02      -2.146662090401426667E+03
    3.95000000E+02      -2.157274360367037843E+03
    3.96000000E+02      -2.167863217464766876E+03
    3.97000000E+02      -2.178371306375810946E+03
    3.98000000E+02      -2.189048358123733124E+03
    3.99000000E+02      -2.199668503916238478E+03
    4.00000000E+02      -2.210321103554201727E+03
    4.01000000E+02      -2.220911476247015344E+03
    4.02000000E+02      -2.231556281693367964E+03
    4.03000000E+02      -2.242213640923924686E+03
    4.04000000E+02      -2.252879631684265860E+03
    4.05000000E+02      -2.263542430202053765E+03
    4.06000000E+02      -2.274281561706630782E+03
    4.07000000E+02      -2.284982247887547146E+03
    4.08000000E+02      -2.295609994015116172E+03
    4.09000000E+02      -2.306304480764785239E+03
    4.10000000E+02      -2.317029575018063042E+03
    4.11000000E+02      -2.327856673119138577E+03
    4.12000000E+02      -2.338581583964908532E+03
    4.13000000E+02      -2.349288112375505079E+03
    4.14000000E+02      -2.360098431385776621E+03
    4.15000000E+02      -2.370779519708024964E+03
    4.16000000E+02      -2.381627147545581465E+03
    4.17000000E+02      -2.392362915192400578E+03
    4.18000000E+02      -2.403062952793617569E+03
    4.19000000E+02      -2.413834568524240240E+03
    4.20000000E+02      -2.424636006721825652E+03
    4.21000000E+02      -2.435399294498713971E+03
    4.22000000E+02      -2.446245349983248616E+03
    4.23000000E+02      -2.456995435683861615E+03
    4.24000000E+02      -2.467756229738498860E+03
    4.25000000E+02      -2.478608810040746903E+03
    4.26000000E+02      -2.489389098719838785E+03
    4.27000000E+02      -2.500236499815694060E+03
    4.28000000E+02      -2.510935728796890544E+03
    4.29000000E+02      -2.521696050181874853E+03
    4.30000000E+02      -2.532473881167673426E+03
    4.31000000E+02      -2.543316713048004203E+03
    4.32000000E+02      -2.554131977406818805E+03
    4.33000000E+02      -2.564918020381176575E+03
    4.34000000E+02      -2.575627798103628720E+03
    4.35000000E+02      -2.586494022992606460E+03
    4.36000000E+02      -2.597048341403057748E+03
    4.37000000E+02      -2.607923425756843244E+03
    4.38000000E+02      -2.618522225196516956E+03
    4.39000000E+02      -2.629347457899022629E+03
    4.40000000E+02      -2.639950533124541835E+03
    4.41000000E+02      -2.650726915663303771E+03
    4.42000000E+02      -2.661423128596325114E+03
    4.43000000E+02      -2.672265938982922307E+03
    4.44000000E+02      -2.682766867864428605E+03
    4.45000000E+02      -2.693592925885513068E+03
    4.46000000E+02      -2.704289883718239707E+03
    4.47000000E+02      -2.714813641975377777E+03
    4.48000000E+02      -2.725472480863599685E+03
    4.49000000E+02      -2.736181116022714832E+03
    4.50000000E+02      -2.746805365596641423E+03
    4.51000000E+02      -2.757295825323042209E+03
    4.52000000E+02      -2.767904143075471438E+03
    4.53000000E+02      -2.778747120864352837E+03
    4.54000000E+02      -2.789188661799991678E+03
    4.55000000E+02      -2.799756540574348037E+03
    4.56000000E+02      -2.810136338016443005E+03
    4.57000000E+02      -2.820819998708489038E+03
    4.58000000E+02      -2.831125435553636635E+03
    4.59000000E+02      -2.841591267950235306E+03
    4.60000000E+02      -2.852246119057431315E+03
    4.61000000E+02      -2.862509503792509349E+03
    4.62000000E+02      -2.872942631783163051E+03
    4.63000000E+02      -2.883422967935060115E+03
    4.64000000E+02      -2.894081806467885599E+03
    4.65000000E+02      -2.903955995306397199E+03
    4.66000000E+02      -2.914267873864730063E+03
    4.67000000E+02      -2.924663206245152196E+03
    4.68000000E+02      -2.934781715755877485E+03
    4.69000000E+02      -2.945214322028769402E+03
    4.70000000E+02      -2.955408343348270137E+03
    4.71000000E+02      -2.965632834658476895E+03
    4.72000000E+02      -2.975643528124289332E+03
    4.73000000E+02      -2.985891592527317698E+03
    4.74000000E+02      -2.995895434580032997E+03
    4.75000000E+02      -3.005948289222492804E+03
    4.76000000E+02      -3.015948529019892703E+03
    4.77000000E+02      -3.026117104865326837E+03
    4.78000000E+02      -3.036011011730404334E+03
    4.79000000E+02      -3.046073746195789226E+03
    4.80000000E+02      -3.056009984678331421E+03
    4.81000000E+02      -3.065988199496285233E+03
    4.82000000E+02      -3.075795174288180533E+03
    4.83000000E+02      -3.085552841476948743E+03
    4.84000000E+02      -3.095221601337897482E+03
    4.85000000E+02      -3.104882107605493729E+03
    4.86000000E+02      -3.114580415408944646E+03
    4.87000000E+02      -3.124683452892732475E+03
    4.88000000E+02      -3.133903229654797997E+03
    4.89000000E+02      -3.143446319404140922E+03
    4.90000000E+02      -3.153289345946883259E+03
    4.91000000E+02      -3.162545913386435132E+03
    4.92000000E+02      -3.172229606380430596E+03
    4.93000000E+02      -3.181685514920289279E+03
    4.94000000E+02      -3.190960041360857758E+03
    4.95000000E+02      -3.200252180310683798E+03
    4.96000000E+02      -3.209429423757433142E+03
    4.97000000E+02      -3.218586865748532546E+03
    4.98000000E+02      -3.227754996322078114E+03
    4.99000000E+02      -3.237043907219402627E+03
    5.00000000E+02      -3.246200017582719738E+03
    5.01000000E+02      -3.255201156649339282E+03
    5.02000000E+02      -3.264236501869307176E+03
    5.03000000E+02      -3.272776823219356629E+03
    5.04000000E+02      -3.281625941673421039E+03
    5.05000000E+02      -3.290378776261738039E+03
    5.06000000E+02      -3.286600016447075177E+03
    5.07000000E+02      -3.050401285968604498E+03
    5.08000000E+02      -3.296901617689378327E+03
    5.09000000E+02      -3.292287932428305794E+03
    5.10000000E+02      -3.327143162946722441E+03
