    0.00000000E+00      -2.908326713804220844E+02
    1.00000000E+00      -2.884935337449954886E+02
    2.00000000E+00      -2.868214853376215387E+02
    3.00000000E+00      -2.855290976898344297E+02
    4.00000000E+00      -2.844985758227361430E+02
    5.00000000E+00      -2.836651187362680275E+02
    6.00000000E+00      -2.829880916134519566E+02
    7.00000000E+00      -2.824392956456234742E+02
    8.00000000E+00      -2.819982553856046934E+02
    9.00000000E+00      -2.816490164564987708E+02
    1.00000000E+01      -2.813789315769048471E+02
    1.10000000E+01      -2.811784704323457618E+02
    1.20000000E+01      -2.810395027862927009E+02
    1.30000000E+01      -2.809545683160489489E+02
    1.40000000E+01      -2.809177112053679366E+02
    1.50000000E+01      -2.809240034316266019E+02
    1.60000000E+01      -2.809689966938989301E+02
    1.70000000E+01      -2.810486712426012446E+02
    1.80000000E+01      -2.811595881959023018E+02
    1.90000000E+01      -2.812987956235250522E+02
    2.00000000E+01      -2.814634991470323939E+02
    2.10000000E+01      -2.816509118648776848E+02
    2.20000000E+01      -2.818589560206113447E+02
    2.30000000E+01      -2.820859229837609519E+02
    2.40000000E+01      -2.823294413728239078E+02
    2.50000000E+01      -2.825876917217923392E+02
    2.60000000E+01      -2.828593358793826837E+02
    2.70000000E+01      -2.831429193018069554E+02
    2.80000000E+01      -2.834367694960041035E+02
    2.90000000E+01      -2.837397786861350824E+02
    3.00000000E+01      -2.840506296945335407E+02
    3.10000000E+01      -2.843682656419063051E+02
    3.20000000E+01      -2.846917674346426566E+02
    3.30000000E+01      -2.850199974133232672E+02
    3.40000000E+01      -2.853521716262279142E+02
    3.50000000E+01      -2.856873174082087417E+02
    3.60000000E+01      -2.860246155870212306E+02
    3.70000000E+01      -2.863633909151488979E+02
    3.80000000E+01      -2.867026662382362474E+02
    3.90000000E+01      -2.870420032449131895E+02
    4.00000000E+01      -2.873807675280207832E+02
    4.10000000E+01      -2.877182346433932025E+02
    4.20000000E+01      -2.880532221671259094E+02
    4.30000000E+01      -2.883851884040581126E+02
    4.40000000E+01      -2.887146123122023482E+02
    4.50000000E+01      -2.890402517596324969E+02
    4.60000000E+01      -2.893615370935825695E+02
    4.70000000E+01      -2.896784869488859613E+02
    4.80000000E+01      -2.899903919734591682E+02
    4.90000000E+01      -2.902966794088082452E+02
    5.00000000E+01      -2.905969133868878771E+02
    5.10000000E+01      -2.908908284982265968E+02
    5.20000000E+01      -2.911784691350134153E+02
    5.30000000E+01      -2.914594896794827719E+02
    5.40000000E+01      -2.917335479669803817E+02
    5.50000000E+01      -2.919998985061487247E+02
    5.60000000E+01      -2.922588680461579997E+02
    5.70000000E+01      -2.925103028924735327E+02
    5.80000000E+01      -2.927531323785027553E+02
    5.90000000E+01      -2.929877424450190802E+02
    6.00000000E+01      -2.932141603669682581E+02
    6.10000000E+01      -2.934320922971768368E+02
    6.20000000E+01      -2.936413841005945642E+02
    6.30000000E+01      -2.938422918997770239E+02
    6.40000000E+01      -2.940341306014983047E+02
    6.50000000E+01      -2.942172477061925520E+02
    6.60000000E+01      -2.943915571573255647E+02
    6.70000000E+01      -2.945571611121362139E+02
    6.80000000E+01      -2.947135958860693563E+02
    6.90000000E+01      -2.948610393012007762E+02
    7.00000000E+01      -2.949994536890247900E+02
    7.10000000E+01      -2.951290990233486582E+02
    7.20000000E+01      -2.952495627757692773E+02
    7.30000000E+01      -2.953612011336321075E+02
    7.40000000E+01      -2.954640827104980190E+02
    7.50000000E+01      -2.955577920566378225E+02
    7.60000000E+01      -2.956425427380548854E+02
    7.70000000E+01      -2.957186609069416363E+02
    7.80000000E+01      -2.957853132170224626E+02
    7.90000000E+01      -2.958429334830092330E+02
    8.00000000E+01      -2.958925939554413844E+02
    8.10000000E+01      -2.959337400186872173E+02
    8.20000000E+01      -2.959657426523575623E+02
    8.30000000E+01      -2.959894694136986573E+02
    8.40000000E+01      -2.960043904169527877E+02
    8.50000000E+01      -2.960110788459954847E+02
    8.60000000E+01      -2.960095098051773448E+02
    8.70000000E+01      -2.959993007684191753E+02
    8.80000000E+01      -2.959803814578866650E+02
    8.90000000E+01      -2.959537455025659938E+02
    9.00000000E+01      -2.959186054484983970E+02
    9.10000000E+01      -2.958751391687495698E+02
    9.20000000E+01      -2.958238633662061829E+02
    9.30000000E+01      -2.957638633174886991E+02
    9.40000000E+01      -2.956966772771505703E+02
    9.50000000E+01      -2.956214953936236043E+02
    9.60000000E+01      -2.955381049421215494E+02
    9.70000000E+01      -2.954463965914277424E+02
    9.80000000E+01      -2.953469179859915812E+02
    9.90000000E+01      -2.952405504116853763E+02
    1.00000000E+02      -2.951258313018428225E+02
    1.01000000E+02      -2.950035570951243926E+02
    1.02000000E+02      -2.948744979044953425E+02
    1.03000000E+02      -2.947368363934168656E+02
    1.04000000E+02      -2.945920227089030732E+02
    1.05000000E+02      -2.944398895947327901E+02
    1.06000000E+02      -2.942794269046811451E+02
    1.07000000E+02      -2.941121688734805275E+02
    1.08000000E+02      -2.939373031450035114E+02
    1.09000000E+02      -2.937547551061092008E+02
    1.10000000E+02      -2.935659154665721644E+02
    1.11000000E+02      -2.933691694355169375E+02
    1.12000000E+02      -2.931651956381341506E+02
    1.13000000E+02      -2.929533593527106632E+02
    1.14000000E+02      -2.927347552322847832E+02
    1.15000000E+02      -2.925086189252855320E+02
    1.16000000E+02      -2.922747148487782169E+02
    1.17000000E+02      -2.920336789908418496E+02
    1.18000000E+02      -2.917863442756300856E+02
    1.19000000E+02      -2.915303216355918039E+02
    1.20000000E+02      -2.912686321947788883E+02
    1.21000000E+02      -2.909981296866266121E+02
    1.22000000E+02      -2.907213079580636759E+02
    1.23000000E+02      -2.904368941444503207E+02
    1.24000000E+02      -2.901450321993855823E+02
    1.25000000E+02      -2.898461684953020949E+02
    1.26000000E+02      -2.895393082253234525E+02
    1.27000000E+02      -2.892256825664611597E+02
    1.28000000E+02      -2.889046042380454082E+02
    1.29000000E+02      -2.885762424776861508E+02
    1.30000000E+02      -2.882407882675128121E+02
    1.31000000E+02      -2.878983547986084659E+02
    1.32000000E+02      -2.875481802092930366E+02
    1.33000000E+02      -2.871913262876281578E+02
    1.34000000E+02      -2.868268268951745767E+02
    1.35000000E+02      -2.864554847903149266E+02
    1.36000000E+02      -2.860763503758302022E+02
    1.37000000E+02      -2.856905064830156107E+02
    1.38000000E+02      -2.852968669420173455E+02
    1.39000000E+02      -2.848961556358793814E+02
    1.40000000E+02      -2.844886918240757723E+02
    1.41000000E+02      -2.840736080089649249E+02
    1.42000000E+02      -2.836512584579708118E+02
    1.43000000E+02      -2.832212963204896141E+02
    1.44000000E+02      -2.827850734461629827E+02
    1.45000000E+02      -2.823412578332303156E+02
    1.46000000E+02      -2.818907661694632907E+02
    1.47000000E+02      -2.814330585729861696E+02
    1.48000000E+02      -2.809682456472022523E+02
    1.49000000E+02      -2.804961369862379570E+02
    1.50000000E+02      -2.800177232865775068E+02
    1.51000000E+02      -2.795325024833967973E+02
    1.52000000E+02      -2.790423867709999968E+02
    1.53000000E+02      -2.785437138998480577E+02
    1.54000000E+02      -2.780378840459110279E+02
    1.55000000E+02      -2.775276246497472812E+02
    1.56000000E+02      -2.770085417172471125E+02
    1.57000000E+02      -2.764834554074863036E+02
    1.58000000E+02      -2.759519485580334504E+02
    1.59000000E+02      -2.754136976828398247E+02
    1.60000000E+02      -2.748697049508867849E+02
    1.61000000E+02      -2.743190679646162380E+02
    1.62000000E+02      -2.737622488288274099E+02
    1.63000000E+02      -2.731994159522531618E+02
    1.64000000E+02      -2.726313891583653231E+02
    1.65000000E+02      -2.720570657768352021E+02
    1.66000000E+02      -2.714767792844744463E+02
    1.67000000E+02      -2.708907506005438108E+02
    1.68000000E+02      -2.702989460044140060E+02
    1.69000000E+02      -2.697018163961423625E+02
    1.70000000E+02      -2.690993595463754673E+02
    1.71000000E+02      -2.684915464358003874E+02
    1.72000000E+02      -2.678773135028844763E+02
    1.73000000E+02      -2.672588705625915964E+02
    1.74000000E+02      -2.666339292943542887E+02
    1.75000000E+02      -2.660039999848762591E+02
    1.76000000E+02      -2.653690358226252783E+02
    1.77000000E+02      -2.647291536278156627E+02
    1.78000000E+02      -2.640833398933121998E+02
    1.79000000E+02      -2.634334063851805467E+02
    1.80000000E+02      -2.627780067255320091E+02
    1.81000000E+02      -2.621170807406837184E+02
    1.82000000E+02      -2.614510520340940047E+02
    1.83000000E+02      -2.607796889457916905E+02
    1.84000000E+02      -2.601029795096786756E+02
    1.85000000E+02      -2.594217754460936476E+02
    1.86000000E+02      -2.587342994106533069E+02
    1.87000000E+02      -2.580426421878458996E+02
    1.88000000E+02      -2.573455688523193885E+02
    1.89000000E+02      -2.566430767607474763E+02
    1.90000000E+02      -2.559340178350051644E+02
    1.91000000E+02      -2.552209036062070879E+02
    1.92000000E+02      -2.545004679409852031E+02
    1.93000000E+02      -2.537759750192584249E+02
    1.94000000E+02      -2.530455489180115762E+02
    1.95000000E+02      -2.523093833765545639E+02
    1.96000000E+02      -2.515685466763628426E+02
    1.97000000E+02      -2.508221344454744610E+02
    1.98000000E+02      -2.500689512068005058E+02
    1.99000000E+02      -2.493113963141171041E+02
    2.00000000E+02      -2.485467362155271474E+02
    2.01000000E+02      -2.477751383742382529E+02
    2.02000000E+02      -2.469984889608407173E+02
    2.03000000E+02      -2.462155210206350091E+02
    2.04000000E+02      -2.454259416007501784E+02
    2.05000000E+02      -2.446302040014946613E+02
    2.06000000E+02      -2.438282467260090414E+02
    2.07000000E+02      -2.430194981534098986E+02
    2.08000000E+02      -2.422043651224178973E+02
    2.09000000E+02      -2.413827547198692116E+02
    2.10000000E+02      -2.405540485960030708E+02
    2.11000000E+02      -2.397189296871023032E+02
    2.12000000E+02      -2.388777183839650604E+02
    2.13000000E+02      -2.380292997062736902E+02
    2.14000000E+02      -2.371736475828168693E+02
    2.15000000E+02      -2.363114162770164910E+02
    2.16000000E+02      -2.354415510467318597E+02
    2.17000000E+02      -2.345650396617660078E+02
    2.18000000E+02      -2.336814068735642138E+02
    2.19000000E+02      -2.327908404637658748E+02
    2.20000000E+02      -2.318946998834674957E+02
    2.21000000E+02      -2.309905374402245286E+02
    2.22000000E+02      -2.300786745830504003E+02
    2.23000000E+02      -2.291663801968628320E+02
    2.24000000E+02      -2.282402402749815735E+02
    2.25000000E+02      -2.273085709256650659E+02
    2.26000000E+02      -2.263681729303737882E+02
    2.27000000E+02      -2.254223725933646563E+02
    2.28000000E+02      -2.244695506208175573E+02
    2.29000000E+02      -2.235081239275699261E+02
    2.30000000E+02      -2.225394286187896284E+02
    2.31000000E+02      -2.215645742533327791E+02
    2.32000000E+02      -2.205823724605673704E+02
    2.33000000E+02      -2.195934795290762338E+02
    2.34000000E+02      -2.185943074799673411E+02
    2.35000000E+02      -2.175916151584191027E+02
    2.36000000E+02      -2.165802307136421803E+02
    2.37000000E+02      -2.155639002966293845E+02
    2.38000000E+02      -2.145407486851857755E+02
    2.39000000E+02      -2.135082745331404510E+02
    2.40000000E+02      -2.124686897988961789E+02
    2.41000000E+02      -2.114232074281265739E+02
    2.42000000E+02      -2.103690231096064451E+02
    2.43000000E+02      -2.093080827550096217E+02
    2.44000000E+02      -2.082417322651548091E+02
    2.45000000E+02      -2.071650701303099993E+02
    2.46000000E+02      -2.060831752683101001E+02
    2.47000000E+02      -2.049937251620525274E+02
    2.48000000E+02      -2.038978572097206268E+02
    2.49000000E+02      -2.027950078691886517E+02
    2.50000000E+02      -2.016861077766464803E+02
    2.51000000E+02      -2.005674623963953707E+02
    2.52000000E+02      -1.994431736216014031E+02
    2.53000000E+02      -1.983129261301895383E+02
    2.54000000E+02      -1.971739489434351924E+02
    2.55000000E+02      -1.960292262000096741E+02
    2.56000000E+02      -1.948750782311493310E+02
    2.57000000E+02      -1.937155792122306082E+02
    2.58000000E+02      -1.925473321909615549E+02
    2.59000000E+02      -1.913719754943689111E+02
    2.60000000E+02      -1.901902509162267449E+02
    2.61000000E+02      -1.890007988552627864E+02
    2.62000000E+02      -1.878051867648558471E+02
    2.63000000E+02      -1.865984842165438238E+02
    2.64000000E+02      -1.853850324028702232E+02
    2.65000000E+02      -1.841666647953046265E+02
    2.66000000E+02      -1.829395321186696890E+02
    2.67000000E+02      -1.817035833197245154E+02
    2.68000000E+02      -1.804609550424450788E+02
    2.69000000E+02      -1.792103146489774588E+02
    2.70000000E+02      -1.779504714268790337E+02
    2.71000000E+02      -1.766839820289117995E+02
    2.72000000E+02      -1.754087488316530141E+02
    2.73000000E+02      -1.741251673338068429E+02
    2.74000000E+02      -1.728340524593898806E+02
    2.75000000E+02      -1.715324727213540825E+02
    2.76000000E+02      -1.702257132593607309E+02
    2.77000000E+02      -1.689091611982388201E+02
    2.78000000E+02      -1.675832675986988249E+02
    2.79000000E+02      -1.662522362769180688E+02
    2.80000000E+02      -1.649125286145666394E+02
    2.81000000E+02      -1.635628277455055866E+02
    2.82000000E+02      -1.622062093476364169E+02
    2.83000000E+02      -1.608421095444885793E+02
    2.84000000E+02      -1.594692801051372442E+02
    2.85000000E+02      -1.580887525596720877E+02
    2.86000000E+02      -1.567000969905005547E+02
    2.87000000E+02      -1.553017700710864517E+02
    2.88000000E+02      -1.538971763887041959E+02
    2.89000000E+02      -1.524832770135784301E+02
    2.90000000E+02      -1.510616746356775764E+02
    2.91000000E+02      -1.496311402912782285E+02
    2.92000000E+02      -1.481923926740949753E+02
    2.93000000E+02      -1.467462943676458451E+02
    2.94000000E+02      -1.452914078790293786E+02
    2.95000000E+02      -1.438285028781341168E+02
    2.96000000E+02      -1.423620024275099638E+02
    2.97000000E+02      -1.408879810744495842E+02
    2.98000000E+02      -1.394057976909046772E+02
    2.99000000E+02      -1.379179980892753008E+02
    3.00000000E+02      -1.364197206425545517E+02
    3.01000000E+02      -1.349190157794458571E+02
    3.02000000E+02      -1.334101546838013235E+02
    3.03000000E+02      -1.318955830659782293E+02
    3.04000000E+02      -1.303745032267709973E+02
    3.05000000E+02      -1.288471473008924875E+02
    3.06000000E+02      -1.273146201607836332E+02
    3.07000000E+02      -1.257787727949274625E+02
    3.08000000E+02      -1.242400010892255153E+02
    3.09000000E+02      -1.226981656293449845E+02
    3.10000000E+02      -1.211476355442376729E+02
    3.11000000E+02      -1.195949571952754553E+02
    3.12000000E+02      -1.180371443259594884E+02
    3.13000000E+02      -1.164802684819390919E+02
    3.14000000E+02      -1.149162174829346981E+02
    3.15000000E+02      -1.133504810049729343E+02
    3.16000000E+02      -1.117809993257345553E+02
    3.17000000E+02      -1.102114587342897352E+02
    3.18000000E+02      -1.086418260506419387E+02
    3.19000000E+02      -1.070691626924620863E+02
    3.20000000E+02      -1.054952624780656691E+02
    3.21000000E+02      -1.039197403730889704E+02
    3.22000000E+02      -1.023439754173690375E+02
    3.23000000E+02      -1.007677706587659117E+02
    3.24000000E+02      -9.918764666403363606E+01
    3.25000000E+02      -9.761301012598629256E+01
    3.26000000E+02      -9.603839157084654232E+01
    3.27000000E+02      -9.446392369159217139E+01
    3.28000000E+02      -9.289318696484620830E+01
    3.29000000E+02      -9.132363935472163519E+01
    3.30000000E+02      -8.975015918007771631E+01
    3.31000000E+02      -8.818194056680145820E+01
    3.32000000E+02      -8.661529237689170202E+01
    3.33000000E+02      -8.505355341062600871E+01
    3.34000000E+02      -8.349694176279659530E+01
    3.35000000E+02      -8.193849530611838361E+01
    3.36000000E+02      -8.038707530922907551E+01
    3.37000000E+02      -7.884025440626497527E+01
    3.38000000E+02      -7.729962307103629371E+01
    3.39000000E+02      -7.575967127811814805E+01
    3.40000000E+02      -7.422808373515213987E+01
    3.41000000E+02      -7.270229680957923790E+01
    3.42000000E+02      -7.118352699145394524E+01
    3.43000000E+02      -6.966942393924760779E+01
    3.44000000E+02      -6.816062033298145195E+01
    3.45000000E+02      -6.665961613371688088E+01
    3.46000000E+02      -6.516586028719972035E+01
    3.47000000E+02      -6.368312023329267646E+01
    3.48000000E+02      -6.220266173342893268E+01
    3.49000000E+02      -6.073805235843824590E+01
    3.50000000E+02      -5.927949291123727704E+01
    3.51000000E+02      -5.782827107194530214E+01
    3.52000000E+02      -5.638547377316931630E+01
    3.53000000E+02      -5.494900646811070288E+01
    3.54000000E+02      -5.352447663602138306E+01
    3.55000000E+02      -5.211209990811253334E+01
    3.56000000E+02      -5.071220767410191144E+01
    3.57000000E+02      -4.932057244009988750E+01
    3.58000000E+02      -4.794343902758041764E+01
    3.59000000E+02      -4.658028919161947812E+01
    3.60000000E+02      -4.522610904700773204E+01
    3.61000000E+02      -4.388897097581716622E+01
    3.62000000E+02      -4.256261788500192011E+01
    3.63000000E+02      -4.125205290346125508E+01
    3.64000000E+02      -3.994872421753311897E+01
    3.65000000E+02      -3.866433920274207736E+01
    3.66000000E+02      -3.739894941547604645E+01
    3.67000000E+02      -3.614632923883105065E+01
    3.68000000E+02      -3.491167697408886994E+01
    3.69000000E+02      -3.368867498711401964E+01
    3.70000000E+02      -3.248453899478258933E+01
    3.71000000E+02      -3.129481014754342283E+01
    3.72000000E+02      -3.011970663355382527E+01
    3.73000000E+02      -2.895911652087884391E+01
    3.74000000E+02      -2.782569778180400277E+01
    3.75000000E+02      -2.670895949803011860E+01
    3.76000000E+02      -2.560599438828135277E+01
    3.77000000E+02      -2.452291100756915654E+01
    3.78000000E+02      -2.345948911905939127E+01
    3.79000000E+02      -2.242198308935108031E+01
    3.80000000E+02      -2.139845563709454979E+01
    3.81000000E+02      -2.040649259910637880E+01
    3.82000000E+02      -1.942840386699604238E+01
    3.83000000E+02      -1.846705413009690488E+01
    3.84000000E+02      -1.753789304271990801E+01
    3.85000000E+02      -1.663311289838234330E+01
    3.86000000E+02      -1.575367904646041239E+01
    3.87000000E+02      -1.489474921236465121E+01
    3.88000000E+02      -1.406184051354134823E+01
    3.89000000E+02      -1.325810701521763946E+01
    3.90000000E+02      -1.246851895917857433E+01
    3.91000000E+02      -1.169901528959812964E+01
    3.92000000E+02      -1.096712368918301905E+01
    3.93000000E+02      -1.026693806616308535E+01
    3.94000000E+02      -9.577754715044967782E+00
    3.95000000E+02      -8.928161113110355984E+00
    3.96000000E+02      -8.308543663757838260E+00
    3.97000000E+02      -7.716459661309592377E+00
    3.98000000E+02      -7.151641525381229769E+00
    3.99000000E+02      -6.612520496879689347E+00
    4.00000000E+02      -6.108931641147457015E+00
    4.01000000E+02      -5.636978801160104524E+00
    4.02000000E+02      -5.201546800841562401E+00
    4.03000000E+02      -4.788274170185424339E+00
    4.04000000E+02      -4.417911503517053973E+00
    4.05000000E+02      -4.073641294666551005E+00
    4.06000000E+02      -3.763865650451727607E+00
    4.07000000E+02      -3.483502001787521341E+00
    4.08000000E+02      -3.244882196473874547E+00
    4.09000000E+02      -3.035618361837216117E+00
    4.10000000E+02      -2.860398518905960419E+00
    4.11000000E+02      -2.725340038823880651E+00
    4.12000000E+02      -2.634715873102642991E+00
    4.13000000E+02      -2.579721699056201079E+00
    4.14000000E+02      -2.548335240275584557E+00
    4.15000000E+02      -2.572851317056440212E+00
    4.16000000E+02      -2.612352481863446929E+00
    4.17000000E+02      -2.711126174132325151E+00
    4.18000000E+02      -2.844874243770711519E+00
    4.19000000E+02      -3.016862165934391715E+00
    4.20000000E+02      -3.239488020126693346E+00
    4.21000000E+02      -3.498480980104752280E+00
    4.22000000E+02      -3.798204793182187178E+00
    4.23000000E+02      -4.147626560700111042E+00
    4.24000000E+02      -4.521528729057855855E+00
    4.25000000E+02      -4.953930936341158997E+00
    4.26000000E+02      -5.428644547292016398E+00
    4.27000000E+02      -5.951751084585659157E+00
    4.28000000E+02      -6.531295205985180985E+00
    4.29000000E+02      -7.150425043708629858E+00
    4.30000000E+02      -7.821251457377321969E+00
    4.31000000E+02      -8.541860051739014636E+00
    4.32000000E+02      -9.327204514813594471E+00
    4.33000000E+02      -1.015742715220617498E+01
    4.34000000E+02      -1.102600339013802255E+01
    4.35000000E+02      -1.194422048335614051E+01
    4.36000000E+02      -1.291042195801342274E+01
    4.37000000E+02      -1.393706488661187137E+01
    4.38000000E+02      -1.499141262127736951E+01
    4.39000000E+02      -1.613053539749885346E+01
    4.40000000E+02      -1.732790080556365098E+01
    4.41000000E+02      -1.857535440573187913E+01
    4.42000000E+02      -1.987503645225147153E+01
    4.43000000E+02      -2.122782521281110490E+01
    4.44000000E+02      -2.265727423323037470E+01
    4.45000000E+02      -2.411340044420862938E+01
    4.46000000E+02      -2.564087343058267976E+01
    4.47000000E+02      -2.722358749230111385E+01
    4.48000000E+02      -2.885755206742974366E+01
    4.49000000E+02      -3.057138336268904055E+01
    4.50000000E+02      -3.233614002033787216E+01
    4.51000000E+02      -3.416187933604883398E+01
    4.52000000E+02      -3.606822844157645847E+01
    4.53000000E+02      -3.803824989805648471E+01
    4.54000000E+02      -4.003873123489970709E+01
    4.55000000E+02      -4.211682136455269898E+01
    4.56000000E+02      -4.428446539752835776E+01
    4.57000000E+02      -4.646627023728283490E+01
    4.58000000E+02      -4.875243823421838130E+01
    4.59000000E+02      -5.112286280170733477E+01
    4.60000000E+02      -5.354819868067929889E+01
    4.61000000E+02      -5.601122616097050155E+01
    4.62000000E+02      -5.855716934852021183E+01
    4.63000000E+02      -6.115970370830687131E+01
    4.64000000E+02      -6.387273725663030888E+01
    4.65000000E+02      -6.665241724793519040E+01
    4.66000000E+02      -6.946060999441611727E+01
    4.67000000E+02      -7.237542719189728757E+01
    4.68000000E+02      -7.536267721402178665E+01
    4.69000000E+02      -7.843527221964392027E+01
    4.70000000E+02      -8.158836889551672300E+01
    4.71000000E+02      -8.480026564077193996E+01
    4.72000000E+02      -8.809148531016613504E+01
    4.73000000E+02      -9.147265627473312577E+01
    4.74000000E+02      -9.494108802062179109E+01
    4.75000000E+02      -9.846937126415501496E+01
    4.76000000E+02      -1.020920282190730717E+02
    4.77000000E+02      -1.057918213552860465E+02
    4.78000000E+02      -1.096393420908665206E+02
    4.79000000E+02      -1.135240177244944419E+02
    4.80000000E+02      -1.174593462376454767E+02
    4.81000000E+02      -1.215209644043883230E+02
    4.82000000E+02      -1.256749284156197604E+02
    4.83000000E+02      -1.299025753143308464E+02
    4.84000000E+02      -1.342169896148210171E+02
    4.85000000E+02      -1.385671804037941399E+02
    4.86000000E+02      -1.430306812080619636E+02
    4.87000000E+02      -1.475252941973106715E+02
    4.88000000E+02      -1.521967540414137545E+02
    4.89000000E+02      -1.569831059128576669E+02
    4.90000000E+02      -1.618598784464942071E+02
    4.91000000E+02      -1.668009293971648219E+02
    4.92000000E+02      -1.718652812834428403E+02
    4.93000000E+02      -1.770338625067909959E+02
    4.94000000E+02      -1.822798452880764160E+02
    4.95000000E+02      -1.876620784323261830E+02
    4.96000000E+02      -1.931169174342015538E+02
    4.97000000E+02      -1.986175494527509215E+02
    4.98000000E+02      -2.042340168026806566E+02
    4.99000000E+02      -2.099786791466707143E+02
    5.00000000E+02      -2.158640071112261865E+02
    5.01000000E+02      -2.218401977359847876E+02
    5.02000000E+02      -2.279218319007726166E+02
    5.03000000E+02      -2.341871051914589259E+02
    5.04000000E+02      -2.404921456403629634E+02
    5.05000000E+02      -2.469114107857988927E+02
    5.06000000E+02      -2.532958096054447594E+02
    5.07000000E+02      -2.579377204101132293E+02
    5.08000000E+02      -2.669553025784501870E+02
    5.09000000E+02      -2.704686301788846094E+02
    5.10000000E+02      -2.720547682841373671E+02
