    0.00000000E+00       9.101819352631227312E-12
    1.00000000E+00      -6.057399925758452956E-04
    2.00000000E+00      -3.420226017219121784E-02
    3.00000000E+00      -1.008060041102437909E-01
    4.00000000E+00      -2.003638579988423762E-01
    5.00000000E+00      -3.329224529448200354E-01
    6.00000000E+00      -4.985318230032122488E-01
    7.00000000E+00      -6.970361232859019207E-01
    8.00000000E+00      -9.286061244594270292E-01
    9.00000000E+00      -1.192907886628710168E+00
    1.00000000E+01      -1.490519392088627715E+00
    1.10000000E+01      -1.821196466189255458E+00
    1.20000000E+01      -2.184513317860407255E+00
    1.30000000E+01      -2.580750472579960153E+00
    1.40000000E+01      -3.010215523112638181E+00
    1.50000000E+01      -3.472534975552094672E+00
    1.60000000E+01      -3.967726922179528160E+00
    1.70000000E+01      -4.495644688403281464E+00
    1.80000000E+01      -5.057528261473554387E+00
    1.90000000E+01      -5.651181994454173463E+00
    2.00000000E+01      -6.278125395421513488E+00
    2.10000000E+01      -6.937270595739729373E+00
    2.20000000E+01      -7.630546117045136967E+00
    2.30000000E+01      -8.355646500210681893E+00
    2.40000000E+01      -9.114157526148577659E+00
    2.50000000E+01      -9.904612054087859718E+00
    2.60000000E+01      -1.072779433553567863E+01
    2.70000000E+01      -1.158524362844026712E+01
    2.80000000E+01      -1.247422393070308289E+01
    2.90000000E+01      -1.339636399488327356E+01
    3.00000000E+01      -1.435030393914598967E+01
    3.10000000E+01      -1.533894007369362456E+01
    3.20000000E+01      -1.635873429486755271E+01
    3.30000000E+01      -1.741209212236827852E+01
    3.40000000E+01      -1.849677986043953126E+01
    3.50000000E+01      -1.961442429842373869E+01
    3.60000000E+01      -2.076325758840198787E+01
    3.70000000E+01      -2.194677583300281754E+01
    3.80000000E+01      -2.316090403323383384E+01
    3.90000000E+01      -2.440922491523739168E+01
    4.00000000E+01      -2.568983637680934606E+01
    4.10000000E+01      -2.700110535167235071E+01
    4.20000000E+01      -2.834537048986375396E+01
    4.30000000E+01      -2.972110715842855200E+01
    4.40000000E+01      -3.112964169654715363E+01
    4.50000000E+01      -3.256866103603391593E+01
    4.60000000E+01      -3.404080603268666039E+01
    4.70000000E+01      -3.554471131007494478E+01
    4.80000000E+01      -3.708061032336610197E+01
    4.90000000E+01      -3.864847381214767097E+01
    5.00000000E+01      -4.024798303531614607E+01
    5.10000000E+01      -4.187825668898336318E+01
    5.20000000E+01      -4.354126960142826874E+01
    5.30000000E+01      -4.523496550691008622E+01
    5.40000000E+01      -4.696032945327890928E+01
    5.50000000E+01      -4.871425733519589585E+01
    5.60000000E+01      -5.050245435233662050E+01
    5.70000000E+01      -5.231891469342532730E+01
    5.80000000E+01      -5.416742142572311991E+01
    5.90000000E+01      -5.605056347508178760E+01
    6.00000000E+01      -5.796257306507756368E+01
    6.10000000E+01      -5.990795405375349958E+01
    6.20000000E+01      -6.187966391695711366E+01
    6.30000000E+01      -6.388056149730888933E+01
    6.40000000E+01      -6.591167317602926801E+01
    6.50000000E+01      -6.797651700071367031E+01
    6.60000000E+01      -7.006586085891868265E+01
    6.70000000E+01      -7.219108439697399149E+01
    6.80000000E+01      -7.434346534525300854E+01
    6.90000000E+01      -7.652516602044508431E+01
    7.00000000E+01      -7.873801040640287852E+01
    7.10000000E+01      -8.097787707600610929E+01
    7.20000000E+01      -8.324948915740685607E+01
    7.30000000E+01      -8.554643044840128141E+01
    7.40000000E+01      -8.787373208585148632E+01
    7.50000000E+01      -9.022947169537394529E+01
    7.60000000E+01      -9.261511131493853100E+01
    7.70000000E+01      -9.503147972621309236E+01
    7.80000000E+01      -9.746649816071681016E+01
    7.90000000E+01      -9.994011601393901856E+01
    8.00000000E+01      -1.024419563407963665E+02
    8.10000000E+01      -1.049716633378907318E+02
    8.20000000E+01      -1.075283701443148630E+02
    8.30000000E+01      -1.101098055417140813E+02
    8.40000000E+01      -1.127203786451143515E+02
    8.50000000E+01      -1.153604548857914551E+02
    8.60000000E+01      -1.180264433478528758E+02
    8.70000000E+01      -1.207195207094882790E+02
    8.80000000E+01      -1.234408870544863248E+02
    8.90000000E+01      -1.261896041481156772E+02
    9.00000000E+01      -1.289613784341125893E+02
    9.10000000E+01      -1.317618050098816411E+02
    9.20000000E+01      -1.345872221724267774E+02
    9.30000000E+01      -1.374405476396271979E+02
    9.40000000E+01      -1.403188774001055208E+02
    9.50000000E+01      -1.432230420463469045E+02
    9.60000000E+01      -1.461520058713203980E+02
    9.70000000E+01      -1.491052212408213791E+02
    9.80000000E+01      -1.520804072904171562E+02
    9.90000000E+01      -1.550831096497884118E+02
    1.00000000E+02      -1.581080746135091886E+02
    1.01000000E+02      -1.611592141211561966E+02
    1.02000000E+02      -1.642306036910647435E+02
    1.03000000E+02      -1.673347472869215835E+02
    1.04000000E+02      -1.704655914428645929E+02
    1.05000000E+02      -1.736155843982705846E+02
    1.06000000E+02      -1.767870214934665682E+02
    1.07000000E+02      -1.799806156223075959E+02
    1.08000000E+02      -1.832039819883702876E+02
    1.09000000E+02      -1.864532302412444551E+02
    1.10000000E+02      -1.897269922007715195E+02
    1.11000000E+02      -1.930188519078369609E+02
    1.12000000E+02      -1.963340698055912981E+02
    1.13000000E+02      -1.996780685086143876E+02
    1.14000000E+02      -2.030322245629508870E+02
    1.15000000E+02      -2.064175831323905186E+02
    1.16000000E+02      -2.098195504638486000E+02
    1.17000000E+02      -2.132453479312407580E+02
    1.18000000E+02      -2.167019125878885006E+02
    1.19000000E+02      -2.201847914230870629E+02
    1.20000000E+02      -2.236868943357208082E+02
    1.21000000E+02      -2.272017496405960628E+02
    1.22000000E+02      -2.307460809960045935E+02
    1.23000000E+02      -2.343040369660400302E+02
    1.24000000E+02      -2.378818219093009247E+02
    1.25000000E+02      -2.414878548353608494E+02
    1.26000000E+02      -2.451179687442265731E+02
    1.27000000E+02      -2.487545705871300470E+02
    1.28000000E+02      -2.524138701109195608E+02
    1.29000000E+02      -2.560945579807112154E+02
    1.30000000E+02      -2.598096197411985031E+02
    1.31000000E+02      -2.635412219687734705E+02
    1.32000000E+02      -2.672850526345853268E+02
    1.33000000E+02      -2.710559930463059573E+02
    1.34000000E+02      -2.748525562226664078E+02
    1.35000000E+02      -2.786729940304060165E+02
    1.36000000E+02      -2.825074502603765723E+02
    1.37000000E+02      -2.863591752482309403E+02
    1.38000000E+02      -2.902307113307192594E+02
    1.39000000E+02      -2.941246168345762726E+02
    1.40000000E+02      -2.980394429189836956E+02
    1.41000000E+02      -3.019763592978231372E+02
    1.42000000E+02      -3.059391584603431511E+02
    1.43000000E+02      -3.099106303290502638E+02
    1.44000000E+02      -3.138954855794866035E+02
    1.45000000E+02      -3.179169332806693546E+02
    1.46000000E+02      -3.219555953096087251E+02
    1.47000000E+02      -3.259991478418164661E+02
    1.48000000E+02      -3.300737737332885899E+02
    1.49000000E+02      -3.341699571514272975E+02
    1.50000000E+02      -3.382854068807623662E+02
    1.51000000E+02      -3.424190954821265223E+02
    1.52000000E+02      -3.465567199074855580E+02
    1.53000000E+02      -3.507233215537803517E+02
    1.54000000E+02      -3.549127962276513699E+02
    1.55000000E+02      -3.591093577416745575E+02
    1.56000000E+02      -3.633422956748622710E+02
    1.57000000E+02      -3.675837298107896913E+02
    1.58000000E+02      -3.718470195982690711E+02
    1.59000000E+02      -3.761335787936163797E+02
    1.60000000E+02      -3.804292673064119299E+02
    1.61000000E+02      -3.847635293836920027E+02
    1.62000000E+02      -3.891018447593864948E+02
    1.63000000E+02      -3.934621521483957167E+02
    1.64000000E+02      -3.978435989837082616E+02
    1.65000000E+02      -4.022311124910906983E+02
    1.66000000E+02      -4.066476027016267381E+02
    1.67000000E+02      -4.110887339183366294E+02
    1.68000000E+02      -4.155573878211230294E+02
    1.69000000E+02      -4.200339052359720426E+02
    1.70000000E+02      -4.245313311500624422E+02
    1.71000000E+02      -4.290419039000146313E+02
    1.72000000E+02      -4.335841728228842840E+02
    1.73000000E+02      -4.381422196247588090E+02
    1.74000000E+02      -4.427221750415321821E+02
    1.75000000E+02      -4.473172467571696416E+02
    1.76000000E+02      -4.519344319326253299E+02
    1.77000000E+02      -4.565647151973969358E+02
    1.78000000E+02      -4.612209286518977933E+02
    1.79000000E+02      -4.658850718867668093E+02
    1.80000000E+02      -4.705712793157922533E+02
    1.81000000E+02      -4.752796107688636766E+02
    1.82000000E+02      -4.800075828455942428E+02
    1.83000000E+02      -4.847565170665329788E+02
    1.84000000E+02      -4.895300743369575684E+02
    1.85000000E+02      -4.943228102133200537E+02
    1.86000000E+02      -4.991241800999900988E+02
    1.87000000E+02      -5.039440810354396945E+02
    1.88000000E+02      -5.087965845057185561E+02
    1.89000000E+02      -5.136713485011553075E+02
    1.90000000E+02      -5.185590127221541934E+02
    1.91000000E+02      -5.234694929558093008E+02
    1.92000000E+02      -5.283939647045690435E+02
    1.93000000E+02      -5.333483290612446126E+02
    1.94000000E+02      -5.383370082937171901E+02
    1.95000000E+02      -5.433116176321414059E+02
    1.96000000E+02      -5.483178636861871382E+02
    1.97000000E+02      -5.533545920855228815E+02
    1.98000000E+02      -5.584216499747149101E+02
    1.99000000E+02      -5.634887304258907079E+02
    2.00000000E+02      -5.685861528339460165E+02
    2.01000000E+02      -5.737068737981558115E+02
    2.02000000E+02      -5.788442755642738575E+02
    2.03000000E+02      -5.839974163600379597E+02
    2.04000000E+02      -5.891875517038774888E+02
    2.05000000E+02      -5.943903521600004751E+02
    2.06000000E+02      -5.996171827780699459E+02
    2.07000000E+02      -6.048770404994756973E+02
    2.08000000E+02      -6.101541493197555610E+02
    2.09000000E+02      -6.154425972673168417E+02
    2.10000000E+02      -6.207751495114835052E+02
    2.11000000E+02      -6.261266115957578222E+02
    2.12000000E+02      -6.315028566431763011E+02
    2.13000000E+02      -6.368941336599921215E+02
    2.14000000E+02      -6.422989815154842290E+02
    2.15000000E+02      -6.477462304067812511E+02
    2.16000000E+02      -6.532073914994280130E+02
    2.17000000E+02      -6.586847868843346987E+02
    2.18000000E+02      -6.641956308121166330E+02
    2.19000000E+02      -6.697249515604803491E+02
    2.20000000E+02      -6.752923260312422826E+02
    2.21000000E+02      -6.808638246015204913E+02
    2.22000000E+02      -6.864600652620911205E+02
    2.23000000E+02      -6.920963743915490340E+02
    2.24000000E+02      -6.977533667019238237E+02
    2.25000000E+02      -7.034370833302241408E+02
    2.26000000E+02      -7.091400808895573391E+02
    2.27000000E+02      -7.148740722024690513E+02
    2.28000000E+02      -7.206240515381443856E+02
    2.29000000E+02      -7.264158630936901773E+02
    2.30000000E+02      -7.322192788685160849E+02
    2.31000000E+02      -7.380480970037770021E+02
    2.32000000E+02      -7.439018200241698651E+02
    2.33000000E+02      -7.497925415420475019E+02
    2.34000000E+02      -7.557088822852865633E+02
    2.35000000E+02      -7.616471482120664405E+02
    2.36000000E+02      -7.676143953266800963E+02
    2.37000000E+02      -7.736064908672676665E+02
    2.38000000E+02      -7.796158364269676895E+02
    2.39000000E+02      -7.856616867706825360E+02
    2.40000000E+02      -7.917376841274294748E+02
    2.41000000E+02      -7.978420174697357652E+02
    2.42000000E+02      -8.039696928531409412E+02
    2.43000000E+02      -8.101324069266024708E+02
    2.44000000E+02      -8.163227766166523907E+02
    2.45000000E+02      -8.225414272165808143E+02
    2.46000000E+02      -8.287749679192338590E+02
    2.47000000E+02      -8.350407510458321667E+02
    2.48000000E+02      -8.413250709162650764E+02
    2.49000000E+02      -8.476662172182955146E+02
    2.50000000E+02      -8.540436847296768974E+02
    2.51000000E+02      -8.604256035778757905E+02
    2.52000000E+02      -8.668500227322410865E+02
    2.53000000E+02      -8.732732209726423207E+02
    2.54000000E+02      -8.797618518196636614E+02
    2.55000000E+02      -8.862650296304329913E+02
    2.56000000E+02      -8.928004808372074876E+02
    2.57000000E+02      -8.993719075587405314E+02
    2.58000000E+02      -9.059790714516857406E+02
    2.59000000E+02      -9.125972267434926835E+02
    2.60000000E+02      -9.192406205828069687E+02
    2.61000000E+02      -9.259233467160279361E+02
    2.62000000E+02      -9.326222265024816807E+02
    2.63000000E+02      -9.393583016310842595E+02
    2.64000000E+02      -9.461250762098256928E+02
    2.65000000E+02      -9.529520129197742335E+02
    2.66000000E+02      -9.597728483947971654E+02
    2.67000000E+02      -9.666311666005467487E+02
    2.68000000E+02      -9.735207565371156306E+02
    2.69000000E+02      -9.804385177387414387E+02
    2.70000000E+02      -9.873964774736323307E+02
    2.71000000E+02      -9.943778926687903095E+02
    2.72000000E+02      -1.001392716980549494E+03
    2.73000000E+02      -1.008425015687316090E+03
    2.74000000E+02      -1.015502770463585307E+03
    2.75000000E+02      -1.022615274923624497E+03
    2.76000000E+02      -1.029741153331207670E+03
    2.77000000E+02      -1.036917533033938980E+03
    2.78000000E+02      -1.044132058461777660E+03
    2.79000000E+02      -1.051368152477936292E+03
    2.80000000E+02      -1.058626309890175435E+03
    2.81000000E+02      -1.065901953995976100E+03
    2.82000000E+02      -1.073231172164440068E+03
    2.83000000E+02      -1.080578295398976024E+03
    2.84000000E+02      -1.087966992837513999E+03
    2.85000000E+02      -1.095377361022828154E+03
    2.86000000E+02      -1.102812005316289969E+03
    2.87000000E+02      -1.110315178092629822E+03
    2.88000000E+02      -1.117815115003668325E+03
    2.89000000E+02      -1.125332361178469000E+03
    2.90000000E+02      -1.132900412104541829E+03
    2.91000000E+02      -1.140506725241402137E+03
    2.92000000E+02      -1.148126527675608941E+03
    2.93000000E+02      -1.155774659133184286E+03
    2.94000000E+02      -1.163450182433147120E+03
    2.95000000E+02      -1.171152351222837297E+03
    2.96000000E+02      -1.178904293049860826E+03
    2.97000000E+02      -1.186683831114527948E+03
    2.98000000E+02      -1.194501131081282892E+03
    2.99000000E+02      -1.202317348327505442E+03
    3.00000000E+02      -1.210171357567734958E+03
    3.01000000E+02      -1.218068051771972932E+03
    3.02000000E+02      -1.225970915023755424E+03
    3.03000000E+02      -1.233928632213661785E+03
    3.04000000E+02      -1.241930645827068020E+03
    3.05000000E+02      -1.249941010788446647E+03
    3.06000000E+02      -1.257959115367744289E+03
    3.07000000E+02      -1.266040017714932446E+03
    3.08000000E+02      -1.274143730383755155E+03
    3.09000000E+02      -1.282262131644365354E+03
    3.10000000E+02      -1.290411852185992757E+03
    3.11000000E+02      -1.298605063550907516E+03
    3.12000000E+02      -1.306830524850085794E+03
    3.13000000E+02      -1.315094234405037696E+03
    3.14000000E+02      -1.323373060640628410E+03
    3.15000000E+02      -1.331689452016009454E+03
    3.16000000E+02      -1.340006421812382541E+03
    3.17000000E+02      -1.348358867490131161E+03
    3.18000000E+02      -1.356733191581613710E+03
    3.19000000E+02      -1.365145351032992721E+03
    3.20000000E+02      -1.373586655257528491E+03
    3.21000000E+02      -1.382017514292763735E+03
    3.22000000E+02      -1.390495780444082811E+03
    3.23000000E+02      -1.399010917953188709E+03
    3.24000000E+02      -1.407566312236646354E+03
    3.25000000E+02      -1.416125646107532702E+03
    3.26000000E+02      -1.424717727908205006E+03
    3.27000000E+02      -1.433349906478453022E+03
    3.28000000E+02      -1.442000747518424760E+03
    3.29000000E+02      -1.450668383999912749E+03
    3.30000000E+02      -1.459383317133969740E+03
    3.31000000E+02      -1.468100083947706480E+03
    3.32000000E+02      -1.476844125792052637E+03
    3.33000000E+02      -1.485591701766203641E+03
    3.34000000E+02      -1.494378837073982140E+03
    3.35000000E+02      -1.503199221782149607E+03
    3.36000000E+02      -1.512096685519084076E+03
    3.37000000E+02      -1.520924393071611348E+03
    3.38000000E+02      -1.529826776160206919E+03
    3.39000000E+02      -1.538792500924532760E+03
    3.40000000E+02      -1.547720730669428804E+03
    3.41000000E+02      -1.556666879463502028E+03
    3.42000000E+02      -1.565653426617613604E+03
    3.43000000E+02      -1.574684080880562306E+03
    3.44000000E+02      -1.583694139323354420E+03
    3.45000000E+02      -1.592747041003023014E+03
    3.46000000E+02      -1.601810188377778331E+03
    3.47000000E+02      -1.610929985828940289E+03
    3.48000000E+02      -1.620054320184493690E+03
    3.49000000E+02      -1.629257816998727321E+03
    3.50000000E+02      -1.638391650122187912E+03
    3.51000000E+02      -1.647603708086014649E+03
    3.52000000E+02      -1.656824308576778094E+03
    3.53000000E+02      -1.666031350842111351E+03
    3.54000000E+02      -1.675291083803336278E+03
    3.55000000E+02      -1.684567350770929124E+03
    3.56000000E+02      -1.693841779152964591E+03
    3.57000000E+02      -1.703186295293537796E+03
    3.58000000E+02      -1.712488782518021253E+03
    3.59000000E+02      -1.721836610358111102E+03
    3.60000000E+02      -1.731162702670231283E+03
    3.61000000E+02      -1.740526407788093820E+03
    3.62000000E+02      -1.749914021044919537E+03
    3.63000000E+02      -1.759423214273329904E+03
    3.64000000E+02      -1.768835514461638240E+03
    3.65000000E+02      -1.778304199551086185E+03
    3.66000000E+02      -1.787801141923003115E+03
    3.67000000E+02      -1.797217086826080504E+03
    3.68000000E+02      -1.806746434015778505E+03
    3.69000000E+02      -1.816293869885666481E+03
    3.70000000E+02      -1.825845985914382027E+03
    3.71000000E+02      -1.835382621136275247E+03
    3.72000000E+02      -1.844923976845726429E+03
    3.73000000E+02      -1.854517941055543815E+03
    3.74000000E+02      -1.864079739623399291E+03
    3.75000000E+02      -1.873767226525181741E+03
    3.76000000E+02      -1.883376276157004440E+03
    3.77000000E+02      -1.893045827786374502E+03
    3.78000000E+02      -1.902675875157463452E+03
    3.79000000E+02      -1.912390036163224977E+03
    3.80000000E+02      -1.922078528067910156E+03
    3.81000000E+02      -1.931821239453127873E+03
    3.82000000E+02      -1.941579827814298824E+03
    3.83000000E+02      -1.951250156024843136E+03
    3.84000000E+02      -1.960943156840888150E+03
    3.85000000E+02      -1.970697437967327005E+03
    3.86000000E+02      -1.980441467917396722E+03
    3.87000000E+02      -1.990155255717814725E+03
    3.88000000E+02      -1.999874358511839546E+03
    3.89000000E+02      -2.009784594822398049E+03
    3.90000000E+02      -2.019503917637582617E+03
    3.91000000E+02      -2.029345496725215980E+03
    3.92000000E+02      -2.039217356425159323E+03
    3.93000000E+02      -2.048983849726748758E+03
    3.94000000E+02      -2.058887841450747146E+03
    3.95000000E+02      -2.068732415561022208E+03
    3.96000000E+02      -2.078545550413899491E+03
    3.97000000E+02      -2.088389067316822093E+03
    3.98000000E+02      -2.098187349904952043E+03
    3.99000000E+02      -2.108050593304661561E+03
    4.00000000E+02      -2.118002221493840352E+03
    4.01000000E+02      -2.127881137810130895E+03
    4.02000000E+02      -2.137652788039118605E+03
    4.03000000E+02      -2.147524947633783086E+03
    4.04000000E+02      -2.157438372314276421E+03
    4.05000000E+02      -2.167376109714089125E+03
    4.06000000E+02      -2.177203901470888013E+03
    4.07000000E+02      -2.187093647847634202E+03
    4.08000000E+02      -2.197067228737012556E+03
    4.09000000E+02      -2.206905750783726944E+03
    4.10000000E+02      -2.216872884775436432E+03
    4.11000000E+02      -2.226705156372563579E+03
    4.12000000E+02      -2.236646917733559349E+03
    4.13000000E+02      -2.246485367669793959E+03
    4.14000000E+02      -2.256414310418596870E+03
    4.15000000E+02      -2.266186764957130436E+03
    4.16000000E+02      -2.276227946294953654E+03
    4.17000000E+02      -2.286151493976223264E+03
    4.18000000E+02      -2.295953695224040985E+03
    4.19000000E+02      -2.305940840533135997E+03
    4.20000000E+02      -2.315846827633659814E+03
    4.21000000E+02      -2.325710397500213730E+03
    4.22000000E+02      -2.335756750305073183E+03
    4.23000000E+02      -2.345486995628358272E+03
    4.24000000E+02      -2.355339230050406968E+03
    4.25000000E+02      -2.365200381355479749E+03
    4.26000000E+02      -2.375052763029744710E+03
    4.27000000E+02      -2.384940360572231839E+03
    4.28000000E+02      -2.394812796435213386E+03
    4.29000000E+02      -2.404601842467061942E+03
    4.30000000E+02      -2.414424945773976106E+03
    4.31000000E+02      -2.424225915822712977E+03
    4.32000000E+02      -2.434074686032533009E+03
    4.33000000E+02      -2.443891927227404267E+03
    4.34000000E+02      -2.453789478026581037E+03
    4.35000000E+02      -2.463587074225682954E+03
    4.36000000E+02      -2.473424955961651904E+03
    4.37000000E+02      -2.483073974450689093E+03
    4.38000000E+02      -2.492850256574472041E+03
    4.39000000E+02      -2.502473682898334573E+03
    4.40000000E+02      -2.512278124239452154E+03
    4.41000000E+02      -2.521911099567242218E+03
    4.42000000E+02      -2.531586223745003736E+03
    4.43000000E+02      -2.541317430687426167E+03
    4.44000000E+02      -2.551124864599250486E+03
    4.45000000E+02      -2.560692862443155263E+03
    4.46000000E+02      -2.570491255967482175E+03
    4.47000000E+02      -2.579830558074775581E+03
    4.48000000E+02      -2.589425707394997517E+03
    4.49000000E+02      -2.598948818198346089E+03
    4.50000000E+02      -2.608524745405351496E+03
    4.51000000E+02      -2.618080457647782623E+03
    4.52000000E+02      -2.627659178883574441E+03
    4.53000000E+02      -2.637169227189661797E+03
    4.54000000E+02      -2.646753462810588189E+03
    4.55000000E+02      -2.656196793705014898E+03
    4.56000000E+02      -2.665617288686778011E+03
    4.57000000E+02      -2.675028085082481084E+03
    4.58000000E+02      -2.684381727866745678E+03
    4.59000000E+02      -2.693825783339697409E+03
    4.60000000E+02      -2.703091158189738962E+03
    4.61000000E+02      -2.712472680803812636E+03
    4.62000000E+02      -2.721841145353279899E+03
    4.63000000E+02      -2.731087887262419372E+03
    4.64000000E+02      -2.740417374185170502E+03
    4.65000000E+02      -2.749553053273632031E+03
    4.66000000E+02      -2.758821369398934166E+03
    4.67000000E+02      -2.767833812596923963E+03
    4.68000000E+02      -2.776791660078675704E+03
    4.69000000E+02      -2.786032174503970055E+03
    4.70000000E+02      -2.795179918769288633E+03
    4.71000000E+02      -2.803920795185435509E+03
    4.72000000E+02      -2.812959645894007281E+03
    4.73000000E+02      -2.822112714263300859E+03
    4.74000000E+02      -2.830966746672364025E+03
    4.75000000E+02      -2.840033335704769797E+03
    4.76000000E+02      -2.848915905779201239E+03
    4.77000000E+02      -2.857703551118825999E+03
    4.78000000E+02      -2.866479505734121176E+03
    4.79000000E+02      -2.875205440062852176E+03
    4.80000000E+02      -2.883925218358717302E+03
    4.81000000E+02      -2.892639475727608897E+03
    4.82000000E+02      -2.901443788346080510E+03
    4.83000000E+02      -2.910048869403477056E+03
    4.84000000E+02      -2.918313585955015242E+03
    4.85000000E+02      -2.927154946226857646E+03
    4.86000000E+02      -2.935537346890799199E+03
    4.87000000E+02      -2.944125382965463814E+03
    4.88000000E+02      -2.952371760968085255E+03
    4.89000000E+02      -2.960730382526744961E+03
    4.90000000E+02      -2.969167212110991386E+03
    4.91000000E+02      -2.977128251666368669E+03
    4.92000000E+02      -2.985106861470213971E+03
    4.93000000E+02      -2.993124756452387828E+03
    4.94000000E+02      -3.001397129587560357E+03
    4.95000000E+02      -3.009572630585977549E+03
    4.96000000E+02      -3.017896732842315487E+03
    4.97000000E+02      -3.025581018615952871E+03
    4.98000000E+02      -3.033638367332964663E+03
    4.99000000E+02      -3.041742719191094693E+03
    5.00000000E+02      -3.049333992819723790E+03
    5.01000000E+02      -3.056743978657929802E+03
    5.02000000E+02      -3.064704914064216609E+03
    5.03000000E+02      -3.071981100458836409E+03
    5.04000000E+02      -3.079768319601953408E+03
    5.05000000E+02      -3.087742225542786400E+03
    5.06000000E+02      -3.094563879880078275E+03
    5.07000000E+02      -3.102037000362534855E+03
    5.08000000E+02      -3.109631849279599010E+03
    5.09000000E+02      -3.116772576408046007E+03
    5.10000000E+02      -3.124204485237709378E+03
