    0.00000000E+00      -8.112061250045392974E-11
    1.00000000E+00      -6.057400828706042701E-04
    2.00000000E+00      -3.397266289617232454E-02
    3.00000000E+00      -1.001009864082857970E-01
    4.00000000E+00      -1.988885105429570865E-01
    5.00000000E+00      -3.305652389611026809E-01
    6.00000000E+00      -4.947865807191073051E-01
    7.00000000E+00      -6.916432714528983894E-01
    8.00000000E+00      -9.215577424232757053E-01
    9.00000000E+00      -1.184174172737191277E+00
    1.00000000E+01      -1.479852189043326938E+00
    1.10000000E+01      -1.807186230712082509E+00
    1.20000000E+01      -2.167769792242353777E+00
    1.30000000E+01      -2.561428969764048880E+00
    1.40000000E+01      -2.987239708655359038E+00
    1.50000000E+01      -3.446121480037092510E+00
    1.60000000E+01      -3.936870812466721770E+00
    1.70000000E+01      -4.460280577600662433E+00
    1.80000000E+01      -5.016903012350052649E+00
    1.90000000E+01      -5.606594908307370062E+00
    2.00000000E+01      -6.227324268139628138E+00
    2.10000000E+01      -6.881486758644007828E+00
    2.20000000E+01      -7.568393011037668927E+00
    2.30000000E+01      -8.288127655973850594E+00
    2.40000000E+01      -9.038812166813247728E+00
    2.50000000E+01      -9.822412696974989643E+00
    2.60000000E+01      -1.063995933822156204E+01
    2.70000000E+01      -1.148798701469894823E+01
    2.80000000E+01      -1.236899941259577496E+01
    2.90000000E+01      -1.328330243071711436E+01
    3.00000000E+01      -1.423030567752053877E+01
    3.10000000E+01      -1.520921133946965043E+01
    3.20000000E+01      -1.621952299908031847E+01
    3.30000000E+01      -1.726273834945792629E+01
    3.40000000E+01      -1.833813813345344101E+01
    3.50000000E+01      -1.944518263182123263E+01
    3.60000000E+01      -2.058577588198922115E+01
    3.70000000E+01      -2.175635570692919174E+01
    3.80000000E+01      -2.295970272587890904E+01
    3.90000000E+01      -2.419535779203464898E+01
    4.00000000E+01      -2.546354188846534328E+01
    4.10000000E+01      -2.676202060506332714E+01
    4.20000000E+01      -2.809357677334693193E+01
    4.30000000E+01      -2.945703822047885012E+01
    4.40000000E+01      -3.085168245560683431E+01
    4.50000000E+01      -3.227679580294709183E+01
    4.60000000E+01      -3.373066211138182524E+01
    4.70000000E+01      -3.522071592032321519E+01
    4.80000000E+01      -3.674089074836867752E+01
    4.90000000E+01      -3.828852297550319861E+01
    5.00000000E+01      -3.987056726391077177E+01
    5.10000000E+01      -4.148293555475484595E+01
    5.20000000E+01      -4.312616901305692352E+01
    5.30000000E+01      -4.480449476021259159E+01
    5.40000000E+01      -4.651014324974886449E+01
    5.50000000E+01      -4.824842783143273550E+01
    5.60000000E+01      -5.001752368861781406E+01
    5.70000000E+01      -5.181429315898260768E+01
    5.80000000E+01      -5.364506564050455495E+01
    5.90000000E+01      -5.550507955733412757E+01
    6.00000000E+01      -5.739443141066256260E+01
    6.10000000E+01      -5.931348461031794272E+01
    6.20000000E+01      -6.126482107709884417E+01
    6.30000000E+01      -6.324192114198316972E+01
    6.40000000E+01      -6.525593592229324713E+01
    6.50000000E+01      -6.729910692116717996E+01
    6.60000000E+01      -6.936765276631763300E+01
    6.70000000E+01      -7.146694605434859682E+01
    6.80000000E+01      -7.359440212337733556E+01
    6.90000000E+01      -7.575200143124578744E+01
    7.00000000E+01      -7.794014432942975645E+01
    7.10000000E+01      -8.015666426318733784E+01
    7.20000000E+01      -8.240094571766337594E+01
    7.30000000E+01      -8.467312675615494300E+01
    7.40000000E+01      -8.697545787475371526E+01
    7.50000000E+01      -8.930408551971845554E+01
    7.60000000E+01      -9.166389178366034685E+01
    7.70000000E+01      -9.405185173086721306E+01
    7.80000000E+01      -9.646647294561176977E+01
    7.90000000E+01      -9.890587822481836611E+01
    8.00000000E+01      -1.013804989042228044E+02
    8.10000000E+01      -1.038777125468559461E+02
    8.20000000E+01      -1.064012442294305743E+02
    8.30000000E+01      -1.089577852527016830E+02
    8.40000000E+01      -1.115415159817475796E+02
    8.50000000E+01      -1.141493097538801749E+02
    8.60000000E+01      -1.167838397463582396E+02
    8.70000000E+01      -1.194460561694522767E+02
    8.80000000E+01      -1.221340446704462011E+02
    8.90000000E+01      -1.248468750560446097E+02
    9.00000000E+01      -1.275850398149176499E+02
    9.10000000E+01      -1.303553364501381111E+02
    9.20000000E+01      -1.331547398699719906E+02
    9.30000000E+01      -1.359738914383373185E+02
    9.40000000E+01      -1.388259511387270777E+02
    9.50000000E+01      -1.416966803683881153E+02
    9.60000000E+01      -1.445925231450273714E+02
    9.70000000E+01      -1.475136069098207372E+02
    9.80000000E+01      -1.504589866815092591E+02
    9.90000000E+01      -1.534303111749776463E+02
    1.00000000E+02      -1.564280302891137353E+02
    1.01000000E+02      -1.594468571261543275E+02
    1.02000000E+02      -1.624954904401985232E+02
    1.03000000E+02      -1.655634214637851755E+02
    1.04000000E+02      -1.686565425294551233E+02
    1.05000000E+02      -1.717710038969958077E+02
    1.06000000E+02      -1.749134436578119676E+02
    1.07000000E+02      -1.780807103041593109E+02
    1.08000000E+02      -1.812749558322424264E+02
    1.09000000E+02      -1.844878458279113147E+02
    1.10000000E+02      -1.877245913178537648E+02
    1.11000000E+02      -1.909786473879630648E+02
    1.12000000E+02      -1.942641941572737778E+02
    1.13000000E+02      -1.975681646766920494E+02
    1.14000000E+02      -2.009096057825386197E+02
    1.15000000E+02      -2.042594196196046141E+02
    1.16000000E+02      -2.076296019905994399E+02
    1.17000000E+02      -2.110276046259198210E+02
    1.18000000E+02      -2.144414411041532276E+02
    1.19000000E+02      -2.178840270338405389E+02
    1.20000000E+02      -2.213482874634598829E+02
    1.21000000E+02      -2.248337639031865365E+02
    1.22000000E+02      -2.283509735099225963E+02
    1.23000000E+02      -2.318805624181054554E+02
    1.24000000E+02      -2.354362659033349701E+02
    1.25000000E+02      -2.390152997651684927E+02
    1.26000000E+02      -2.426102317910269903E+02
    1.27000000E+02      -2.462226042299680557E+02
    1.28000000E+02      -2.498633255589456894E+02
    1.29000000E+02      -2.535253923855671019E+02
    1.30000000E+02      -2.572137684240046838E+02
    1.31000000E+02      -2.609126051897935668E+02
    1.32000000E+02      -2.646356972090577528E+02
    1.33000000E+02      -2.683850011756064760E+02
    1.34000000E+02      -2.721416888156088589E+02
    1.35000000E+02      -2.759259695681712401E+02
    1.36000000E+02      -2.797397533399505392E+02
    1.37000000E+02      -2.835693828782416404E+02
    1.38000000E+02      -2.874226602451135477E+02
    1.39000000E+02      -2.912833523492693075E+02
    1.40000000E+02      -2.951647356798541750E+02
    1.41000000E+02      -2.990779024507905888E+02
    1.42000000E+02      -3.030093267912823194E+02
    1.43000000E+02      -3.069507480731847409E+02
    1.44000000E+02      -3.109168825441665831E+02
    1.45000000E+02      -3.148994239104739563E+02
    1.46000000E+02      -3.189101800880424662E+02
    1.47000000E+02      -3.229371900271268032E+02
    1.48000000E+02      -3.269751974054245238E+02
    1.49000000E+02      -3.310535121908196743E+02
    1.50000000E+02      -3.351403092927674834E+02
    1.51000000E+02      -3.392529490990311842E+02
    1.52000000E+02      -3.434118729678928048E+02
    1.53000000E+02      -3.475588602865816483E+02
    1.54000000E+02      -3.517262892793642095E+02
    1.55000000E+02      -3.559289779981897937E+02
    1.56000000E+02      -3.601362169381211515E+02
    1.57000000E+02      -3.643603055472704000E+02
    1.58000000E+02      -3.686143717505294717E+02
    1.59000000E+02      -3.728874608620860727E+02
    1.60000000E+02      -3.771726173702288634E+02
    1.61000000E+02      -3.814790947431222321E+02
    1.62000000E+02      -3.858083675322152430E+02
    1.63000000E+02      -3.901619329585828382E+02
    1.64000000E+02      -3.945313048548850929E+02
    1.65000000E+02      -3.989106202739844775E+02
    1.66000000E+02      -4.033119528165013890E+02
    1.67000000E+02      -4.077301306026042766E+02
    1.68000000E+02      -4.121747034832358167E+02
    1.69000000E+02      -4.166397758265652556E+02
    1.70000000E+02      -4.211222673594261323E+02
    1.71000000E+02      -4.256312511244577763E+02
    1.72000000E+02      -4.301480150540016894E+02
    1.73000000E+02      -4.346895618902387923E+02
    1.74000000E+02      -4.392629356787072084E+02
    1.75000000E+02      -4.438476764484346404E+02
    1.76000000E+02      -4.484546502275959483E+02
    1.77000000E+02      -4.530811829592323647E+02
    1.78000000E+02      -4.577208541853610768E+02
    1.79000000E+02      -4.623821010104175002E+02
    1.80000000E+02      -4.670622939493966896E+02
    1.81000000E+02      -4.717669396351088835E+02
    1.82000000E+02      -4.764956093391494960E+02
    1.83000000E+02      -4.812348547492983926E+02
    1.84000000E+02      -4.859961535945553806E+02
    1.85000000E+02      -4.907787695654626532E+02
    1.86000000E+02      -4.955818607104761213E+02
    1.87000000E+02      -5.004115624720950564E+02
    1.88000000E+02      -5.052635350006441968E+02
    1.89000000E+02      -5.101273822168914194E+02
    1.90000000E+02      -5.150162430645459608E+02
    1.91000000E+02      -5.199275551551868375E+02
    1.92000000E+02      -5.248597521913688979E+02
    1.93000000E+02      -5.298103869366480012E+02
    1.94000000E+02      -5.347860964591382071E+02
    1.95000000E+02      -5.397840206108869552E+02
    1.96000000E+02      -5.448064734057441001E+02
    1.97000000E+02      -5.498443964252553542E+02
    1.98000000E+02      -5.549112053914807348E+02
    1.99000000E+02      -5.599984177598867063E+02
    2.00000000E+02      -5.650997685407203335E+02
    2.01000000E+02      -5.702225411926528977E+02
    2.02000000E+02      -5.753722639719230756E+02
    2.03000000E+02      -5.805450146917671645E+02
    2.04000000E+02      -5.857410954727770331E+02
    2.05000000E+02      -5.909521284059107984E+02
    2.06000000E+02      -5.961942407622525479E+02
    2.07000000E+02      -6.014431757562515486E+02
    2.08000000E+02      -6.067332893898096700E+02
    2.09000000E+02      -6.120406435202933153E+02
    2.10000000E+02      -6.173685642368884601E+02
    2.11000000E+02      -6.227249569455138953E+02
    2.12000000E+02      -6.280942737106529421E+02
    2.13000000E+02      -6.334987781941458707E+02
    2.14000000E+02      -6.389120966273915201E+02
    2.15000000E+02      -6.443646540167612784E+02
    2.16000000E+02      -6.498287092318555551E+02
    2.17000000E+02      -6.553206405462099156E+02
    2.18000000E+02      -6.608376822135030579E+02
    2.19000000E+02      -6.663718116295303844E+02
    2.20000000E+02      -6.719499304521634713E+02
    2.21000000E+02      -6.775372475934700560E+02
    2.22000000E+02      -6.831493503795113611E+02
    2.23000000E+02      -6.888043167572723178E+02
    2.24000000E+02      -6.944675539295299131E+02
    2.25000000E+02      -7.001653931291903064E+02
    2.26000000E+02      -7.058726602408974031E+02
    2.27000000E+02      -7.116144809609036201E+02
    2.28000000E+02      -7.173827400498353200E+02
    2.29000000E+02      -7.231814760788345211E+02
    2.30000000E+02      -7.290051794421397062E+02
    2.31000000E+02      -7.348500070350498845E+02
    2.32000000E+02      -7.407200558002527941E+02
    2.33000000E+02      -7.466171562005683882E+02
    2.34000000E+02      -7.525394799035921096E+02
    2.35000000E+02      -7.585040610985020066E+02
    2.36000000E+02      -7.644795741412676762E+02
    2.37000000E+02      -7.704804341287367606E+02
    2.38000000E+02      -7.765249059294715153E+02
    2.39000000E+02      -7.825904901473190876E+02
    2.40000000E+02      -7.886831870199680452E+02
    2.41000000E+02      -7.948023134184290939E+02
    2.42000000E+02      -8.009433396305107635E+02
    2.43000000E+02      -8.071183535621053124E+02
    2.44000000E+02      -8.133286671917339845E+02
    2.45000000E+02      -8.195670506869294059E+02
    2.46000000E+02      -8.258301665320643679E+02
    2.47000000E+02      -8.320970832470013647E+02
    2.48000000E+02      -8.384090585618332625E+02
    2.49000000E+02      -8.447622090483027932E+02
    2.50000000E+02      -8.511218256850195303E+02
    2.51000000E+02      -8.575181845394599804E+02
    2.52000000E+02      -8.639241249710830743E+02
    2.53000000E+02      -8.703999236866138745E+02
    2.54000000E+02      -8.768897360397038483E+02
    2.55000000E+02      -8.834070362496033795E+02
    2.56000000E+02      -8.899506976388652220E+02
    2.57000000E+02      -8.965109348626226620E+02
    2.58000000E+02      -9.031080177062453913E+02
    2.59000000E+02      -9.097443556127004740E+02
    2.60000000E+02      -9.164188017717563071E+02
    2.61000000E+02      -9.231139591077571822E+02
    2.62000000E+02      -9.298431938963308312E+02
    2.63000000E+02      -9.365858927573676738E+02
    2.64000000E+02      -9.433448400956813202E+02
    2.65000000E+02      -9.501830916699695990E+02
    2.66000000E+02      -9.570301809911977671E+02
    2.67000000E+02      -9.639185182953779076E+02
    2.68000000E+02      -9.708047099284094656E+02
    2.69000000E+02      -9.777492125517812838E+02
    2.70000000E+02      -9.847124227323997729E+02
    2.71000000E+02      -9.916824583047596207E+02
    2.72000000E+02      -9.987069159657698947E+02
    2.73000000E+02      -1.005761191316544682E+03
    2.74000000E+02      -1.012839936029497494E+03
    2.75000000E+02      -1.019947093236773753E+03
    2.76000000E+02      -1.027073524939158688E+03
    2.77000000E+02      -1.034252945274903595E+03
    2.78000000E+02      -1.041441465637773035E+03
    2.79000000E+02      -1.048681520744251429E+03
    2.80000000E+02      -1.055945579351100832E+03
    2.81000000E+02      -1.063195055948720892E+03
    2.82000000E+02      -1.070512596767559216E+03
    2.83000000E+02      -1.077876410155932263E+03
    2.84000000E+02      -1.085258503297205152E+03
    2.85000000E+02      -1.092672637384680002E+03
    2.86000000E+02      -1.100129439348278993E+03
    2.87000000E+02      -1.107600706364087955E+03
    2.88000000E+02      -1.115094628080552638E+03
    2.89000000E+02      -1.122623569822784248E+03
    2.90000000E+02      -1.130204796067092957E+03
    2.91000000E+02      -1.137821521814836387E+03
    2.92000000E+02      -1.145428417518312472E+03
    2.93000000E+02      -1.153084737503195811E+03
    2.94000000E+02      -1.160768475347480944E+03
    2.95000000E+02      -1.168483750959195504E+03
    2.96000000E+02      -1.176216378844788551E+03
    2.97000000E+02      -1.183982768779983189E+03
    2.98000000E+02      -1.191792589001475335E+03
    2.99000000E+02      -1.199611640111260385E+03
    3.00000000E+02      -1.207471281196102154E+03
    3.01000000E+02      -1.215349541969313123E+03
    3.02000000E+02      -1.223258068340914633E+03
    3.03000000E+02      -1.231186421029110079E+03
    3.04000000E+02      -1.239161572003783249E+03
    3.05000000E+02      -1.247162705031937094E+03
    3.06000000E+02      -1.255196726352984342E+03
    3.07000000E+02      -1.263253741756235286E+03
    3.08000000E+02      -1.271342162788034784E+03
    3.09000000E+02      -1.279465443032638632E+03
    3.10000000E+02      -1.287593909811811045E+03
    3.11000000E+02      -1.295782430799603844E+03
    3.12000000E+02      -1.303971773514064580E+03
    3.13000000E+02      -1.312215590193579146E+03
    3.14000000E+02      -1.320465377324675501E+03
    3.15000000E+02      -1.328734594051446265E+03
    3.16000000E+02      -1.337060405447493622E+03
    3.17000000E+02      -1.345406228401213866E+03
    3.18000000E+02      -1.353771183565655065E+03
    3.19000000E+02      -1.362161416918579789E+03
    3.20000000E+02      -1.370563800414525076E+03
    3.21000000E+02      -1.379033881304910665E+03
    3.22000000E+02      -1.387529986024042501E+03
    3.23000000E+02      -1.396036967947404946E+03
    3.24000000E+02      -1.404545766510070280E+03
    3.25000000E+02      -1.413094606363637240E+03
    3.26000000E+02      -1.421637190639338996E+03
    3.27000000E+02      -1.430268839271351908E+03
    3.28000000E+02      -1.438924270464686742E+03
    3.29000000E+02      -1.447559807477945014E+03
    3.30000000E+02      -1.456218293761341101E+03
    3.31000000E+02      -1.464920016398179541E+03
    3.32000000E+02      -1.473655816620116184E+03
    3.33000000E+02      -1.482461399551057184E+03
    3.34000000E+02      -1.491184505653500992E+03
    3.35000000E+02      -1.500038266979886885E+03
    3.36000000E+02      -1.508828430436984945E+03
    3.37000000E+02      -1.517662761044005492E+03
    3.38000000E+02      -1.526489431329450781E+03
    3.39000000E+02      -1.535387604212916585E+03
    3.40000000E+02      -1.544352580994832351E+03
    3.41000000E+02      -1.553274307471368047E+03
    3.42000000E+02      -1.562239249872963910E+03
    3.43000000E+02      -1.571291138499042518E+03
    3.44000000E+02      -1.580277767527479682E+03
    3.45000000E+02      -1.589282775896789190E+03
    3.46000000E+02      -1.598371513247561325E+03
    3.47000000E+02      -1.607454955294710999E+03
    3.48000000E+02      -1.616538576732800266E+03
    3.49000000E+02      -1.625686076154934881E+03
    3.50000000E+02      -1.634766092836483494E+03
    3.51000000E+02      -1.643926982199999657E+03
    3.52000000E+02      -1.653078901689945496E+03
    3.53000000E+02      -1.662384531136191526E+03
    3.54000000E+02      -1.671565396746963415E+03
    3.55000000E+02      -1.680801018790085436E+03
    3.56000000E+02      -1.690090472433459581E+03
    3.57000000E+02      -1.699333176272474248E+03
    3.58000000E+02      -1.708645999135835382E+03
    3.59000000E+02      -1.717920124094371204E+03
    3.60000000E+02      -1.727258618808709343E+03
    3.61000000E+02      -1.736637116923361418E+03
    3.62000000E+02      -1.745994771539546718E+03
    3.63000000E+02      -1.755475506885383083E+03
    3.64000000E+02      -1.764858762057137028E+03
    3.65000000E+02      -1.774281903075931723E+03
    3.66000000E+02      -1.783738830388953147E+03
    3.67000000E+02      -1.793191652333949378E+03
    3.68000000E+02      -1.802634652440093760E+03
    3.69000000E+02      -1.812176996702802626E+03
    3.70000000E+02      -1.821681975457873932E+03
    3.71000000E+02      -1.831172396494261193E+03
    3.72000000E+02      -1.840726885449118072E+03
    3.73000000E+02      -1.850235095030830735E+03
    3.74000000E+02      -1.859773968492334916E+03
    3.75000000E+02      -1.869304244315217602E+03
    3.76000000E+02      -1.878954255067417307E+03
    3.77000000E+02      -1.888496856194395832E+03
    3.78000000E+02      -1.898178111930791147E+03
    3.79000000E+02      -1.907853851526677545E+03
    3.80000000E+02      -1.917415743572354813E+03
    3.81000000E+02      -1.927092555108086117E+03
    3.82000000E+02      -1.936663388686667531E+03
    3.83000000E+02      -1.946459019328791328E+03
    3.84000000E+02      -1.956079814991004696E+03
    3.85000000E+02      -1.965766499260743558E+03
    3.86000000E+02      -1.975572421978726425E+03
    3.87000000E+02      -1.985334794573659565E+03
    3.88000000E+02      -1.995086987515520605E+03
    3.89000000E+02      -2.004794601685841599E+03
    3.90000000E+02      -2.014617525911025496E+03
    3.91000000E+02      -2.024382948293221716E+03
    3.92000000E+02      -2.034079862311433317E+03
    3.93000000E+02      -2.043832091016666254E+03
    3.94000000E+02      -2.053666130304513445E+03
    3.95000000E+02      -2.063514316523334855E+03
    3.96000000E+02      -2.073249529324954437E+03
    3.97000000E+02      -2.083028372888325976E+03
    3.98000000E+02      -2.092841942436578393E+03
    3.99000000E+02      -2.102787202419541245E+03
    4.00000000E+02      -2.112486691298588084E+03
    4.01000000E+02      -2.122298745371250789E+03
    4.02000000E+02      -2.132214080229898173E+03
    4.03000000E+02      -2.141957726881891176E+03
    4.04000000E+02      -2.151796854485697168E+03
    4.05000000E+02      -2.161759485390506597E+03
    4.06000000E+02      -2.171533382636482202E+03
    4.07000000E+02      -2.181466252048167462E+03
    4.08000000E+02      -2.191360949666617671E+03
    4.09000000E+02      -2.201294622289913150E+03
    4.10000000E+02      -2.210932435451255515E+03
    4.11000000E+02      -2.220818390250186894E+03
    4.12000000E+02      -2.230595585625825152E+03
    4.13000000E+02      -2.240475282012334446E+03
    4.14000000E+02      -2.250445174810411572E+03
    4.15000000E+02      -2.260131872534276681E+03
    4.16000000E+02      -2.270099647610859392E+03
    4.17000000E+02      -2.279863764653338876E+03
    4.18000000E+02      -2.289668137897026099E+03
    4.19000000E+02      -2.299463039082013438E+03
    4.20000000E+02      -2.309308077425343072E+03
    4.21000000E+02      -2.319021542888826389E+03
    4.22000000E+02      -2.329004104989487587E+03
    4.23000000E+02      -2.338927790880877183E+03
    4.24000000E+02      -2.348699566958078321E+03
    4.25000000E+02      -2.358586912307895545E+03
    4.26000000E+02      -2.368255083966568691E+03
    4.27000000E+02      -2.377980625464979767E+03
    4.28000000E+02      -2.387827494391263826E+03
    4.29000000E+02      -2.397691686735142866E+03
    4.30000000E+02      -2.407508078442250280E+03
    4.31000000E+02      -2.417295058373592383E+03
    4.32000000E+02      -2.427177457688395407E+03
    4.33000000E+02      -2.436885300058361736E+03
    4.34000000E+02      -2.446606293342922527E+03
    4.35000000E+02      -2.456412269080846727E+03
    4.36000000E+02      -2.466064434322570378E+03
    4.37000000E+02      -2.475803577228758513E+03
    4.38000000E+02      -2.485362840279515694E+03
    4.39000000E+02      -2.495062384848557485E+03
    4.40000000E+02      -2.504789549617595185E+03
    4.41000000E+02      -2.514492426014169268E+03
    4.42000000E+02      -2.524044086205064104E+03
    4.43000000E+02      -2.533657520857852887E+03
    4.44000000E+02      -2.543383040267140132E+03
    4.45000000E+02      -2.552877232867394014E+03
    4.46000000E+02      -2.562494590142022389E+03
    4.47000000E+02      -2.571862008796645569E+03
    4.48000000E+02      -2.581592649401270592E+03
    4.49000000E+02      -2.591066865660413441E+03
    4.50000000E+02      -2.600613945428353418E+03
    4.51000000E+02      -2.610112155299068490E+03
    4.52000000E+02      -2.619736246533955637E+03
    4.53000000E+02      -2.628962618199983808E+03
    4.54000000E+02      -2.638517268788312322E+03
    4.55000000E+02      -2.648027660028966238E+03
    4.56000000E+02      -2.657380136584874890E+03
    4.57000000E+02      -2.666710545530296258E+03
    4.58000000E+02      -2.675886729243071841E+03
    4.59000000E+02      -2.685510409717750917E+03
    4.60000000E+02      -2.694562832114725097E+03
    4.61000000E+02      -2.703810031976141545E+03
    4.62000000E+02      -2.712998230238134965E+03
    4.63000000E+02      -2.721992148556413213E+03
    4.64000000E+02      -2.731368718802554667E+03
    4.65000000E+02      -2.740403735741255332E+03
    4.66000000E+02      -2.749650623167558024E+03
    4.67000000E+02      -2.758694546495262330E+03
    4.68000000E+02      -2.767955385268723148E+03
    4.69000000E+02      -2.776834753860029195E+03
    4.70000000E+02      -2.785690776720949543E+03
    4.71000000E+02      -2.794320031611928698E+03
    4.72000000E+02      -2.803957026407008925E+03
    4.73000000E+02      -2.812730754372521915E+03
    4.74000000E+02      -2.821350718315322410E+03
    4.75000000E+02      -2.830237890173021697E+03
    4.76000000E+02      -2.839045968070799518E+03
    4.77000000E+02      -2.847656868714439497E+03
    4.78000000E+02      -2.856668285828957323E+03
    4.79000000E+02      -2.865191152825563677E+03
    4.80000000E+02      -2.874234963421148223E+03
    4.81000000E+02      -2.882321533082778842E+03
    4.82000000E+02      -2.891023154720947332E+03
    4.83000000E+02      -2.899568580801176722E+03
    4.84000000E+02      -2.908077159511534319E+03
    4.85000000E+02      -2.916510026585126070E+03
    4.86000000E+02      -2.924781779674282916E+03
    4.87000000E+02      -2.932887472578740471E+03
    4.88000000E+02      -2.941765580164146741E+03
    4.89000000E+02      -2.949999162163271649E+03
    4.90000000E+02      -2.958001089265247174E+03
    4.91000000E+02      -2.966323600484648523E+03
    4.92000000E+02      -2.974194306106370277E+03
    4.93000000E+02      -2.982511648671146304E+03
    4.94000000E+02      -2.990682572461099880E+03
    4.95000000E+02      -2.998138431147247502E+03
    4.96000000E+02      -3.006525511943057609E+03
    4.97000000E+02      -3.014053344902576100E+03
    4.98000000E+02      -3.021958652509460535E+03
    4.99000000E+02      -3.029896159142143006E+03
    5.00000000E+02      -3.037344304606564947E+03
    5.01000000E+02      -3.045724326041721724E+03
    5.02000000E+02      -3.053383589679478064E+03
    5.03000000E+02      -3.060517491277069894E+03
    5.04000000E+02      -3.067623182557503242E+03
    5.05000000E+02      -3.074736066201005997E+03
    5.06000000E+02      -3.083002839672583832E+03
    5.07000000E+02      -3.089931076079168633E+03
    5.08000000E+02      -3.096776028269188828E+03
    5.09000000E+02      -3.104211744207877928E+03
    5.10000000E+02      -3.111093969491976168E+03
