    0.00000000E+00      -2.162487228245186355E+00
    1.00000000E+00      -1.424039922723682405E+00
    2.00000000E+00      -1.349263597181152630E+00
    3.00000000E+00      -1.650721144991553313E+00
    4.00000000E+00      -2.210587577660976688E+00
    5.00000000E+00      -2.964038619162852495E+00
    6.00000000E+00      -3.870430817908232068E+00
    7.00000000E+00      -4.901504878052652003E+00
    8.00000000E+00      -6.036778272692277625E+00
    9.00000000E+00      -7.260265861499352269E+00
    1.00000000E+01      -8.559322063628020061E+00
    1.10000000E+01      -9.924352500712007696E+00
    1.20000000E+01      -1.134717496654473123E+01
    1.30000000E+01      -1.282025070558909263E+01
    1.40000000E+01      -1.433774734382375371E+01
    1.50000000E+01      -1.589455524142492848E+01
    1.60000000E+01      -1.748618458864136826E+01
    1.70000000E+01      -1.910860988044685271E+01
    1.80000000E+01      -2.075832224347566424E+01
    1.90000000E+01      -2.243232092961868673E+01
    2.00000000E+01      -2.412771779945130746E+01
    2.10000000E+01      -2.584170620931643114E+01
    2.20000000E+01      -2.757225517865906639E+01
    2.30000000E+01      -2.931727596131411318E+01
    2.40000000E+01      -3.107454554707389960E+01
    2.50000000E+01      -3.284215094563357695E+01
    2.60000000E+01      -3.461857784959526896E+01
    2.70000000E+01      -3.640231533771172678E+01
    2.80000000E+01      -3.819162918653334771E+01
    2.90000000E+01      -3.998526045683563268E+01
    3.00000000E+01      -4.178173179860702646E+01
    3.10000000E+01      -4.358004114218663005E+01
    3.20000000E+01      -4.537919229370770324E+01
    3.30000000E+01      -4.717760016191338934E+01
    3.40000000E+01      -4.897469955507283146E+01
    3.50000000E+01      -5.076927425934870541E+01
    3.60000000E+01      -5.256008249492758466E+01
    3.70000000E+01      -5.434613926860644995E+01
    3.80000000E+01      -5.612667701950583421E+01
    3.90000000E+01      -5.790067602132937452E+01
    4.00000000E+01      -5.966756138754742267E+01
    4.10000000E+01      -6.142646256845061714E+01
    4.20000000E+01      -6.317611960542733129E+01
    4.30000000E+01      -6.491596883773188154E+01
    4.40000000E+01      -6.664627170532791922E+01
    4.50000000E+01      -6.836590363520978997E+01
    4.60000000E+01      -7.007480417183130328E+01
    4.70000000E+01      -7.177237055470929761E+01
    4.80000000E+01      -7.345864356098779524E+01
    4.90000000E+01      -7.513285079892982310E+01
    5.00000000E+01      -7.679456692428964004E+01
    5.10000000E+01      -7.844428529752501333E+01
    5.20000000E+01      -8.008161249020365346E+01
    5.30000000E+01      -8.170635321239267057E+01
    5.40000000E+01      -8.331874608267268911E+01
    5.50000000E+01      -8.491802716690897057E+01
    5.60000000E+01      -8.650480922784360871E+01
    5.70000000E+01      -8.807892217381474609E+01
    5.80000000E+01      -8.964012182314642985E+01
    5.90000000E+01      -9.118898324010540080E+01
    6.00000000E+01      -9.272571514980397467E+01
    6.10000000E+01      -9.425002239260963677E+01
    6.20000000E+01      -9.576206019521366386E+01
    6.30000000E+01      -9.726160872207280761E+01
    6.40000000E+01      -9.874981388042822061E+01
    6.50000000E+01      -1.002257062339619296E+02
    6.60000000E+01      -1.016894013322586687E+02
    6.70000000E+01      -1.031416692282133880E+02
    6.80000000E+01      -1.045826681451277835E+02
    6.90000000E+01      -1.060120853350296528E+02
    7.00000000E+01      -1.074303288257930689E+02
    7.10000000E+01      -1.088367921214436791E+02
    7.20000000E+01      -1.102324267343998798E+02
    7.30000000E+01      -1.116173276212854688E+02
    7.40000000E+01      -1.129912700587071157E+02
    7.50000000E+01      -1.143544248326131054E+02
    7.60000000E+01      -1.157064166333354223E+02
    7.70000000E+01      -1.170477095094308169E+02
    7.80000000E+01      -1.183783725717136548E+02
    7.90000000E+01      -1.196990997297458961E+02
    8.00000000E+01      -1.210094923091152594E+02
    8.10000000E+01      -1.223096445519683328E+02
    8.20000000E+01      -1.235991942898751148E+02
    8.30000000E+01      -1.248781266982465894E+02
    8.40000000E+01      -1.261469312131727492E+02
    8.50000000E+01      -1.274067157979940674E+02
    8.60000000E+01      -1.286556793042461209E+02
    8.70000000E+01      -1.298949419856568852E+02
    8.80000000E+01      -1.311249057643642004E+02
    8.90000000E+01      -1.323449756501710795E+02
    9.00000000E+01      -1.335557562279925037E+02
    9.10000000E+01      -1.347572916421256082E+02
    9.20000000E+01      -1.359491696478277731E+02
    9.30000000E+01      -1.371327864321271477E+02
    9.40000000E+01      -1.383075483904455609E+02
    9.50000000E+01      -1.394739657019878791E+02
    9.60000000E+01      -1.406313392081562483E+02
    9.70000000E+01      -1.417792203871128436E+02
    9.80000000E+01      -1.429189039174440836E+02
    9.90000000E+01      -1.440500793451998902E+02
    1.00000000E+02      -1.451716325455406036E+02
    1.01000000E+02      -1.462844464815195238E+02
    1.02000000E+02      -1.473892584352785775E+02
    1.03000000E+02      -1.484854925974420325E+02
    1.04000000E+02      -1.495724930444764027E+02
    1.05000000E+02      -1.506521323702242512E+02
    1.06000000E+02      -1.517231898785018416E+02
    1.07000000E+02      -1.527862432781900566E+02
    1.08000000E+02      -1.538418096607408074E+02
    1.09000000E+02      -1.548878392660469103E+02
    1.10000000E+02      -1.559263831427585387E+02
    1.11000000E+02      -1.569562676008997073E+02
    1.12000000E+02      -1.579776883413057362E+02
    1.13000000E+02      -1.589907354481608195E+02
    1.14000000E+02      -1.599952253517755594E+02
    1.15000000E+02      -1.609918939147088963E+02
    1.16000000E+02      -1.619793406005252905E+02
    1.17000000E+02      -1.629588190553537856E+02
    1.18000000E+02      -1.639296575748800819E+02
    1.19000000E+02      -1.648919611600637722E+02
    1.20000000E+02      -1.658465920988007269E+02
    1.21000000E+02      -1.667917436220802188E+02
    1.22000000E+02      -1.677285976045738494E+02
    1.23000000E+02      -1.686569223126486463E+02
    1.24000000E+02      -1.695758533400282317E+02
    1.25000000E+02      -1.704860863439013769E+02
    1.26000000E+02      -1.713870499736719353E+02
    1.27000000E+02      -1.722796932313855791E+02
    1.28000000E+02      -1.731639034013703053E+02
    1.29000000E+02      -1.740389932733584715E+02
    1.30000000E+02      -1.749047471832806764E+02
    1.31000000E+02      -1.757603499670428278E+02
    1.32000000E+02      -1.766085614652753861E+02
    1.33000000E+02      -1.774468565007179564E+02
    1.34000000E+02      -1.782752911173653843E+02
    1.35000000E+02      -1.790944721014445236E+02
    1.36000000E+02      -1.799033379261297227E+02
    1.37000000E+02      -1.807037283987653495E+02
    1.38000000E+02      -1.814942788601244388E+02
    1.39000000E+02      -1.822764568668414427E+02
    1.40000000E+02      -1.830480476219879051E+02
    1.41000000E+02      -1.838100360637969857E+02
    1.42000000E+02      -1.845622112900225034E+02
    1.43000000E+02      -1.853043574679092558E+02
    1.44000000E+02      -1.860383492780007941E+02
    1.45000000E+02      -1.867625752305236233E+02
    1.46000000E+02      -1.874776371589020414E+02
    1.47000000E+02      -1.881830560587611103E+02
    1.48000000E+02      -1.888782260025242863E+02
    1.49000000E+02      -1.895649533614256939E+02
    1.50000000E+02      -1.902418465380239354E+02
    1.51000000E+02      -1.909097021908880265E+02
    1.52000000E+02      -1.915648078760338535E+02
    1.53000000E+02      -1.922162931691479457E+02
    1.54000000E+02      -1.928596605282425003E+02
    1.55000000E+02      -1.934910953852728994E+02
    1.56000000E+02      -1.941171347269470857E+02
    1.57000000E+02      -1.947348322001259362E+02
    1.58000000E+02      -1.953459070849555133E+02
    1.59000000E+02      -1.959495031529137918E+02
    1.60000000E+02      -1.965460252269901389E+02
    1.61000000E+02      -1.971352117463454192E+02
    1.62000000E+02      -1.977178828967359436E+02
    1.63000000E+02      -1.982932824089281780E+02
    1.64000000E+02      -1.988633084870731977E+02
    1.65000000E+02      -1.994270885899520067E+02
    1.66000000E+02      -1.999844253482794443E+02
    1.67000000E+02      -2.005371893172766136E+02
    1.68000000E+02      -2.010834578070995917E+02
    1.69000000E+02      -2.016242948515488820E+02
    1.70000000E+02      -2.021591854226341525E+02
    1.71000000E+02      -2.026894972124634364E+02
    1.72000000E+02      -2.032140401387211455E+02
    1.73000000E+02      -2.037343205888961961E+02
    1.74000000E+02      -2.042507184755438061E+02
    1.75000000E+02      -2.047614620480950975E+02
    1.76000000E+02      -2.052674385982015224E+02
    1.77000000E+02      -2.057697001455150598E+02
    1.78000000E+02      -2.062665460822669843E+02
    1.79000000E+02      -2.067594316335659528E+02
    1.80000000E+02      -2.072483826675658634E+02
    1.81000000E+02      -2.077323471301849054E+02
    1.82000000E+02      -2.082115879350955652E+02
    1.83000000E+02      -2.086867491765212321E+02
    1.84000000E+02      -2.091579957553100826E+02
    1.85000000E+02      -2.096247006689579280E+02
    1.86000000E+02      -2.100877494474613627E+02
    1.87000000E+02      -2.105468145674300899E+02
    1.88000000E+02      -2.110017131385017706E+02
    1.89000000E+02      -2.114536268220896886E+02
    1.90000000E+02      -2.119015841818388139E+02
    1.91000000E+02      -2.123448972691464292E+02
    1.92000000E+02      -2.127844238847234806E+02
    1.93000000E+02      -2.132191602088775539E+02
    1.94000000E+02      -2.136492066912966834E+02
    1.95000000E+02      -2.140765750531488152E+02
    1.96000000E+02      -2.144980073409012107E+02
    1.97000000E+02      -2.149151489800048580E+02
    1.98000000E+02      -2.153289649208224432E+02
    1.99000000E+02      -2.157381123085712602E+02
    2.00000000E+02      -2.161420916403209844E+02
    2.01000000E+02      -2.165412706118283381E+02
    2.02000000E+02      -2.169350740239521542E+02
    2.03000000E+02      -2.173254203517196288E+02
    2.04000000E+02      -2.177100754194167962E+02
    2.05000000E+02      -2.180885158672669490E+02
    2.06000000E+02      -2.184626250081552712E+02
    2.07000000E+02      -2.188303422404484877E+02
    2.08000000E+02      -2.191921547135195283E+02
    2.09000000E+02      -2.195475562640846761E+02
    2.10000000E+02      -2.198969734467597732E+02
    2.11000000E+02      -2.202399862774388453E+02
    2.12000000E+02      -2.205762965157543363E+02
    2.13000000E+02      -2.209061119890454279E+02
    2.14000000E+02      -2.212296526466586215E+02
    2.15000000E+02      -2.215428990446004605E+02
    2.16000000E+02      -2.218495135344189180E+02
    2.17000000E+02      -2.221489870190477518E+02
    2.18000000E+02      -2.224406911062748691E+02
    2.19000000E+02      -2.227245463983187506E+02
    2.20000000E+02      -2.229980877604600096E+02
    2.21000000E+02      -2.232632263373440651E+02
    2.22000000E+02      -2.235198953745627364E+02
    2.23000000E+02      -2.237655095538854653E+02
    2.24000000E+02      -2.240054930288667379E+02
    2.25000000E+02      -2.242363221683687584E+02
    2.26000000E+02      -2.244554214115111677E+02
    2.27000000E+02      -2.246697697143160326E+02
    2.28000000E+02      -2.248749449964877272E+02
    2.29000000E+02      -2.250700159730246810E+02
    2.30000000E+02      -2.252545121167410684E+02
    2.31000000E+02      -2.254290511606874929E+02
    2.32000000E+02      -2.255971699047865400E+02
    2.33000000E+02      -2.257565971990613320E+02
    2.34000000E+02      -2.259047277629057930E+02
    2.35000000E+02      -2.260447046256073804E+02
    2.36000000E+02      -2.261757590226977186E+02
    2.37000000E+02      -2.262971538152111748E+02
    2.38000000E+02      -2.264095312756750786E+02
    2.39000000E+02      -2.265118337233349735E+02
    2.40000000E+02      -2.266053085746158899E+02
    2.41000000E+02      -2.266890448121618533E+02
    2.42000000E+02      -2.267642741051883490E+02
    2.43000000E+02      -2.268297054642377475E+02
    2.44000000E+02      -2.268872618265365304E+02
    2.45000000E+02      -2.269342765246898921E+02
    2.46000000E+02      -2.269715269716604666E+02
    2.47000000E+02      -2.269975693766525069E+02
    2.48000000E+02      -2.270187316510043161E+02
    2.49000000E+02      -2.270286838873204829E+02
    2.50000000E+02      -2.270307079046530703E+02
    2.51000000E+02      -2.270230436643966527E+02
    2.52000000E+02      -2.270076915082087794E+02
    2.53000000E+02      -2.269861695610367747E+02
    2.54000000E+02      -2.269566922181899713E+02
    2.55000000E+02      -2.269201487604211138E+02
    2.56000000E+02      -2.268736176903391311E+02
    2.57000000E+02      -2.268178114786775836E+02
    2.58000000E+02      -2.267538545904014313E+02
    2.59000000E+02      -2.266834330302578451E+02
    2.60000000E+02      -2.266051780330514589E+02
    2.61000000E+02      -2.265174111207513192E+02
    2.62000000E+02      -2.264236671324967460E+02
    2.63000000E+02      -2.263215202147172818E+02
    2.64000000E+02      -2.262099531112386899E+02
    2.65000000E+02      -2.260867092175673747E+02
    2.66000000E+02      -2.259593946377778479E+02
    2.67000000E+02      -2.258219565880050936E+02
    2.68000000E+02      -2.256790364057439433E+02
    2.69000000E+02      -2.255273287425431477E+02
    2.70000000E+02      -2.253662922589489312E+02
    2.71000000E+02      -2.251965625211511792E+02
    2.72000000E+02      -2.250195742748825865E+02
    2.73000000E+02      -2.248347682839873301E+02
    2.74000000E+02      -2.246395591393144855E+02
    2.75000000E+02      -2.244346611602729240E+02
    2.76000000E+02      -2.242218974092308486E+02
    2.77000000E+02      -2.239989774036136509E+02
    2.78000000E+02      -2.237750929312812218E+02
    2.79000000E+02      -2.235367921113999614E+02
    2.80000000E+02      -2.232892070109289193E+02
    2.81000000E+02      -2.230355387048245461E+02
    2.82000000E+02      -2.227694480486595126E+02
    2.83000000E+02      -2.224947735906377488E+02
    2.84000000E+02      -2.222096200421134995E+02
    2.85000000E+02      -2.219159443192099275E+02
    2.86000000E+02      -2.216136750561333315E+02
    2.87000000E+02      -2.212978937598442712E+02
    2.88000000E+02      -2.209757292917262816E+02
    2.89000000E+02      -2.206421647891317548E+02
    2.90000000E+02      -2.202988445159195976E+02
    2.91000000E+02      -2.199475104071231613E+02
    2.92000000E+02      -2.195853024133163558E+02
    2.93000000E+02      -2.192118976348926367E+02
    2.94000000E+02      -2.188275410292469019E+02
    2.95000000E+02      -2.184299985212189199E+02
    2.96000000E+02      -2.180208090279981548E+02
    2.97000000E+02      -2.176041134772155488E+02
    2.98000000E+02      -2.171721806505144627E+02
    2.99000000E+02      -2.167361113019784966E+02
    3.00000000E+02      -2.162811842426805811E+02
    3.01000000E+02      -2.158193460286044569E+02
    3.02000000E+02      -2.153431601532999480E+02
    3.03000000E+02      -2.148520328963556381E+02
    3.04000000E+02      -2.143526183845739865E+02
    3.05000000E+02      -2.138387495448029654E+02
    3.06000000E+02      -2.133114668953264186E+02
    3.07000000E+02      -2.127760880741322467E+02
    3.08000000E+02      -2.122357835178178789E+02
    3.09000000E+02      -2.116752116368649581E+02
    3.10000000E+02      -2.111070755884199457E+02
    3.11000000E+02      -2.105257845961520502E+02
    3.12000000E+02      -2.099361118644507656E+02
    3.13000000E+02      -2.093390773199996033E+02
    3.14000000E+02      -2.087325520474029759E+02
    3.15000000E+02      -2.081168023123088346E+02
    3.16000000E+02      -2.074917163383130969E+02
    3.17000000E+02      -2.068570463514103608E+02
    3.18000000E+02      -2.062173286434178294E+02
    3.19000000E+02      -2.055668281249151619E+02
    3.20000000E+02      -2.049099439526823403E+02
    3.21000000E+02      -2.042457439334163496E+02
    3.22000000E+02      -2.035734523406633230E+02
    3.23000000E+02      -2.028950134645480716E+02
    3.24000000E+02      -2.022116921823387088E+02
    3.25000000E+02      -2.015263154720802845E+02
    3.26000000E+02      -2.008340198664142804E+02
    3.27000000E+02      -2.001355138846471959E+02
    3.28000000E+02      -1.994364662078939432E+02
    3.29000000E+02      -1.987324438930288011E+02
    3.30000000E+02      -1.980197531501095796E+02
    3.31000000E+02      -1.973058736797453889E+02
    3.32000000E+02      -1.965869835975378805E+02
    3.33000000E+02      -1.958674307528332861E+02
    3.34000000E+02      -1.951469850586642565E+02
    3.35000000E+02      -1.944186547460764700E+02
    3.36000000E+02      -1.936892376950042376E+02
    3.37000000E+02      -1.929603438381952287E+02
    3.38000000E+02      -1.922352230324092375E+02
    3.39000000E+02      -1.915073334444811621E+02
    3.40000000E+02      -1.907769113079327212E+02
    3.41000000E+02      -1.900538653341852182E+02
    3.42000000E+02      -1.893362183670894296E+02
    3.43000000E+02      -1.886184101851455921E+02
    3.44000000E+02      -1.879067769410818869E+02
    3.45000000E+02      -1.871931594363329054E+02
    3.46000000E+02      -1.864903101130536811E+02
    3.47000000E+02      -1.857957249731904881E+02
    3.48000000E+02      -1.850998456401200087E+02
    3.49000000E+02      -1.844188958430810885E+02
    3.50000000E+02      -1.837413664084658080E+02
    3.51000000E+02      -1.830665690360971780E+02
    3.52000000E+02      -1.823968059435634927E+02
    3.53000000E+02      -1.817309727757153155E+02
    3.54000000E+02      -1.810744869885299408E+02
    3.55000000E+02      -1.804274466978301348E+02
    3.56000000E+02      -1.797865734775465967E+02
    3.57000000E+02      -1.791563382559604065E+02
    3.58000000E+02      -1.785375615156869458E+02
    3.59000000E+02      -1.779263151560359688E+02
    3.60000000E+02      -1.773225711285401189E+02
    3.61000000E+02      -1.767358085673683377E+02
    3.62000000E+02      -1.761541590391340719E+02
    3.63000000E+02      -1.755877559016141163E+02
    3.64000000E+02      -1.750215784166854860E+02
    3.65000000E+02      -1.744812024097106473E+02
    3.66000000E+02      -1.739494473672154413E+02
    3.67000000E+02      -1.734328674180930534E+02
    3.68000000E+02      -1.729265174585077034E+02
    3.69000000E+02      -1.724293181721502037E+02
    3.70000000E+02      -1.719546824459600316E+02
    3.71000000E+02      -1.714893429319405982E+02
    3.72000000E+02      -1.710369334411140585E+02
    3.73000000E+02      -1.705990206125340478E+02
    3.74000000E+02      -1.701871263210693428E+02
    3.75000000E+02      -1.697891166960386613E+02
    3.76000000E+02      -1.693997307881861047E+02
    3.77000000E+02      -1.690255697374729493E+02
    3.78000000E+02      -1.686778972033559398E+02
    3.79000000E+02      -1.683490071619659716E+02
    3.80000000E+02      -1.680304876411598229E+02
    3.81000000E+02      -1.677399209020574631E+02
    3.82000000E+02      -1.674639598033888319E+02
    3.83000000E+02      -1.672078773852469453E+02
    3.84000000E+02      -1.669792649490906911E+02
    3.85000000E+02      -1.667753614854797775E+02
    3.86000000E+02      -1.665884043563771115E+02
    3.87000000E+02      -1.664262461302484439E+02
    3.88000000E+02      -1.662938339917952248E+02
    3.89000000E+02      -1.661779686568103784E+02
    3.90000000E+02      -1.660805245500438900E+02
    3.91000000E+02      -1.660012391231054494E+02
    3.92000000E+02      -1.659568335749124230E+02
    3.93000000E+02      -1.659422994960247593E+02
    3.94000000E+02      -1.659432207594424540E+02
    3.95000000E+02      -1.659721148225859793E+02
    3.96000000E+02      -1.660352892680591026E+02
    3.97000000E+02      -1.661239038355913067E+02
    3.98000000E+02      -1.662422172988214584E+02
    3.99000000E+02      -1.663858408469738492E+02
    4.00000000E+02      -1.665647935001676956E+02
    4.01000000E+02      -1.667655512415719272E+02
    4.02000000E+02      -1.670019299088659750E+02
    4.03000000E+02      -1.672638826075041720E+02
    4.04000000E+02      -1.675662436404879259E+02
    4.05000000E+02      -1.678969560208994949E+02
    4.06000000E+02      -1.682612170918061452E+02
    4.07000000E+02      -1.686527152313998954E+02
    4.08000000E+02      -1.690793324445173198E+02
    4.09000000E+02      -1.695392006093085797E+02
    4.10000000E+02      -1.700395257805855067E+02
    4.11000000E+02      -1.705725535578591803E+02
    4.12000000E+02      -1.711467092907902838E+02
    4.13000000E+02      -1.717639245851812007E+02
    4.14000000E+02      -1.723952979634547660E+02
    4.15000000E+02      -1.730903785637262331E+02
    4.16000000E+02      -1.737948191057573126E+02
    4.17000000E+02      -1.745562497728885205E+02
    4.18000000E+02      -1.753541351503142209E+02
    4.19000000E+02      -1.761872119954702498E+02
    4.20000000E+02      -1.770808430171952637E+02
    4.21000000E+02      -1.779948242338638806E+02
    4.22000000E+02      -1.789627131074000204E+02
    4.23000000E+02      -1.799661703727239797E+02
    4.24000000E+02      -1.810110709275965633E+02
    4.25000000E+02      -1.821114775035445632E+02
    4.26000000E+02      -1.832531628297207931E+02
    4.27000000E+02      -1.844350791103121878E+02
    4.28000000E+02      -1.856764670458421165E+02
    4.29000000E+02      -1.869538211905662024E+02
    4.30000000E+02      -1.883006073216008076E+02
    4.31000000E+02      -1.896799531106868812E+02
    4.32000000E+02      -1.911286183527469689E+02
    4.33000000E+02      -1.926081254953666644E+02
    4.34000000E+02      -1.941441144677725674E+02
    4.35000000E+02      -1.957219630798705907E+02
    4.36000000E+02      -1.973622701190676594E+02
    4.37000000E+02      -1.990484723886972347E+02
    4.38000000E+02      -2.007728051876098903E+02
    4.39000000E+02      -2.025920282948561066E+02
    4.40000000E+02      -2.044578428523879552E+02
    4.41000000E+02      -2.063576260635661015E+02
    4.42000000E+02      -2.083258752939206602E+02
    4.43000000E+02      -2.103543578218584003E+02
    4.44000000E+02      -2.124449274575951563E+02
    4.45000000E+02      -2.145741354061671586E+02
    4.46000000E+02      -2.167721545072187723E+02
    4.47000000E+02      -2.190214846445512080E+02
    4.48000000E+02      -2.213419482603700885E+02
    4.49000000E+02      -2.237211543806394616E+02
    4.50000000E+02      -2.261505390468434484E+02
    4.51000000E+02      -2.286743164491987841E+02
    4.52000000E+02      -2.312633110426165217E+02
    4.53000000E+02      -2.338960574130675809E+02
    4.54000000E+02      -2.365822881392002159E+02
    4.55000000E+02      -2.393349862993842976E+02
    4.56000000E+02      -2.421832952112806083E+02
    4.57000000E+02      -2.450590475568230318E+02
    4.58000000E+02      -2.480275580551157759E+02
    4.59000000E+02      -2.510839002327326739E+02
    4.60000000E+02      -2.541882764333192313E+02
    4.61000000E+02      -2.573444733393759520E+02
    4.62000000E+02      -2.605956082064573707E+02
    4.63000000E+02      -2.639021678398045765E+02
    4.64000000E+02      -2.673047957901641780E+02
    4.65000000E+02      -2.707786288871345164E+02
    4.66000000E+02      -2.742991469703180769E+02
    4.67000000E+02      -2.779203557146162780E+02
    4.68000000E+02      -2.816014063337267430E+02
    4.69000000E+02      -2.853757049401671679E+02
    4.70000000E+02      -2.892300375059627981E+02
    4.71000000E+02      -2.931550086218546198E+02
    4.72000000E+02      -2.971728790637486668E+02
    4.73000000E+02      -3.012704844421156736E+02
    4.74000000E+02      -3.054515020126625018E+02
    4.75000000E+02      -3.097081527222096042E+02
    4.76000000E+02      -3.140447694859382750E+02
    4.77000000E+02      -3.184734445003475116E+02
    4.78000000E+02      -3.230421381442490087E+02
    4.79000000E+02      -3.276747677827867733E+02
    4.80000000E+02      -3.323741442912639172E+02
    4.81000000E+02      -3.371525915769076960E+02
    4.82000000E+02      -3.418172395379430668E+02
    4.83000000E+02      -3.463771042663053663E+02
    4.84000000E+02      -3.508734869684473665E+02
    4.85000000E+02      -3.573916229987432303E+02
    4.86000000E+02      -3.623190178839637952E+02
    4.87000000E+02      -3.672875986652131246E+02
    4.88000000E+02      -3.711446334526323767E+02
    4.89000000E+02      -3.764921289861583205E+02
    4.90000000E+02      -3.822842556892343850E+02
    4.91000000E+02      -3.879417449559466036E+02
    4.92000000E+02      -3.927671138404318185E+02
    4.93000000E+02      -3.997388685929969938E+02
    4.94000000E+02      -4.059517494980161132E+02
    4.95000000E+02      -4.122304497577630968E+02
    4.96000000E+02      -4.181442598542113842E+02
    4.97000000E+02      -4.240901278315492959E+02
    4.98000000E+02      -4.302246198204726966E+02
    4.99000000E+02      -4.364586600263052674E+02
    5.00000000E+02      -4.429149013061457367E+02
    5.01000000E+02      -4.495171607772269340E+02
    5.02000000E+02      -4.560296397583940120E+02
    5.03000000E+02      -4.627931111624845357E+02
    5.04000000E+02      -4.694930213142567368E+02
    5.05000000E+02      -4.762116074610882492E+02
    5.06000000E+02      -4.827588581258812042E+02
    5.07000000E+02      -4.794138735532675923E+02
    5.08000000E+02      -4.802958172936839105E+02
    5.09000000E+02      -4.848030202239667119E+02
    5.10000000E+02      -4.871757891578515114E+02
