    0.00000000E+00      -1.437372480862513555E+02
    1.00000000E+00      -1.413982149959747119E+02
    2.00000000E+00      -1.397289627335239572E+02
    3.00000000E+00      -1.384417942439876867E+02
    4.00000000E+00      -1.374187302162144704E+02
    5.00000000E+00      -1.365952524080612136E+02
    6.00000000E+00      -1.359308001444414629E+02
    7.00000000E+00      -1.353971916042473538E+02
    8.00000000E+00      -1.349736720997579766E+02
    9.00000000E+00      -1.346446123811155928E+02
    1.00000000E+01      -1.343975677146781607E+02
    1.10000000E+01      -1.342225519806351883E+02
    1.20000000E+01      -1.341113284708671642E+02
    1.30000000E+01      -1.340568937075995279E+02
    1.40000000E+01      -1.340533316634800656E+02
    1.50000000E+01      -1.340955584557932241E+02
    1.60000000E+01      -1.341789799617808683E+02
    1.70000000E+01      -1.342998401579652352E+02
    1.80000000E+01      -1.344548971402664108E+02
    1.90000000E+01      -1.346408864496015383E+02
    2.00000000E+01      -1.348548832681235297E+02
    2.10000000E+01      -1.350946329674888773E+02
    2.20000000E+01      -1.353580353035331143E+02
    2.30000000E+01      -1.356427001709789408E+02
    2.40000000E+01      -1.359468975489698721E+02
    2.50000000E+01      -1.362689904744010789E+02
    2.60000000E+01      -1.366070231130551917E+02
    2.70000000E+01      -1.369601279894095285E+02
    2.80000000E+01      -1.373266341470852865E+02
    2.90000000E+01      -1.377053539023008568E+02
    3.00000000E+01      -1.380949021613896264E+02
    3.10000000E+01      -1.384943297471590711E+02
    3.20000000E+01      -1.389027339989524705E+02
    3.30000000E+01      -1.393189715376329048E+02
    3.40000000E+01      -1.397422374106217546E+02
    3.50000000E+01      -1.401716011975631488E+02
    3.60000000E+01      -1.406064357095137609E+02
    3.70000000E+01      -1.410460873871315641E+02
    3.80000000E+01      -1.414896934443358703E+02
    3.90000000E+01      -1.419364200347308440E+02
    4.00000000E+01      -1.423860087982584162E+02
    4.10000000E+01      -1.428378232641816510E+02
    4.20000000E+01      -1.432907148915082587E+02
    4.30000000E+01      -1.437447864656541867E+02
    4.40000000E+01      -1.441989925528150422E+02
    4.50000000E+01      -1.446534111275077237E+02
    4.60000000E+01      -1.451074000989292188E+02
    4.70000000E+01      -1.455603826626874877E+02
    4.80000000E+01      -1.460118919961359722E+02
    4.90000000E+01      -1.464620092177037520E+02
    5.00000000E+01      -1.469100767694153262E+02
    5.10000000E+01      -1.473559642055742813E+02
    5.20000000E+01      -1.477991578147020562E+02
    5.30000000E+01      -1.482391772522796316E+02
    5.40000000E+01      -1.486757916457690669E+02
    5.50000000E+01      -1.491089738606214894E+02
    5.60000000E+01      -1.495379968712777270E+02
    5.70000000E+01      -1.499631093997713549E+02
    5.80000000E+01      -1.503839077659622205E+02
    5.90000000E+01      -1.507999992802478744E+02
    6.00000000E+01      -1.512112586646080388E+02
    6.10000000E+01      -1.516174730401225759E+02
    6.20000000E+01      -1.520180402455125375E+02
    6.30000000E+01      -1.524135531127658112E+02
    6.40000000E+01      -1.528031040657051278E+02
    6.50000000E+01      -1.531870740450658275E+02
    6.60000000E+01      -1.535649807547424359E+02
    6.70000000E+01      -1.539370359055437518E+02
    6.80000000E+01      -1.543030131851528211E+02
    6.90000000E+01      -1.546624951801468058E+02
    7.00000000E+01      -1.550155222766306622E+02
    7.10000000E+01      -1.553621668623499943E+02
    7.20000000E+01      -1.557019236580208315E+02
    7.30000000E+01      -1.560352563863825424E+02
    7.40000000E+01      -1.563620036664624138E+02
    7.50000000E+01      -1.566822234495748205E+02
    7.60000000E+01      -1.569955688222516699E+02
    7.70000000E+01      -1.573016539659556372E+02
    7.80000000E+01      -1.576020283523220940E+02
    7.90000000E+01      -1.578948425307143850E+02
    8.00000000E+01      -1.581808789010364933E+02
    8.10000000E+01      -1.584596866884939743E+02
    8.20000000E+01      -1.587317649103906376E+02
    8.30000000E+01      -1.589964184596874190E+02
    8.40000000E+01      -1.592541527101975305E+02
    8.50000000E+01      -1.595054466671981288E+02
    8.60000000E+01      -1.597493819574565066E+02
    8.70000000E+01      -1.599871567381751163E+02
    8.80000000E+01      -1.602180452380534632E+02
    8.90000000E+01      -1.604413194776252283E+02
    9.00000000E+01      -1.606579240459222717E+02
    9.10000000E+01      -1.608681044062804801E+02
    9.20000000E+01      -1.610710092891212923E+02
    9.30000000E+01      -1.612673501822837068E+02
    9.40000000E+01      -1.614567993854843451E+02
    9.50000000E+01      -1.616392802676391227E+02
    9.60000000E+01      -1.618150748118032141E+02
    9.70000000E+01      -1.619840043733101709E+02
    9.80000000E+01      -1.621466884807423128E+02
    9.90000000E+01      -1.623028822148889674E+02
    1.00000000E+02      -1.624522081006989254E+02
    1.01000000E+02      -1.625945795677807553E+02
    1.02000000E+02      -1.627314484446514768E+02
    1.03000000E+02      -1.628609588831868393E+02
    1.04000000E+02      -1.629839738841373844E+02
    1.05000000E+02      -1.630997784809414668E+02
    1.06000000E+02      -1.632099657043554259E+02
    1.07000000E+02      -1.633130278525613619E+02
    1.08000000E+02      -1.634093667227980120E+02
    1.09000000E+02      -1.635003467701580746E+02
    1.10000000E+02      -1.635843620240893586E+02
    1.11000000E+02      -1.636619410886168851E+02
    1.12000000E+02      -1.637330296757836265E+02
    1.13000000E+02      -1.637975922423620148E+02
    1.14000000E+02      -1.638551107243374361E+02
    1.15000000E+02      -1.639070868027601762E+02
    1.16000000E+02      -1.639519181355107946E+02
    1.17000000E+02      -1.639908912013024462E+02
    1.18000000E+02      -1.640239187706001474E+02
    1.19000000E+02      -1.640504335748236997E+02
    1.20000000E+02      -1.640702005148604883E+02
    1.21000000E+02      -1.640835140171666069E+02
    1.22000000E+02      -1.640908330545034630E+02
    1.23000000E+02      -1.640919520152937991E+02
    1.24000000E+02      -1.640878470001016183E+02
    1.25000000E+02      -1.640771140052210910E+02
    1.26000000E+02      -1.640601086827200277E+02
    1.27000000E+02      -1.640369055751916392E+02
    1.28000000E+02      -1.640079092971254511E+02
    1.29000000E+02      -1.639720089134034140E+02
    1.30000000E+02      -1.639303709358182175E+02
    1.31000000E+02      -1.638822252036743237E+02
    1.32000000E+02      -1.638287151822559906E+02
    1.33000000E+02      -1.637683341355268283E+02
    1.34000000E+02      -1.637028733313754572E+02
    1.35000000E+02      -1.636301621365100516E+02
    1.36000000E+02      -1.635524266686961425E+02
    1.37000000E+02      -1.634675952055231107E+02
    1.38000000E+02      -1.633768324864767862E+02
    1.39000000E+02      -1.632792025067583097E+02
    1.40000000E+02      -1.631759606698733194E+02
    1.41000000E+02      -1.630669100269414855E+02
    1.42000000E+02      -1.629519122039173169E+02
    1.43000000E+02      -1.628318830021862311E+02
    1.44000000E+02      -1.627051543564275278E+02
    1.45000000E+02      -1.625723955825642122E+02
    1.46000000E+02      -1.624338761003427578E+02
    1.47000000E+02      -1.622891654368695242E+02
    1.48000000E+02      -1.621374542143866790E+02
    1.49000000E+02      -1.619814074655268712E+02
    1.50000000E+02      -1.618189109159838779E+02
    1.51000000E+02      -1.616511224441901220E+02
    1.52000000E+02      -1.614858113938216491E+02
    1.53000000E+02      -1.613053651078343762E+02
    1.54000000E+02      -1.611203115923535449E+02
    1.55000000E+02      -1.609339506103396786E+02
    1.56000000E+02      -1.607367093522306902E+02
    1.57000000E+02      -1.605332153119352085E+02
    1.58000000E+02      -1.603245773609932883E+02
    1.59000000E+02      -1.601109153408296777E+02
    1.60000000E+02      -1.598912280859630926E+02
    1.61000000E+02      -1.596663437442593647E+02
    1.62000000E+02      -1.594358477544710411E+02
    1.63000000E+02      -1.592001477366984261E+02
    1.64000000E+02      -1.589586961666327340E+02
    1.65000000E+02      -1.587112177909557147E+02
    1.66000000E+02      -1.584587415655814482E+02
    1.67000000E+02      -1.582010131032411380E+02
    1.68000000E+02      -1.579374346361700816E+02
    1.69000000E+02      -1.576693106429856641E+02
    1.70000000E+02      -1.573949689612463487E+02
    1.71000000E+02      -1.571149054215029253E+02
    1.72000000E+02      -1.568309588098172469E+02
    1.73000000E+02      -1.565405770410988850E+02
    1.74000000E+02      -1.562441977070384098E+02
    1.75000000E+02      -1.559436049180776251E+02
    1.76000000E+02      -1.556377380477469785E+02
    1.77000000E+02      -1.553260846865568681E+02
    1.78000000E+02      -1.550092786891591174E+02
    1.79000000E+02      -1.546869440594427658E+02
    1.80000000E+02      -1.543592444538344068E+02
    1.81000000E+02      -1.540255257884245736E+02
    1.82000000E+02      -1.536869768808801098E+02
    1.83000000E+02      -1.533426645422559602E+02
    1.84000000E+02      -1.529928881315254046E+02
    1.85000000E+02      -1.526376644090023262E+02
    1.86000000E+02      -1.522768483915105833E+02
    1.87000000E+02      -1.519098306979257984E+02
    1.88000000E+02      -1.515372200558167322E+02
    1.89000000E+02      -1.511595341778565569E+02
    1.90000000E+02      -1.507769567616023494E+02
    1.91000000E+02      -1.503888294008765740E+02
    1.92000000E+02      -1.499941669212393833E+02
    1.93000000E+02      -1.495940645207856221E+02
    1.94000000E+02      -1.491889946608543767E+02
    1.95000000E+02      -1.487769771366119755E+02
    1.96000000E+02      -1.483594652138390018E+02
    1.97000000E+02      -1.479359281522892786E+02
    1.98000000E+02      -1.475072145090643687E+02
    1.99000000E+02      -1.470718799353316797E+02
    2.00000000E+02      -1.466312758718822522E+02
    2.01000000E+02      -1.461858813863918556E+02
    2.02000000E+02      -1.457345502033103628E+02
    2.03000000E+02      -1.452762897562906517E+02
    2.04000000E+02      -1.448129674146157129E+02
    2.05000000E+02      -1.443425690074190868E+02
    2.06000000E+02      -1.438680045836344732E+02
    2.07000000E+02      -1.433862626162562890E+02
    2.08000000E+02      -1.428975150432642920E+02
    2.09000000E+02      -1.424038575094864143E+02
    2.10000000E+02      -1.419057434945106877E+02
    2.11000000E+02      -1.414009265477043016E+02
    2.12000000E+02      -1.408898048050441218E+02
    2.13000000E+02      -1.403729724326376243E+02
    2.14000000E+02      -1.398503021538462860E+02
    2.15000000E+02      -1.393230562939979507E+02
    2.16000000E+02      -1.387895500330459697E+02
    2.17000000E+02      -1.382497837584205342E+02
    2.18000000E+02      -1.377046764580272509E+02
    2.19000000E+02      -1.371525332346763832E+02
    2.20000000E+02      -1.365970498920623584E+02
    2.21000000E+02      -1.360355285619125141E+02
    2.22000000E+02      -1.354674283274189008E+02
    2.23000000E+02      -1.348990687587038053E+02
    2.24000000E+02      -1.343185842888169361E+02
    2.25000000E+02      -1.337316863018758966E+02
    2.26000000E+02      -1.331388933531679584E+02
    2.27000000E+02      -1.325391890978180243E+02
    2.28000000E+02      -1.319346500128712876E+02
    2.29000000E+02      -1.313237705471665038E+02
    2.30000000E+02      -1.307068188764360173E+02
    2.31000000E+02      -1.300836320501957459E+02
    2.32000000E+02      -1.294562796956133468E+02
    2.33000000E+02      -1.288212640125975383E+02
    2.34000000E+02      -1.281807529848274214E+02
    2.35000000E+02      -1.275343502530567719E+02
    2.36000000E+02      -1.268820713238064570E+02
    2.37000000E+02      -1.262222266007420046E+02
    2.38000000E+02      -1.255589500878677143E+02
    2.39000000E+02      -1.248865280678701026E+02
    2.40000000E+02      -1.242089488304891063E+02
    2.41000000E+02      -1.235252257435322178E+02
    2.42000000E+02      -1.228360893548205865E+02
    2.43000000E+02      -1.221427035351489110E+02
    2.44000000E+02      -1.214403430345673485E+02
    2.45000000E+02      -1.207315349922255052E+02
    2.46000000E+02      -1.200179695124943180E+02
    2.47000000E+02      -1.192962123992592467E+02
    2.48000000E+02      -1.185701387884300573E+02
    2.49000000E+02      -1.178375742080361022E+02
    2.50000000E+02      -1.170990806872696055E+02
    2.51000000E+02      -1.163526761400252951E+02
    2.52000000E+02      -1.156021964397486670E+02
    2.53000000E+02      -1.148456935487892849E+02
    2.54000000E+02      -1.140809127065558357E+02
    2.55000000E+02      -1.133113080091979725E+02
    2.56000000E+02      -1.125345056926571203E+02
    2.57000000E+02      -1.117518300673663987E+02
    2.58000000E+02      -1.109619274978731198E+02
    2.59000000E+02      -1.101659976701457424E+02
    2.60000000E+02      -1.093632950285654886E+02
    2.61000000E+02      -1.085538447600528968E+02
    2.62000000E+02      -1.077376176636871321E+02
    2.63000000E+02      -1.069157735557500644E+02
    2.64000000E+02      -1.060879794916808976E+02
    2.65000000E+02      -1.052519483669866247E+02
    2.66000000E+02      -1.044110632248893751E+02
    2.67000000E+02      -1.035635319297407193E+02
    2.68000000E+02      -1.027099452967495097E+02
    2.69000000E+02      -1.018504770029075814E+02
    2.70000000E+02      -1.009832088841330631E+02
    2.71000000E+02      -1.001114742389154060E+02
    2.72000000E+02      -9.923283459583487343E+01
    2.73000000E+02      -9.834762120188403856E+01
    2.74000000E+02      -9.745657901849787663E+01
    2.75000000E+02      -9.655849178612422179E+01
    2.76000000E+02      -9.565465905831385385E+01
    2.77000000E+02      -9.474344755767103265E+01
    2.78000000E+02      -9.382379903329726289E+01
    2.79000000E+02      -9.290286030864533018E+01
    2.80000000E+02      -9.197241999359991382E+01
    2.81000000E+02      -9.103380443423245083E+01
    2.82000000E+02      -9.009116889757294189E+01
    2.83000000E+02      -8.914466379012171160E+01
    2.84000000E+02      -8.819398712936978768E+01
    2.85000000E+02      -8.723627834242958556E+01
    2.86000000E+02      -8.627235685044158231E+01
    2.87000000E+02      -8.530227619560625385E+01
    2.88000000E+02      -8.432937120424773525E+01
    2.89000000E+02      -8.334916419919770192E+01
    2.90000000E+02      -8.236698139260712992E+01
    2.91000000E+02      -8.138043234229277800E+01
    2.92000000E+02      -8.039039574155773948E+01
    2.93000000E+02      -7.939429471676427852E+01
    2.94000000E+02      -7.839444309926781784E+01
    2.95000000E+02      -7.739748287864219378E+01
    2.96000000E+02      -7.639033375598680209E+01
    2.97000000E+02      -7.538176865398142468E+01
    2.98000000E+02      -7.437067424144785832E+01
    2.99000000E+02      -7.335492859838720392E+01
    3.00000000E+02      -7.233862251334082316E+01
    3.01000000E+02      -7.131815430021103452E+01
    3.02000000E+02      -7.029463163099441658E+01
    3.03000000E+02      -6.927103894052285682E+01
    3.04000000E+02      -6.824518689175326358E+01
    3.05000000E+02      -6.721855167054761182E+01
    3.06000000E+02      -6.618823385156881045E+01
    3.07000000E+02      -6.516003460448425244E+01
    3.08000000E+02      -6.413192500185411404E+01
    3.09000000E+02      -6.310126955492611955E+01
    3.10000000E+02      -6.207047971349399518E+01
    3.11000000E+02      -6.104047306684967111E+01
    3.12000000E+02      -6.000906112545359861E+01
    3.13000000E+02      -5.897817249980013798E+01
    3.14000000E+02      -5.794833482952978443E+01
    3.15000000E+02      -5.691823461802866291E+01
    3.16000000E+02      -5.588966439093653094E+01
    3.17000000E+02      -5.486213377502005528E+01
    3.18000000E+02      -5.383429960871305298E+01
    3.19000000E+02      -5.280948534339856337E+01
    3.20000000E+02      -5.178348474937681090E+01
    3.21000000E+02      -5.076309400319311749E+01
    3.22000000E+02      -4.974467875680144857E+01
    3.23000000E+02      -4.872796150843802820E+01
    3.24000000E+02      -4.771509991201762091E+01
    3.25000000E+02      -4.670628769567426275E+01
    3.26000000E+02      -4.570124678720910083E+01
    3.27000000E+02      -4.469788021349538099E+01
    3.28000000E+02      -4.370251642830859851E+01
    3.29000000E+02      -4.270864302513379585E+01
    3.30000000E+02      -4.171642785460878144E+01
    3.31000000E+02      -4.073084584099430572E+01
    3.32000000E+02      -3.975057002540867757E+01
    3.33000000E+02      -3.877717689762081932E+01
    3.34000000E+02      -3.780813800182383488E+01
    3.35000000E+02      -3.684530217165317367E+01
    3.36000000E+02      -3.589045696623813342E+01
    3.37000000E+02      -3.493869186693061124E+01
    3.38000000E+02      -3.399570384935665857E+01
    3.39000000E+02      -3.305873090715337526E+01
    3.40000000E+02      -3.213017048232447337E+01
    3.41000000E+02      -3.120876445003975519E+01
    3.42000000E+02      -3.029632687580030748E+01
    3.43000000E+02      -2.939289180736247786E+01
    3.44000000E+02      -2.849201975657794961E+01
    3.45000000E+02      -2.760270575119372793E+01
    3.46000000E+02      -2.672765771753345021E+01
    3.47000000E+02      -2.586163649765964934E+01
    3.48000000E+02      -2.500195040285777637E+01
    3.49000000E+02      -2.415495532157089897E+01
    3.50000000E+02      -2.331998789997030386E+01
    3.51000000E+02      -2.249457574204732069E+01
    3.52000000E+02      -2.168606839480068871E+01
    3.53000000E+02      -2.088397803518180140E+01
    3.54000000E+02      -2.009660007676299998E+01
    3.55000000E+02      -1.931346237437989899E+01
    3.56000000E+02      -1.855321419506524094E+01
    3.57000000E+02      -1.780368630762402304E+01
    3.58000000E+02      -1.706433835008371958E+01
    3.59000000E+02      -1.634333276853155681E+01
    3.60000000E+02      -1.563462227151919492E+01
    3.61000000E+02      -1.494027157441903242E+01
    3.62000000E+02      -1.425887869123559781E+01
    3.63000000E+02      -1.359033529378664085E+01
    3.64000000E+02      -1.293979452026266941E+01
    3.65000000E+02      -1.230161834472980686E+01
    3.66000000E+02      -1.168674755177650937E+01
    3.67000000E+02      -1.108377524639670142E+01
    3.68000000E+02      -1.050913122307699510E+01
    3.69000000E+02      -9.944345356544520342E+00
    3.70000000E+02      -9.395201547883491600E+00
    3.71000000E+02      -8.869038099769543493E+00
    3.72000000E+02      -8.359178694544400656E+00
    3.73000000E+02      -7.864898809345478803E+00
    3.74000000E+02      -7.397814903521950036E+00
    3.75000000E+02      -6.943506636304820567E+00
    3.76000000E+02      -6.513145614296237618E+00
    3.77000000E+02      -6.107218393005470425E+00
    3.78000000E+02      -5.714429885728324443E+00
    3.79000000E+02      -5.344371841169933468E+00
    3.80000000E+02      -4.998758269121910125E+00
    3.81000000E+02      -4.680336006565059215E+00
    3.82000000E+02      -4.386335614949504524E+00
    3.83000000E+02      -4.102859506031538039E+00
    3.84000000E+02      -3.846534164736087114E+00
    3.85000000E+02      -3.619028793994377047E+00
    3.86000000E+02      -3.415709724297786742E+00
    3.87000000E+02      -3.232374645650426537E+00
    3.88000000E+02      -3.083544568272347242E+00
    3.89000000E+02      -2.952513835040892154E+00
    3.90000000E+02      -2.848187038555781037E+00
    3.91000000E+02      -2.770610186850691825E+00
    3.92000000E+02      -2.722977089110801607E+00
    3.93000000E+02      -2.696886936083475739E+00
    3.94000000E+02      -2.710693870319093257E+00
    3.95000000E+02      -2.749489370614329964E+00
    3.96000000E+02      -2.816304039090911537E+00
    3.97000000E+02      -2.907601402720476180E+00
    3.98000000E+02      -3.035659216458017617E+00
    3.99000000E+02      -3.186475659601430088E+00
    4.00000000E+02      -3.377833905743474752E+00
    4.01000000E+02      -3.588894586425314337E+00
    4.02000000E+02      -3.838991029534528643E+00
    4.03000000E+02      -4.128694455951491982E+00
    4.04000000E+02      -4.443222335886249930E+00
    4.05000000E+02      -4.798295739453325659E+00
    4.06000000E+02      -5.180735882019663840E+00
    4.07000000E+02      -5.608502300569827348E+00
    4.08000000E+02      -6.056884439310098678E+00
    4.09000000E+02      -6.545006235476622969E+00
    4.10000000E+02      -7.073062972046474606E+00
    4.11000000E+02      -7.644058793664018303E+00
    4.12000000E+02      -8.249180015290196621E+00
    4.13000000E+02      -8.891486086530651534E+00
    4.14000000E+02      -9.564894620675634229E+00
    4.15000000E+02      -1.027630602090809830E+01
    4.16000000E+02      -1.104531109623801299E+01
    4.17000000E+02      -1.184490091970380732E+01
    4.18000000E+02      -1.268126007367115804E+01
    4.19000000E+02      -1.355646105750654229E+01
    4.20000000E+02      -1.446993123285662719E+01
    4.21000000E+02      -1.543100783496354111E+01
    4.22000000E+02      -1.641986032889414915E+01
    4.23000000E+02      -1.745514016539980062E+01
    4.24000000E+02      -1.855191884503890165E+01
    4.25000000E+02      -1.969306862877872177E+01
    4.26000000E+02      -2.087424949474823066E+01
    4.27000000E+02      -2.209675439248983153E+01
    4.28000000E+02      -2.337218656169440933E+01
    4.29000000E+02      -2.468146475951377639E+01
    4.30000000E+02      -2.605080072849247941E+01
    4.31000000E+02      -2.747075801447224208E+01
    4.32000000E+02      -2.894365768169243225E+01
    4.33000000E+02      -3.046345661405664274E+01
    4.34000000E+02      -3.203217078500617276E+01
    4.35000000E+02      -3.363818898598853480E+01
    4.36000000E+02      -3.531708393559981118E+01
    4.37000000E+02      -3.703460485522825252E+01
    4.38000000E+02      -3.880695295973870884E+01
    4.39000000E+02      -4.064181200170148145E+01
    4.40000000E+02      -4.251901958684626948E+01
    4.41000000E+02      -4.445421435509067010E+01
    4.42000000E+02      -4.644806784914996456E+01
    4.43000000E+02      -4.849250572046454977E+01
    4.44000000E+02      -5.061251041071679424E+01
    4.45000000E+02      -5.276921528100226055E+01
    4.46000000E+02      -5.498954004759158920E+01
    4.47000000E+02      -5.726356148638021182E+01
    4.48000000E+02      -5.958559628633972238E+01
    4.49000000E+02      -6.197753416571956109E+01
    4.50000000E+02      -6.442927551862973701E+01
    4.51000000E+02      -6.693940543371442686E+01
    4.52000000E+02      -6.951648064667548965E+01
    4.53000000E+02      -7.214320770685750972E+01
    4.54000000E+02      -7.485322226735021900E+01
    4.55000000E+02      -7.762043610319685172E+01
    4.56000000E+02      -8.045589442772049438E+01
    4.57000000E+02      -8.336813488101776670E+01
    4.58000000E+02      -8.633263583958338927E+01
    4.59000000E+02      -8.937426229903664421E+01
    4.60000000E+02      -9.247585631545823048E+01
    4.61000000E+02      -9.565180022141154836E+01
    4.62000000E+02      -9.885690682392757367E+01
    4.63000000E+02      -1.021595559831448270E+02
    4.64000000E+02      -1.055339864644892884E+02
    4.65000000E+02      -1.089744796337299420E+02
    4.66000000E+02      -1.124807105668560041E+02
    4.67000000E+02      -1.160754527332000805E+02
    4.68000000E+02      -1.197081711367909236E+02
    4.69000000E+02      -1.234875278902445359E+02
    4.70000000E+02      -1.272768269284833593E+02
    4.71000000E+02      -1.311702168361489100E+02
    4.72000000E+02      -1.351483204265796019E+02
    4.73000000E+02      -1.391831763681229575E+02
    4.74000000E+02      -1.433214340143576635E+02
    4.75000000E+02      -1.475202424799763037E+02
    4.76000000E+02      -1.518062640816178543E+02
    4.77000000E+02      -1.561652059691232068E+02
    4.78000000E+02      -1.606236452708226068E+02
    4.79000000E+02      -1.651400839366224034E+02
    4.80000000E+02      -1.697462834803127123E+02
    4.81000000E+02      -1.744470116576385124E+02
    4.82000000E+02      -1.792322596892454101E+02
    4.83000000E+02      -1.840828242796678467E+02
    4.84000000E+02      -1.890226513127535952E+02
    4.85000000E+02      -1.940544426297974212E+02
    4.86000000E+02      -1.991761121266726775E+02
    4.87000000E+02      -2.044003038731143249E+02
    4.88000000E+02      -2.097046483441926910E+02
    4.89000000E+02      -2.151000888467505945E+02
    4.90000000E+02      -2.205795405801590903E+02
    4.91000000E+02      -2.261844187761862202E+02
    4.92000000E+02      -2.318400092263445629E+02
    4.93000000E+02      -2.375959415371735020E+02
    4.94000000E+02      -2.434224202503655476E+02
    4.95000000E+02      -2.494196880183853580E+02
    4.96000000E+02      -2.550941459048744662E+02
    4.97000000E+02      -2.493169451620751431E+02
    4.98000000E+02      -2.533519487394923715E+02
    4.99000000E+02      -2.637740082599893867E+02
    5.00000000E+02      -2.709179468582124173E+02
    5.01000000E+02      -2.835850670390036612E+02
    5.02000000E+02      -2.901954869545270412E+02
    5.03000000E+02      -2.969011654673349767E+02
    5.04000000E+02      -3.036741134627927750E+02
    5.05000000E+02      -3.106026844260022699E+02
    5.06000000E+02      -3.178076866291203260E+02
    5.07000000E+02      -3.248823750134297370E+02
    5.08000000E+02      -3.203310105329119324E+02
    5.09000000E+02      -3.429354671955779850E+02
    5.10000000E+02      -3.485192788470276355E+02
