    0.0000000000E+00     -0.1014288435E+02
    0.1000000000E+01     -0.8010672671E+01
    0.2000000000E+01     -0.6549189830E+01
    0.3000000000E+01     -0.5470949408E+01
    0.4000000000E+01     -0.4658039962E+01
    0.5000000000E+01     -0.4045780519E+01
    0.6000000000E+01     -0.3593386699E+01
    0.7000000000E+01     -0.3272741446E+01
    0.8000000000E+01     -0.3063520612E+01
    0.9000000000E+01     -0.2949736035E+01
    0.1000000000E+02     -0.2918724762E+01
    0.1100000000E+02     -0.2960835230E+01
    0.1200000000E+02     -0.3067962025E+01
    0.1300000000E+02     -0.3232772547E+01
    0.1400000000E+02     -0.3449608752E+01
    0.1500000000E+02     -0.3713297863E+01
    0.1600000000E+02     -0.4019260752E+01
    0.1700000000E+02     -0.4363700565E+01
    0.1800000000E+02     -0.4743281734E+01
    0.1900000000E+02     -0.5155007187E+01
    0.2000000000E+02     -0.5595934145E+01
    0.2100000000E+02     -0.6063593332E+01
    0.2200000000E+02     -0.6555676998E+01
    0.2300000000E+02     -0.7070512110E+01
    0.2400000000E+02     -0.7605979438E+01
    0.2500000000E+02     -0.8160178180E+01
    0.2600000000E+02     -0.8731863769E+01
    0.2700000000E+02     -0.9319344774E+01
    0.2800000000E+02     -0.9921386496E+01
    0.2900000000E+02     -0.1053686327E+02
    0.3000000000E+02     -0.1116434863E+02
    0.3100000000E+02     -0.1180270285E+02
    0.3200000000E+02     -0.1245123298E+02
    0.3300000000E+02     -0.1310886331E+02
    0.3400000000E+02     -0.1377461369E+02
    0.3500000000E+02     -0.1444785145E+02
    0.3600000000E+02     -0.1512770817E+02
    0.3700000000E+02     -0.1581365213E+02
    0.3800000000E+02     -0.1650439159E+02
    0.3900000000E+02     -0.1719968190E+02
    0.4000000000E+02     -0.1789925033E+02
    0.4100000000E+02     -0.1860238021E+02
    0.4200000000E+02     -0.1930753243E+02
    0.4300000000E+02     -0.2001496003E+02
    0.4400000000E+02     -0.2072442715E+02
    0.4500000000E+02     -0.2143534522E+02
    0.4600000000E+02     -0.2214654963E+02
    0.4700000000E+02     -0.2285849507E+02
    0.4800000000E+02     -0.2357037508E+02
    0.4900000000E+02     -0.2428160435E+02
    0.5000000000E+02     -0.2499184379E+02
    0.5100000000E+02     -0.2570081617E+02
    0.5200000000E+02     -0.2640866215E+02
    0.5300000000E+02     -0.2711493460E+02
    0.5400000000E+02     -0.2781920844E+02
    0.5500000000E+02     -0.2852132405E+02
    0.5600000000E+02     -0.2922093616E+02
    0.5700000000E+02     -0.2991814467E+02
    0.5800000000E+02     -0.3061148387E+02
    0.5900000000E+02     -0.3130123826E+02
    0.6000000000E+02     -0.3198779488E+02
    0.6100000000E+02     -0.3267044416E+02
    0.6200000000E+02     -0.3334902245E+02
    0.6300000000E+02     -0.3402409875E+02
    0.6400000000E+02     -0.3469414916E+02
    0.6500000000E+02     -0.3536027810E+02
    0.6600000000E+02     -0.3602153125E+02
    0.6700000000E+02     -0.3667784163E+02
    0.6800000000E+02     -0.3732921430E+02
    0.6900000000E+02     -0.3797565649E+02
    0.7000000000E+02     -0.3861644784E+02
    0.7100000000E+02     -0.3925264434E+02
    0.7200000000E+02     -0.3988315939E+02
    0.7300000000E+02     -0.4050810565E+02
    0.7400000000E+02     -0.4112738502E+02
    0.7500000000E+02     -0.4174044232E+02
    0.7600000000E+02     -0.4234802537E+02
    0.7700000000E+02     -0.4294983791E+02
    0.7800000000E+02     -0.4354558220E+02
    0.7900000000E+02     -0.4413453777E+02
    0.8000000000E+02     -0.4471805166E+02
    0.8100000000E+02     -0.4529538183E+02
    0.8200000000E+02     -0.4586658420E+02
    0.8300000000E+02     -0.4643214757E+02
    0.8400000000E+02     -0.4699109043E+02
    0.8500000000E+02     -0.4754433258E+02
    0.8600000000E+02     -0.4809183112E+02
    0.8700000000E+02     -0.4863277709E+02
    0.8800000000E+02     -0.4916725271E+02
    0.8900000000E+02     -0.4969577953E+02
    0.9000000000E+02     -0.5021840986E+02
    0.9100000000E+02     -0.5073378633E+02
    0.9200000000E+02     -0.5124420041E+02
    0.9300000000E+02     -0.5174742126E+02
    0.9400000000E+02     -0.5224593053E+02
    0.9500000000E+02     -0.5273760730E+02
    0.9600000000E+02     -0.5322262853E+02
    0.9700000000E+02     -0.5370152202E+02
    0.9800000000E+02     -0.5417391558E+02
    0.9900000000E+02     -0.5464149001E+02
    0.1000000000E+03     -0.5510212098E+02
    0.1010000000E+03     -0.5555702605E+02
    0.1020000000E+03     -0.5600585887E+02
    0.1030000000E+03     -0.5644822036E+02
    0.1040000000E+03     -0.5688563803E+02
    0.1050000000E+03     -0.5731666039E+02
    0.1060000000E+03     -0.5774073057E+02
    0.1070000000E+03     -0.5815991958E+02
    0.1080000000E+03     -0.5857186437E+02
    0.1090000000E+03     -0.5897813443E+02
    0.1100000000E+03     -0.5937946671E+02
    0.1110000000E+03     -0.5977457240E+02
    0.1120000000E+03     -0.6016381020E+02
    0.1130000000E+03     -0.6054561566E+02
    0.1140000000E+03     -0.6092318501E+02
    0.1150000000E+03     -0.6129461894E+02
    0.1160000000E+03     -0.6165931654E+02
    0.1170000000E+03     -0.6201774078E+02
    0.1180000000E+03     -0.6237211408E+02
    0.1190000000E+03     -0.6271919704E+02
    0.1200000000E+03     -0.6306182525E+02
    0.1210000000E+03     -0.6339768015E+02
    0.1220000000E+03     -0.6372700041E+02
    0.1230000000E+03     -0.6405089600E+02
    0.1240000000E+03     -0.6436957666E+02
    0.1250000000E+03     -0.6468180776E+02
    0.1260000000E+03     -0.6498727709E+02
    0.1270000000E+03     -0.6528780726E+02
    0.1280000000E+03     -0.6558231127E+02
    0.1290000000E+03     -0.6587120666E+02
    0.1300000000E+03     -0.6615412253E+02
    0.1310000000E+03     -0.6643250398E+02
    0.1320000000E+03     -0.6670486758E+02
    0.1330000000E+03     -0.6697115202E+02
    0.1340000000E+03     -0.6723109603E+02
    0.1350000000E+03     -0.6748604155E+02
    0.1360000000E+03     -0.6773554103E+02
    0.1370000000E+03     -0.6798036472E+02
    0.1380000000E+03     -0.6821837963E+02
    0.1390000000E+03     -0.6845055340E+02
    0.1400000000E+03     -0.6867731363E+02
    0.1410000000E+03     -0.6889737229E+02
    0.1420000000E+03     -0.6911209408E+02
    0.1430000000E+03     -0.6932190192E+02
    0.1440000000E+03     -0.6952599237E+02
    0.1450000000E+03     -0.6972440268E+02
    0.1460000000E+03     -0.6991672870E+02
    0.1470000000E+03     -0.7010412790E+02
    0.1480000000E+03     -0.7028510580E+02
    0.1490000000E+03     -0.7045975778E+02
    0.1500000000E+03     -0.7063043446E+02
    0.1510000000E+03     -0.7079587182E+02
    0.1520000000E+03     -0.7095935401E+02
    0.1530000000E+03     -0.7111515318E+02
    0.1540000000E+03     -0.7126355027E+02
    0.1550000000E+03     -0.7141092933E+02
    0.1560000000E+03     -0.7154938572E+02
    0.1570000000E+03     -0.7168331628E+02
    0.1580000000E+03     -0.7181097763E+02
    0.1590000000E+03     -0.7193239399E+02
    0.1600000000E+03     -0.7204944269E+02
    0.1610000000E+03     -0.7216162712E+02
    0.1620000000E+03     -0.7226798318E+02
    0.1630000000E+03     -0.7236912799E+02
    0.1640000000E+03     -0.7246524084E+02
    0.1650000000E+03     -0.7255692539E+02
    0.1660000000E+03     -0.7264236558E+02
    0.1670000000E+03     -0.7272142527E+02
    0.1680000000E+03     -0.7279569065E+02
    0.1690000000E+03     -0.7286537886E+02
    0.1700000000E+03     -0.7293058861E+02
    0.1710000000E+03     -0.7299137528E+02
    0.1720000000E+03     -0.7304423268E+02
    0.1730000000E+03     -0.7309321394E+02
    0.1740000000E+03     -0.7313499558E+02
    0.1750000000E+03     -0.7317320141E+02
    0.1760000000E+03     -0.7320562339E+02
    0.1770000000E+03     -0.7323311352E+02
    0.1780000000E+03     -0.7325433459E+02
    0.1790000000E+03     -0.7327234343E+02
    0.1800000000E+03     -0.7328485917E+02
    0.1810000000E+03     -0.7329044811E+02
    0.1820000000E+03     -0.7329183322E+02
    0.1830000000E+03     -0.7328837903E+02
    0.1840000000E+03     -0.7327884849E+02
    0.1850000000E+03     -0.7326476020E+02
    0.1860000000E+03     -0.7324433378E+02
    0.1870000000E+03     -0.7321939082E+02
    0.1880000000E+03     -0.7318827088E+02
    0.1890000000E+03     -0.7315176850E+02
    0.1900000000E+03     -0.7310935972E+02
    0.1910000000E+03     -0.7306236818E+02
    0.1920000000E+03     -0.7300712478E+02
    0.1930000000E+03     -0.7294769645E+02
    0.1940000000E+03     -0.7288293770E+02
    0.1950000000E+03     -0.7281277313E+02
    0.1960000000E+03     -0.7273780159E+02
    0.1970000000E+03     -0.7265758242E+02
    0.1980000000E+03     -0.7257081342E+02
    0.1990000000E+03     -0.7248072453E+02
    0.2000000000E+03     -0.7238347315E+02
    0.2010000000E+03     -0.7228031356E+02
    0.2020000000E+03     -0.7217204381E+02
    0.2030000000E+03     -0.7205915587E+02
    0.2040000000E+03     -0.7193806060E+02
    0.2050000000E+03     -0.7181251255E+02
    0.2060000000E+03     -0.7168216598E+02
    0.2070000000E+03     -0.7154564265E+02
    0.2080000000E+03     -0.7140377386E+02
    0.2090000000E+03     -0.7125756130E+02
    0.2100000000E+03     -0.7110472534E+02
    0.2110000000E+03     -0.7094695471E+02
    0.2120000000E+03     -0.7078456536E+02
    0.2130000000E+03     -0.7061568130E+02
    0.2140000000E+03     -0.7044093324E+02
    0.2150000000E+03     -0.7026168392E+02
    0.2160000000E+03     -0.7007614879E+02
    0.2170000000E+03     -0.6988588957E+02
    0.2180000000E+03     -0.6969006038E+02
    0.2190000000E+03     -0.6948922587E+02
    0.2200000000E+03     -0.6928299429E+02
    0.2210000000E+03     -0.6907156470E+02
    0.2220000000E+03     -0.6885474738E+02
    0.2230000000E+03     -0.6864095161E+02
    0.2240000000E+03     -0.6841100146E+02
    0.2250000000E+03     -0.6817777880E+02
    0.2260000000E+03     -0.6793784076E+02
    0.2270000000E+03     -0.6769206315E+02
    0.2280000000E+03     -0.6744363653E+02
    0.2290000000E+03     -0.6718599983E+02
    0.2300000000E+03     -0.6692363117E+02
    0.2310000000E+03     -0.6665703637E+02
    0.2320000000E+03     -0.6638358285E+02
    0.2330000000E+03     -0.6610471539E+02
    0.2340000000E+03     -0.6581725018E+02
    0.2350000000E+03     -0.6552861764E+02
    0.2360000000E+03     -0.6523224224E+02
    0.2370000000E+03     -0.6493330146E+02
    0.2380000000E+03     -0.6462640066E+02
    0.2390000000E+03     -0.6431132977E+02
    0.2400000000E+03     -0.6399091608E+02
    0.2410000000E+03     -0.6366784131E+02
    0.2420000000E+03     -0.6333729697E+02
    0.2430000000E+03     -0.6300058802E+02
    0.2440000000E+03     -0.6265941462E+02
    0.2450000000E+03     -0.6230786322E+02
    0.2460000000E+03     -0.6195465072E+02
    0.2470000000E+03     -0.6159616552E+02
    0.2480000000E+03     -0.6123174599E+02
    0.2490000000E+03     -0.6086082811E+02
    0.2500000000E+03     -0.6048613313E+02
    0.2510000000E+03     -0.6010190235E+02
    0.2520000000E+03     -0.5971179014E+02
    0.2530000000E+03     -0.5931970595E+02
    0.2540000000E+03     -0.5892117040E+02
    0.2550000000E+03     -0.5851628088E+02
    0.2560000000E+03     -0.5810415396E+02
    0.2570000000E+03     -0.5768748152E+02
    0.2580000000E+03     -0.5726577819E+02
    0.2590000000E+03     -0.5683576703E+02
    0.2600000000E+03     -0.5640399711E+02
    0.2610000000E+03     -0.5596619658E+02
    0.2620000000E+03     -0.5552616953E+02
    0.2630000000E+03     -0.5507417458E+02
    0.2640000000E+03     -0.5461911573E+02
    0.2650000000E+03     -0.5416014949E+02
    0.2660000000E+03     -0.5369546706E+02
    0.2670000000E+03     -0.5322219688E+02
    0.2680000000E+03     -0.5274561168E+02
    0.2690000000E+03     -0.5226267469E+02
    0.2700000000E+03     -0.5177395005E+02
    0.2710000000E+03     -0.5128021458E+02
    0.2720000000E+03     -0.5078241689E+02
    0.2730000000E+03     -0.5027847277E+02
    0.2740000000E+03     -0.4976704813E+02
    0.2750000000E+03     -0.4924923576E+02
    0.2760000000E+03     -0.4872836042E+02
    0.2770000000E+03     -0.4820138643E+02
    0.2780000000E+03     -0.4767057989E+02
    0.2790000000E+03     -0.4713489786E+02
    0.2800000000E+03     -0.4659495487E+02
    0.2810000000E+03     -0.4605278703E+02
    0.2820000000E+03     -0.4550149416E+02
    0.2830000000E+03     -0.4494853028E+02
    0.2840000000E+03     -0.4438896546E+02
    0.2850000000E+03     -0.4382546413E+02
    0.2860000000E+03     -0.4325934609E+02
    0.2870000000E+03     -0.4268658985E+02
    0.2880000000E+03     -0.4211265321E+02
    0.2890000000E+03     -0.4153440652E+02
    0.2900000000E+03     -0.4095195599E+02
    0.2910000000E+03     -0.4036641592E+02
    0.2920000000E+03     -0.3977587638E+02
    0.2930000000E+03     -0.3918565969E+02
    0.2940000000E+03     -0.3859184784E+02
    0.2950000000E+03     -0.3799619810E+02
    0.2960000000E+03     -0.3739998028E+02
    0.2970000000E+03     -0.3680460023E+02
    0.2980000000E+03     -0.3620334907E+02
    0.2990000000E+03     -0.3560241184E+02
    0.3000000000E+03     -0.3499878896E+02
    0.3010000000E+03     -0.3439500715E+02
    0.3020000000E+03     -0.3378910540E+02
    0.3030000000E+03     -0.3318332709E+02
    0.3040000000E+03     -0.3257920315E+02
    0.3050000000E+03     -0.3197229866E+02
    0.3060000000E+03     -0.3136583376E+02
    0.3070000000E+03     -0.3076181890E+02
    0.3080000000E+03     -0.3016151261E+02
    0.3090000000E+03     -0.2955769677E+02
    0.3100000000E+03     -0.2895343343E+02
    0.3110000000E+03     -0.2835082560E+02
    0.3120000000E+03     -0.2774702590E+02
    0.3130000000E+03     -0.2714701902E+02
    0.3140000000E+03     -0.2654875655E+02
    0.3150000000E+03     -0.2595284419E+02
    0.3160000000E+03     -0.2535619693E+02
    0.3170000000E+03     -0.2476396429E+02
    0.3180000000E+03     -0.2417804091E+02
    0.3190000000E+03     -0.2359183216E+02
    0.3200000000E+03     -0.2300695631E+02
    0.3210000000E+03     -0.2242748981E+02
    0.3220000000E+03     -0.2185270844E+02
    0.3230000000E+03     -0.2127825407E+02
    0.3240000000E+03     -0.2070583304E+02
    0.3250000000E+03     -0.2014122829E+02
    0.3260000000E+03     -0.1957861348E+02
    0.3270000000E+03     -0.1902130191E+02
    0.3280000000E+03     -0.1846997595E+02
    0.3290000000E+03     -0.1792329498E+02
    0.3300000000E+03     -0.1737878808E+02
    0.3310000000E+03     -0.1684430567E+02
    0.3320000000E+03     -0.1631313035E+02
    0.3330000000E+03     -0.1579103719E+02
    0.3340000000E+03     -0.1527504356E+02
    0.3350000000E+03     -0.1476317507E+02
    0.3360000000E+03     -0.1426088748E+02
    0.3370000000E+03     -0.1376771170E+02
    0.3380000000E+03     -0.1328033491E+02
    0.3390000000E+03     -0.1279496091E+02
    0.3400000000E+03     -0.1232455020E+02
    0.3410000000E+03     -0.1186164083E+02
    0.3420000000E+03     -0.1141012276E+02
    0.3430000000E+03     -0.1096510010E+02
    0.3440000000E+03     -0.1053357833E+02
    0.3450000000E+03     -0.1011072112E+02
    0.3460000000E+03     -0.9698658606E+01
    0.3470000000E+03     -0.9295951952E+01
    0.3480000000E+03     -0.8902328323E+01
    0.3490000000E+03     -0.8520388920E+01
    0.3500000000E+03     -0.8147845169E+01
    0.3510000000E+03     -0.7791691821E+01
    0.3520000000E+03     -0.7442761496E+01
    0.3530000000E+03     -0.7105447705E+01
    0.3540000000E+03     -0.6780430862E+01
    0.3550000000E+03     -0.6473299129E+01
    0.3560000000E+03     -0.6181012989E+01
    0.3570000000E+03     -0.5897612743E+01
    0.3580000000E+03     -0.5626506226E+01
    0.3590000000E+03     -0.5375894108E+01
    0.3600000000E+03     -0.5138441508E+01
    0.3610000000E+03     -0.4918487437E+01
    0.3620000000E+03     -0.4713378382E+01
    0.3630000000E+03     -0.4518770540E+01
    0.3640000000E+03     -0.4345425306E+01
    0.3650000000E+03     -0.4183084779E+01
    0.3660000000E+03     -0.4044540809E+01
    0.3670000000E+03     -0.3922287025E+01
    0.3680000000E+03     -0.3825193648E+01
    0.3690000000E+03     -0.3739060364E+01
    0.3700000000E+03     -0.3666145533E+01
    0.3710000000E+03     -0.3617429088E+01
    0.3720000000E+03     -0.3585365939E+01
    0.3730000000E+03     -0.3573060617E+01
    0.3740000000E+03     -0.3578493847E+01
    0.3750000000E+03     -0.3602511845E+01
    0.3760000000E+03     -0.3654093091E+01
    0.3770000000E+03     -0.3723956453E+01
    0.3780000000E+03     -0.3817061787E+01
    0.3790000000E+03     -0.3935263179E+01
    0.3800000000E+03     -0.4072725869E+01
    0.3810000000E+03     -0.4228381218E+01
    0.3820000000E+03     -0.4411728300E+01
    0.3830000000E+03     -0.4617269912E+01
    0.3840000000E+03     -0.4851252581E+01
    0.3850000000E+03     -0.5106942531E+01
    0.3860000000E+03     -0.5395738552E+01
    0.3870000000E+03     -0.5708288518E+01
    0.3880000000E+03     -0.6042198434E+01
    0.3890000000E+03     -0.6410620075E+01
    0.3900000000E+03     -0.6795132744E+01
    0.3910000000E+03     -0.7201820310E+01
    0.3920000000E+03     -0.7640989289E+01
    0.3930000000E+03     -0.8112410489E+01
    0.3940000000E+03     -0.8598555684E+01
    0.3950000000E+03     -0.9133737641E+01
    0.3960000000E+03     -0.9690395187E+01
    0.3970000000E+03     -0.1028005609E+02
    0.3980000000E+03     -0.1090178363E+02
    0.3990000000E+03     -0.1154775941E+02
    0.4000000000E+03     -0.1223033209E+02
    0.4010000000E+03     -0.1294025677E+02
    0.4020000000E+03     -0.1369534704E+02
    0.4030000000E+03     -0.1447117277E+02
    0.4040000000E+03     -0.1528487877E+02
    0.4050000000E+03     -0.1612342800E+02
    0.4060000000E+03     -0.1700389651E+02
    0.4070000000E+03     -0.1791464061E+02
    0.4080000000E+03     -0.1886555273E+02
    0.4090000000E+03     -0.1984695066E+02
    0.4100000000E+03     -0.2086080102E+02
    0.4110000000E+03     -0.2192319301E+02
    0.4120000000E+03     -0.2302418501E+02
    0.4130000000E+03     -0.2415484716E+02
    0.4140000000E+03     -0.2532446122E+02
    0.4150000000E+03     -0.2654451329E+02
    0.4160000000E+03     -0.2778698050E+02
    0.4170000000E+03     -0.2907410274E+02
    0.4180000000E+03     -0.3040498219E+02
    0.4190000000E+03     -0.3177590220E+02
    0.4200000000E+03     -0.3318838317E+02
    0.4210000000E+03     -0.3465247188E+02
    0.4220000000E+03     -0.3615396437E+02
    0.4230000000E+03     -0.3770417844E+02
    0.4240000000E+03     -0.3928324030E+02
    0.4250000000E+03     -0.4091189479E+02
    0.4260000000E+03     -0.4258409354E+02
    0.4270000000E+03     -0.4430939414E+02
    0.4280000000E+03     -0.4608198724E+02
    0.4290000000E+03     -0.4790589733E+02
    0.4300000000E+03     -0.4976308989E+02
    0.4310000000E+03     -0.5168140879E+02
    0.4320000000E+03     -0.5365945746E+02
    0.4330000000E+03     -0.5568101415E+02
    0.4340000000E+03     -0.5773741570E+02
    0.4350000000E+03     -0.5984954919E+02
    0.4360000000E+03     -0.6200343514E+02
    0.4370000000E+03     -0.6422924958E+02
    0.4380000000E+03     -0.6648932462E+02
    0.4390000000E+03     -0.6880875744E+02
    0.4400000000E+03     -0.7119852543E+02
    0.4410000000E+03     -0.7363493702E+02
    0.4420000000E+03     -0.7610696535E+02
    0.4430000000E+03     -0.7864210109E+02
    0.4440000000E+03     -0.8124763189E+02
    0.4450000000E+03     -0.8389180804E+02
    0.4460000000E+03     -0.8660119911E+02
    0.4470000000E+03     -0.8938598807E+02
    0.4480000000E+03     -0.9220424821E+02
    0.4490000000E+03     -0.9511165979E+02
    0.4500000000E+03     -0.9804176470E+02
    0.4510000000E+03     -0.1010376734E+03
    0.4520000000E+03     -0.1041151331E+03
    0.4530000000E+03     -0.1072626740E+03
    0.4540000000E+03     -0.1104345187E+03
    0.4550000000E+03     -0.1137040998E+03
    0.4560000000E+03     -0.1170364000E+03
    0.4570000000E+03     -0.1203949562E+03
    0.4580000000E+03     -0.1238633402E+03
    0.4590000000E+03     -0.1273791930E+03
    0.4600000000E+03     -0.1309697048E+03
    0.4610000000E+03     -0.1345987193E+03
    0.4620000000E+03     -0.1382975554E+03
    0.4630000000E+03     -0.1420783674E+03
    0.4640000000E+03     -0.1459470403E+03
    0.4650000000E+03     -0.1498751262E+03
    0.4660000000E+03     -0.1538570313E+03
    0.4670000000E+03     -0.1579265788E+03
    0.4680000000E+03     -0.1620814933E+03
    0.4690000000E+03     -0.1662950840E+03
    0.4700000000E+03     -0.1705855356E+03
    0.4710000000E+03     -0.1749509510E+03
    0.4720000000E+03     -0.1793751542E+03
    0.4730000000E+03     -0.1838873160E+03
    0.4740000000E+03     -0.1884844146E+03
    0.4750000000E+03     -0.1931437354E+03
    0.4760000000E+03     -0.1979028406E+03
    0.4770000000E+03     -0.2027378028E+03
    0.4780000000E+03     -0.2076679807E+03
    0.4790000000E+03     -0.2126661756E+03
    0.4800000000E+03     -0.2177285252E+03
    0.4810000000E+03     -0.2229352447E+03
    0.4820000000E+03     -0.2281820832E+03
    0.4830000000E+03     -0.2335046504E+03
    0.4840000000E+03     -0.2388922203E+03
    0.4850000000E+03     -0.2443679375E+03
