    0.00000000E+00      -2.640405723076552391E+01
    1.00000000E+00      -2.336499097567290306E+01
    2.00000000E+00      -2.100358178835600853E+01
    3.00000000E+00      -1.903206827860564232E+01
    4.00000000E+00      -1.733254286270827293E+01
    5.00000000E+00      -1.584077933054656029E+01
    6.00000000E+00      -1.451576712351531029E+01
    7.00000000E+00      -1.332912775498122215E+01
    8.00000000E+00      -1.226057973128050804E+01
    9.00000000E+00      -1.129460343342513085E+01
    1.00000000E+01      -1.041831567507475853E+01
    1.10000000E+01      -9.621682610327901841E+00
    1.20000000E+01      -8.896872546488943101E+00
    1.30000000E+01      -8.237143900210561753E+00
    1.40000000E+01      -7.636026229674519605E+00
    1.50000000E+01      -7.088614728266896314E+00
    1.60000000E+01      -6.590398218447865553E+00
    1.70000000E+01      -6.137610640341939039E+00
    1.80000000E+01      -5.726816799456776685E+00
    1.90000000E+01      -5.355028476531209058E+00
    2.00000000E+01      -5.019369687850178785E+00
    2.10000000E+01      -4.717292811686696119E+00
    2.20000000E+01      -4.446797039324940748E+00
    2.30000000E+01      -4.205868449027241773E+00
    2.40000000E+01      -3.992566432769002027E+00
    2.50000000E+01      -3.805031087214650221E+00
    2.60000000E+01      -3.641887690837086744E+00
    2.70000000E+01      -3.501686003024281568E+00
    2.80000000E+01      -3.383075680548848219E+00
    2.90000000E+01      -3.284857477957905836E+00
    3.00000000E+01      -3.205981697852315015E+00
    3.10000000E+01      -3.145323540980519361E+00
    3.20000000E+01      -3.101243045146168775E+00
    3.30000000E+01      -3.073356356436909742E+00
    3.40000000E+01      -3.061466004664601392E+00
    3.50000000E+01      -3.064075794036091871E+00
    3.60000000E+01      -3.079996611888112135E+00
    3.70000000E+01      -3.109194185549916334E+00
    3.80000000E+01      -3.150762762839497633E+00
    3.90000000E+01      -3.203748907859028883E+00
    4.00000000E+01      -3.267955984885396070E+00
    4.10000000E+01      -3.342335369403065748E+00
    4.20000000E+01      -3.426501359755696363E+00
    4.30000000E+01      -3.520342912490071363E+00
    4.40000000E+01      -3.622908737475575514E+00
    4.50000000E+01      -3.734105076605977125E+00
    4.60000000E+01      -3.853074636275471754E+00
    4.70000000E+01      -3.979503419215382642E+00
    4.80000000E+01      -4.112836208159627027E+00
    4.90000000E+01      -4.252772357279957838E+00
    5.00000000E+01      -4.399100866133870191E+00
    5.10000000E+01      -4.551663663203419752E+00
    5.20000000E+01      -4.709962453658284254E+00
    5.30000000E+01      -4.873461630160512037E+00
    5.40000000E+01      -5.041887309367360182E+00
    5.50000000E+01      -5.215147700125874586E+00
    5.60000000E+01      -5.392901327426137037E+00
    5.70000000E+01      -5.574927117640675611E+00
    5.80000000E+01      -5.760852243716420240E+00
    5.90000000E+01      -5.950602140242756910E+00
    6.00000000E+01      -6.143548633868397779E+00
    6.10000000E+01      -6.339714493567647047E+00
    6.20000000E+01      -6.539093401248158521E+00
    6.30000000E+01      -6.740990724379719801E+00
    6.40000000E+01      -6.945571806246937818E+00
    6.50000000E+01      -7.152099396998585767E+00
    6.60000000E+01      -7.361047293955983228E+00
    6.70000000E+01      -7.572053994948567457E+00
    6.80000000E+01      -7.784946884925068922E+00
    6.90000000E+01      -7.999528612906636305E+00
    7.00000000E+01      -8.215571608359518052E+00
    7.10000000E+01      -8.433024074847402574E+00
    7.20000000E+01      -8.651879873091878892E+00
    7.30000000E+01      -8.871178891474905015E+00
    7.40000000E+01      -9.091701891238393785E+00
    7.50000000E+01      -9.313214089686574937E+00
    7.60000000E+01      -9.535099055583181382E+00
    7.70000000E+01      -9.757607605273427964E+00
    7.80000000E+01      -9.980368759448232652E+00
    7.90000000E+01      -1.020387580614775658E+01
    8.00000000E+01      -1.042724230509490013E+01
    8.10000000E+01      -1.065064563971251488E+01
    8.20000000E+01      -1.087407388907164574E+01
    8.30000000E+01      -1.109747126322478294E+01
    8.40000000E+01      -1.132046010714262962E+01
    8.50000000E+01      -1.154287245493620873E+01
    8.60000000E+01      -1.176483860235899925E+01
    8.70000000E+01      -1.198633065443724632E+01
    8.80000000E+01      -1.220769288759917259E+01
    8.90000000E+01      -1.242848494272917748E+01
    9.00000000E+01      -1.264850172024458885E+01
    9.10000000E+01      -1.286769452315062523E+01
    9.20000000E+01      -1.308619543534010887E+01
    9.30000000E+01      -1.330352881174773216E+01
    9.40000000E+01      -1.352001085501402855E+01
    9.50000000E+01      -1.373534503203124046E+01
    9.60000000E+01      -1.394947376471251488E+01
    9.70000000E+01      -1.416293838244170189E+01
    9.80000000E+01      -1.437454017620772362E+01
    9.90000000E+01      -1.458479299765318871E+01
    1.00000000E+02      -1.479392203312605858E+01
    1.01000000E+02      -1.500164970379561424E+01
    1.02000000E+02      -1.520808472853392601E+01
    1.03000000E+02      -1.541352149468153954E+01
    1.04000000E+02      -1.561677345257491112E+01
    1.05000000E+02      -1.581861337643355370E+01
    1.06000000E+02      -1.601914539557188988E+01
    1.07000000E+02      -1.621760406714171410E+01
    1.08000000E+02      -1.641488852720946312E+01
    1.09000000E+02      -1.661029639464110375E+01
    1.10000000E+02      -1.680367579680174828E+01
    1.11000000E+02      -1.699508782845229149E+01
    1.12000000E+02      -1.718477341156691551E+01
    1.13000000E+02      -1.737271985035628319E+01
    1.14000000E+02      -1.755888369303435326E+01
    1.15000000E+02      -1.774293300133437157E+01
    1.16000000E+02      -1.792516657334059715E+01
    1.17000000E+02      -1.810577043514937401E+01
    1.18000000E+02      -1.828437557440489769E+01
    1.19000000E+02      -1.846031716089934349E+01
    1.20000000E+02      -1.863442203026503563E+01
    1.21000000E+02      -1.880727836113661766E+01
    1.22000000E+02      -1.897774430733412743E+01
    1.23000000E+02      -1.914600732546538353E+01
    1.24000000E+02      -1.931179400902480126E+01
    1.25000000E+02      -1.947551211338728905E+01
    1.26000000E+02      -1.963721719008177757E+01
    1.27000000E+02      -1.979700860005110741E+01
    1.28000000E+02      -1.995452251654356957E+01
    1.29000000E+02      -2.011045142632216454E+01
    1.30000000E+02      -2.026331629973143578E+01
    1.31000000E+02      -2.041381129246443749E+01
    1.32000000E+02      -2.056210919838637352E+01
    1.33000000E+02      -2.070835384350508690E+01
    1.34000000E+02      -2.085160526257246971E+01
    1.35000000E+02      -2.099297120791167259E+01
    1.36000000E+02      -2.113212605934828758E+01
    1.37000000E+02      -2.126937964182585716E+01
    1.38000000E+02      -2.140390285473555565E+01
    1.39000000E+02      -2.153649285059660912E+01
    1.40000000E+02      -2.166656508665770531E+01
    1.41000000E+02      -2.179430511217803002E+01
    1.42000000E+02      -2.191895988207549095E+01
    1.43000000E+02      -2.204155024510115624E+01
    1.44000000E+02      -2.216197743635863304E+01
    1.45000000E+02      -2.227928515892714501E+01
    1.46000000E+02      -2.239435937624663353E+01
    1.47000000E+02      -2.250775369625777245E+01
    1.48000000E+02      -2.261812051754683495E+01
    1.49000000E+02      -2.272648664932936668E+01
    1.50000000E+02      -2.283228596668929100E+01
    1.51000000E+02      -2.293579312782973290E+01
    1.52000000E+02      -2.303727730732649803E+01
    1.53000000E+02      -2.313569399338454247E+01
    1.54000000E+02      -2.323153677206725121E+01
    1.55000000E+02      -2.332500031214446068E+01
    1.56000000E+02      -2.341563996296614647E+01
    1.57000000E+02      -2.350397041063994408E+01
    1.58000000E+02      -2.359007778387755394E+01
    1.59000000E+02      -2.367417820912093163E+01
    1.60000000E+02      -2.375588020306319237E+01
    1.61000000E+02      -2.383461221676558495E+01
    1.62000000E+02      -2.391084381561964989E+01
    1.63000000E+02      -2.398470094423979759E+01
    1.64000000E+02      -2.405628606301039696E+01
    1.65000000E+02      -2.412567200880736351E+01
    1.66000000E+02      -2.419246014576643944E+01
    1.67000000E+02      -2.425654509287566185E+01
    1.68000000E+02      -2.431822952252120018E+01
    1.69000000E+02      -2.437711670618742943E+01
    1.70000000E+02      -2.443423321467131615E+01
    1.71000000E+02      -2.448846396427840233E+01
    1.72000000E+02      -2.454039248448103905E+01
    1.73000000E+02      -2.458992173891753197E+01
    1.74000000E+02      -2.463717046004027367E+01
    1.75000000E+02      -2.468246057253569603E+01
    1.76000000E+02      -2.472439702969283104E+01
    1.77000000E+02      -2.476406660299986839E+01
    1.78000000E+02      -2.480109849196166039E+01
    1.79000000E+02      -2.483569624644011498E+01
    1.80000000E+02      -2.486831786852568627E+01
    1.81000000E+02      -2.489824100952834129E+01
    1.82000000E+02      -2.492616155367583275E+01
    1.83000000E+02      -2.495174029093474388E+01
    1.84000000E+02      -2.497510197382658959E+01
    1.85000000E+02      -2.499565174799651146E+01
    1.86000000E+02      -2.501390382271498680E+01
    1.87000000E+02      -2.502974912148207665E+01
    1.88000000E+02      -2.504383936148375511E+01
    1.89000000E+02      -2.505560204010695458E+01
    1.90000000E+02      -2.506527050953597069E+01
    1.91000000E+02      -2.507220670204848290E+01
    1.92000000E+02      -2.507643749933928490E+01
    1.93000000E+02      -2.507865050059050560E+01
    1.94000000E+02      -2.507881185036391258E+01
    1.95000000E+02      -2.507729640227049828E+01
    1.96000000E+02      -2.507299431782454491E+01
    1.97000000E+02      -2.506601729613036156E+01
    1.98000000E+02      -2.505708053332060814E+01
    1.99000000E+02      -2.504609331112593651E+01
    2.00000000E+02      -2.503278585892409325E+01
    2.01000000E+02      -2.501756777983397484E+01
    2.02000000E+02      -2.499998405199736595E+01
    2.03000000E+02      -2.498009815436095238E+01
    2.04000000E+02      -2.495807334404677391E+01
    2.05000000E+02      -2.493445947390288353E+01
    2.06000000E+02      -2.490845593434065819E+01
    2.07000000E+02      -2.488070651512831688E+01
    2.08000000E+02      -2.485073515396803856E+01
    2.09000000E+02      -2.481852468472212792E+01
    2.10000000E+02      -2.478432240706175804E+01
    2.11000000E+02      -2.474819662790984154E+01
    2.12000000E+02      -2.471029051762312889E+01
    2.13000000E+02      -2.467059811573714256E+01
    2.14000000E+02      -2.462832930308073998E+01
    2.15000000E+02      -2.458404138308257103E+01
    2.16000000E+02      -2.453858896713942528E+01
    2.17000000E+02      -2.449134853106230736E+01
    2.18000000E+02      -2.444231000166625023E+01
    2.19000000E+02      -2.439075025540083885E+01
    2.20000000E+02      -2.433880832415312767E+01
    2.21000000E+02      -2.428419860821455956E+01
    2.22000000E+02      -2.422848274927824974E+01
    2.23000000E+02      -2.417096122723311424E+01
    2.24000000E+02      -2.411202635985106468E+01
    2.25000000E+02      -2.405095883827895165E+01
    2.26000000E+02      -2.398892554264754295E+01
    2.27000000E+02      -2.392538973313063622E+01
    2.28000000E+02      -2.386034836989134789E+01
    2.29000000E+02      -2.379401674490660668E+01
    2.30000000E+02      -2.372638949375838280E+01
    2.31000000E+02      -2.365684869509428978E+01
    2.32000000E+02      -2.358683380108565331E+01
    2.33000000E+02      -2.351543911915511131E+01
    2.34000000E+02      -2.344257244091719627E+01
    2.35000000E+02      -2.336932566385954857E+01
    2.36000000E+02      -2.329455962401122093E+01
    2.37000000E+02      -2.321842977028578758E+01
    2.38000000E+02      -2.314165672283858299E+01
    2.39000000E+02      -2.306361987810820580E+01
    2.40000000E+02      -2.298482080918044090E+01
    2.41000000E+02      -2.290531578283995628E+01
    2.42000000E+02      -2.282532402497023583E+01
    2.43000000E+02      -2.274421247463912010E+01
    2.44000000E+02      -2.266158935051650047E+01
    2.45000000E+02      -2.257927390557021141E+01
    2.46000000E+02      -2.249687733870238304E+01
    2.47000000E+02      -2.241210397701949120E+01
    2.48000000E+02      -2.232871588688582420E+01
    2.49000000E+02      -2.224346980076521874E+01
    2.50000000E+02      -2.215918740254134178E+01
    2.51000000E+02      -2.207471629601210594E+01
    2.52000000E+02      -2.199089148264616966E+01
    2.53000000E+02      -2.190818926315993309E+01
    2.54000000E+02      -2.182277664166182518E+01
    2.55000000E+02      -2.173996671658247948E+01
    2.56000000E+02      -2.165455916147917748E+01
    2.57000000E+02      -2.157048323374480248E+01
    2.58000000E+02      -2.148478105288237572E+01
    2.59000000E+02      -2.140049662810057640E+01
    2.60000000E+02      -2.131631400805205345E+01
    2.61000000E+02      -2.123440619927138329E+01
    2.62000000E+02      -2.115375151854247093E+01
    2.63000000E+02      -2.107143464308470726E+01
    2.64000000E+02      -2.099133410673827171E+01
    2.65000000E+02      -2.091169568520277977E+01
    2.66000000E+02      -2.083277526121825218E+01
    2.67000000E+02      -2.075558825951308251E+01
    2.68000000E+02      -2.068103751164168358E+01
    2.69000000E+02      -2.060522296648711205E+01
    2.70000000E+02      -2.053304168205946922E+01
    2.71000000E+02      -2.046077552061766625E+01
    2.72000000E+02      -2.039195802431792259E+01
    2.73000000E+02      -2.032499596100539208E+01
    2.74000000E+02      -2.025738617401808739E+01
    2.75000000E+02      -2.019333961230010033E+01
    2.76000000E+02      -2.013143512230605126E+01
    2.77000000E+02      -2.007047721367568016E+01
    2.78000000E+02      -2.001232906800002098E+01
    2.79000000E+02      -1.995729717236250877E+01
    2.80000000E+02      -1.990482845526427269E+01
    2.81000000E+02      -1.985299554091185570E+01
    2.82000000E+02      -1.980564167719573021E+01
    2.83000000E+02      -1.976124950867384911E+01
    2.84000000E+02      -1.972014459591597557E+01
    2.85000000E+02      -1.968344583731383324E+01
    2.86000000E+02      -1.964982995014876366E+01
    2.87000000E+02      -1.961556920033186913E+01
    2.88000000E+02      -1.958732142668456078E+01
    2.89000000E+02      -1.956216677647322655E+01
    2.90000000E+02      -1.954321309548110008E+01
    2.91000000E+02      -1.952712127190321922E+01
    2.92000000E+02      -1.951545425873488426E+01
    2.93000000E+02      -1.950705024224013329E+01
    2.94000000E+02      -1.950492027025908470E+01
    2.95000000E+02      -1.950729408484190941E+01
    2.96000000E+02      -1.951216014843672752E+01
    2.97000000E+02      -1.952295043688506127E+01
    2.98000000E+02      -1.953911366682738304E+01
    2.99000000E+02      -1.955976846438139916E+01
    3.00000000E+02      -1.958692016821593285E+01
    3.01000000E+02      -1.962049069624632835E+01
    3.02000000E+02      -1.965926840525359154E+01
    3.03000000E+02      -1.970412906628340721E+01
    3.04000000E+02      -1.975377460938185692E+01
    3.05000000E+02      -1.980866357308119774E+01
    3.06000000E+02      -1.987169000130385399E+01
    3.07000000E+02      -1.994082155447691918E+01
    3.08000000E+02      -2.001654794436186791E+01
    3.09000000E+02      -2.009872236471861839E+01
    3.10000000E+02      -2.018792667608946800E+01
    3.11000000E+02      -2.028394314270705223E+01
    3.12000000E+02      -2.038740798454970360E+01
    3.13000000E+02      -2.049897786598891258E+01
    3.14000000E+02      -2.061761101704329491E+01
    3.15000000E+02      -2.074438842755049706E+01
    3.16000000E+02      -2.087950047474593163E+01
    3.17000000E+02      -2.102561416846007347E+01
    3.18000000E+02      -2.117699804526061058E+01
    3.19000000E+02      -2.133860972147673607E+01
    3.20000000E+02      -2.150935920696944237E+01
    3.21000000E+02      -2.168874367695540428E+01
    3.22000000E+02      -2.188094719868391991E+01
    3.23000000E+02      -2.208046915751189232E+01
    3.24000000E+02      -2.228823425989836693E+01
    3.25000000E+02      -2.250557681542128563E+01
    3.26000000E+02      -2.273671981316298485E+01
    3.27000000E+02      -2.297769918661803246E+01
    3.28000000E+02      -2.322806974869460106E+01
    3.29000000E+02      -2.348701068382948876E+01
    3.30000000E+02      -2.376106270771712303E+01
    3.31000000E+02      -2.404575290899962425E+01
    3.32000000E+02      -2.434190621596068382E+01
    3.33000000E+02      -2.465140321474761009E+01
    3.34000000E+02      -2.497118141871184349E+01
    3.35000000E+02      -2.530217370014876366E+01
    3.36000000E+02      -2.564606478434294701E+01
    3.37000000E+02      -2.600488885861128807E+01
    3.38000000E+02      -2.637781706076354027E+01
    3.39000000E+02      -2.675968941670149803E+01
    3.40000000E+02      -2.715819462757796288E+01
    3.41000000E+02      -2.756607499342650414E+01
    3.42000000E+02      -2.799481299143523216E+01
    3.43000000E+02      -2.843317666273802757E+01
    3.44000000E+02      -2.888607790690154076E+01
    3.45000000E+02      -2.935323276739806175E+01
    3.46000000E+02      -2.983829554539412499E+01
    3.47000000E+02      -3.033965167027205467E+01
    3.48000000E+02      -3.085385432463377953E+01
    3.49000000E+02      -3.137919458370894432E+01
    3.50000000E+02      -3.192837783318251610E+01
    3.51000000E+02      -3.249175378304213524E+01
    3.52000000E+02      -3.307210394364089012E+01
    3.53000000E+02      -3.367045423012465477E+01
    3.54000000E+02      -3.428869106989592552E+01
    3.55000000E+02      -3.492367788773268700E+01
    3.56000000E+02      -3.557235678654402733E+01
    3.57000000E+02      -3.623933264237135887E+01
    3.58000000E+02      -3.692424091320723534E+01
    3.59000000E+02      -3.762891062718123436E+01
    3.60000000E+02      -3.835327651720732689E+01
    3.61000000E+02      -3.909356018524855614E+01
    3.62000000E+02      -3.985588600855559349E+01
    3.63000000E+02      -4.063917824249953270E+01
    3.64000000E+02      -4.144727274399489403E+01
    3.65000000E+02      -4.226847239952773094E+01
    3.66000000E+02      -4.311334564905852318E+01
    3.67000000E+02      -4.397574892264098168E+01
    3.68000000E+02      -4.486604448776930809E+01
    3.69000000E+02      -4.577502086382597923E+01
    3.70000000E+02      -4.670343657952040672E+01
    3.71000000E+02      -4.765634795647353172E+01
    3.72000000E+02      -4.863119938593596459E+01
    3.73000000E+02      -4.962721737843245506E+01
    3.74000000E+02      -5.065590676289290428E+01
    3.75000000E+02      -5.170488217097014427E+01
    3.76000000E+02      -5.278289839249342918E+01
    3.77000000E+02      -5.387236782532423973E+01
    3.78000000E+02      -5.499748721342772484E+01
    3.79000000E+02      -5.613862940293044090E+01
    3.80000000E+02      -5.730726882439345360E+01
    3.81000000E+02      -5.850323935967177391E+01
    3.82000000E+02      -5.972292813282698631E+01
    3.83000000E+02      -6.097107925635069847E+01
    3.84000000E+02      -6.224636545401305199E+01
    3.85000000E+02      -6.354543229561537743E+01
    3.86000000E+02      -6.487302466850965743E+01
    3.87000000E+02      -6.623292335491865401E+01
    3.88000000E+02      -6.761841752749174361E+01
    3.89000000E+02      -6.902762081843107467E+01
    3.90000000E+02      -7.047983827810972457E+01
    3.91000000E+02      -7.195819523554533248E+01
    3.92000000E+02      -7.346208360415189986E+01
    3.93000000E+02      -7.499478223543852096E+01
    3.94000000E+02      -7.656181808930128341E+01
    3.95000000E+02      -7.816391613703459029E+01
    3.96000000E+02      -7.978880306702345138E+01
    3.97000000E+02      -8.144986936073988204E+01
    3.98000000E+02      -8.314352646094053512E+01
    3.99000000E+02      -8.487916156273573165E+01
    4.00000000E+02      -8.663609876852720504E+01
    4.01000000E+02      -8.842321726303785567E+01
    4.02000000E+02      -9.025457027178495650E+01
    4.03000000E+02      -9.211569496613233810E+01
    4.04000000E+02      -9.401236852627485518E+01
    4.05000000E+02      -9.594392749291151290E+01
    4.06000000E+02      -9.791371443491667037E+01
    4.07000000E+02      -9.991845127564161544E+01
    4.08000000E+02      -1.019490905068466020E+02
    4.09000000E+02      -1.040249021313735796E+02
    4.10000000E+02      -1.061273721120902849E+02
    4.11000000E+02      -1.082801161072799516E+02
    4.12000000E+02      -1.104614994786331010E+02
    4.13000000E+02      -1.126753179691383195E+02
    4.14000000E+02      -1.149398983381339860E+02
    4.15000000E+02      -1.172510608099052263E+02
    4.16000000E+02      -1.195921950600692583E+02
    4.17000000E+02      -1.219805918596336198E+02
    4.18000000E+02      -1.244030889533111406E+02
    4.19000000E+02      -1.268655013702461076E+02
    4.20000000E+02      -1.293781675360748125E+02
    4.21000000E+02      -1.319230383894988847E+02
    4.22000000E+02      -1.345169086716720415E+02
    4.23000000E+02      -1.371505918763229204E+02
    4.24000000E+02      -1.398305648825713945E+02
    4.25000000E+02      -1.425524920485565019E+02
    4.26000000E+02      -1.453158722184249712E+02
    4.27000000E+02      -1.481302941105911088E+02
    4.28000000E+02      -1.509905132315704179E+02
    4.29000000E+02      -1.538941031358787370E+02
    4.30000000E+02      -1.568464402816840959E+02
    4.31000000E+02      -1.598311488292762590E+02
    4.32000000E+02      -1.628747338316985918E+02
    4.33000000E+02      -1.659601854942390275E+02
    4.34000000E+02      -1.691012462041923357E+02
    4.35000000E+02      -1.722876219413825822E+02
    4.36000000E+02      -1.755091902874061418E+02
    4.37000000E+02      -1.787962499521323991E+02
    4.38000000E+02      -1.821440409086295915E+02
    4.39000000E+02      -1.855377038381645036E+02
    4.40000000E+02      -1.889936410449096513E+02
    4.41000000E+02      -1.924730815551826311E+02
    4.42000000E+02      -1.959986353777000261E+02
    4.43000000E+02      -1.995858675501891923E+02
    4.44000000E+02      -2.032202425263473344E+02
    4.45000000E+02      -2.069321424029418779E+02
    4.46000000E+02      -2.106957797072479082E+02
    4.47000000E+02      -2.145111170075485063E+02
    4.48000000E+02      -2.183754605315276933E+02
    4.49000000E+02      -2.223121899030753923E+02
    4.50000000E+02      -2.262978716157028032E+02
    4.51000000E+02      -2.303284455798217607E+02
    4.52000000E+02      -2.344369753263542009E+02
    4.53000000E+02      -2.385968604348251176E+02
    4.54000000E+02      -2.428256899378845048E+02
    4.55000000E+02      -2.471040516756126237E+02
    4.56000000E+02      -2.514415776990005327E+02
    4.57000000E+02      -2.558346479199477983E+02
    4.58000000E+02      -2.602940055988380550E+02
    4.59000000E+02      -2.648180320523330806E+02
    4.60000000E+02      -2.694091694615432857E+02
    4.61000000E+02      -2.740473300479004024E+02
    4.62000000E+02      -2.787620368264267086E+02
    4.63000000E+02      -2.835448158047744869E+02
    4.64000000E+02      -2.883757136128494381E+02
    4.65000000E+02      -2.932734349630424617E+02
    4.66000000E+02      -2.982508403919288753E+02
    4.67000000E+02      -3.033058799169609188E+02
    4.68000000E+02      -3.084274032972404598E+02
    4.69000000E+02      -3.136173519752571224E+02
    4.70000000E+02      -3.188487655184814571E+02
    4.71000000E+02      -3.241459669731208919E+02
    4.72000000E+02      -3.295292168520042537E+02
    4.73000000E+02      -3.349747096560546993E+02
    4.74000000E+02      -3.404824804328033565E+02
    4.75000000E+02      -3.460775906107971309E+02
    4.76000000E+02      -3.517425487301895259E+02
    4.77000000E+02      -3.574844067357132076E+02
    4.78000000E+02      -3.633026418350288509E+02
    4.79000000E+02      -3.691800546906540035E+02
    4.80000000E+02      -3.751533981226036190E+02
    4.81000000E+02      -3.811954099200317501E+02
    4.82000000E+02      -3.873121070526191829E+02
    4.83000000E+02      -3.934927475116798519E+02
    4.84000000E+02      -3.997448740265915035E+02
    4.85000000E+02      -4.060700690410682796E+02
    4.86000000E+02      -4.125062039754936336E+02
    4.87000000E+02      -4.190237832329818843E+02
    4.88000000E+02      -4.255902884266922115E+02
    4.89000000E+02      -4.322391957305023311E+02
    4.90000000E+02      -4.389902113340446590E+02
    4.91000000E+02      -4.458439976833412288E+02
    4.92000000E+02      -4.527761565111229061E+02
    4.93000000E+02      -4.597591479085037349E+02
    4.94000000E+02      -4.668111743591377376E+02
    4.95000000E+02      -4.739807456396171688E+02
    4.96000000E+02      -4.812101183794090389E+02
    4.97000000E+02      -4.885035395882675289E+02
    4.98000000E+02      -4.959424770138809322E+02
    4.99000000E+02      -5.034378987215110897E+02
    5.00000000E+02      -5.110524613521644710E+02
    5.01000000E+02      -5.187497366331168678E+02
    5.02000000E+02      -5.265162157080718544E+02
    5.03000000E+02      -5.343818590305396583E+02
    5.04000000E+02      -5.423520391843863990E+02
    5.05000000E+02      -5.504169602058478858E+02
    5.06000000E+02      -5.585344265363761451E+02
    5.07000000E+02      -5.667825947068282630E+02
    5.08000000E+02      -5.751092099807807472E+02
    5.09000000E+02      -5.835126405618735816E+02
    5.10000000E+02      -5.920519328377791908E+02
