    0.0000000000E+00     -0.2281729362E+02
    0.1000000000E+01     -0.1993493625E+02
    0.2000000000E+01     -0.1772865863E+02
    0.3000000000E+01     -0.1591078068E+02
    0.4000000000E+01     -0.1436326780E+02
    0.5000000000E+01     -0.1302165114E+02
    0.6000000000E+01     -0.1184549037E+02
    0.7000000000E+01     -0.1080654443E+02
    0.8000000000E+01     -0.9884066631E+01
    0.9000000000E+01     -0.9062164885E+01
    0.1000000000E+02     -0.8328684846E+01
    0.1100000000E+02     -0.7673821474E+01
    0.1200000000E+02     -0.7088648386E+01
    0.1300000000E+02     -0.6566474926E+01
    0.1400000000E+02     -0.6101993651E+01
    0.1500000000E+02     -0.5689834112E+01
    0.1600000000E+02     -0.5325624405E+01
    0.1700000000E+02     -0.5004945576E+01
    0.1800000000E+02     -0.4724778403E+01
    0.1900000000E+02     -0.4481666141E+01
    0.2000000000E+02     -0.4273395607E+01
    0.2100000000E+02     -0.4097469329E+01
    0.2200000000E+02     -0.3951154276E+01
    0.2300000000E+02     -0.3832659789E+01
    0.2400000000E+02     -0.3740973876E+01
    0.2500000000E+02     -0.3673786359E+01
    0.2600000000E+02     -0.3628984729E+01
    0.2700000000E+02     -0.3605966273E+01
    0.2800000000E+02     -0.3603077758E+01
    0.2900000000E+02     -0.3618884702E+01
    0.3000000000E+02     -0.3652313539E+01
    0.3100000000E+02     -0.3702200933E+01
    0.3200000000E+02     -0.3767614971E+01
    0.3300000000E+02     -0.3847724762E+01
    0.3400000000E+02     -0.3941532065E+01
    0.3500000000E+02     -0.4048133527E+01
    0.3600000000E+02     -0.4167173734E+01
    0.3700000000E+02     -0.4297848000E+01
    0.3800000000E+02     -0.4439395632E+01
    0.3900000000E+02     -0.4591039874E+01
    0.4000000000E+02     -0.4751936355E+01
    0.4100000000E+02     -0.4921911945E+01
    0.4200000000E+02     -0.5100059538E+01
    0.4300000000E+02     -0.5286213304E+01
    0.4400000000E+02     -0.5479782220E+01
    0.4500000000E+02     -0.5679957111E+01
    0.4600000000E+02     -0.5886542773E+01
    0.4700000000E+02     -0.6099451622E+01
    0.4800000000E+02     -0.6317894350E+01
    0.4900000000E+02     -0.6541246545E+01
    0.5000000000E+02     -0.6769742504E+01
    0.5100000000E+02     -0.7002664463E+01
    0.5200000000E+02     -0.7239316812E+01
    0.5300000000E+02     -0.7479919235E+01
    0.5400000000E+02     -0.7724541232E+01
    0.5500000000E+02     -0.7972663545E+01
    0.5600000000E+02     -0.8223510010E+01
    0.5700000000E+02     -0.8476955326E+01
    0.5800000000E+02     -0.8732496987E+01
    0.5900000000E+02     -0.8990419768E+01
    0.6000000000E+02     -0.9250185661E+01
    0.6100000000E+02     -0.9512195018E+01
    0.6200000000E+02     -0.9775475109E+01
    0.6300000000E+02     -0.1003963982E+02
    0.6400000000E+02     -0.1030512106E+02
    0.6500000000E+02     -0.1057196437E+02
    0.6600000000E+02     -0.1083970124E+02
    0.6700000000E+02     -0.1110806824E+02
    0.6800000000E+02     -0.1137680891E+02
    0.6900000000E+02     -0.1164582446E+02
    0.7000000000E+02     -0.1191506612E+02
    0.7100000000E+02     -0.1218356946E+02
    0.7200000000E+02     -0.1245234971E+02
    0.7300000000E+02     -0.1272073754E+02
    0.7400000000E+02     -0.1298862173E+02
    0.7500000000E+02     -0.1325607235E+02
    0.7600000000E+02     -0.1352257587E+02
    0.7700000000E+02     -0.1378876050E+02
    0.7800000000E+02     -0.1405355361E+02
    0.7900000000E+02     -0.1431706988E+02
    0.8000000000E+02     -0.1457948328E+02
    0.8100000000E+02     -0.1484042134E+02
    0.8200000000E+02     -0.1510036935E+02
    0.8300000000E+02     -0.1535888087E+02
    0.8400000000E+02     -0.1561615134E+02
    0.8500000000E+02     -0.1587161005E+02
    0.8600000000E+02     -0.1612524108E+02
    0.8700000000E+02     -0.1637738691E+02
    0.8800000000E+02     -0.1662769040E+02
    0.8900000000E+02     -0.1687624775E+02
    0.9000000000E+02     -0.1712312844E+02
    0.9100000000E+02     -0.1736779454E+02
    0.9200000000E+02     -0.1761001764E+02
    0.9300000000E+02     -0.1785038756E+02
    0.9400000000E+02     -0.1808833025E+02
    0.9500000000E+02     -0.1832367702E+02
    0.9600000000E+02     -0.1855703670E+02
    0.9700000000E+02     -0.1878806802E+02
    0.9800000000E+02     -0.1901637812E+02
    0.9900000000E+02     -0.1924290056E+02
    0.1000000000E+03     -0.1946666061E+02
    0.1010000000E+03     -0.1968748978E+02
    0.1020000000E+03     -0.1990604983E+02
    0.1030000000E+03     -0.2012194902E+02
    0.1040000000E+03     -0.2033570857E+02
    0.1050000000E+03     -0.2054645505E+02
    0.1060000000E+03     -0.2075408569E+02
    0.1070000000E+03     -0.2095927766E+02
    0.1080000000E+03     -0.2116235972E+02
    0.1090000000E+03     -0.2136220387E+02
    0.1100000000E+03     -0.2155865657E+02
    0.1110000000E+03     -0.2175260693E+02
    0.1120000000E+03     -0.2194417217E+02
    0.1130000000E+03     -0.2213296598E+02
    0.1140000000E+03     -0.2231872720E+02
    0.1150000000E+03     -0.2250137244E+02
    0.1160000000E+03     -0.2268092480E+02
    0.1170000000E+03     -0.2285764829E+02
    0.1180000000E+03     -0.2303100437E+02
    0.1190000000E+03     -0.2320128861E+02
    0.1200000000E+03     -0.2336883604E+02
    0.1210000000E+03     -0.2353286572E+02
    0.1220000000E+03     -0.2369346577E+02
    0.1230000000E+03     -0.2385185827E+02
    0.1240000000E+03     -0.2400700024E+02
    0.1250000000E+03     -0.2415885959E+02
    0.1260000000E+03     -0.2430774207E+02
    0.1270000000E+03     -0.2445359449E+02
    0.1280000000E+03     -0.2459590884E+02
    0.1290000000E+03     -0.2473496727E+02
    0.1300000000E+03     -0.2487132229E+02
    0.1310000000E+03     -0.2500370932E+02
    0.1320000000E+03     -0.2513370113E+02
    0.1330000000E+03     -0.2526031734E+02
    0.1340000000E+03     -0.2538349900E+02
    0.1350000000E+03     -0.2550320570E+02
    0.1360000000E+03     -0.2561983275E+02
    0.1370000000E+03     -0.2573289490E+02
    0.1380000000E+03     -0.2584266977E+02
    0.1390000000E+03     -0.2594997286E+02
    0.1400000000E+03     -0.2605344877E+02
    0.1410000000E+03     -0.2615362546E+02
    0.1420000000E+03     -0.2625060858E+02
    0.1430000000E+03     -0.2634442378E+02
    0.1440000000E+03     -0.2643482927E+02
    0.1450000000E+03     -0.2652206524E+02
    0.1460000000E+03     -0.2660665953E+02
    0.1470000000E+03     -0.2668746044E+02
    0.1480000000E+03     -0.2676433505E+02
    0.1490000000E+03     -0.2683824671E+02
    0.1500000000E+03     -0.2690978605E+02
    0.1510000000E+03     -0.2697741813E+02
    0.1520000000E+03     -0.2704169087E+02
    0.1530000000E+03     -0.2710219895E+02
    0.1540000000E+03     -0.2715944032E+02
    0.1550000000E+03     -0.2721294829E+02
    0.1560000000E+03     -0.2726351301E+02
    0.1570000000E+03     -0.2731108553E+02
    0.1580000000E+03     -0.2735536033E+02
    0.1590000000E+03     -0.2739615613E+02
    0.1600000000E+03     -0.2743408912E+02
    0.1610000000E+03     -0.2746831518E+02
    0.1620000000E+03     -0.2749850621E+02
    0.1630000000E+03     -0.2752600751E+02
    0.1640000000E+03     -0.2755019593E+02
    0.1650000000E+03     -0.2757111268E+02
    0.1660000000E+03     -0.2758884161E+02
    0.1670000000E+03     -0.2760286188E+02
    0.1680000000E+03     -0.2761403190E+02
    0.1690000000E+03     -0.2762259452E+02
    0.1700000000E+03     -0.2762752032E+02
    0.1710000000E+03     -0.2762881898E+02
    0.1720000000E+03     -0.2762585562E+02
    0.1730000000E+03     -0.2762092127E+02
    0.1740000000E+03     -0.2761226105E+02
    0.1750000000E+03     -0.2759993413E+02
    0.1760000000E+03     -0.2758426599E+02
    0.1770000000E+03     -0.2756579833E+02
    0.1780000000E+03     -0.2754340704E+02
    0.1790000000E+03     -0.2751775246E+02
    0.1800000000E+03     -0.2748885841E+02
    0.1810000000E+03     -0.2745616464E+02
    0.1820000000E+03     -0.2742075478E+02
    0.1830000000E+03     -0.2738172305E+02
    0.1840000000E+03     -0.2733971944E+02
    0.1850000000E+03     -0.2729463854E+02
    0.1860000000E+03     -0.2724680334E+02
    0.1870000000E+03     -0.2719503048E+02
    0.1880000000E+03     -0.2714002192E+02
    0.1890000000E+03     -0.2708225446E+02
    0.1900000000E+03     -0.2702108813E+02
    0.1910000000E+03     -0.2695656614E+02
    0.1920000000E+03     -0.2688829291E+02
    0.1930000000E+03     -0.2681687324E+02
    0.1940000000E+03     -0.2674309726E+02
    0.1950000000E+03     -0.2666560753E+02
    0.1960000000E+03     -0.2658536501E+02
    0.1970000000E+03     -0.2650190446E+02
    0.1980000000E+03     -0.2641543260E+02
    0.1990000000E+03     -0.2632568699E+02
    0.2000000000E+03     -0.2623270833E+02
    0.2010000000E+03     -0.2613652898E+02
    0.2020000000E+03     -0.2603679938E+02
    0.2030000000E+03     -0.2593451984E+02
    0.2040000000E+03     -0.2582879513E+02
    0.2050000000E+03     -0.2572007490E+02
    0.2060000000E+03     -0.2560854910E+02
    0.2070000000E+03     -0.2549346910E+02
    0.2080000000E+03     -0.2537515479E+02
    0.2090000000E+03     -0.2525396631E+02
    0.2100000000E+03     -0.2513012352E+02
    0.2110000000E+03     -0.2500252663E+02
    0.2120000000E+03     -0.2487178765E+02
    0.2130000000E+03     -0.2473840761E+02
    0.2140000000E+03     -0.2460188148E+02
    0.2150000000E+03     -0.2446258259E+02
    0.2160000000E+03     -0.2432160712E+02
    0.2170000000E+03     -0.2417659131E+02
    0.2180000000E+03     -0.2402893884E+02
    0.2190000000E+03     -0.2387797285E+02
    0.2200000000E+03     -0.2372470269E+02
    0.2210000000E+03     -0.2356793479E+02
    0.2220000000E+03     -0.2340920562E+02
    0.2230000000E+03     -0.2324809060E+02
    0.2240000000E+03     -0.2308394561E+02
    0.2250000000E+03     -0.2291667775E+02
    0.2260000000E+03     -0.2274675084E+02
    0.2270000000E+03     -0.2257532483E+02
    0.2280000000E+03     -0.2240028423E+02
    0.2290000000E+03     -0.2222319740E+02
    0.2300000000E+03     -0.2204272659E+02
    0.2310000000E+03     -0.2186000415E+02
    0.2320000000E+03     -0.2167483383E+02
    0.2330000000E+03     -0.2148780164E+02
    0.2340000000E+03     -0.2129808331E+02
    0.2350000000E+03     -0.2110653863E+02
    0.2360000000E+03     -0.2091246273E+02
    0.2370000000E+03     -0.2071578327E+02
    0.2380000000E+03     -0.2051653919E+02
    0.2390000000E+03     -0.2031599315E+02
    0.2400000000E+03     -0.2011313722E+02
    0.2410000000E+03     -0.1990719114E+02
    0.2420000000E+03     -0.1970020663E+02
    0.2430000000E+03     -0.1949080019E+02
    0.2440000000E+03     -0.1927982151E+02
    0.2450000000E+03     -0.1906663849E+02
    0.2460000000E+03     -0.1885150859E+02
    0.2470000000E+03     -0.1863366211E+02
    0.2480000000E+03     -0.1841410094E+02
    0.2490000000E+03     -0.1819382921E+02
    0.2500000000E+03     -0.1797207032E+02
    0.2510000000E+03     -0.1774826329E+02
    0.2520000000E+03     -0.1752335793E+02
    0.2530000000E+03     -0.1729657454E+02
    0.2540000000E+03     -0.1706913832E+02
    0.2550000000E+03     -0.1683989339E+02
    0.2560000000E+03     -0.1660920161E+02
    0.2570000000E+03     -0.1637819770E+02
    0.2580000000E+03     -0.1614503775E+02
    0.2590000000E+03     -0.1591168497E+02
    0.2600000000E+03     -0.1567669544E+02
    0.2610000000E+03     -0.1544218616E+02
    0.2620000000E+03     -0.1520549300E+02
    0.2630000000E+03     -0.1496929270E+02
    0.2640000000E+03     -0.1473152017E+02
    0.2650000000E+03     -0.1449332607E+02
    0.2660000000E+03     -0.1425615308E+02
    0.2670000000E+03     -0.1401700798E+02
    0.2680000000E+03     -0.1377823515E+02
    0.2690000000E+03     -0.1353888905E+02
    0.2700000000E+03     -0.1329931212E+02
    0.2710000000E+03     -0.1306027601E+02
    0.2720000000E+03     -0.1282153292E+02
    0.2730000000E+03     -0.1258407083E+02
    0.2740000000E+03     -0.1234625809E+02
    0.2750000000E+03     -0.1210877863E+02
    0.2760000000E+03     -0.1187203304E+02
    0.2770000000E+03     -0.1163628266E+02
    0.2780000000E+03     -0.1140114957E+02
    0.2790000000E+03     -0.1116764447E+02
    0.2800000000E+03     -0.1093550714E+02
    0.2810000000E+03     -0.1070374394E+02
    0.2820000000E+03     -0.1047316841E+02
    0.2830000000E+03     -0.1024305649E+02
    0.2840000000E+03     -0.1001701706E+02
    0.2850000000E+03     -0.9792457522E+01
    0.2860000000E+03     -0.9569699028E+01
    0.2870000000E+03     -0.9348103686E+01
    0.2880000000E+03     -0.9128421432E+01
    0.2890000000E+03     -0.8910246920E+01
    0.2900000000E+03     -0.8695632417E+01
    0.2910000000E+03     -0.8483599228E+01
    0.2920000000E+03     -0.8274421750E+01
    0.2930000000E+03     -0.8067858863E+01
    0.2940000000E+03     -0.7863642309E+01
    0.2950000000E+03     -0.7663522218E+01
    0.2960000000E+03     -0.7467067261E+01
    0.2970000000E+03     -0.7274561895E+01
    0.2980000000E+03     -0.7085960935E+01
    0.2990000000E+03     -0.6899350982E+01
    0.3000000000E+03     -0.6716959216E+01
    0.3010000000E+03     -0.6538907142E+01
    0.3020000000E+03     -0.6363276305E+01
    0.3030000000E+03     -0.6193278736E+01
    0.3040000000E+03     -0.6025569610E+01
    0.3050000000E+03     -0.5865288973E+01
    0.3060000000E+03     -0.5711349619E+01
    0.3070000000E+03     -0.5562181135E+01
    0.3080000000E+03     -0.5417010414E+01
    0.3090000000E+03     -0.5275121040E+01
    0.3100000000E+03     -0.5141815446E+01
    0.3110000000E+03     -0.5016388883E+01
    0.3120000000E+03     -0.4895722949E+01
    0.3130000000E+03     -0.4781411896E+01
    0.3140000000E+03     -0.4672409478E+01
    0.3150000000E+03     -0.4570480198E+01
    0.3160000000E+03     -0.4476715871E+01
    0.3170000000E+03     -0.4389997279E+01
    0.3180000000E+03     -0.4309206104E+01
    0.3190000000E+03     -0.4236930235E+01
    0.3200000000E+03     -0.4171846162E+01
    0.3210000000E+03     -0.4116822314E+01
    0.3220000000E+03     -0.4068907556E+01
    0.3230000000E+03     -0.4030618804E+01
    0.3240000000E+03     -0.3998632314E+01
    0.3250000000E+03     -0.3975783802E+01
    0.3260000000E+03     -0.3961170558E+01
    0.3270000000E+03     -0.3955306561E+01
    0.3280000000E+03     -0.3955162646E+01
    0.3290000000E+03     -0.3968863434E+01
    0.3300000000E+03     -0.3992771729E+01
    0.3310000000E+03     -0.4024664745E+01
    0.3320000000E+03     -0.4071474076E+01
    0.3330000000E+03     -0.4122804915E+01
    0.3340000000E+03     -0.4190590190E+01
    0.3350000000E+03     -0.4268161732E+01
    0.3360000000E+03     -0.4357125547E+01
    0.3370000000E+03     -0.4459474561E+01
    0.3380000000E+03     -0.4572686048E+01
    0.3390000000E+03     -0.4700635998E+01
    0.3400000000E+03     -0.4834833532E+01
    0.3410000000E+03     -0.4989507794E+01
    0.3420000000E+03     -0.5151520622E+01
    0.3430000000E+03     -0.5324495905E+01
    0.3440000000E+03     -0.5516014250E+01
    0.3450000000E+03     -0.5714692375E+01
    0.3460000000E+03     -0.5928856268E+01
    0.3470000000E+03     -0.6161456585E+01
    0.3480000000E+03     -0.6406265338E+01
    0.3490000000E+03     -0.6664977843E+01
    0.3500000000E+03     -0.6940659477E+01
    0.3510000000E+03     -0.7232393737E+01
    0.3520000000E+03     -0.7539747089E+01
    0.3530000000E+03     -0.7864690804E+01
    0.3540000000E+03     -0.8205597000E+01
    0.3550000000E+03     -0.8565272009E+01
    0.3560000000E+03     -0.8940510082E+01
    0.3570000000E+03     -0.9330102831E+01
    0.3580000000E+03     -0.9738216274E+01
    0.3590000000E+03     -0.1016679454E+02
    0.3600000000E+03     -0.1060501650E+02
    0.3610000000E+03     -0.1106682336E+02
    0.3620000000E+03     -0.1154757618E+02
    0.3630000000E+03     -0.1204618659E+02
    0.3640000000E+03     -0.1256321393E+02
    0.3650000000E+03     -0.1310213850E+02
    0.3660000000E+03     -0.1365906430E+02
    0.3670000000E+03     -0.1423954692E+02
    0.3680000000E+03     -0.1484517752E+02
    0.3690000000E+03     -0.1547134880E+02
    0.3700000000E+03     -0.1611971931E+02
    0.3710000000E+03     -0.1678520243E+02
    0.3720000000E+03     -0.1746572345E+02
    0.3730000000E+03     -0.1816747439E+02
    0.3740000000E+03     -0.1890178057E+02
    0.3750000000E+03     -0.1966296917E+02
    0.3760000000E+03     -0.2044476364E+02
    0.3770000000E+03     -0.2125514237E+02
    0.3780000000E+03     -0.2208609962E+02
    0.3790000000E+03     -0.2293692785E+02
    0.3800000000E+03     -0.2380960305E+02
    0.3810000000E+03     -0.2471470227E+02
    0.3820000000E+03     -0.2564636389E+02
    0.3830000000E+03     -0.2659748170E+02
    0.3840000000E+03     -0.2757597186E+02
    0.3850000000E+03     -0.2859152214E+02
    0.3860000000E+03     -0.2962826035E+02
    0.3870000000E+03     -0.3069299266E+02
    0.3880000000E+03     -0.3178861748E+02
    0.3890000000E+03     -0.3291224252E+02
    0.3900000000E+03     -0.3406066039E+02
    0.3910000000E+03     -0.3523363313E+02
    0.3920000000E+03     -0.3642521735E+02
    0.3930000000E+03     -0.3766405284E+02
    0.3940000000E+03     -0.3892534884E+02
    0.3950000000E+03     -0.4022868619E+02
    0.3960000000E+03     -0.4155774561E+02
    0.3970000000E+03     -0.4291740015E+02
    0.3980000000E+03     -0.4430455815E+02
    0.3990000000E+03     -0.4572308268E+02
    0.4000000000E+03     -0.4717566941E+02
    0.4010000000E+03     -0.4865512660E+02
    0.4020000000E+03     -0.5016249759E+02
    0.4030000000E+03     -0.5172896227E+02
    0.4040000000E+03     -0.5331711058E+02
    0.4050000000E+03     -0.5493517633E+02
    0.4060000000E+03     -0.5658489415E+02
    0.4070000000E+03     -0.5827749514E+02
    0.4080000000E+03     -0.6000580380E+02
    0.4090000000E+03     -0.6177524426E+02
    0.4100000000E+03     -0.6357740756E+02
    0.4110000000E+03     -0.6542352220E+02
    0.4120000000E+03     -0.6730376982E+02
    0.4130000000E+03     -0.6922148407E+02
    0.4140000000E+03     -0.7116367697E+02
    0.4150000000E+03     -0.7315811427E+02
    0.4160000000E+03     -0.7519497954E+02
    0.4170000000E+03     -0.7727784828E+02
    0.4180000000E+03     -0.7938878085E+02
    0.4190000000E+03     -0.8154122086E+02
    0.4200000000E+03     -0.8373819441E+02
    0.4210000000E+03     -0.8597651762E+02
    0.4220000000E+03     -0.8825242493E+02
    0.4230000000E+03     -0.9058460425E+02
    0.4240000000E+03     -0.9296624200E+02
    0.4250000000E+03     -0.9538960425E+02
    0.4260000000E+03     -0.9786389854E+02
    0.4270000000E+03     -0.1003647353E+03
    0.4280000000E+03     -0.1029273910E+03
    0.4290000000E+03     -0.1055357608E+03
    0.4300000000E+03     -0.1081811192E+03
    0.4310000000E+03     -0.1108773810E+03
    0.4320000000E+03     -0.1136106434E+03
    0.4330000000E+03     -0.1164013020E+03
    0.4340000000E+03     -0.1192354592E+03
    0.4350000000E+03     -0.1221121858E+03
    0.4360000000E+03     -0.1250571789E+03
    0.4370000000E+03     -0.1280483509E+03
    0.4380000000E+03     -0.1310721481E+03
    0.4390000000E+03     -0.1341409058E+03
    0.4400000000E+03     -0.1372773493E+03
    0.4410000000E+03     -0.1404706246E+03
    0.4420000000E+03     -0.1437073449E+03
    0.4430000000E+03     -0.1470138905E+03
    0.4440000000E+03     -0.1503612002E+03
    0.4450000000E+03     -0.1537708431E+03
    0.4460000000E+03     -0.1572519810E+03
    0.4470000000E+03     -0.1607864315E+03
    0.4480000000E+03     -0.1643862329E+03
    0.4490000000E+03     -0.1680262509E+03
    0.4500000000E+03     -0.1717163366E+03
    0.4510000000E+03     -0.1754778350E+03
    0.4520000000E+03     -0.1792971721E+03
    0.4530000000E+03     -0.1831962196E+03
    0.4540000000E+03     -0.1871324353E+03
    0.4550000000E+03     -0.1911204484E+03
    0.4560000000E+03     -0.1951476453E+03
    0.4570000000E+03     -0.1992949288E+03
    0.4580000000E+03     -0.2034718157E+03
    0.4590000000E+03     -0.2077142475E+03
    0.4600000000E+03     -0.2120315538E+03
    0.4610000000E+03     -0.2163924610E+03
    0.4620000000E+03     -0.2208160431E+03
    0.4630000000E+03     -0.2253156746E+03
    0.4640000000E+03     -0.2298798713E+03
    0.4650000000E+03     -0.2344865846E+03
    0.4660000000E+03     -0.2391563272E+03
    0.4670000000E+03     -0.2439301983E+03
    0.4680000000E+03     -0.2487633992E+03
    0.4690000000E+03     -0.2536547797E+03
    0.4700000000E+03     -0.2585938551E+03
    0.4710000000E+03     -0.2636501278E+03
    0.4720000000E+03     -0.2687823354E+03
    0.4730000000E+03     -0.2739941367E+03
    0.4740000000E+03     -0.2792452507E+03
    0.4750000000E+03     -0.2845975957E+03
    0.4760000000E+03     -0.2900389282E+03
    0.4770000000E+03     -0.2955113543E+03
    0.4780000000E+03     -0.3010735121E+03
    0.4790000000E+03     -0.3067107263E+03
    0.4800000000E+03     -0.3124310682E+03
    0.4810000000E+03     -0.3182302900E+03
    0.4820000000E+03     -0.3240986011E+03
    0.4830000000E+03     -0.3300437612E+03
    0.4840000000E+03     -0.3360562779E+03
    0.4850000000E+03     -0.3421625071E+03
