    0.00000000E+00       5.622657274907213144E-10
    1.00000000E+00      -6.057394394738851214E-04
    2.00000000E+00      -3.354810765345861423E-02
    3.00000000E+00      -9.889005828518709906E-02
    4.00000000E+00      -1.965624049561144338E-01
    5.00000000E+00      -3.265407755822935520E-01
    6.00000000E+00      -4.885424875428749925E-01
    7.00000000E+00      -6.831191774318359222E-01
    8.00000000E+00      -9.099284641995075695E-01
    9.00000000E+00      -1.168893622978704361E+00
    1.00000000E+01      -1.460096477456013231E+00
    1.10000000E+01      -1.783581124913311999E+00
    1.20000000E+01      -2.139140288019381053E+00
    1.30000000E+01      -2.527140426160852993E+00
    1.40000000E+01      -2.946776161799762761E+00
    1.50000000E+01      -3.399280777834572831E+00
    1.60000000E+01      -3.883452056065490154E+00
    1.70000000E+01      -4.399962625130189764E+00
    1.80000000E+01      -4.948944592936816100E+00
    1.90000000E+01      -5.529426318920374506E+00
    2.00000000E+01      -6.142953078627575003E+00
    2.10000000E+01      -6.788367555252222019E+00
    2.20000000E+01      -7.464578254410346503E+00
    2.30000000E+01      -8.173431636643547549E+00
    2.40000000E+01      -8.913244797845941036E+00
    2.50000000E+01      -9.686080868456866000E+00
    2.60000000E+01      -1.049012288994036091E+01
    2.70000000E+01      -1.132566571215513918E+01
    2.80000000E+01      -1.219389869108807289E+01
    2.90000000E+01      -1.309319154399625340E+01
    3.00000000E+01      -1.402568686793243558E+01
    3.10000000E+01      -1.498968293689572917E+01
    3.20000000E+01      -1.598323195842184319E+01
    3.30000000E+01      -1.701089367283804421E+01
    3.40000000E+01      -1.806781583151680692E+01
    3.50000000E+01      -1.915830444770809748E+01
    3.60000000E+01      -2.027872012926402689E+01
    3.70000000E+01      -2.143095648066613279E+01
    3.80000000E+01      -2.261338315818531797E+01
    3.90000000E+01      -2.382754821511920795E+01
    4.00000000E+01      -2.507353855115281505E+01
    4.10000000E+01      -2.635291669616671584E+01
    4.20000000E+01      -2.765947606770095746E+01
    4.30000000E+01      -2.900002762122043265E+01
    4.40000000E+01      -3.037137970162733325E+01
    4.50000000E+01      -3.177188898494353353E+01
    4.60000000E+01      -3.320381247935519298E+01
    4.70000000E+01      -3.466864362721630499E+01
    4.80000000E+01      -3.616222898692280552E+01
    4.90000000E+01      -3.768642554549504098E+01
    5.00000000E+01      -3.924157649585058039E+01
    5.10000000E+01      -4.082494286776716308E+01
    5.20000000E+01      -4.244067040129988300E+01
    5.30000000E+01      -4.408831978569511989E+01
    5.40000000E+01      -4.576571303587758166E+01
    5.50000000E+01      -4.747180077365453599E+01
    5.60000000E+01      -4.920736909132301662E+01
    5.70000000E+01      -5.097368970868976135E+01
    5.80000000E+01      -5.276709806900032618E+01
    5.90000000E+01      -5.459395775687306696E+01
    6.00000000E+01      -5.645065867528390413E+01
    6.10000000E+01      -5.833463332296679482E+01
    6.20000000E+01      -6.024516446181661422E+01
    6.30000000E+01      -6.219057086961404934E+01
    6.40000000E+01      -6.416174936409876750E+01
    6.50000000E+01      -6.616143413974472764E+01
    6.60000000E+01      -6.819017130405202920E+01
    6.70000000E+01      -7.024887052905251039E+01
    6.80000000E+01      -7.233884117386409685E+01
    6.90000000E+01      -7.445789084658241563E+01
    7.00000000E+01      -7.660384937047751919E+01
    7.10000000E+01      -7.877885419157513525E+01
    7.20000000E+01      -8.098280082860162565E+01
    7.30000000E+01      -8.321261457083994628E+01
    7.40000000E+01      -8.547348590868864449E+01
    7.50000000E+01      -8.776398510367499739E+01
    7.60000000E+01      -9.007992616195991786E+01
    7.70000000E+01      -9.242379921188097569E+01
    7.80000000E+01      -9.479733555078462359E+01
    7.90000000E+01      -9.719482894842127507E+01
    8.00000000E+01      -9.962063573788822168E+01
    8.10000000E+01      -1.020737776808420563E+02
    8.20000000E+01      -1.045466959255874144E+02
    8.30000000E+01      -1.070553440013645741E+02
    8.40000000E+01      -1.095861753677997967E+02
    8.50000000E+01      -1.121442512991290528E+02
    8.60000000E+01      -1.147301700095400179E+02
    8.70000000E+01      -1.173415445071034355E+02
    8.80000000E+01      -1.199813249656861558E+02
    8.90000000E+01      -1.226446333294429678E+02
    9.00000000E+01      -1.253358442497397505E+02
    9.10000000E+01      -1.280578977907898661E+02
    9.20000000E+01      -1.308009938305838205E+02
    9.30000000E+01      -1.335667036865506816E+02
    9.40000000E+01      -1.363637617237844779E+02
    9.50000000E+01      -1.391818790843606166E+02
    9.60000000E+01      -1.420292076516794850E+02
    9.70000000E+01      -1.448962605878766681E+02
    9.80000000E+01      -1.477958214705176943E+02
    9.90000000E+01      -1.507164870741919458E+02
    1.00000000E+02      -1.536615477185141572E+02
    1.01000000E+02      -1.566363010732143266E+02
    1.02000000E+02      -1.596287606119369684E+02
    1.03000000E+02      -1.626526192746944162E+02
    1.04000000E+02      -1.656986734312486078E+02
    1.05000000E+02      -1.687644968202946529E+02
    1.06000000E+02      -1.718610271994579080E+02
    1.07000000E+02      -1.749798126681307622E+02
    1.08000000E+02      -1.781215162899623010E+02
    1.09000000E+02      -1.812773442863096989E+02
    1.10000000E+02      -1.844621843464328776E+02
    1.11000000E+02      -1.876750324340655425E+02
    1.12000000E+02      -1.909071924773329556E+02
    1.13000000E+02      -1.941638294165320531E+02
    1.14000000E+02      -1.974479246607911591E+02
    1.15000000E+02      -2.007515204594749321E+02
    1.16000000E+02      -2.040829532086229392E+02
    1.17000000E+02      -2.074366169440004342E+02
    1.18000000E+02      -2.108084720686410947E+02
    1.19000000E+02      -2.142000388869039398E+02
    1.20000000E+02      -2.176086297969345651E+02
    1.21000000E+02      -2.210506675304820874E+02
    1.22000000E+02      -2.245112259282764171E+02
    1.23000000E+02      -2.279924476000553568E+02
    1.24000000E+02      -2.314957662209410501E+02
    1.25000000E+02      -2.350247113039747546E+02
    1.26000000E+02      -2.385728158718166014E+02
    1.27000000E+02      -2.421491831307246230E+02
    1.28000000E+02      -2.457366942272578854E+02
    1.29000000E+02      -2.493518409716257338E+02
    1.30000000E+02      -2.529874938405771445E+02
    1.31000000E+02      -2.566409773498976392E+02
    1.32000000E+02      -2.603242011472455033E+02
    1.33000000E+02      -2.640313697070687340E+02
    1.34000000E+02      -2.677470150015242325E+02
    1.35000000E+02      -2.714855182894932568E+02
    1.36000000E+02      -2.752430858345371689E+02
    1.37000000E+02      -2.790254724851479295E+02
    1.38000000E+02      -2.828346703892707410E+02
    1.39000000E+02      -2.866676407875131645E+02
    1.40000000E+02      -2.905109124983387119E+02
    1.41000000E+02      -2.943809729864574365E+02
    1.42000000E+02      -2.982757969492104166E+02
    1.43000000E+02      -3.021910019242350245E+02
    1.44000000E+02      -3.061189632456587333E+02
    1.45000000E+02      -3.100680646888997671E+02
    1.46000000E+02      -3.140482534641246275E+02
    1.47000000E+02      -3.180470379562816561E+02
    1.48000000E+02      -3.220657715146803639E+02
    1.49000000E+02      -3.260986319924718373E+02
    1.50000000E+02      -3.301586706493208112E+02
    1.51000000E+02      -3.342364798294256616E+02
    1.52000000E+02      -3.383461228938290333E+02
    1.53000000E+02      -3.424640469064088393E+02
    1.54000000E+02      -3.465969312980780614E+02
    1.55000000E+02      -3.507612421738820103E+02
    1.56000000E+02      -3.549332857357605917E+02
    1.57000000E+02      -3.591363505957042435E+02
    1.58000000E+02      -3.633591117634414331E+02
    1.59000000E+02      -3.676070423952523925E+02
    1.60000000E+02      -3.718692512989330226E+02
    1.61000000E+02      -3.761549679621703035E+02
    1.62000000E+02      -3.804563952848943700E+02
    1.63000000E+02      -3.847784432933092376E+02
    1.64000000E+02      -3.891174905339310044E+02
    1.65000000E+02      -3.934787977398714247E+02
    1.66000000E+02      -3.978696314966236969E+02
    1.67000000E+02      -4.022715737921103027E+02
    1.68000000E+02      -4.066926029021342401E+02
    1.69000000E+02      -4.111397625309971318E+02
    1.70000000E+02      -4.156147846695253065E+02
    1.71000000E+02      -4.201012738959209400E+02
    1.72000000E+02      -4.246054900604785871E+02
    1.73000000E+02      -4.291287107877838025E+02
    1.74000000E+02      -4.336752043857816261E+02
    1.75000000E+02      -4.382444342323137789E+02
    1.76000000E+02      -4.428374248493780669E+02
    1.77000000E+02      -4.474416463403690614E+02
    1.78000000E+02      -4.520774248127604551E+02
    1.79000000E+02      -4.567323577090548952E+02
    1.80000000E+02      -4.614032408417137958E+02
    1.81000000E+02      -4.660957789175649850E+02
    1.82000000E+02      -4.708149505015148861E+02
    1.83000000E+02      -4.755510648273846073E+02
    1.84000000E+02      -4.803140050535059800E+02
    1.85000000E+02      -4.850992012036772394E+02
    1.86000000E+02      -4.898963344039289041E+02
    1.87000000E+02      -4.947166504041463213E+02
    1.88000000E+02      -4.995616830293797648E+02
    1.89000000E+02      -5.044343956495031307E+02
    1.90000000E+02      -5.093278856721183274E+02
    1.91000000E+02      -5.142371413492091961E+02
    1.92000000E+02      -5.191529753768838873E+02
    1.93000000E+02      -5.241096820397372085E+02
    1.94000000E+02      -5.290836211176906545E+02
    1.95000000E+02      -5.340659576628045215E+02
    1.96000000E+02      -5.390903047964120560E+02
    1.97000000E+02      -5.441301597823257907E+02
    1.98000000E+02      -5.491898516525907326E+02
    1.99000000E+02      -5.542675906184761061E+02
    2.00000000E+02      -5.593817392688142718E+02
    2.01000000E+02      -5.645164627605558962E+02
    2.02000000E+02      -5.696660790229095710E+02
    2.03000000E+02      -5.748397919665792415E+02
    2.04000000E+02      -5.800376699177249975E+02
    2.05000000E+02      -5.852534033181741506E+02
    2.06000000E+02      -5.905037285699347649E+02
    2.07000000E+02      -5.957769565359762964E+02
    2.08000000E+02      -6.010692490152816845E+02
    2.09000000E+02      -6.063888546346208841E+02
    2.10000000E+02      -6.117239837530696605E+02
    2.11000000E+02      -6.170975238466728570E+02
    2.12000000E+02      -6.224873412434421880E+02
    2.13000000E+02      -6.278952171581502171E+02
    2.14000000E+02      -6.333390751684883071E+02
    2.15000000E+02      -6.388039364621486129E+02
    2.16000000E+02      -6.442869374917847836E+02
    2.17000000E+02      -6.498032631982766816E+02
    2.18000000E+02      -6.553381510743379295E+02
    2.19000000E+02      -6.609048707816991737E+02
    2.20000000E+02      -6.664812443232303849E+02
    2.21000000E+02      -6.720876529474223844E+02
    2.22000000E+02      -6.777257562427382709E+02
    2.23000000E+02      -6.833693795422036601E+02
    2.24000000E+02      -6.890537482220001948E+02
    2.25000000E+02      -6.947655368983323569E+02
    2.26000000E+02      -7.004973404010333979E+02
    2.27000000E+02      -7.062522126960270725E+02
    2.28000000E+02      -7.120427062958069655E+02
    2.29000000E+02      -7.178529597050501252E+02
    2.30000000E+02      -7.237012296125853936E+02
    2.31000000E+02      -7.295647160875437294E+02
    2.32000000E+02      -7.354578596306789677E+02
    2.33000000E+02      -7.413702667255488450E+02
    2.34000000E+02      -7.473146557818790825E+02
    2.35000000E+02      -7.532863873002211221E+02
    2.36000000E+02      -7.592867124963318020E+02
    2.37000000E+02      -7.653126517799237263E+02
    2.38000000E+02      -7.713636373522733720E+02
    2.39000000E+02      -7.774483648439913850E+02
    2.40000000E+02      -7.835605905546476606E+02
    2.41000000E+02      -7.896935451363106040E+02
    2.42000000E+02      -7.958714023192728746E+02
    2.43000000E+02      -8.020565353076763131E+02
    2.44000000E+02      -8.082713845989133006E+02
    2.45000000E+02      -8.145526779412359701E+02
    2.46000000E+02      -8.208292657472329665E+02
    2.47000000E+02      -8.271399936374682511E+02
    2.48000000E+02      -8.334544801579202158E+02
    2.49000000E+02      -8.398106666425260300E+02
    2.50000000E+02      -8.462114219851177950E+02
    2.51000000E+02      -8.526121113761760171E+02
    2.52000000E+02      -8.590642973290568989E+02
    2.53000000E+02      -8.655378521684015141E+02
    2.54000000E+02      -8.720379813480815301E+02
    2.55000000E+02      -8.785606612702440543E+02
    2.56000000E+02      -8.851275586138222025E+02
    2.57000000E+02      -8.917078645383617186E+02
    2.58000000E+02      -8.983156729492779959E+02
    2.59000000E+02      -9.049690852747908139E+02
    2.60000000E+02      -9.116480586541501907E+02
    2.61000000E+02      -9.183480521329424846E+02
    2.62000000E+02      -9.250856358321129846E+02
    2.63000000E+02      -9.318402687679499650E+02
    2.64000000E+02      -9.386225989896483952E+02
    2.65000000E+02      -9.454609930709427772E+02
    2.66000000E+02      -9.522985608475287336E+02
    2.67000000E+02      -9.591765717171683718E+02
    2.68000000E+02      -9.660742926567490940E+02
    2.69000000E+02      -9.730073783760735751E+02
    2.70000000E+02      -9.799625795281758656E+02
    2.71000000E+02      -9.869490298029843416E+02
    2.72000000E+02      -9.939559985173837049E+02
    2.73000000E+02      -1.001012462428905906E+03
    2.74000000E+02      -1.008104172053903994E+03
    2.75000000E+02      -1.015211149107989058E+03
    2.76000000E+02      -1.022348352303542583E+03
    2.77000000E+02      -1.029518491283232834E+03
    2.78000000E+02      -1.036736201598510434E+03
    2.79000000E+02      -1.043980840770198938E+03
    2.80000000E+02      -1.051242957229435888E+03
    2.81000000E+02      -1.058504845981592553E+03
    2.82000000E+02      -1.065825225275179037E+03
    2.83000000E+02      -1.073174048931183506E+03
    2.84000000E+02      -1.080561189285858973E+03
    2.85000000E+02      -1.087967641929700221E+03
    2.86000000E+02      -1.095406725733649637E+03
    2.87000000E+02      -1.102866108318787838E+03
    2.88000000E+02      -1.110351677557860967E+03
    2.89000000E+02      -1.117860191062992271E+03
    2.90000000E+02      -1.125419077454231910E+03
    2.91000000E+02      -1.133004231304175164E+03
    2.92000000E+02      -1.140627946010188225E+03
    2.93000000E+02      -1.148276808924127636E+03
    2.94000000E+02      -1.155955957306410028E+03
    2.95000000E+02      -1.163650782247216284E+03
    2.96000000E+02      -1.171362972824128292E+03
    2.97000000E+02      -1.179133266849000847E+03
    2.98000000E+02      -1.186935033538052039E+03
    2.99000000E+02      -1.194743280677096664E+03
    3.00000000E+02      -1.202561568167155883E+03
    3.01000000E+02      -1.210426178193821215E+03
    3.02000000E+02      -1.218335017917777805E+03
    3.03000000E+02      -1.226264996739213984E+03
    3.04000000E+02      -1.234225707651849234E+03
    3.05000000E+02      -1.242210667254795680E+03
    3.06000000E+02      -1.250238023381783478E+03
    3.07000000E+02      -1.258268885822706807E+03
    3.08000000E+02      -1.266335536816686499E+03
    3.09000000E+02      -1.274439163048207320E+03
    3.10000000E+02      -1.282571102479154888E+03
    3.11000000E+02      -1.290715765657298107E+03
    3.12000000E+02      -1.298906248416017661E+03
    3.13000000E+02      -1.307117908398529607E+03
    3.14000000E+02      -1.315349396519922948E+03
    3.15000000E+02      -1.323595923577853682E+03
    3.16000000E+02      -1.331861557148998372E+03
    3.17000000E+02      -1.340170251623881995E+03
    3.18000000E+02      -1.348489695300219410E+03
    3.19000000E+02      -1.356847297977207290E+03
    3.20000000E+02      -1.365240018192732350E+03
    3.21000000E+02      -1.373670029174837509E+03
    3.22000000E+02      -1.382106348499068417E+03
    3.23000000E+02      -1.390569561708294259E+03
    3.24000000E+02      -1.399030396079237107E+03
    3.25000000E+02      -1.407554088278963491E+03
    3.26000000E+02      -1.416111039756150603E+03
    3.27000000E+02      -1.424725631445203817E+03
    3.28000000E+02      -1.433364757114513168E+03
    3.29000000E+02      -1.441954191130501840E+03
    3.30000000E+02      -1.450596487829574244E+03
    3.31000000E+02      -1.459243166382980917E+03
    3.32000000E+02      -1.467947033489420846E+03
    3.33000000E+02      -1.476643021941195911E+03
    3.34000000E+02      -1.485349960549354819E+03
    3.35000000E+02      -1.494077633695340865E+03
    3.36000000E+02      -1.502862933291684840E+03
    3.37000000E+02      -1.511696240741976908E+03
    3.38000000E+02      -1.520560987941446911E+03
    3.39000000E+02      -1.529430802519272675E+03
    3.40000000E+02      -1.538332492188485503E+03
    3.41000000E+02      -1.547212041153089785E+03
    3.42000000E+02      -1.556122507068182585E+03
    3.43000000E+02      -1.565074646857851803E+03
    3.44000000E+02      -1.574024357090238482E+03
    3.45000000E+02      -1.583021197133960186E+03
    3.46000000E+02      -1.591966228852902077E+03
    3.47000000E+02      -1.601011899225623210E+03
    3.48000000E+02      -1.610066597576558252E+03
    3.49000000E+02      -1.619200059269024678E+03
    3.50000000E+02      -1.628300189749516903E+03
    3.51000000E+02      -1.637392487627387482E+03
    3.52000000E+02      -1.646527884029026836E+03
    3.53000000E+02      -1.655714932233304808E+03
    3.54000000E+02      -1.664877235512897414E+03
    3.55000000E+02      -1.673978962060546564E+03
    3.56000000E+02      -1.683211077726519306E+03
    3.57000000E+02      -1.692434866254346161E+03
    3.58000000E+02      -1.701585580908148131E+03
    3.59000000E+02      -1.710905717000053301E+03
    3.60000000E+02      -1.720256659053491148E+03
    3.61000000E+02      -1.729578072679687239E+03
    3.62000000E+02      -1.738920730188154266E+03
    3.63000000E+02      -1.748201712126807024E+03
    3.64000000E+02      -1.757524073177620721E+03
    3.65000000E+02      -1.766903105797112175E+03
    3.66000000E+02      -1.776337778311757120E+03
    3.67000000E+02      -1.785701150940076559E+03
    3.68000000E+02      -1.795142273298528835E+03
    3.69000000E+02      -1.804594908974626378E+03
    3.70000000E+02      -1.814021660583799530E+03
    3.71000000E+02      -1.823459984596485583E+03
    3.72000000E+02      -1.832905807007957264E+03
    3.73000000E+02      -1.842376492001500537E+03
    3.74000000E+02      -1.851865496039121808E+03
    3.75000000E+02      -1.861421836378437547E+03
    3.76000000E+02      -1.870889404301639615E+03
    3.77000000E+02      -1.880419941519486201E+03
    3.78000000E+02      -1.890033887316125629E+03
    3.79000000E+02      -1.899592362336611359E+03
    3.80000000E+02      -1.909205142077220898E+03
    3.81000000E+02      -1.918758255473046574E+03
    3.82000000E+02      -1.928362696042603602E+03
    3.83000000E+02      -1.937984364385428989E+03
    3.84000000E+02      -1.947535107009423882E+03
    3.85000000E+02      -1.957209447380403390E+03
    3.86000000E+02      -1.966792639559443842E+03
    3.87000000E+02      -1.976442296084162081E+03
    3.88000000E+02      -1.986143139408489560E+03
    3.89000000E+02      -1.995709101426489042E+03
    3.90000000E+02      -2.005560619927163543E+03
    3.91000000E+02      -2.015242548452367828E+03
    3.92000000E+02      -2.024882108173914958E+03
    3.93000000E+02      -2.034659543914278402E+03
    3.94000000E+02      -2.044324905899780788E+03
    3.95000000E+02      -2.054061757085767567E+03
    3.96000000E+02      -2.063699050880483810E+03
    3.97000000E+02      -2.073518165155492625E+03
    3.98000000E+02      -2.083222638407191880E+03
    3.99000000E+02      -2.092967572252962327E+03
    4.00000000E+02      -2.102723866236994127E+03
    4.01000000E+02      -2.112416145106602471E+03
    4.02000000E+02      -2.122218383282595823E+03
    4.03000000E+02      -2.131933800376240470E+03
    4.04000000E+02      -2.141736953548195743E+03
    4.05000000E+02      -2.151411313554099706E+03
    4.06000000E+02      -2.161278055472549568E+03
    4.07000000E+02      -2.171024509749317986E+03
    4.08000000E+02      -2.180786023241442308E+03
    4.09000000E+02      -2.190352138762754294E+03
    4.10000000E+02      -2.200193398145684114E+03
    4.11000000E+02      -2.209969898356849626E+03
    4.12000000E+02      -2.219755262372486413E+03
    4.13000000E+02      -2.229486470315328916E+03
    4.14000000E+02      -2.239361181464653328E+03
    4.15000000E+02      -2.249137718427723939E+03
    4.16000000E+02      -2.258871558641183583E+03
    4.17000000E+02      -2.268649348889721296E+03
    4.18000000E+02      -2.278330266310045772E+03
    4.19000000E+02      -2.288123275753916005E+03
    4.20000000E+02      -2.297868108750799820E+03
    4.21000000E+02      -2.307575875539943809E+03
    4.22000000E+02      -2.317434308641850293E+03
    4.23000000E+02      -2.327185324187546939E+03
    4.24000000E+02      -2.336947263290904630E+03
    4.25000000E+02      -2.346533911305469701E+03
    4.26000000E+02      -2.356292233523706273E+03
    4.27000000E+02      -2.365982343467861938E+03
    4.28000000E+02      -2.375689620328817909E+03
    4.29000000E+02      -2.385209955246489244E+03
    4.30000000E+02      -2.395100718731661800E+03
    4.31000000E+02      -2.404805587757853573E+03
    4.32000000E+02      -2.414517596282846171E+03
    4.33000000E+02      -2.423777226186995449E+03
    4.34000000E+02      -2.433523179905104371E+03
    4.35000000E+02      -2.443346432846230528E+03
    4.36000000E+02      -2.452909840134189835E+03
    4.37000000E+02      -2.462574903736802753E+03
    4.38000000E+02      -2.472022043214471523E+03
    4.39000000E+02      -2.481539339378452951E+03
    4.40000000E+02      -2.491500626745613772E+03
    4.41000000E+02      -2.500778258031523819E+03
    4.42000000E+02      -2.510278851749097157E+03
    4.43000000E+02      -2.519902936681759911E+03
    4.44000000E+02      -2.529499989751543580E+03
    4.45000000E+02      -2.538880930116526088E+03
    4.46000000E+02      -2.548198787288113181E+03
    4.47000000E+02      -2.557915265755825658E+03
    4.48000000E+02      -2.567248575239357706E+03
    4.49000000E+02      -2.576523685663212291E+03
    4.50000000E+02      -2.585903864063375295E+03
    4.51000000E+02      -2.595530984219896709E+03
    4.52000000E+02      -2.604737482189476850E+03
    4.53000000E+02      -2.613985588326147081E+03
    4.54000000E+02      -2.623441523415043775E+03
    4.55000000E+02      -2.632701160133042777E+03
    4.56000000E+02      -2.642171644846246181E+03
    4.57000000E+02      -2.651318171691220414E+03
    4.58000000E+02      -2.660194603850452040E+03
    4.59000000E+02      -2.669397075328763549E+03
    4.60000000E+02      -2.678937744180286700E+03
    4.61000000E+02      -2.688012499941178248E+03
    4.62000000E+02      -2.696924369311777355E+03
    4.63000000E+02      -2.706099833779464461E+03
    4.64000000E+02      -2.715155332555425503E+03
    4.65000000E+02      -2.724471712646984088E+03
    4.66000000E+02      -2.733318254942334988E+03
    4.67000000E+02      -2.742093473514943071E+03
    4.68000000E+02      -2.751099589292861310E+03
    4.69000000E+02      -2.760076756985271004E+03
    4.70000000E+02      -2.768764711552119479E+03
    4.71000000E+02      -2.777629971040215878E+03
    4.72000000E+02      -2.786458629962302894E+03
    4.73000000E+02      -2.795366957609643578E+03
    4.74000000E+02      -2.804239170190429832E+03
    4.75000000E+02      -2.812316908322109157E+03
    4.76000000E+02      -2.821334161486244284E+03
    4.77000000E+02      -2.830269229437622016E+03
    4.78000000E+02      -2.838651341996884184E+03
    4.79000000E+02      -2.847466657346916236E+03
    4.80000000E+02      -2.856070795049892695E+03
    4.81000000E+02      -2.864209070761562543E+03
    4.82000000E+02      -2.872656231870961619E+03
    4.83000000E+02      -2.881022848965238154E+03
    4.84000000E+02      -2.889865334014166365E+03
    4.85000000E+02      -2.897753295514490219E+03
    4.86000000E+02      -2.906076194791416128E+03
    4.87000000E+02      -2.913977642737424503E+03
    4.88000000E+02      -2.922724027277253299E+03
    4.89000000E+02      -2.930688994936098425E+03
    4.90000000E+02      -2.939004142312121985E+03
    4.91000000E+02      -2.947297089497197703E+03
    4.92000000E+02      -2.954860878384257376E+03
    4.93000000E+02      -2.962547792473817935E+03
    4.94000000E+02      -2.970325797062102538E+03
    4.95000000E+02      -2.977722816432249601E+03
    4.96000000E+02      -2.985594932912382319E+03
    4.97000000E+02      -2.993494880670580642E+03
    4.98000000E+02      -3.001409904961088159E+03
    4.99000000E+02      -3.009033472951448857E+03
    5.00000000E+02      -3.016933630785310925E+03
    5.01000000E+02      -3.024518285093010491E+03
    5.02000000E+02      -3.032020617897114334E+03
    5.03000000E+02      -3.039407646663059495E+03
    5.04000000E+02      -3.046847287171946391E+03
    5.05000000E+02      -3.054172460610894632E+03
    5.06000000E+02      -3.061084525936996670E+03
    5.07000000E+02      -3.068521886602029554E+03
    5.08000000E+02      -3.075870829076302471E+03
    5.09000000E+02      -3.082672533419366118E+03
    5.10000000E+02      -3.089861118351789628E+03
