    0.00000000E+00      -4.261660306699777121E-10
    1.00000000E+00      -6.057404279303035084E-04
    2.00000000E+00      -4.554722673667448152E-02
    3.00000000E+00      -1.355182146278238187E-01
    4.00000000E+00      -2.710833228008804330E-01
    5.00000000E+00      -4.529962847577221341E-01
    6.00000000E+00      -6.820203779320813675E-01
    7.00000000E+00      -9.590852934237215077E-01
    8.00000000E+00      -1.284780417118136064E+00
    9.00000000E+00      -1.661026924302526186E+00
    1.00000000E+01      -2.087861051845114169E+00
    1.10000000E+01      -2.567563855190210909E+00
    1.20000000E+01      -3.101723434954966052E+00
    1.30000000E+01      -3.690656313756914386E+00
    1.40000000E+01      -4.337977978862674888E+00
    1.50000000E+01      -5.044886698329051455E+00
    1.60000000E+01      -5.813913642914066315E+00
    1.70000000E+01      -6.648023214771406231E+00
    1.80000000E+01      -7.549589296863054244E+00
    1.90000000E+01      -8.524534931901499135E+00
    2.00000000E+01      -9.575342111366424547E+00
    2.10000000E+01      -1.070762292742335831E+01
    2.20000000E+01      -1.192679958677098284E+01
    2.30000000E+01      -1.323830262607663144E+01
    2.40000000E+01      -1.465216547324666863E+01
    2.50000000E+01      -1.617506923768451088E+01
    2.60000000E+01      -1.781569119877758567E+01
    2.70000000E+01      -1.959086697020222800E+01
    2.80000000E+01      -2.150616845613308215E+01
    2.90000000E+01      -2.358074809596882915E+01
    3.00000000E+01      -2.582648523411307906E+01
    3.10000000E+01      -2.825618546631426398E+01
    3.20000000E+01      -3.087994499811225069E+01
    3.30000000E+01      -3.370515270712712663E+01
    3.40000000E+01      -3.672823743661274420E+01
    3.50000000E+01      -3.994054868996295227E+01
    3.60000000E+01      -4.331829589284473059E+01
    3.70000000E+01      -4.683928182359352377E+01
    3.80000000E+01      -5.048770039680931632E+01
    3.90000000E+01      -5.421947279559719846E+01
    4.00000000E+01      -5.801636727544746464E+01
    4.10000000E+01      -6.185469089072284987E+01
    4.20000000E+01      -6.571846424012619536E+01
    4.30000000E+01      -6.960278748609243848E+01
    4.40000000E+01      -7.348476022553722942E+01
    4.50000000E+01      -7.736421099035123916E+01
    4.60000000E+01      -8.124622078948777926E+01
    4.70000000E+01      -8.513362534382667945E+01
    4.80000000E+01      -8.900599268306723388E+01
    4.90000000E+01      -9.289369501133205631E+01
    5.00000000E+01      -9.677859951026402996E+01
    5.10000000E+01      -1.006635400883624243E+02
    5.20000000E+01      -1.045457722495448252E+02
    5.30000000E+01      -1.084344080002510964E+02
    5.40000000E+01      -1.123270549719563860E+02
    5.50000000E+01      -1.162211586305329547E+02
    5.60000000E+01      -1.201277568234681894E+02
    5.70000000E+01      -1.240411588015313100E+02
    5.80000000E+01      -1.279648570352164825E+02
    5.90000000E+01      -1.318975971035470138E+02
    6.00000000E+01      -1.358511855122169436E+02
    6.10000000E+01      -1.398120089227272729E+02
    6.20000000E+01      -1.437864805140911812E+02
    6.30000000E+01      -1.477850224553467342E+02
    6.40000000E+01      -1.517998344982006529E+02
    6.50000000E+01      -1.558354185841035360E+02
    6.60000000E+01      -1.598942458070428074E+02
    6.70000000E+01      -1.639611317533685906E+02
    6.80000000E+01      -1.680615775439055142E+02
    6.90000000E+01      -1.721755297503514157E+02
    7.00000000E+01      -1.763188459107375365E+02
    7.10000000E+01      -1.804902118508475724E+02
    7.20000000E+01      -1.846987027974878401E+02
    7.30000000E+01      -1.889266705364973404E+02
    7.40000000E+01      -1.931922391552893714E+02
    7.50000000E+01      -1.974857832594631191E+02
    7.60000000E+01      -2.018099999724322515E+02
    7.70000000E+01      -2.061603387107134040E+02
    7.80000000E+01      -2.105365530140531405E+02
    7.90000000E+01      -2.149373122415785247E+02
    8.00000000E+01      -2.193707148161188911E+02
    8.10000000E+01      -2.238289149543372787E+02
    8.20000000E+01      -2.283024805735799987E+02
    8.30000000E+01      -2.327916879149395015E+02
    8.40000000E+01      -2.373058956476846788E+02
    8.50000000E+01      -2.418217410869804382E+02
    8.60000000E+01      -2.463599617280993641E+02
    8.70000000E+01      -2.509142374711030641E+02
    8.80000000E+01      -2.554747772274601800E+02
    8.90000000E+01      -2.600471969504246772E+02
    9.00000000E+01      -2.646048909524915871E+02
    9.10000000E+01      -2.691710775679797507E+02
    9.20000000E+01      -2.737436700814087089E+02
    9.30000000E+01      -2.783215823863541800E+02
    9.40000000E+01      -2.829001241392250563E+02
    9.50000000E+01      -2.874772265681949648E+02
    9.60000000E+01      -2.920612429415680253E+02
    9.70000000E+01      -2.966520998467235586E+02
    9.80000000E+01      -3.012382017111518167E+02
    9.90000000E+01      -3.058316878486715495E+02
    1.00000000E+02      -3.104083987290691766E+02
    1.01000000E+02      -3.149922349020316119E+02
    1.02000000E+02      -3.195808234169633124E+02
    1.03000000E+02      -3.241609304054571794E+02
    1.04000000E+02      -3.287419829822280235E+02
    1.05000000E+02      -3.333322782183140589E+02
    1.06000000E+02      -3.379099939988182086E+02
    1.07000000E+02      -3.424747995340583202E+02
    1.08000000E+02      -3.470572206012626566E+02
    1.09000000E+02      -3.516434981674391906E+02
    1.10000000E+02      -3.562354306956160599E+02
    1.11000000E+02      -3.608134604823044356E+02
    1.12000000E+02      -3.653779035808813092E+02
    1.13000000E+02      -3.699545808624493475E+02
    1.14000000E+02      -3.745464851727392670E+02
    1.15000000E+02      -3.791283592778929687E+02
    1.16000000E+02      -3.837093813601051124E+02
    1.17000000E+02      -3.883025739011272890E+02
    1.18000000E+02      -3.929090836599059458E+02
    1.19000000E+02      -3.975068080804857118E+02
    1.20000000E+02      -4.021174725480464076E+02
    1.21000000E+02      -4.067274222466421634E+02
    1.22000000E+02      -4.113633641190317576E+02
    1.23000000E+02      -4.160032582983008069E+02
    1.24000000E+02      -4.206666487757734103E+02
    1.25000000E+02      -4.253423051651084279E+02
    1.26000000E+02      -4.300409388582288557E+02
    1.27000000E+02      -4.347818895105501724E+02
    1.28000000E+02      -4.395420162359903316E+02
    1.29000000E+02      -4.443301164251754471E+02
    1.30000000E+02      -4.491405685579418332E+02
    1.31000000E+02      -4.539841709136110239E+02
    1.32000000E+02      -4.588689562808217488E+02
    1.33000000E+02      -4.637768206045816441E+02
    1.34000000E+02      -4.687197891191385679E+02
    1.35000000E+02      -4.736966525747479864E+02
    1.36000000E+02      -4.787209846722130351E+02
    1.37000000E+02      -4.837991415976630378E+02
    1.38000000E+02      -4.889268002316000548E+02
    1.39000000E+02      -4.940897362610166965E+02
    1.40000000E+02      -4.993160058078342445E+02
    1.41000000E+02      -5.045919200689263562E+02
    1.42000000E+02      -5.099259926934391842E+02
    1.43000000E+02      -5.153190453419531423E+02
    1.44000000E+02      -5.207830622432045402E+02
    1.45000000E+02      -5.262765943159324706E+02
    1.46000000E+02      -5.318530810536349236E+02
    1.47000000E+02      -5.374566393150253134E+02
    1.48000000E+02      -5.431235088860998985E+02
    1.49000000E+02      -5.488245421345395698E+02
    1.50000000E+02      -5.545615651920561504E+02
    1.51000000E+02      -5.603334203829945181E+02
    1.52000000E+02      -5.661670557365032437E+02
    1.53000000E+02      -5.719846577013454407E+02
    1.54000000E+02      -5.778272864458590448E+02
    1.55000000E+02      -5.836928649716510336E+02
    1.56000000E+02      -5.895623990053268244E+02
    1.57000000E+02      -5.954406656396131439E+02
    1.58000000E+02      -6.013274365193419726E+02
    1.59000000E+02      -6.072219743788705273E+02
    1.60000000E+02      -6.131217972620820547E+02
    1.61000000E+02      -6.190223253663361902E+02
    1.62000000E+02      -6.249220643051321531E+02
    1.63000000E+02      -6.308328381722185441E+02
    1.64000000E+02      -6.367447299233272133E+02
    1.65000000E+02      -6.426516386430193961E+02
    1.66000000E+02      -6.485536690679091407E+02
    1.67000000E+02      -6.544512188494145448E+02
    1.68000000E+02      -6.603346397591249115E+02
    1.69000000E+02      -6.662359934820597118E+02
    1.70000000E+02      -6.721218204775259437E+02
    1.71000000E+02      -6.779958748888675473E+02
    1.72000000E+02      -6.838949941531254808E+02
    1.73000000E+02      -6.897865703657444101E+02
    1.74000000E+02      -6.956808022821478517E+02
    1.75000000E+02      -7.015703761202657915E+02
    1.76000000E+02      -7.074721484686033364E+02
    1.77000000E+02      -7.133594255423749928E+02
    1.78000000E+02      -7.192431898008971984E+02
    1.79000000E+02      -7.251278225097003087E+02
    1.80000000E+02      -7.310092614920331471E+02
    1.81000000E+02      -7.368799707992566255E+02
    1.82000000E+02      -7.427495017644569089E+02
    1.83000000E+02      -7.486057436017308646E+02
    1.84000000E+02      -7.544789088249535780E+02
    1.85000000E+02      -7.603384841453971603E+02
    1.86000000E+02      -7.662030994859542261E+02
    1.87000000E+02      -7.720658688355069899E+02
    1.88000000E+02      -7.779336221912726614E+02
    1.89000000E+02      -7.837884035360539201E+02
    1.90000000E+02      -7.896576248772707913E+02
    1.91000000E+02      -7.955048365495804319E+02
    1.92000000E+02      -8.013426129526651494E+02
    1.93000000E+02      -8.071932623508973847E+02
    1.94000000E+02      -8.130384752251438840E+02
    1.95000000E+02      -8.188876028214854159E+02
    1.96000000E+02      -8.247122224951208409E+02
    1.97000000E+02      -8.305497924719802540E+02
    1.98000000E+02      -8.363799634701153991E+02
    1.99000000E+02      -8.421896756873284176E+02
    2.00000000E+02      -8.479944131481333898E+02
    2.01000000E+02      -8.537960971823313230E+02
    2.02000000E+02      -8.595959709853527784E+02
    2.03000000E+02      -8.654060281858205599E+02
    2.04000000E+02      -8.711895046336017003E+02
    2.05000000E+02      -8.769693286627380076E+02
    2.06000000E+02      -8.827401615547769325E+02
    2.07000000E+02      -8.885055154154520096E+02
    2.08000000E+02      -8.942708892484372427E+02
    2.09000000E+02      -8.999983068153333079E+02
    2.10000000E+02      -9.057470548037409799E+02
    2.11000000E+02      -9.114707416142823604E+02
    2.12000000E+02      -9.171855174263237132E+02
    2.13000000E+02      -9.228950344377785768E+02
    2.14000000E+02      -9.286043415241290404E+02
    2.15000000E+02      -9.342887987030831027E+02
    2.16000000E+02      -9.399687524271898837E+02
    2.17000000E+02      -9.456347137610664504E+02
    2.18000000E+02      -9.513195609314698231E+02
    2.19000000E+02      -9.569772892288365256E+02
    2.20000000E+02      -9.626090760805554964E+02
    2.21000000E+02      -9.682393678784746953E+02
    2.22000000E+02      -9.738715542547370205E+02
    2.23000000E+02      -9.794898127760934585E+02
    2.24000000E+02      -9.850849158961154899E+02
    2.25000000E+02      -9.906467281322238705E+02
    2.26000000E+02      -9.961810626834194409E+02
    2.27000000E+02      -1.001718567294006789E+03
    2.28000000E+02      -1.007230443220221787E+03
    2.29000000E+02      -1.012705077274318683E+03
    2.30000000E+02      -1.018141659219450958E+03
    2.31000000E+02      -1.023550714521235932E+03
    2.32000000E+02      -1.028919461539455369E+03
    2.33000000E+02      -1.034240095089800889E+03
    2.34000000E+02      -1.039493649553664000E+03
    2.35000000E+02      -1.044719763722338030E+03
    2.36000000E+02      -1.049864635579530841E+03
    2.37000000E+02      -1.054920532868561168E+03
    2.38000000E+02      -1.059924712733048182E+03
    2.39000000E+02      -1.064833619364598235E+03
    2.40000000E+02      -1.069655238880652178E+03
    2.41000000E+02      -1.074394469307358577E+03
    2.42000000E+02      -1.079048602797299736E+03
    2.43000000E+02      -1.083623870811280085E+03
    2.44000000E+02      -1.088128357383691764E+03
    2.45000000E+02      -1.092454944694018650E+03
    2.46000000E+02      -1.096839734423900154E+03
    2.47000000E+02      -1.101295307426491490E+03
    2.48000000E+02      -1.105778903917436764E+03
    2.49000000E+02      -1.110321966406176216E+03
    2.50000000E+02      -1.114906119162584218E+03
    2.51000000E+02      -1.119630894744776924E+03
    2.52000000E+02      -1.124463592387479366E+03
    2.53000000E+02      -1.129442115403681782E+03
    2.54000000E+02      -1.134592471451188430E+03
    2.55000000E+02      -1.139887780579396349E+03
    2.56000000E+02      -1.145206670558929545E+03
    2.57000000E+02      -1.150663904653783902E+03
    2.58000000E+02      -1.156231327950581544E+03
    2.59000000E+02      -1.161846519757748865E+03
    2.60000000E+02      -1.167541807482220065E+03
    2.61000000E+02      -1.173353389032707128E+03
    2.62000000E+02      -1.179359827074373243E+03
    2.63000000E+02      -1.185274199357920224E+03
    2.64000000E+02      -1.191236315808030213E+03
    2.65000000E+02      -1.197374221097501504E+03
    2.66000000E+02      -1.203453417181332725E+03
    2.67000000E+02      -1.209596585919387053E+03
    2.68000000E+02      -1.215737084793122904E+03
    2.69000000E+02      -1.221881296102289980E+03
    2.70000000E+02      -1.228059440120978707E+03
    2.71000000E+02      -1.234333792233440590E+03
    2.72000000E+02      -1.240632822579988897E+03
    2.73000000E+02      -1.246881547863673404E+03
    2.74000000E+02      -1.253188138628039724E+03
    2.75000000E+02      -1.259505517912252344E+03
    2.76000000E+02      -1.265818145923893780E+03
    2.77000000E+02      -1.272167401770401511E+03
    2.78000000E+02      -1.278528772165963801E+03
    2.79000000E+02      -1.284911843007269681E+03
    2.80000000E+02      -1.291312966886560844E+03
    2.81000000E+02      -1.297689742518332878E+03
    2.82000000E+02      -1.304116287275781360E+03
    2.83000000E+02      -1.310471945079528268E+03
    2.84000000E+02      -1.316862810027299929E+03
    2.85000000E+02      -1.323225641867769809E+03
    2.86000000E+02      -1.329542377530568046E+03
    2.87000000E+02      -1.335863151722795010E+03
    2.88000000E+02      -1.342224827829638343E+03
    2.89000000E+02      -1.348587024006447791E+03
    2.90000000E+02      -1.354879000490717772E+03
    2.91000000E+02      -1.361211200733706391E+03
    2.92000000E+02      -1.367509604399882846E+03
    2.93000000E+02      -1.373768354505991738E+03
    2.94000000E+02      -1.379996739677313599E+03
    2.95000000E+02      -1.386178700310008935E+03
    2.96000000E+02      -1.392339597655101898E+03
    2.97000000E+02      -1.398495292275658358E+03
    2.98000000E+02      -1.404634788306842893E+03
    2.99000000E+02      -1.410806286905020897E+03
    3.00000000E+02      -1.416839038236274064E+03
    3.01000000E+02      -1.422887708057882264E+03
    3.02000000E+02      -1.428965250446317441E+03
    3.03000000E+02      -1.435042028974425193E+03
    3.04000000E+02      -1.441071737786747690E+03
    3.05000000E+02      -1.447130894537827771E+03
    3.06000000E+02      -1.453250867058344738E+03
    3.07000000E+02      -1.459311691315480857E+03
    3.08000000E+02      -1.465347279784562488E+03
    3.09000000E+02      -1.471504435077811650E+03
    3.10000000E+02      -1.477624478930356418E+03
    3.11000000E+02      -1.483772609901032411E+03
    3.12000000E+02      -1.489960749795038282E+03
    3.13000000E+02      -1.496167097757999727E+03
    3.14000000E+02      -1.502398098716552340E+03
    3.15000000E+02      -1.508744850594848685E+03
    3.16000000E+02      -1.515152780823038484E+03
    3.17000000E+02      -1.521515787348234880E+03
    3.18000000E+02      -1.528077485397210694E+03
    3.19000000E+02      -1.534568061648842558E+03
    3.20000000E+02      -1.541040773414493742E+03
    3.21000000E+02      -1.547762817623266528E+03
    3.22000000E+02      -1.554241566016749857E+03
    3.23000000E+02      -1.560744472178808792E+03
    3.24000000E+02      -1.567185479840129119E+03
    3.25000000E+02      -1.573711354986440710E+03
    3.26000000E+02      -1.580149593215992354E+03
    3.27000000E+02      -1.586528030199315253E+03
    3.28000000E+02      -1.592834991101277410E+03
    3.29000000E+02      -1.599064635416956662E+03
    3.30000000E+02      -1.605419426524276787E+03
    3.31000000E+02      -1.611507765231012399E+03
    3.32000000E+02      -1.617499550429711917E+03
    3.33000000E+02      -1.623606243969429215E+03
    3.34000000E+02      -1.629450752134766390E+03
    3.35000000E+02      -1.635109978612343184E+03
    3.36000000E+02      -1.640704562297642042E+03
    3.37000000E+02      -1.646285925247946579E+03
    3.38000000E+02      -1.651897916459725820E+03
    3.39000000E+02      -1.657707219141520909E+03
    3.40000000E+02      -1.664029398205453617E+03
    3.41000000E+02      -1.670366763905429252E+03
    3.42000000E+02      -1.677066710715414956E+03
    3.43000000E+02      -1.684361744834415731E+03
    3.44000000E+02      -1.691988325912785513E+03
    3.45000000E+02      -1.700029119410901330E+03
    3.46000000E+02      -1.708413218752764806E+03
    3.47000000E+02      -1.717081358946561522E+03
    3.48000000E+02      -1.725999263521480316E+03
    3.49000000E+02      -1.735133033269677981E+03
    3.50000000E+02      -1.744397383325434930E+03
    3.51000000E+02      -1.753706133070818396E+03
    3.52000000E+02      -1.763151321326972720E+03
    3.53000000E+02      -1.772651232710664772E+03
    3.54000000E+02      -1.782227115579989004E+03
    3.55000000E+02      -1.791853610152790225E+03
    3.56000000E+02      -1.801546707419580343E+03
    3.57000000E+02      -1.811270519767565020E+03
    3.58000000E+02      -1.821064197183676697E+03
    3.59000000E+02      -1.830915861976576252E+03
    3.60000000E+02      -1.840772121944490209E+03
    3.61000000E+02      -1.850713380078210776E+03
    3.62000000E+02      -1.860731362901877674E+03
    3.63000000E+02      -1.870768771410159843E+03
    3.64000000E+02      -1.880874725447103856E+03
    3.65000000E+02      -1.891001018703100499E+03
    3.66000000E+02      -1.901203497545013079E+03
    3.67000000E+02      -1.911362888224216476E+03
    3.68000000E+02      -1.921571024021549874E+03
    3.69000000E+02      -1.931863173256912432E+03
    3.70000000E+02      -1.942134014632527851E+03
    3.71000000E+02      -1.952478387526703500E+03
    3.72000000E+02      -1.962845019883698569E+03
    3.73000000E+02      -1.973214512846804155E+03
    3.74000000E+02      -1.983676950116961279E+03
    3.75000000E+02      -1.994123329986129647E+03
    3.76000000E+02      -2.004661980590846269E+03
    3.77000000E+02      -2.015218362535892084E+03
    3.78000000E+02      -2.025800700566304386E+03
    3.79000000E+02      -2.036405802512079390E+03
    3.80000000E+02      -2.046988094114319438E+03
    3.81000000E+02      -2.057605601467707857E+03
    3.82000000E+02      -2.068269035354404423E+03
    3.83000000E+02      -2.078950397303116006E+03
    3.84000000E+02      -2.089680614123609303E+03
    3.85000000E+02      -2.100448968778853214E+03
    3.86000000E+02      -2.111280266392852809E+03
    3.87000000E+02      -2.122058477519699863E+03
    3.88000000E+02      -2.132953807949928887E+03
    3.89000000E+02      -2.143761726413817087E+03
    3.90000000E+02      -2.154631799181222050E+03
    3.91000000E+02      -2.165521676866976122E+03
    3.92000000E+02      -2.176407691059627723E+03
    3.93000000E+02      -2.187340842147851163E+03
    3.94000000E+02      -2.198321777479003231E+03
    3.95000000E+02      -2.209319008508851766E+03
    3.96000000E+02      -2.220303764161496474E+03
    3.97000000E+02      -2.231312255540592560E+03
    3.98000000E+02      -2.242310972929949003E+03
    3.99000000E+02      -2.253368250446765614E+03
    4.00000000E+02      -2.264406789299532193E+03
    4.01000000E+02      -2.275461801780745191E+03
    4.02000000E+02      -2.286589641354205469E+03
    4.03000000E+02      -2.297670473672334992E+03
    4.04000000E+02      -2.308809294839251379E+03
    4.05000000E+02      -2.319910010880166737E+03
    4.06000000E+02      -2.331098146583851303E+03
    4.07000000E+02      -2.342298696695684157E+03
    4.08000000E+02      -2.353517680775089048E+03
    4.09000000E+02      -2.364675318777942266E+03
    4.10000000E+02      -2.375882284942168553E+03
    4.11000000E+02      -2.387038691200866197E+03
    4.12000000E+02      -2.398249257579366258E+03
    4.13000000E+02      -2.409581440747889246E+03
    4.14000000E+02      -2.420941862251253951E+03
    4.15000000E+02      -2.432152033522930196E+03
    4.16000000E+02      -2.443364116726652355E+03
    4.17000000E+02      -2.454646103237038005E+03
    4.18000000E+02      -2.465957688289763610E+03
    4.19000000E+02      -2.477235673024960761E+03
    4.20000000E+02      -2.488502419802937766E+03
    4.21000000E+02      -2.499880794609138775E+03
    4.22000000E+02      -2.511267852189493169E+03
    4.23000000E+02      -2.522456338310880710E+03
    4.24000000E+02      -2.533782401908817064E+03
    4.25000000E+02      -2.545158053599522191E+03
    4.26000000E+02      -2.556462674017166592E+03
    4.27000000E+02      -2.567796447693419395E+03
    4.28000000E+02      -2.579144941225471484E+03
    4.29000000E+02      -2.590420601909698235E+03
    4.30000000E+02      -2.601776433702199938E+03
    4.31000000E+02      -2.613089605023468721E+03
    4.32000000E+02      -2.624398967758799699E+03
    4.33000000E+02      -2.635906849979475737E+03
    4.34000000E+02      -2.647283015560848526E+03
    4.35000000E+02      -2.658507192336009211E+03
    4.36000000E+02      -2.669885852738457288E+03
    4.37000000E+02      -2.681215078575264670E+03
    4.38000000E+02      -2.692605584260168143E+03
    4.39000000E+02      -2.703770320183713466E+03
    4.40000000E+02      -2.715178076067073107E+03
    4.41000000E+02      -2.726401935999435864E+03
    4.42000000E+02      -2.737795120687611870E+03
    4.43000000E+02      -2.749125670005866141E+03
    4.44000000E+02      -2.760431404158854093E+03
    4.45000000E+02      -2.771741035172871307E+03
    4.46000000E+02      -2.783059155359326724E+03
    4.47000000E+02      -2.794304898709053305E+03
    4.48000000E+02      -2.805650572971098882E+03
    4.49000000E+02      -2.816838257019907360E+03
    4.50000000E+02      -2.827988932352645406E+03
    4.51000000E+02      -2.839297871139593553E+03
    4.52000000E+02      -2.850441461092570080E+03
    4.53000000E+02      -2.861769465803976800E+03
    4.54000000E+02      -2.872978832409308325E+03
    4.55000000E+02      -2.884140384693768283E+03
    4.56000000E+02      -2.895299264339559159E+03
    4.57000000E+02      -2.906536080825725548E+03
    4.58000000E+02      -2.917664172653119749E+03
    4.59000000E+02      -2.928895648039144362E+03
    4.60000000E+02      -2.939994469206499161E+03
    4.61000000E+02      -2.950933477411346303E+03
    4.62000000E+02      -2.962005053418330135E+03
    4.63000000E+02      -2.973025196556145147E+03
    4.64000000E+02      -2.983993539228778900E+03
    4.65000000E+02      -2.994896872411838558E+03
    4.66000000E+02      -3.006094332883706556E+03
    4.67000000E+02      -3.016887624991632492E+03
    4.68000000E+02      -3.027943734851178306E+03
    4.69000000E+02      -3.038881734842553669E+03
    4.70000000E+02      -3.049877301689486558E+03
    4.71000000E+02      -3.060520134626567142E+03
    4.72000000E+02      -3.071430666946033398E+03
    4.73000000E+02      -3.082229611965167351E+03
    4.74000000E+02      -3.093104698659548831E+03
    4.75000000E+02      -3.103882983917110323E+03
    4.76000000E+02      -3.114560590185340061E+03
    4.77000000E+02      -3.125254252205008015E+03
    4.78000000E+02      -3.135949525952376462E+03
    4.79000000E+02      -3.146634583641950030E+03
    4.80000000E+02      -3.156971094689883103E+03
    4.81000000E+02      -3.167651696502389768E+03
    4.82000000E+02      -3.178258851852154294E+03
    4.83000000E+02      -3.188827996903163694E+03
    4.84000000E+02      -3.199325945250511722E+03
    4.85000000E+02      -3.210121576562602968E+03
    4.86000000E+02      -3.220234077270704802E+03
    4.87000000E+02      -3.229489053847131800E+03
    4.88000000E+02      -3.057437298297300003E+03
    4.89000000E+02      -3.146459306113014463E+03
    4.90000000E+02      -3.323718098719167756E+03
    4.91000000E+02      -3.458698797580567771E+03
    4.92000000E+02      -3.467817687430506339E+03
    4.93000000E+02      -3.475763504535920219E+03
    4.94000000E+02      -3.486315514568734216E+03
    4.95000000E+02      -3.509940920152643230E+03
    4.96000000E+02      -3.524378598069306463E+03
    4.97000000E+02      -3.537577750660653692E+03
    4.98000000E+02      -3.553291234950418584E+03
    4.99000000E+02      -3.568253875984810293E+03
    5.00000000E+02      -3.577968487517588073E+03
    5.01000000E+02      -3.584899658139795065E+03
    5.02000000E+02      -3.588547446095239138E+03
    5.03000000E+02      -3.595168671591905877E+03
    5.04000000E+02      -3.605092092748789582E+03
    5.05000000E+02      -3.623765443714859430E+03
    5.06000000E+02      -3.638470872303019860E+03
    5.07000000E+02      -3.755986835185671225E+03
    5.08000000E+02      -3.736161614586366341E+03
    5.09000000E+02      -3.683028429236959710E+03
    5.10000000E+02      -3.689320254719830700E+03
