    0.0000000000E+00     -0.3723011999E+01
    0.1000000000E+01     -0.2661904957E+01
    0.2000000000E+01     -0.2263931539E+01
    0.3000000000E+01     -0.2241345967E+01
    0.4000000000E+01     -0.2476313321E+01
    0.5000000000E+01     -0.2904442329E+01
    0.6000000000E+01     -0.3484784125E+01
    0.7000000000E+01     -0.4189129415E+01
    0.8000000000E+01     -0.4997000480E+01
    0.9000000000E+01     -0.5892553089E+01
    0.1000000000E+02     -0.6863318510E+01
    0.1100000000E+02     -0.7899293270E+01
    0.1200000000E+02     -0.8991793925E+01
    0.1300000000E+02     -0.1013415240E+02
    0.1400000000E+02     -0.1132039414E+02
    0.1500000000E+02     -0.1254517545E+02
    0.1600000000E+02     -0.1380402039E+02
    0.1700000000E+02     -0.1509297192E+02
    0.1800000000E+02     -0.1640848219E+02
    0.1900000000E+02     -0.1774720119E+02
    0.2000000000E+02     -0.1910672636E+02
    0.2100000000E+02     -0.2048409035E+02
    0.2200000000E+02     -0.2187713244E+02
    0.2300000000E+02     -0.2328345655E+02
    0.2400000000E+02     -0.2470114701E+02
    0.2500000000E+02     -0.2612865010E+02
    0.2600000000E+02     -0.2756392257E+02
    0.2700000000E+02     -0.2900532501E+02
    0.2800000000E+02     -0.3045166044E+02
    0.2900000000E+02     -0.3190123730E+02
    0.3000000000E+02     -0.3335262217E+02
    0.3100000000E+02     -0.3480495418E+02
    0.3200000000E+02     -0.3625694681E+02
    0.3300000000E+02     -0.3770704231E+02
    0.3400000000E+02     -0.3915449473E+02
    0.3500000000E+02     -0.4059795164E+02
    0.3600000000E+02     -0.4203651546E+02
    0.3700000000E+02     -0.4346888003E+02
    0.3800000000E+02     -0.4489410116E+02
    0.3900000000E+02     -0.4631122237E+02
    0.4000000000E+02     -0.4771938550E+02
    0.4100000000E+02     -0.4911759565E+02
    0.4200000000E+02     -0.5050547445E+02
    0.4300000000E+02     -0.5188245671E+02
    0.4400000000E+02     -0.5324773599E+02
    0.4500000000E+02     -0.5460087337E+02
    0.4600000000E+02     -0.5594169266E+02
    0.4700000000E+02     -0.5726977044E+02
    0.4800000000E+02     -0.5858512117E+02
    0.4900000000E+02     -0.5988742152E+02
    0.5000000000E+02     -0.6117665780E+02
    0.5100000000E+02     -0.6245248259E+02
    0.5200000000E+02     -0.6371543455E+02
    0.5300000000E+02     -0.6496459195E+02
    0.5400000000E+02     -0.6620052129E+02
    0.5500000000E+02     -0.6742282371E+02
    0.5600000000E+02     -0.6863178978E+02
    0.5700000000E+02     -0.6982755816E+02
    0.5800000000E+02     -0.7101041631E+02
    0.5900000000E+02     -0.7217977835E+02
    0.6000000000E+02     -0.7333609907E+02
    0.6100000000E+02     -0.7447980774E+02
    0.6200000000E+02     -0.7561074540E+02
    0.6300000000E+02     -0.7672873532E+02
    0.6400000000E+02     -0.7783438916E+02
    0.6500000000E+02     -0.7892837935E+02
    0.6600000000E+02     -0.8001015599E+02
    0.6700000000E+02     -0.8107888720E+02
    0.6800000000E+02     -0.8213753232E+02
    0.6900000000E+02     -0.8318392789E+02
    0.7000000000E+02     -0.8421844362E+02
    0.7100000000E+02     -0.8524114116E+02
    0.7200000000E+02     -0.8625322349E+02
    0.7300000000E+02     -0.8725416130E+02
    0.7400000000E+02     -0.8824405641E+02
    0.7500000000E+02     -0.8922237193E+02
    0.7600000000E+02     -0.9018985087E+02
    0.7700000000E+02     -0.9114620846E+02
    0.7800000000E+02     -0.9209169435E+02
    0.7900000000E+02     -0.9302667072E+02
    0.8000000000E+02     -0.9395079926E+02
    0.8100000000E+02     -0.9486425742E+02
    0.8200000000E+02     -0.9576655709E+02
    0.8300000000E+02     -0.9665947252E+02
    0.8400000000E+02     -0.9754161393E+02
    0.8500000000E+02     -0.9841388617E+02
    0.8600000000E+02     -0.9927666259E+02
    0.8700000000E+02     -0.1001286172E+03
    0.8800000000E+02     -0.1009708108E+03
    0.8900000000E+02     -0.1018042941E+03
    0.9000000000E+02     -0.1026277313E+03
    0.9100000000E+02     -0.1034414549E+03
    0.9200000000E+02     -0.1042449733E+03
    0.9300000000E+02     -0.1050399509E+03
    0.9400000000E+02     -0.1058253049E+03
    0.9500000000E+02     -0.1066023127E+03
    0.9600000000E+02     -0.1073695960E+03
    0.9700000000E+02     -0.1081280418E+03
    0.9800000000E+02     -0.1088782797E+03
    0.9900000000E+02     -0.1096195793E+03
    0.1000000000E+03     -0.1103514698E+03
    0.1010000000E+03     -0.1110751978E+03
    0.1020000000E+03     -0.1117902186E+03
    0.1030000000E+03     -0.1124969189E+03
    0.1040000000E+03     -0.1131944392E+03
    0.1050000000E+03     -0.1138839677E+03
    0.1060000000E+03     -0.1145649279E+03
    0.1070000000E+03     -0.1152375529E+03
    0.1080000000E+03     -0.1159015669E+03
    0.1090000000E+03     -0.1165584736E+03
    0.1100000000E+03     -0.1172067731E+03
    0.1110000000E+03     -0.1178456739E+03
    0.1120000000E+03     -0.1184760547E+03
    0.1130000000E+03     -0.1190982660E+03
    0.1140000000E+03     -0.1197119537E+03
    0.1150000000E+03     -0.1203171652E+03
    0.1160000000E+03     -0.1209134908E+03
    0.1170000000E+03     -0.1215013161E+03
    0.1180000000E+03     -0.1220799417E+03
    0.1190000000E+03     -0.1226502679E+03
    0.1200000000E+03     -0.1232116126E+03
    0.1210000000E+03     -0.1237647463E+03
    0.1220000000E+03     -0.1243096286E+03
    0.1230000000E+03     -0.1248455534E+03
    0.1240000000E+03     -0.1253722674E+03
    0.1250000000E+03     -0.1258891280E+03
    0.1260000000E+03     -0.1263968563E+03
    0.1270000000E+03     -0.1268967672E+03
    0.1280000000E+03     -0.1273863059E+03
    0.1290000000E+03     -0.1278655431E+03
    0.1300000000E+03     -0.1283365644E+03
    0.1310000000E+03     -0.1287977901E+03
    0.1320000000E+03     -0.1292486844E+03
    0.1330000000E+03     -0.1296895596E+03
    0.1340000000E+03     -0.1301213192E+03
    0.1350000000E+03     -0.1305428840E+03
    0.1360000000E+03     -0.1309541147E+03
    0.1370000000E+03     -0.1313563226E+03
    0.1380000000E+03     -0.1317478680E+03
    0.1390000000E+03     -0.1321291974E+03
    0.1400000000E+03     -0.1324995468E+03
    0.1410000000E+03     -0.1328603559E+03
    0.1420000000E+03     -0.1332111716E+03
    0.1430000000E+03     -0.1335526452E+03
    0.1440000000E+03     -0.1338837191E+03
    0.1450000000E+03     -0.1342029718E+03
    0.1460000000E+03     -0.1345135856E+03
    0.1470000000E+03     -0.1348125905E+03
    0.1480000000E+03     -0.1351054030E+03
    0.1490000000E+03     -0.1353861818E+03
    0.1500000000E+03     -0.1356584034E+03
    0.1510000000E+03     -0.1359206501E+03
    0.1520000000E+03     -0.1361717877E+03
    0.1530000000E+03     -0.1364154115E+03
    0.1540000000E+03     -0.1366502354E+03
    0.1550000000E+03     -0.1368758147E+03
    0.1560000000E+03     -0.1370951318E+03
    0.1570000000E+03     -0.1373058917E+03
    0.1580000000E+03     -0.1375095282E+03
    0.1590000000E+03     -0.1377046983E+03
    0.1600000000E+03     -0.1378928874E+03
    0.1610000000E+03     -0.1380740831E+03
    0.1620000000E+03     -0.1382487825E+03
    0.1630000000E+03     -0.1384151722E+03
    0.1640000000E+03     -0.1385761036E+03
    0.1650000000E+03     -0.1387324575E+03
    0.1660000000E+03     -0.1388819731E+03
    0.1670000000E+03     -0.1390255021E+03
    0.1680000000E+03     -0.1391632874E+03
    0.1690000000E+03     -0.1392951586E+03
    0.1700000000E+03     -0.1394219549E+03
    0.1710000000E+03     -0.1395430458E+03
    0.1720000000E+03     -0.1396609596E+03
    0.1730000000E+03     -0.1397739602E+03
    0.1740000000E+03     -0.1398819139E+03
    0.1750000000E+03     -0.1399853377E+03
    0.1760000000E+03     -0.1400834250E+03
    0.1770000000E+03     -0.1401776327E+03
    0.1780000000E+03     -0.1402670122E+03
    0.1790000000E+03     -0.1403523801E+03
    0.1800000000E+03     -0.1404325473E+03
    0.1810000000E+03     -0.1405085680E+03
    0.1820000000E+03     -0.1405814322E+03
    0.1830000000E+03     -0.1406498620E+03
    0.1840000000E+03     -0.1407146511E+03
    0.1850000000E+03     -0.1407751620E+03
    0.1860000000E+03     -0.1408311672E+03
    0.1870000000E+03     -0.1408837057E+03
    0.1880000000E+03     -0.1409320556E+03
    0.1890000000E+03     -0.1409771490E+03
    0.1900000000E+03     -0.1410181861E+03
    0.1910000000E+03     -0.1410550261E+03
    0.1920000000E+03     -0.1410898039E+03
    0.1930000000E+03     -0.1411196408E+03
    0.1940000000E+03     -0.1411453630E+03
    0.1950000000E+03     -0.1411666666E+03
    0.1960000000E+03     -0.1411841766E+03
    0.1970000000E+03     -0.1411989370E+03
    0.1980000000E+03     -0.1412091720E+03
    0.1990000000E+03     -0.1412147758E+03
    0.2000000000E+03     -0.1412154035E+03
    0.2010000000E+03     -0.1412123543E+03
    0.2020000000E+03     -0.1412041089E+03
    0.2030000000E+03     -0.1411919682E+03
    0.2040000000E+03     -0.1411739604E+03
    0.2050000000E+03     -0.1411513058E+03
    0.2060000000E+03     -0.1411227955E+03
    0.2070000000E+03     -0.1410886872E+03
    0.2080000000E+03     -0.1410488119E+03
    0.2090000000E+03     -0.1410044800E+03
    0.2100000000E+03     -0.1409544460E+03
    0.2110000000E+03     -0.1408974517E+03
    0.2120000000E+03     -0.1408337979E+03
    0.2130000000E+03     -0.1407630133E+03
    0.2140000000E+03     -0.1406858932E+03
    0.2150000000E+03     -0.1406006529E+03
    0.2160000000E+03     -0.1405087877E+03
    0.2170000000E+03     -0.1404095431E+03
    0.2180000000E+03     -0.1403028361E+03
    0.2190000000E+03     -0.1401874279E+03
    0.2200000000E+03     -0.1400638658E+03
    0.2210000000E+03     -0.1399326340E+03
    0.2220000000E+03     -0.1397929803E+03
    0.2230000000E+03     -0.1396443567E+03
    0.2240000000E+03     -0.1394886857E+03
    0.2250000000E+03     -0.1393213656E+03
    0.2260000000E+03     -0.1391459352E+03
    0.2270000000E+03     -0.1389609361E+03
    0.2280000000E+03     -0.1387649046E+03
    0.2290000000E+03     -0.1385612892E+03
    0.2300000000E+03     -0.1383481670E+03
    0.2310000000E+03     -0.1381258304E+03
    0.2320000000E+03     -0.1378957629E+03
    0.2330000000E+03     -0.1376544023E+03
    0.2340000000E+03     -0.1374021132E+03
    0.2350000000E+03     -0.1371422538E+03
    0.2360000000E+03     -0.1368685935E+03
    0.2370000000E+03     -0.1365866995E+03
    0.2380000000E+03     -0.1362996777E+03
    0.2390000000E+03     -0.1359994578E+03
    0.2400000000E+03     -0.1356884179E+03
    0.2410000000E+03     -0.1353693529E+03
    0.2420000000E+03     -0.1350421437E+03
    0.2430000000E+03     -0.1347010403E+03
    0.2440000000E+03     -0.1343487702E+03
    0.2450000000E+03     -0.1339887097E+03
    0.2460000000E+03     -0.1336178118E+03
    0.2470000000E+03     -0.1332378480E+03
    0.2480000000E+03     -0.1328466283E+03
    0.2490000000E+03     -0.1324469078E+03
    0.2500000000E+03     -0.1320360167E+03
    0.2510000000E+03     -0.1316194296E+03
    0.2520000000E+03     -0.1311899085E+03
    0.2530000000E+03     -0.1307551394E+03
    0.2540000000E+03     -0.1303136508E+03
    0.2550000000E+03     -0.1298632317E+03
    0.2560000000E+03     -0.1294043908E+03
    0.2570000000E+03     -0.1289383572E+03
    0.2580000000E+03     -0.1284618752E+03
    0.2590000000E+03     -0.1279784688E+03
    0.2600000000E+03     -0.1274873074E+03
    0.2610000000E+03     -0.1269869733E+03
    0.2620000000E+03     -0.1264776559E+03
    0.2630000000E+03     -0.1259597523E+03
    0.2640000000E+03     -0.1254349216E+03
    0.2650000000E+03     -0.1249020375E+03
    0.2660000000E+03     -0.1243617081E+03
    0.2670000000E+03     -0.1238134084E+03
    0.2680000000E+03     -0.1232574678E+03
    0.2690000000E+03     -0.1226921926E+03
    0.2700000000E+03     -0.1221179087E+03
    0.2710000000E+03     -0.1215361889E+03
    0.2720000000E+03     -0.1209469108E+03
    0.2730000000E+03     -0.1203493170E+03
    0.2740000000E+03     -0.1197404577E+03
    0.2750000000E+03     -0.1191227874E+03
    0.2760000000E+03     -0.1184976956E+03
    0.2770000000E+03     -0.1178614167E+03
    0.2780000000E+03     -0.1172222113E+03
    0.2790000000E+03     -0.1165706408E+03
    0.2800000000E+03     -0.1159117782E+03
    0.2810000000E+03     -0.1152412798E+03
    0.2820000000E+03     -0.1145591172E+03
    0.2830000000E+03     -0.1138736049E+03
    0.2840000000E+03     -0.1131757290E+03
    0.2850000000E+03     -0.1124688677E+03
    0.2860000000E+03     -0.1117509097E+03
    0.2870000000E+03     -0.1110256606E+03
    0.2880000000E+03     -0.1102880553E+03
    0.2890000000E+03     -0.1095414271E+03
    0.2900000000E+03     -0.1087855470E+03
    0.2910000000E+03     -0.1080200912E+03
    0.2920000000E+03     -0.1072424037E+03
    0.2930000000E+03     -0.1064520407E+03
    0.2940000000E+03     -0.1056517929E+03
    0.2950000000E+03     -0.1048469697E+03
    0.2960000000E+03     -0.1040223507E+03
    0.2970000000E+03     -0.1031906794E+03
    0.2980000000E+03     -0.1023458989E+03
    0.2990000000E+03     -0.1014866948E+03
    0.3000000000E+03     -0.1006181495E+03
    0.3010000000E+03     -0.9973523949E+02
    0.3020000000E+03     -0.9884124015E+02
    0.3030000000E+03     -0.9793386622E+02
    0.3040000000E+03     -0.9701381682E+02
    0.3050000000E+03     -0.9608514831E+02
    0.3060000000E+03     -0.9515024565E+02
    0.3070000000E+03     -0.9419413723E+02
    0.3080000000E+03     -0.9322654466E+02
    0.3090000000E+03     -0.9224929590E+02
    0.3100000000E+03     -0.9125860347E+02
    0.3110000000E+03     -0.9025629668E+02
    0.3120000000E+03     -0.8924280546E+02
    0.3130000000E+03     -0.8821588695E+02
    0.3140000000E+03     -0.8718117849E+02
    0.3150000000E+03     -0.8613383801E+02
    0.3160000000E+03     -0.8507614920E+02
    0.3170000000E+03     -0.8401394795E+02
    0.3180000000E+03     -0.8294660031E+02
    0.3190000000E+03     -0.8186353184E+02
    0.3200000000E+03     -0.8076962699E+02
    0.3210000000E+03     -0.7967523794E+02
    0.3220000000E+03     -0.7856808439E+02
    0.3230000000E+03     -0.7745265260E+02
    0.3240000000E+03     -0.7633211411E+02
    0.3250000000E+03     -0.7520523930E+02
    0.3260000000E+03     -0.7407539042E+02
    0.3270000000E+03     -0.7293197518E+02
    0.3280000000E+03     -0.7178364322E+02
    0.3290000000E+03     -0.7063016302E+02
    0.3300000000E+03     -0.6947630782E+02
    0.3310000000E+03     -0.6831488255E+02
    0.3320000000E+03     -0.6714364341E+02
    0.3330000000E+03     -0.6596644487E+02
    0.3340000000E+03     -0.6478471806E+02
    0.3350000000E+03     -0.6360068823E+02
    0.3360000000E+03     -0.6241412363E+02
    0.3370000000E+03     -0.6122277320E+02
    0.3380000000E+03     -0.6003110156E+02
    0.3390000000E+03     -0.5883523904E+02
    0.3400000000E+03     -0.5763990644E+02
    0.3410000000E+03     -0.5644776706E+02
    0.3420000000E+03     -0.5525624172E+02
    0.3430000000E+03     -0.5407090436E+02
    0.3440000000E+03     -0.5288868660E+02
    0.3450000000E+03     -0.5171986366E+02
    0.3460000000E+03     -0.5054743767E+02
    0.3470000000E+03     -0.4938387543E+02
    0.3480000000E+03     -0.4822225341E+02
    0.3490000000E+03     -0.4706920646E+02
    0.3500000000E+03     -0.4592792636E+02
    0.3510000000E+03     -0.4478241449E+02
    0.3520000000E+03     -0.4364270401E+02
    0.3530000000E+03     -0.4251071108E+02
    0.3540000000E+03     -0.4138628227E+02
    0.3550000000E+03     -0.4026626750E+02
    0.3560000000E+03     -0.3915455872E+02
    0.3570000000E+03     -0.3805225397E+02
    0.3580000000E+03     -0.3695702051E+02
    0.3590000000E+03     -0.3587341442E+02
    0.3600000000E+03     -0.3479617096E+02
    0.3610000000E+03     -0.3372703994E+02
    0.3620000000E+03     -0.3266703138E+02
    0.3630000000E+03     -0.3162147045E+02
    0.3640000000E+03     -0.3058851811E+02
    0.3650000000E+03     -0.2955850007E+02
    0.3660000000E+03     -0.2854637612E+02
    0.3670000000E+03     -0.2755099277E+02
    0.3680000000E+03     -0.2656047697E+02
    0.3690000000E+03     -0.2559616416E+02
    0.3700000000E+03     -0.2463655343E+02
    0.3710000000E+03     -0.2369164649E+02
    0.3720000000E+03     -0.2276558922E+02
    0.3730000000E+03     -0.2184796976E+02
    0.3740000000E+03     -0.2095044768E+02
    0.3750000000E+03     -0.2006959584E+02
    0.3760000000E+03     -0.1920601916E+02
    0.3770000000E+03     -0.1835627737E+02
    0.3780000000E+03     -0.1753205118E+02
    0.3790000000E+03     -0.1672367871E+02
    0.3800000000E+03     -0.1592403157E+02
    0.3810000000E+03     -0.1515112391E+02
    0.3820000000E+03     -0.1439408021E+02
    0.3830000000E+03     -0.1366184444E+02
    0.3840000000E+03     -0.1294725362E+02
    0.3850000000E+03     -0.1225504986E+02
    0.3860000000E+03     -0.1157862189E+02
    0.3870000000E+03     -0.1092957126E+02
    0.3880000000E+03     -0.1029280145E+02
    0.3890000000E+03     -0.9687510033E+01
    0.3900000000E+03     -0.9104594129E+01
    0.3910000000E+03     -0.8549540908E+01
    0.3920000000E+03     -0.8014895451E+01
    0.3930000000E+03     -0.7510203257E+01
    0.3940000000E+03     -0.7028281330E+01
    0.3950000000E+03     -0.6566047894E+01
    0.3960000000E+03     -0.6146141580E+01
    0.3970000000E+03     -0.5750361654E+01
    0.3980000000E+03     -0.5384185067E+01
    0.3990000000E+03     -0.5046162720E+01
    0.4000000000E+03     -0.4719345228E+01
    0.4010000000E+03     -0.4430435949E+01
    0.4020000000E+03     -0.4172810307E+01
    0.4030000000E+03     -0.3942230093E+01
    0.4040000000E+03     -0.3754035424E+01
    0.4050000000E+03     -0.3586575864E+01
    0.4060000000E+03     -0.3461589347E+01
    0.4070000000E+03     -0.3374093586E+01
    0.4080000000E+03     -0.3320480981E+01
    0.4090000000E+03     -0.3301072236E+01
    0.4100000000E+03     -0.3308985005E+01
    0.4110000000E+03     -0.3358017003E+01
    0.4120000000E+03     -0.3430899781E+01
    0.4130000000E+03     -0.3538042751E+01
    0.4140000000E+03     -0.3692876088E+01
    0.4150000000E+03     -0.3883091032E+01
    0.4160000000E+03     -0.4110283955E+01
    0.4170000000E+03     -0.4374788045E+01
    0.4180000000E+03     -0.4676810652E+01
    0.4190000000E+03     -0.5018560505E+01
    0.4200000000E+03     -0.5419200603E+01
    0.4210000000E+03     -0.5842310119E+01
    0.4220000000E+03     -0.6303230392E+01
    0.4230000000E+03     -0.6839135872E+01
    0.4240000000E+03     -0.7412928809E+01
    0.4250000000E+03     -0.8022376537E+01
    0.4260000000E+03     -0.8684486161E+01
    0.4270000000E+03     -0.9394875926E+01
    0.4280000000E+03     -0.1015173961E+02
    0.4290000000E+03     -0.1094406298E+02
    0.4300000000E+03     -0.1178468040E+02
    0.4310000000E+03     -0.1267971859E+02
    0.4320000000E+03     -0.1362840172E+02
    0.4330000000E+03     -0.1461493853E+02
    0.4340000000E+03     -0.1567061971E+02
    0.4350000000E+03     -0.1675224449E+02
    0.4360000000E+03     -0.1790238386E+02
    0.4370000000E+03     -0.1909733926E+02
    0.4380000000E+03     -0.2033528461E+02
    0.4390000000E+03     -0.2166244805E+02
    0.4400000000E+03     -0.2301766611E+02
    0.4410000000E+03     -0.2443062712E+02
    0.4420000000E+03     -0.2589169836E+02
    0.4430000000E+03     -0.2742551150E+02
    0.4440000000E+03     -0.2902550578E+02
    0.4450000000E+03     -0.3066814923E+02
    0.4460000000E+03     -0.3236834705E+02
    0.4470000000E+03     -0.3413604438E+02
    0.4480000000E+03     -0.3598039683E+02
    0.4490000000E+03     -0.3785606123E+02
    0.4500000000E+03     -0.3984263142E+02
    0.4510000000E+03     -0.4185929687E+02
    0.4520000000E+03     -0.4395210739E+02
    0.4530000000E+03     -0.4610561193E+02
    0.4540000000E+03     -0.4831678848E+02
    0.4550000000E+03     -0.5059645776E+02
    0.4560000000E+03     -0.5292912755E+02
    0.4570000000E+03     -0.5532652149E+02
    0.4580000000E+03     -0.5780882380E+02
    0.4590000000E+03     -0.6033748602E+02
    0.4600000000E+03     -0.6296943495E+02
    0.4610000000E+03     -0.6567944883E+02
    0.4620000000E+03     -0.6844075455E+02
    0.4630000000E+03     -0.7127368688E+02
    0.4640000000E+03     -0.7419645055E+02
    0.4650000000E+03     -0.7719728211E+02
    0.4660000000E+03     -0.8024067570E+02
    0.4670000000E+03     -0.8338687103E+02
    0.4680000000E+03     -0.8663452254E+02
    0.4690000000E+03     -0.8994055155E+02
    0.4700000000E+03     -0.9329575154E+02
    0.4710000000E+03     -0.9676055286E+02
    0.4720000000E+03     -0.1002939510E+03
    0.4730000000E+03     -0.1039112124E+03
    0.4740000000E+03     -0.1076131272E+03
    0.4750000000E+03     -0.1113870702E+03
    0.4760000000E+03     -0.1152497628E+03
    0.4770000000E+03     -0.1192054898E+03
    0.4780000000E+03     -0.1232147589E+03
    0.4790000000E+03     -0.1273408545E+03
    0.4800000000E+03     -0.1315895071E+03
    0.4810000000E+03     -0.1358880446E+03
    0.4820000000E+03     -0.1403040321E+03
    0.4830000000E+03     -0.1448175018E+03
    0.4840000000E+03     -0.1493685795E+03
    0.4850000000E+03     -0.1540917772E+03
