    0.00000000E+00      -2.645096588320432573E+01
    1.00000000E+00      -2.341211319155393511E+01
    2.00000000E+00      -2.105094051546750933E+01
    3.00000000E+00      -1.907950115389524370E+01
    4.00000000E+00      -1.737993192858396441E+01
    5.00000000E+00      -1.588768816179929466E+01
    6.00000000E+00      -1.456193113512693138E+01
    7.00000000E+00      -1.337481975741086693E+01
    8.00000000E+00      -1.230586624331174583E+01
    9.00000000E+00      -1.133908415026365013E+01
    1.00000000E+01      -1.046199131197629661E+01
    1.10000000E+01      -9.664667131373269271E+00
    1.20000000E+01      -8.939008714625222396E+00
    1.30000000E+01      -8.278078557917458724E+00
    1.40000000E+01      -7.676152231165749740E+00
    1.50000000E+01      -7.127727987238747787E+00
    1.60000000E+01      -6.628301145502907943E+00
    1.70000000E+01      -6.174283029505593490E+00
    1.80000000E+01      -5.762308599421364974E+00
    1.90000000E+01      -5.389390470454079818E+00
    2.00000000E+01      -5.052583696314675521E+00
    2.10000000E+01      -4.749297143885476302E+00
    2.20000000E+01      -4.477569581934792708E+00
    2.30000000E+01      -4.235246183344704818E+00
    2.40000000E+01      -4.020503999659402083E+00
    2.50000000E+01      -3.831495286890847396E+00
    2.60000000E+01      -3.666875364252907943E+00
    2.70000000E+01      -3.524947168299538802E+00
    2.80000000E+01      -3.404589654871804427E+00
    2.90000000E+01      -3.304611684748513412E+00
    3.00000000E+01      -3.223834039637429427E+00
    3.10000000E+01      -3.161150934168679427E+00
    3.20000000E+01      -3.115297319361550521E+00
    3.30000000E+01      -3.085570337244851302E+00
    3.40000000E+01      -3.071015359827859115E+00
    3.50000000E+01      -3.070842744776589583E+00
    3.60000000E+01      -3.084319593378884505E+00
    3.70000000E+01      -3.110664846369607162E+00
    3.80000000E+01      -3.149388315150124740E+00
    3.90000000E+01      -3.199553014704568099E+00
    4.00000000E+01      -3.260933401057107162E+00
    4.10000000E+01      -3.332549097010476302E+00
    4.20000000E+01      -3.413883687922341537E+00
    4.30000000E+01      -3.504620077082497787E+00
    4.40000000E+01      -3.604263784357888412E+00
    4.50000000E+01      -3.712067605921609115E+00
    4.60000000E+01      -3.827758314082009505E+00
    4.70000000E+01      -3.951025964686257552E+00
    4.80000000E+01      -4.081289293238503646E+00
    4.90000000E+01      -4.218266965815407943E+00
    5.00000000E+01      -4.361691476771218490E+00
    5.10000000E+01      -4.511075975367409896E+00
    5.20000000E+01      -4.666089059779030990E+00
    5.30000000E+01      -4.826204301783425521E+00
    5.40000000E+01      -4.991045476862771224E+00
    5.50000000E+01      -5.160632135340554427E+00
    5.60000000E+01      -5.334568502375466537E+00
    5.70000000E+01      -5.512760164210183333E+00
    5.80000000E+01      -5.694791318842751693E+00
    5.90000000E+01      -5.880514623591286849E+00
    6.00000000E+01      -6.069367410609109115E+00
    6.10000000E+01      -6.261303426691872787E+00
    6.20000000E+01      -6.456014158198220443E+00
    6.30000000E+01      -6.653506757685525130E+00
    6.40000000E+01      -6.853706361719948958E+00
    6.50000000E+01      -7.055663110682351302E+00
    6.60000000E+01      -7.259999277064187240E+00
    6.70000000E+01      -7.466553689905984115E+00
    6.80000000E+01      -7.674920560786111068E+00
    6.90000000E+01      -7.884835721918923568E+00
    7.00000000E+01      -8.095963956782204818E+00
    7.10000000E+01      -8.308420659968239974E+00
    7.20000000E+01      -8.521743776270730208E+00
    7.30000000E+01      -8.736598493525368880E+00
    7.40000000E+01      -8.951697351405007552E+00
    7.50000000E+01      -9.167555334040505599E+00
    7.60000000E+01      -9.383963586756570052E+00
    7.70000000E+01      -9.601073743769509505E+00
    7.80000000E+01      -9.818358900019509505E+00
    7.90000000E+01      -1.003613615221677513E+01
    8.00000000E+01      -1.025386762804685326E+01
    8.10000000E+01      -1.047153902239499779E+01
    8.20000000E+01      -1.068941259569822044E+01
    8.30000000E+01      -1.090708828158078880E+01
    8.40000000E+01      -1.112458944506345482E+01
    8.50000000E+01      -1.134165001101194115E+01
    8.60000000E+01      -1.155837869829831810E+01
    8.70000000E+01      -1.177457189745603294E+01
    8.80000000E+01      -1.199003887362180443E+01
    8.90000000E+01      -1.220470810122190208E+01
    9.00000000E+01      -1.241859960741697044E+01
    9.10000000E+01      -1.263155603594480247E+01
    9.20000000E+01      -1.284405231661496849E+01
    9.30000000E+01      -1.305531645006833763E+01
    9.40000000E+01      -1.326550054735837669E+01
    9.50000000E+01      -1.347468376345334740E+01
    9.60000000E+01      -1.368267965502439232E+01
    9.70000000E+01      -1.388969516939817161E+01
    9.80000000E+01      -1.409510517306028099E+01
    9.90000000E+01      -1.429922151751218529E+01
    1.00000000E+02      -1.450202799029050560E+01
    1.01000000E+02      -1.470348119921384544E+01
    1.02000000E+02      -1.490354633516965599E+01
    1.03000000E+02      -1.510168981737790794E+01
    1.04000000E+02      -1.529763364977536888E+01
    1.05000000E+02      -1.549252653307615013E+01
    1.06000000E+02      -1.568572664446531029E+01
    1.07000000E+02      -1.587725925631223411E+01
    1.08000000E+02      -1.606725073046384722E+01
    1.09000000E+02      -1.625549793429075152E+01
    1.10000000E+02      -1.644175100512205034E+01
    1.11000000E+02      -1.662600708193479448E+01
    1.12000000E+02      -1.680864334292112261E+01
    1.13000000E+02      -1.698929166979490191E+01
    1.14000000E+02      -1.716828108019529253E+01
    1.15000000E+02      -1.734511614031492144E+01
    1.16000000E+02      -1.751984691805539995E+01
    1.17000000E+02      -1.769266891665159136E+01
    1.18000000E+02      -1.786351108736692339E+01
    1.19000000E+02      -1.803238153643308550E+01
    1.20000000E+02      -1.819929552263914019E+01
    1.21000000E+02      -1.836399364657102495E+01
    1.22000000E+02      -1.852668094820676714E+01
    1.23000000E+02      -1.868709230608640581E+01
    1.24000000E+02      -1.884523630327878863E+01
    1.25000000E+02      -1.900120449251829058E+01
    1.26000000E+02      -1.915492201037107378E+01
    1.27000000E+02      -1.930594015307126909E+01
    1.28000000E+02      -1.945541620440183550E+01
    1.29000000E+02      -1.960270357317624956E+01
    1.30000000E+02      -1.974764013476072222E+01
    1.31000000E+02      -1.989021063036619097E+01
    1.32000000E+02      -2.003021049685178667E+01
    1.33000000E+02      -2.016792535967527300E+01
    1.34000000E+02      -2.030350017733274370E+01
    1.35000000E+02      -2.043660068697629839E+01
    1.36000000E+02      -2.056730890459714800E+01
    1.37000000E+02      -2.069543075747190386E+01
    1.38000000E+02      -2.082106781191526323E+01
    1.39000000E+02      -2.094463682360349566E+01
    1.40000000E+02      -2.106609010882078081E+01
    1.41000000E+02      -2.118470478243528277E+01
    1.42000000E+02      -2.130098915285764605E+01
    1.43000000E+02      -2.141510105318723589E+01
    1.44000000E+02      -2.152700853533445269E+01
    1.45000000E+02      -2.163631630129514605E+01
    1.46000000E+02      -2.174314212984739214E+01
    1.47000000E+02      -2.184776973910032183E+01
    1.48000000E+02      -2.194973898119626909E+01
    1.49000000E+02      -2.204872226900754839E+01
    1.50000000E+02      -2.214538002199827105E+01
    1.51000000E+02      -2.223970413393674761E+01
    1.52000000E+02      -2.233110809511838823E+01
    1.53000000E+02      -2.242037058062253863E+01
    1.54000000E+02      -2.250750017351804644E+01
    1.55000000E+02      -2.259182357973752886E+01
    1.56000000E+02      -2.267411422915159136E+01
    1.57000000E+02      -2.275351667589841753E+01
    1.58000000E+02      -2.283052683062253863E+01
    1.59000000E+02      -2.290494108385740191E+01
    1.60000000E+02      -2.297649812884031206E+01
    1.61000000E+02      -2.304598188585935503E+01
    1.62000000E+02      -2.311306429094968706E+01
    1.63000000E+02      -2.317773866839109331E+01
    1.64000000E+02      -2.323955297655759722E+01
    1.65000000E+02      -2.329925155825315386E+01
    1.66000000E+02      -2.335568380541501909E+01
    1.67000000E+02      -2.341056919283567339E+01
    1.68000000E+02      -2.346270513720212847E+01
    1.69000000E+02      -2.351223612017331988E+01
    1.70000000E+02      -2.355949545092283159E+01
    1.71000000E+02      -2.360372877306638628E+01
    1.72000000E+02      -2.364582872576414019E+01
    1.73000000E+02      -2.368542480654416948E+01
    1.74000000E+02      -2.372282028383909136E+01
    1.75000000E+02      -2.375737524218259722E+01
    1.76000000E+02      -2.378939151949582964E+01
    1.77000000E+02      -2.381946230120359331E+01
    1.78000000E+02      -2.384658909029661089E+01
    1.79000000E+02      -2.387112903780637652E+01
    1.80000000E+02      -2.389372778124509722E+01
    1.81000000E+02      -2.391367483324705034E+01
    1.82000000E+02      -2.393113804049192339E+01
    1.83000000E+02      -2.394622326082883745E+01
    1.84000000E+02      -2.395901107973752886E+01
    1.85000000E+02      -2.396903562731443316E+01
    1.86000000E+02      -2.397671461291013628E+01
    1.87000000E+02      -2.398170614428220659E+01
    1.88000000E+02      -2.398447704500852495E+01
    1.89000000E+02      -2.398458719439206988E+01
    1.90000000E+02      -2.398312521166501909E+01
    1.91000000E+02      -2.397889518923459917E+01
    1.92000000E+02      -2.397275495714841753E+01
    1.93000000E+02      -2.396401596255002886E+01
    1.94000000E+02      -2.395261573977170855E+01
    1.95000000E+02      -2.393968057818113238E+01
    1.96000000E+02      -2.392366123385129839E+01
    1.97000000E+02      -2.390589714235959917E+01
    1.98000000E+02      -2.388595915026365191E+01
    1.99000000E+02      -2.386397171206174761E+01
    2.00000000E+02      -2.383997059054075152E+01
    2.01000000E+02      -2.381319332308469683E+01
    2.02000000E+02      -2.378422498888669878E+01
    2.03000000E+02      -2.375315618700681597E+01
    2.04000000E+02      -2.372017765230832964E+01
    2.05000000E+02      -2.368477678484617144E+01
    2.06000000E+02      -2.364703989214597613E+01
    2.07000000E+02      -2.360724973864255816E+01
    2.08000000E+02      -2.356548023409543902E+01
    2.09000000E+02      -2.352173900789914995E+01
    2.10000000E+02      -2.347579384035764605E+01
    2.11000000E+02      -2.342785930819211870E+01
    2.12000000E+02      -2.337778043932615191E+01
    2.13000000E+02      -2.332589578814206988E+01
    2.14000000E+02      -2.327188348955808550E+01
    2.15000000E+02      -2.321632480807004839E+01
    2.16000000E+02      -2.315919494814573198E+01
    2.17000000E+02      -2.309984779543577105E+01
    2.18000000E+02      -2.303848982042966753E+01
    2.19000000E+02      -2.297519540972410113E+01
    2.20000000E+02      -2.291049337572751909E+01
    2.21000000E+02      -2.284386205858884722E+01
    2.22000000E+02      -2.277494716829954058E+01
    2.23000000E+02      -2.270516538805662066E+01
    2.24000000E+02      -2.263362550921140581E+01
    2.25000000E+02      -2.256071996874509722E+01
    2.26000000E+02      -2.248595047182737261E+01
    2.27000000E+02      -2.240940475649534136E+01
    2.28000000E+02      -2.233143902010618120E+01
    2.29000000E+02      -2.225214672274289995E+01
    2.30000000E+02      -2.217138433642087847E+01
    2.31000000E+02      -2.208937406725583941E+01
    2.32000000E+02      -2.200606680102048784E+01
    2.33000000E+02      -2.192178058809934527E+01
    2.34000000E+02      -2.183575010485349566E+01
    2.35000000E+02      -2.174839401430784136E+01
    2.36000000E+02      -2.166008711046873003E+01
    2.37000000E+02      -2.157046318239866167E+01
    2.38000000E+02      -2.148050451464353472E+01
    2.39000000E+02      -2.138914680666623980E+01
    2.40000000E+02      -2.129685926623044878E+01
    2.41000000E+02      -2.120357418245969683E+01
    2.42000000E+02      -2.110900879091916948E+01
    2.43000000E+02      -2.101480293459592730E+01
    2.44000000E+02      -2.091929912752805620E+01
    2.45000000E+02      -2.082209730333982378E+01
    2.46000000E+02      -2.072445583529172808E+01
    2.47000000E+02      -2.062736177630124956E+01
    2.48000000E+02      -2.052999162859617144E+01
    2.49000000E+02      -2.043195152468381792E+01
    2.50000000E+02      -2.033367967791257769E+01
    2.51000000E+02      -2.023475170321164995E+01
    2.52000000E+02      -2.013544082827268511E+01
    2.53000000E+02      -2.003687238878904253E+01
    2.54000000E+02      -1.993772173113523394E+01
    2.55000000E+02      -1.983928442187009722E+01
    2.56000000E+02      -1.974059248156248003E+01
    2.57000000E+02      -1.964122629351316363E+01
    2.58000000E+02      -1.954295110888181597E+01
    2.59000000E+02      -1.944357967562375933E+01
    2.60000000E+02      -1.934470272249875933E+01
    2.61000000E+02      -1.924752330965696245E+01
    2.62000000E+02      -1.915057945437131792E+01
    2.63000000E+02      -1.905424738115964800E+01
    2.64000000E+02      -1.895909834093748003E+01
    2.65000000E+02      -1.886406612581907183E+01
    2.66000000E+02      -1.877119541353879839E+01
    2.67000000E+02      -1.867885923571287066E+01
    2.68000000E+02      -1.858758068270383745E+01
    2.69000000E+02      -1.849740028567014605E+01
    2.70000000E+02      -1.840871668047605425E+01
    2.71000000E+02      -1.832240772432981402E+01
    2.72000000E+02      -1.823758220858274370E+01
    2.73000000E+02      -1.815316820330320269E+01
    2.74000000E+02      -1.807098102755247027E+01
    2.75000000E+02      -1.799030113405881792E+01
    2.76000000E+02      -1.791196203417478472E+01
    2.77000000E+02      -1.783717251009641558E+01
    2.78000000E+02      -1.776333856768308550E+01
    2.79000000E+02      -1.769166040606199175E+01
    2.80000000E+02      -1.762378788180051714E+01
    2.81000000E+02      -1.755840206331907183E+01
    2.82000000E+02      -1.749408531374631792E+01
    2.83000000E+02      -1.743422651476560503E+01
    2.84000000E+02      -1.737676096148191363E+01
    2.85000000E+02      -1.732337236590085894E+01
    2.86000000E+02      -1.727337217516599566E+01
    2.87000000E+02      -1.722597456164060503E+01
    2.88000000E+02      -1.718197632021604448E+01
    2.89000000E+02      -1.714144087023435503E+01
    2.90000000E+02      -1.710489845461545855E+01
    2.91000000E+02      -1.707197475619016558E+01
    2.92000000E+02      -1.704323816485105425E+01
    2.93000000E+02      -1.701966619677244097E+01
    2.94000000E+02      -1.699923658556638628E+01
    2.95000000E+02      -1.698248338885007769E+01
    2.96000000E+02      -1.697312259859739214E+01
    2.97000000E+02      -1.696704483217893511E+01
    2.98000000E+02      -1.696598196215330034E+01
    2.99000000E+02      -1.696878004259763628E+01
    3.00000000E+02      -1.697908783144651323E+01
    3.01000000E+02      -1.699468755907712847E+01
    3.02000000E+02      -1.701500129885373980E+01
    3.03000000E+02      -1.704092168993650347E+01
    3.04000000E+02      -1.707333374209104448E+01
    3.05000000E+02      -1.711155605501829058E+01
    3.06000000E+02      -1.715746116823850542E+01
    3.07000000E+02      -1.720841312594114214E+01
    3.08000000E+02      -1.726592827028928667E+01
    3.09000000E+02      -1.733021497912107378E+01
    3.10000000E+02      -1.740169286913572222E+01
    3.11000000E+02      -1.747911834902463823E+01
    3.12000000E+02      -1.756523990816770464E+01
    3.13000000E+02      -1.765861892885862261E+01
    3.14000000E+02      -1.776112938112913042E+01
    3.15000000E+02      -1.786924171633420855E+01
    3.16000000E+02      -1.798469352907834917E+01
    3.17000000E+02      -1.810993385500608355E+01
    3.18000000E+02      -1.824613285250364214E+01
    3.19000000E+02      -1.838872623629270464E+01
    3.20000000E+02      -1.853938579744993120E+01
    3.21000000E+02      -1.870149564928708941E+01
    3.22000000E+02      -1.887297439760862261E+01
    3.23000000E+02      -1.905244493670164019E+01
    3.24000000E+02      -1.924224806017576128E+01
    3.25000000E+02      -1.944377660937009722E+01
    3.26000000E+02      -1.965397405810056597E+01
    3.27000000E+02      -1.987522697634397417E+01
    3.28000000E+02      -2.010831976122556597E+01
    3.29000000E+02      -2.035082483477292925E+01
    3.30000000E+02      -2.060520792193113238E+01
    3.31000000E+02      -2.086993551439939409E+01
    3.32000000E+02      -2.114621353335081011E+01
    3.33000000E+02      -2.143493318743406206E+01
    3.34000000E+02      -2.173865127749143511E+01
    3.35000000E+02      -2.205231809801755816E+01
    3.36000000E+02      -2.237619543261228472E+01
    3.37000000E+02      -2.271455383486448198E+01
    3.38000000E+02      -2.306662941164670855E+01
    3.39000000E+02      -2.343092060274778277E+01
    3.40000000E+02      -2.380839824862180620E+01
    3.41000000E+02      -2.420058536715207964E+01
    3.42000000E+02      -2.460418605990110308E+01
    3.43000000E+02      -2.502224397844968706E+01
    3.44000000E+02      -2.545482444948850542E+01
    3.45000000E+02      -2.590446329302488238E+01
    3.46000000E+02      -2.636975622362790972E+01
    3.47000000E+02      -2.684999370760618120E+01
    3.48000000E+02      -2.734596634096799761E+01
    3.49000000E+02      -2.785342884249387652E+01
    3.50000000E+02      -2.837799501604734331E+01
    3.51000000E+02      -2.892197513765989214E+01
    3.52000000E+02      -2.948056841082273394E+01
    3.53000000E+02      -3.005693054384885698E+01
    3.54000000E+02      -3.065249681658445269E+01
    3.55000000E+02      -3.126511478609739214E+01
    3.56000000E+02      -3.189504432863889605E+01
    3.57000000E+02      -3.254120826906858355E+01
    3.58000000E+02      -3.321014070696531206E+01
    3.59000000E+02      -3.389289522356687456E+01
    3.60000000E+02      -3.459540558046995073E+01
    3.61000000E+02      -3.531859731859861284E+01
    3.62000000E+02      -3.606233263201414019E+01
    3.63000000E+02      -3.682751321978269488E+01
    3.64000000E+02      -3.760799360460935503E+01
    3.65000000E+02      -3.840769767946897417E+01
    3.66000000E+02      -3.922860241121946245E+01
    3.67000000E+02      -4.007146358675657183E+01
    3.68000000E+02      -4.094065094179807573E+01
    3.69000000E+02      -4.183091163820920855E+01
    3.70000000E+02      -4.274169922060666948E+01
    3.71000000E+02      -4.367879390902219683E+01
    3.72000000E+02      -4.463777399248777300E+01
    3.73000000E+02      -4.561582327074705034E+01
    3.74000000E+02      -4.661956119723020464E+01
    3.75000000E+02      -4.764552736468015581E+01
    3.76000000E+02      -4.869407415575681597E+01
    3.77000000E+02      -4.977095747179685503E+01
    3.78000000E+02      -5.086478710360227495E+01
    3.79000000E+02      -5.199254942125974566E+01
    3.80000000E+02      -5.314192581362424761E+01
    3.81000000E+02      -5.431383800692258745E+01
    3.82000000E+02      -5.551193952746091753E+01
    3.83000000E+02      -5.674186277575193316E+01
    3.84000000E+02      -5.799742269701658159E+01
    3.85000000E+02      -5.927808571047483355E+01
    3.86000000E+02      -6.059083414263425738E+01
    3.87000000E+02      -6.192956400103269488E+01
    3.88000000E+02      -6.329634523577390581E+01
    3.89000000E+02      -6.468885803408322488E+01
    3.90000000E+02      -6.611322164721188699E+01
    3.91000000E+02      -6.756877660937009011E+01
    3.92000000E+02      -6.905532503313717996E+01
    3.93000000E+02      -7.055874920077023660E+01
    3.94000000E+02      -7.210300445742306863E+01
    3.95000000E+02      -7.367740392870602761E+01
    3.96000000E+02      -7.528374815172848855E+01
    3.97000000E+02      -7.692523098177609597E+01
    3.98000000E+02      -7.859036779589352761E+01
    3.99000000E+02      -8.028600645250973855E+01
    4.00000000E+02      -8.202049684710202371E+01
    4.01000000E+02      -8.378967523760495340E+01
    4.02000000E+02      -8.559002065844235574E+01
    4.03000000E+02      -8.743161344713864480E+01
    4.04000000E+02      -8.930077505297360574E+01
    4.05000000E+02      -9.121459150499997293E+01
    4.06000000E+02      -9.314532041735348855E+01
    4.07000000E+02      -9.512357425875363504E+01
    4.08000000E+02      -9.713123274035153543E+01
    4.09000000E+02      -9.919847631640134011E+01
    4.10000000E+02      -1.012813749331921116E+02
    4.11000000E+02      -1.034075579661816136E+02
    4.12000000E+02      -1.055776815432995335E+02
    4.13000000E+02      -1.077821526545971409E+02
    4.14000000E+02      -1.100143194217175022E+02
    4.15000000E+02      -1.123048810977428928E+02
    4.16000000E+02      -1.146274108905285374E+02
    4.17000000E+02      -1.169886012095898167E+02
    4.18000000E+02      -1.193909325618237034E+02
    4.19000000E+02      -1.218432769793957249E+02
    4.20000000E+02      -1.243279161471813694E+02
    4.21000000E+02      -1.268486981410473362E+02
    4.22000000E+02      -1.294091906566113153E+02
    4.23000000E+02      -1.320124211329907098E+02
    4.24000000E+02      -1.346701517123669305E+02
    4.25000000E+02      -1.373751730937451043E+02
    4.26000000E+02      -1.401284432429760614E+02
    4.27000000E+02      -1.429288477916210809E+02
    4.28000000E+02      -1.457577624339550653E+02
    4.29000000E+02      -1.486476721782177606E+02
    4.30000000E+02      -1.515821132678478875E+02
    4.31000000E+02      -1.545543389338940301E+02
    4.32000000E+02      -1.575802040118664422E+02
    4.33000000E+02      -1.606633291263073602E+02
    4.34000000E+02      -1.637925877589672723E+02
    4.35000000E+02      -1.669511699695080438E+02
    4.36000000E+02      -1.701639838237255731E+02
    4.37000000E+02      -1.734325747508495965E+02
    4.38000000E+02      -1.767378091830700555E+02
    4.39000000E+02      -1.801032595653027215E+02
    4.40000000E+02      -1.835083317775219598E+02
    4.41000000E+02      -1.869962801951855340E+02
    4.42000000E+02      -1.905251054782360711E+02
    4.43000000E+02      -1.940959544200390496E+02
    4.44000000E+02      -1.977213172931164422E+02
    4.45000000E+02      -2.013999428767651239E+02
    4.46000000E+02      -2.051428656596630731E+02
    4.47000000E+02      -2.089342708606213250E+02
    4.48000000E+02      -2.127852377910107293E+02
    4.49000000E+02      -2.166970133799999871E+02
    4.50000000E+02      -2.206697564143627801E+02
    4.51000000E+02      -2.246866555232494989E+02
    4.52000000E+02      -2.287552061099499383E+02
    4.53000000E+02      -2.329108414668530145E+02
    4.54000000E+02      -2.371076126117199578E+02
    4.55000000E+02      -2.413704543132275262E+02
    4.56000000E+02      -2.456820759791821160E+02
    4.57000000E+02      -2.500517849940746942E+02
    4.58000000E+02      -2.545108695048779168E+02
    4.59000000E+02      -2.590119757670849481E+02
    4.60000000E+02      -2.635497093219250360E+02
    4.61000000E+02      -2.681766786593884149E+02
    4.62000000E+02      -2.728768930453747430E+02
    4.63000000E+02      -2.776283149737805047E+02
    4.64000000E+02      -2.824545307177990594E+02
    4.65000000E+02      -2.873239951152294793E+02
    4.66000000E+02      -2.922725691813915887E+02
    4.67000000E+02      -2.973005599994152703E+02
    4.68000000E+02      -3.023905177134960809E+02
    4.69000000E+02      -3.075311603564709344E+02
    4.70000000E+02      -3.127596192378491082E+02
    4.71000000E+02      -3.180431880969494500E+02
    4.72000000E+02      -3.234146699923962274E+02
    4.73000000E+02      -3.288531684894055047E+02
    4.74000000E+02      -3.343501596469372430E+02
    4.75000000E+02      -3.399477548617809930E+02
    4.76000000E+02      -3.455831990260571160E+02
    4.77000000E+02      -3.512890486735790887E+02
    4.78000000E+02      -3.571047477740734735E+02
    4.79000000E+02      -3.629709749240368524E+02
    4.80000000E+02      -3.689002356547802606E+02
    4.81000000E+02      -3.749062685985058465E+02
    4.82000000E+02      -3.809806566256970086E+02
    4.83000000E+02      -3.871373419780224481E+02
    4.84000000E+02      -3.933726072329968133E+02
    4.85000000E+02      -3.997087440509289422E+02
    4.86000000E+02      -4.061173405665844598E+02
    4.87000000E+02      -4.125876340884655633E+02
    4.88000000E+02      -4.191405425090283074E+02
    4.89000000E+02      -4.257867074031323114E+02
    4.90000000E+02      -4.325120191592663446E+02
    4.91000000E+02      -4.393265967387646356E+02
    4.92000000E+02      -4.462164444941967645E+02
    4.93000000E+02      -4.531710963267773309E+02
    4.94000000E+02      -4.602211389560192742E+02
    4.95000000E+02      -4.673816289920300164E+02
    4.96000000E+02      -4.746206965465038934E+02
    4.97000000E+02      -4.819135928172558465E+02
    4.98000000E+02      -4.893343048114269891E+02
    4.99000000E+02      -4.968325762767285028E+02
    5.00000000E+02      -5.044039335269421258E+02
    5.01000000E+02      -5.120326542872875279E+02
    5.02000000E+02      -5.198108696956127233E+02
    5.03000000E+02      -5.276391558665721959E+02
    5.04000000E+02      -5.355890417117565221E+02
    5.05000000E+02      -5.436548500079601354E+02
    5.06000000E+02      -5.518265490550487584E+02
    5.07000000E+02      -5.600742530841320104E+02
    5.08000000E+02      -5.683890814799755162E+02
    5.09000000E+02      -5.767998261470287389E+02
    5.10000000E+02      -5.852540984172313756E+02
