    0.00000000E+00      -1.177057401776299272E+01
    1.00000000E+00      -9.431565887397010073E+00
    2.00000000E+00      -7.765721754040423974E+00
    3.00000000E+00      -6.485634591299895391E+00
    4.00000000E+00      -5.473281912142265782E+00
    5.00000000E+00      -4.663911008145515069E+00
    6.00000000E+00      -4.016945155905414566E+00
    7.00000000E+00      -3.504469941938150868E+00
    8.00000000E+00      -3.105939068235311851E+00
    9.00000000E+00      -2.805176476118941054E+00
    1.00000000E+01      -2.589800217756856426E+00
    1.10000000E+01      -2.449958636993397221E+00
    1.20000000E+01      -2.377539349822182402E+00
    1.30000000E+01      -2.365709395250160441E+00
    1.40000000E+01      -2.408439819337655052E+00
    1.50000000E+01      -2.500536378575343832E+00
    1.60000000E+01      -2.637424737783003792E+00
    1.70000000E+01      -2.815425960449356779E+00
    1.80000000E+01      -3.031178601654101357E+00
    1.90000000E+01      -3.281585046890977964E+00
    2.00000000E+01      -3.563779853153828725E+00
    2.10000000E+01      -3.875534460516501412E+00
    2.20000000E+01      -4.214731510830898031E+00
    2.30000000E+01      -4.578749646069336876E+00
    2.40000000E+01      -4.965926447752718076E+00
    2.50000000E+01      -5.374949344303313836E+00
    2.60000000E+01      -5.803625898770842895E+00
    2.70000000E+01      -6.250858116997260794E+00
    2.80000000E+01      -6.715433715246472701E+00
    2.90000000E+01      -7.196349607417214855E+00
    3.00000000E+01      -7.692062295842770681E+00
    3.10000000E+01      -8.201552229802910432E+00
    3.20000000E+01      -8.723783726673428163E+00
    3.30000000E+01      -9.257632509441901192E+00
    3.40000000E+01      -9.802413111189235195E+00
    3.50000000E+01      -1.035715953387305532E+01
    3.60000000E+01      -1.092122211503781770E+01
    3.70000000E+01      -1.149392657574251686E+01
    3.80000000E+01      -1.207488731491364931E+01
    3.90000000E+01      -1.266285884320721422E+01
    4.00000000E+01      -1.325787435621939991E+01
    4.10000000E+01      -1.385905964985475336E+01
    4.20000000E+01      -1.446540005422182773E+01
    4.30000000E+01      -1.507714089365661536E+01
    4.40000000E+01      -1.569274918302879129E+01
    4.50000000E+01      -1.631270308127612267E+01
    4.60000000E+01      -1.693649540805243348E+01
    4.70000000E+01      -1.756338279425152038E+01
    4.80000000E+01      -1.819279597151078676E+01
    4.90000000E+01      -1.882499375227824245E+01
    5.00000000E+01      -1.945901818397440408E+01
    5.10000000E+01      -2.009577453845166062E+01
    5.20000000E+01      -2.073379103244267796E+01
    5.30000000E+01      -2.137258106689885651E+01
    5.40000000E+01      -2.201214082106933390E+01
    5.50000000E+01      -2.265231957878902946E+01
    5.60000000E+01      -2.329210562921114658E+01
    5.70000000E+01      -2.393237387049928699E+01
    5.80000000E+01      -2.457224704824373518E+01
    5.90000000E+01      -2.521185900234602784E+01
    6.00000000E+01      -2.585078058145925795E+01
    6.10000000E+01      -2.648848915319875275E+01
    6.20000000E+01      -2.712441063123740648E+01
    6.30000000E+01      -2.775944784433566426E+01
    6.40000000E+01      -2.839285561196491514E+01
    6.50000000E+01      -2.902396630738847350E+01
    6.60000000E+01      -2.965356209581703339E+01
    6.70000000E+01      -3.028144624676540886E+01
    6.80000000E+01      -3.090740642846547459E+01
    6.90000000E+01      -3.153062029146574829E+01
    7.00000000E+01      -3.215037750020609053E+01
    7.10000000E+01      -3.276818241375484320E+01
    7.20000000E+01      -3.338274590914123507E+01
    7.30000000E+01      -3.399449202801086756E+01
    7.40000000E+01      -3.460333478367873283E+01
    7.50000000E+01      -3.520912651285514983E+01
    7.60000000E+01      -3.581192825325750562E+01
    7.70000000E+01      -3.641068166434750708E+01
    7.80000000E+01      -3.700673048278302701E+01
    7.90000000E+01      -3.759912019861847909E+01
    8.00000000E+01      -3.818763023438849302E+01
    8.10000000E+01      -3.877231596071258934E+01
    8.20000000E+01      -3.935307424618848415E+01
    8.30000000E+01      -3.993021460283533486E+01
    8.40000000E+01      -4.050310286051579567E+01
    8.50000000E+01      -4.107250777176567169E+01
    8.60000000E+01      -4.163791475175865742E+01
    8.70000000E+01      -4.219970972101189943E+01
    8.80000000E+01      -4.275746159777962419E+01
    8.90000000E+01      -4.330972274286658319E+01
    9.00000000E+01      -4.385805118257165702E+01
    9.10000000E+01      -4.440274378458023818E+01
    9.20000000E+01      -4.494294420500271769E+01
    9.30000000E+01      -4.547909040316925200E+01
    9.40000000E+01      -4.601078190734595807E+01
    9.50000000E+01      -4.653766270783715697E+01
    9.60000000E+01      -4.706021581623689087E+01
    9.70000000E+01      -4.757839553627171369E+01
    9.80000000E+01      -4.809222876500324162E+01
    9.90000000E+01      -4.860185974776730689E+01
    1.00000000E+02      -4.910675261831828209E+01
    1.01000000E+02      -4.960664471179232748E+01
    1.02000000E+02      -5.010316553372875603E+01
    1.03000000E+02      -5.059418005809173735E+01
    1.04000000E+02      -5.108063406111658367E+01
    1.05000000E+02      -5.156210282455184313E+01
    1.06000000E+02      -5.203975113049135359E+01
    1.07000000E+02      -5.251255757441730054E+01
    1.08000000E+02      -5.298131750068613144E+01
    1.09000000E+02      -5.344622107023359092E+01
    1.10000000E+02      -5.390534971245550366E+01
    1.11000000E+02      -5.436009668592349442E+01
    1.12000000E+02      -5.481122101597473772E+01
    1.13000000E+02      -5.525632969626211377E+01
    1.14000000E+02      -5.569720223160446437E+01
    1.15000000E+02      -5.613366486398489030E+01
    1.16000000E+02      -5.656473312816568466E+01
    1.17000000E+02      -5.699090928361736985E+01
    1.18000000E+02      -5.741265791944213959E+01
    1.19000000E+02      -5.782933175760307165E+01
    1.20000000E+02      -5.824197345493347200E+01
    1.21000000E+02      -5.864903276586890968E+01
    1.22000000E+02      -5.905213464504093679E+01
    1.23000000E+02      -5.945089421454802903E+01
    1.24000000E+02      -5.984571180246756228E+01
    1.25000000E+02      -6.023514992893659326E+01
    1.26000000E+02      -6.061962724347584697E+01
    1.27000000E+02      -6.099954456054591390E+01
    1.28000000E+02      -6.137553162300945075E+01
    1.29000000E+02      -6.174603033262290808E+01
    1.30000000E+02      -6.211200676077031346E+01
    1.31000000E+02      -6.247293297770418974E+01
    1.32000000E+02      -6.283007018604301663E+01
    1.33000000E+02      -6.318256842867457124E+01
    1.34000000E+02      -6.353138808124684545E+01
    1.35000000E+02      -6.387424158128895613E+01
    1.36000000E+02      -6.421355914916829022E+01
    1.37000000E+02      -6.454672400780007990E+01
    1.38000000E+02      -6.487545292648472639E+01
    1.39000000E+02      -6.519950653902240845E+01
    1.40000000E+02      -6.551923638382912429E+01
    1.41000000E+02      -6.583358281954177471E+01
    1.42000000E+02      -6.614372663000584396E+01
    1.43000000E+02      -6.644999767454326900E+01
    1.44000000E+02      -6.675138621764243396E+01
    1.45000000E+02      -6.704851492085479947E+01
    1.46000000E+02      -6.734097875222549590E+01
    1.47000000E+02      -6.762807348101385685E+01
    1.48000000E+02      -6.790920953323119136E+01
    1.49000000E+02      -6.818774707579039784E+01
    1.50000000E+02      -6.845999799422905596E+01
    1.51000000E+02      -6.872965846593477579E+01
    1.52000000E+02      -6.899592325078309329E+01
    1.53000000E+02      -6.925611042334683987E+01
    1.54000000E+02      -6.951221719627254458E+01
    1.55000000E+02      -6.976449219776303323E+01
    1.56000000E+02      -7.001017195229404422E+01
    1.57000000E+02      -7.024993588576079162E+01
    1.58000000E+02      -7.048616061928667875E+01
    1.59000000E+02      -7.071882177224368604E+01
    1.60000000E+02      -7.094702838161946090E+01
    1.61000000E+02      -7.117021366288871320E+01
    1.62000000E+02      -7.138924030364476891E+01
    1.63000000E+02      -7.160418465627343210E+01
    1.64000000E+02      -7.181382492311284693E+01
    1.65000000E+02      -7.201774522439562531E+01
    1.66000000E+02      -7.221836907333680244E+01
    1.67000000E+02      -7.241444255934082719E+01
    1.68000000E+02      -7.260581669594147058E+01
    1.69000000E+02      -7.279264336415552350E+01
    1.70000000E+02      -7.297506764913894983E+01
    1.71000000E+02      -7.315252777269095930E+01
    1.72000000E+02      -7.332679436924853178E+01
    1.73000000E+02      -7.349459112818338724E+01
    1.74000000E+02      -7.365736356923342498E+01
    1.75000000E+02      -7.381855380289242419E+01
    1.76000000E+02      -7.397376007340834292E+01
    1.77000000E+02      -7.412397134640239926E+01
    1.78000000E+02      -7.427028331729569288E+01
    1.79000000E+02      -7.441255017566480490E+01
    1.80000000E+02      -7.455044655116260799E+01
    1.81000000E+02      -7.468296031710677596E+01
    1.82000000E+02      -7.481177762603373083E+01
    1.83000000E+02      -7.493514929139972480E+01
    1.84000000E+02      -7.505448191483490916E+01
    1.85000000E+02      -7.516817114163175972E+01
    1.86000000E+02      -7.527713218341567369E+01
    1.87000000E+02      -7.538094648007289322E+01
    1.88000000E+02      -7.548047371288747343E+01
    1.89000000E+02      -7.557605230189845713E+01
    1.90000000E+02      -7.566783384430208059E+01
    1.91000000E+02      -7.575507120379232617E+01
    1.92000000E+02      -7.583643620471455904E+01
    1.93000000E+02      -7.591355268225059660E+01
    1.94000000E+02      -7.598676443412885817E+01
    1.95000000E+02      -7.605482842876561733E+01
    1.96000000E+02      -7.611788524068877848E+01
    1.97000000E+02      -7.617594446345218273E+01
    1.98000000E+02      -7.623075020905569943E+01
    1.99000000E+02      -7.627979873433694991E+01
    2.00000000E+02      -7.632473601387799533E+01
    2.01000000E+02      -7.636560437861815842E+01
    2.02000000E+02      -7.640201818580725046E+01
    2.03000000E+02      -7.643289444140144440E+01
    2.04000000E+02      -7.645986254337229582E+01
    2.05000000E+02      -7.648190714475684615E+01
    2.06000000E+02      -7.650074404139057549E+01
    2.07000000E+02      -7.651385039590284975E+01
    2.08000000E+02      -7.652105876580797883E+01
    2.09000000E+02      -7.652549752486855539E+01
    2.10000000E+02      -7.652577155652441832E+01
    2.11000000E+02      -7.652074566167765113E+01
    2.12000000E+02      -7.651150659342282268E+01
    2.13000000E+02      -7.649771794803426417E+01
    2.14000000E+02      -7.647936697826706620E+01
    2.15000000E+02      -7.645691005686283859E+01
    2.16000000E+02      -7.642978011454441400E+01
    2.17000000E+02      -7.639802977709085496E+01
    2.18000000E+02      -7.636260658675790580E+01
    2.19000000E+02      -7.632068329733782264E+01
    2.20000000E+02      -7.627561291457139703E+01
    2.21000000E+02      -7.622721454464816304E+01
    2.22000000E+02      -7.617308771387659760E+01
    2.23000000E+02      -7.611788201482021066E+01
    2.24000000E+02      -7.605548972926088425E+01
    2.25000000E+02      -7.598720262582399698E+01
    2.26000000E+02      -7.591498710132189842E+01
    2.27000000E+02      -7.583852458452791723E+01
    2.28000000E+02      -7.575775167426080259E+01
    2.29000000E+02      -7.567232679981724175E+01
    2.30000000E+02      -7.558126960868001731E+01
    2.31000000E+02      -7.548655689215273412E+01
    2.32000000E+02      -7.538813072499804946E+01
    2.33000000E+02      -7.528581147301927956E+01
    2.34000000E+02      -7.517891272400491687E+01
    2.35000000E+02      -7.506621712898821386E+01
    2.36000000E+02      -7.494973690631785246E+01
    2.37000000E+02      -7.482979020579703899E+01
    2.38000000E+02      -7.470504590040989967E+01
    2.39000000E+02      -7.457646975979194792E+01
    2.40000000E+02      -7.444321014788918944E+01
    2.41000000E+02      -7.430630613384754213E+01
    2.42000000E+02      -7.416451613801517340E+01
    2.43000000E+02      -7.402021950609967860E+01
    2.44000000E+02      -7.387006382165462526E+01
    2.45000000E+02      -7.371606778270550819E+01
    2.46000000E+02      -7.355849158937097343E+01
    2.47000000E+02      -7.339601790705681594E+01
    2.48000000E+02      -7.323075102792107316E+01
    2.49000000E+02      -7.306111460166037830E+01
    2.50000000E+02      -7.288836183176361772E+01
    2.51000000E+02      -7.271087206444688888E+01
    2.52000000E+02      -7.253051725692101570E+01
    2.53000000E+02      -7.234585787040167304E+01
    2.54000000E+02      -7.215760092889875921E+01
    2.55000000E+02      -7.196532619032994660E+01
    2.56000000E+02      -7.176817042204537245E+01
    2.57000000E+02      -7.156805810086414965E+01
    2.58000000E+02      -7.136445176984169336E+01
    2.59000000E+02      -7.115700951415099951E+01
    2.60000000E+02      -7.094492525524445625E+01
    2.61000000E+02      -7.072947627595611664E+01
    2.62000000E+02      -7.051142520095207544E+01
    2.63000000E+02      -7.029007912949644776E+01
    2.64000000E+02      -7.006594837257624420E+01
    2.65000000E+02      -6.983746977416784318E+01
    2.66000000E+02      -6.960566553041324767E+01
    2.67000000E+02      -6.937234953405321392E+01
    2.68000000E+02      -6.913586613732375952E+01
    2.69000000E+02      -6.889654640677370878E+01
    2.70000000E+02      -6.865366195059367271E+01
    2.71000000E+02      -6.840963024423443528E+01
    2.72000000E+02      -6.816301589492694291E+01
    2.73000000E+02      -6.791234601415679606E+01
    2.74000000E+02      -6.766081803907626124E+01
    2.75000000E+02      -6.740549751847036930E+01
    2.76000000E+02      -6.714847436394528302E+01
    2.77000000E+02      -6.688915635935016724E+01
    2.78000000E+02      -6.662684530029990526E+01
    2.79000000E+02      -6.636422343539059909E+01
    2.80000000E+02      -6.609926710963235053E+01
    2.81000000E+02      -6.582938370537929984E+01
    2.82000000E+02      -6.556051679757409545E+01
    2.83000000E+02      -6.529270679141380640E+01
    2.84000000E+02      -6.502221961166695507E+01
    2.85000000E+02      -6.475084851971813293E+01
    2.86000000E+02      -6.447846461470224710E+01
    2.87000000E+02      -6.420338939210385831E+01
    2.88000000E+02      -6.393006679984726759E+01
    2.89000000E+02      -6.365416204427354785E+01
    2.90000000E+02      -6.338058786313966664E+01
    2.91000000E+02      -6.310605612873085590E+01
    2.92000000E+02      -6.283033332215607913E+01
    2.93000000E+02      -6.255693983296849581E+01
    2.94000000E+02      -6.228306902419761570E+01
    2.95000000E+02      -6.201077452545040103E+01
    2.96000000E+02      -6.173489287598975750E+01
    2.97000000E+02      -6.146271154993199559E+01
    2.98000000E+02      -6.119131403286927195E+01
    2.99000000E+02      -6.092040074696750196E+01
    3.00000000E+02      -6.065325596636147054E+01
    3.01000000E+02      -6.038489033501581105E+01
    3.02000000E+02      -6.011933952510342749E+01
    3.03000000E+02      -5.985750581869841369E+01
    3.04000000E+02      -5.959576158049502226E+01
    3.05000000E+02      -5.933748780527137967E+01
    3.06000000E+02      -5.908137539854259046E+01
    3.07000000E+02      -5.882655576533623787E+01
    3.08000000E+02      -5.857535117409177872E+01
    3.09000000E+02      -5.832846105458200725E+01
    3.10000000E+02      -5.808313449878231438E+01
    3.11000000E+02      -5.784594924245946856E+01
    3.12000000E+02      -5.760825920068644734E+01
    3.13000000E+02      -5.737298632656209918E+01
    3.14000000E+02      -5.714447295280159267E+01
    3.15000000E+02      -5.692124565118909629E+01
    3.16000000E+02      -5.669823981459238382E+01
    3.17000000E+02      -5.648162305085905643E+01
    3.18000000E+02      -5.626941031763315948E+01
    3.19000000E+02      -5.606320450907558950E+01
    3.20000000E+02      -5.585800425415844472E+01
    3.21000000E+02      -5.566124315826208147E+01
    3.22000000E+02      -5.547298081625238808E+01
    3.23000000E+02      -5.528609057665788384E+01
    3.24000000E+02      -5.511066294448436054E+01
    3.25000000E+02      -5.494315053230137380E+01
    3.26000000E+02      -5.477735327590242775E+01
    3.27000000E+02      -5.461999081434667858E+01
    3.28000000E+02      -5.447626741869360956E+01
    3.29000000E+02      -5.433482582085751744E+01
    3.30000000E+02      -5.420129583320566269E+01
    3.31000000E+02      -5.407165209749699386E+01
    3.32000000E+02      -5.395109091732636841E+01
    3.33000000E+02      -5.384417231135056170E+01
    3.34000000E+02      -5.374446194419623168E+01
    3.35000000E+02      -5.365091788685866447E+01
    3.36000000E+02      -5.356543363454737516E+01
    3.37000000E+02      -5.349208808770389112E+01
    3.38000000E+02      -5.342987176064387711E+01
    3.39000000E+02      -5.337616903647766264E+01
    3.40000000E+02      -5.333111670088008793E+01
    3.41000000E+02      -5.329603346982956680E+01
    3.42000000E+02      -5.327464094558716567E+01
    3.43000000E+02      -5.326592683709212395E+01
    3.44000000E+02      -5.326151513714329155E+01
    3.45000000E+02      -5.327251700019449743E+01
    3.46000000E+02      -5.330193052218281480E+01
    3.47000000E+02      -5.333651395571403953E+01
    3.48000000E+02      -5.338524061102405938E+01
    3.49000000E+02      -5.344489786341772231E+01
    3.50000000E+02      -5.352115019514211269E+01
    3.51000000E+02      -5.361357578016803416E+01
    3.52000000E+02      -5.371988582830861958E+01
    3.53000000E+02      -5.383902114290729912E+01
    3.54000000E+02      -5.396931736600571128E+01
    3.55000000E+02      -5.411344928444349023E+01
    3.56000000E+02      -5.427549645128645750E+01
    3.57000000E+02      -5.445103459047139438E+01
    3.58000000E+02      -5.464229741958887132E+01
    3.59000000E+02      -5.485378699038163575E+01
    3.60000000E+02      -5.508446901441537591E+01
    3.61000000E+02      -5.532830465874620529E+01
    3.62000000E+02      -5.559121617754907163E+01
    3.63000000E+02      -5.586648147190906855E+01
    3.64000000E+02      -5.616105247485437246E+01
    3.65000000E+02      -5.647245260803946110E+01
    3.66000000E+02      -5.680849809326217326E+01
    3.67000000E+02      -5.715692842389442774E+01
    3.68000000E+02      -5.754222488180720063E+01
    3.69000000E+02      -5.793172000847742709E+01
    3.70000000E+02      -5.833984558224663886E+01
    3.71000000E+02      -5.877350695697576555E+01
    3.72000000E+02      -5.923216761891715976E+01
    3.73000000E+02      -5.970606301804990323E+01
    3.74000000E+02      -6.020282555963829907E+01
    3.75000000E+02      -6.071800151477553698E+01
    3.76000000E+02      -6.126002114159972223E+01
    3.77000000E+02      -6.183214661209829899E+01
    3.78000000E+02      -6.241269968437016757E+01
    3.79000000E+02      -6.301478701397762450E+01
    3.80000000E+02      -6.365111607463084908E+01
    3.81000000E+02      -6.430461529792272302E+01
    3.82000000E+02      -6.499173655324601384E+01
    3.83000000E+02      -6.568524035006747397E+01
    3.84000000E+02      -6.640913890033014866E+01
    3.85000000E+02      -6.716627246966571363E+01
    3.86000000E+02      -6.794938321677953752E+01
    3.87000000E+02      -6.875054182937354597E+01
    3.88000000E+02      -6.958495112053104492E+01
    3.89000000E+02      -7.044798754631527515E+01
    3.90000000E+02      -7.133377081748083981E+01
    3.91000000E+02      -7.224928789433077725E+01
    3.92000000E+02      -7.319942017119363697E+01
    3.93000000E+02      -7.415961843459852787E+01
    3.94000000E+02      -7.516651033923015746E+01
    3.95000000E+02      -7.620285913963788005E+01
    3.96000000E+02      -7.726573606986538323E+01
    3.97000000E+02      -7.835601573773645612E+01
    3.98000000E+02      -7.948404248325140031E+01
    3.99000000E+02      -8.063347464786828311E+01
    4.00000000E+02      -8.182948042392716559E+01
    4.01000000E+02      -8.304865288744666429E+01
    4.02000000E+02      -8.430246531321652981E+01
    4.03000000E+02      -8.559726545411147924E+01
    4.04000000E+02      -8.691152302674935015E+01
    4.05000000E+02      -8.826748510460355135E+01
    4.06000000E+02      -8.966777736308038982E+01
    4.07000000E+02      -9.110768077439614387E+01
    4.08000000E+02      -9.256515016812817009E+01
    4.09000000E+02      -9.406739129136302324E+01
    4.10000000E+02      -9.561081989049897345E+01
    4.11000000E+02      -9.718202847229302677E+01
    4.12000000E+02      -9.879710174711406978E+01
    4.13000000E+02      -1.004504962550567910E+02
    4.14000000E+02      -1.021420088830495700E+02
    4.15000000E+02      -1.038619670391640142E+02
    4.16000000E+02      -1.056379510325937048E+02
    4.17000000E+02      -1.074477828211242780E+02
    4.18000000E+02      -1.092831150815913901E+02
    4.19000000E+02      -1.111906117108742222E+02
    4.20000000E+02      -1.131220753314996585E+02
    4.21000000E+02      -1.150930197596176043E+02
    4.22000000E+02      -1.170887376580944732E+02
    4.23000000E+02      -1.191453946871774718E+02
    4.24000000E+02      -1.212565435756555274E+02
    4.25000000E+02      -1.234026290558835939E+02
    4.26000000E+02      -1.256016040950639621E+02
    4.27000000E+02      -1.278340831388345435E+02
    4.28000000E+02      -1.301058904941750995E+02
    4.29000000E+02      -1.324408484882301025E+02
    4.30000000E+02      -1.348154506742580168E+02
    4.31000000E+02      -1.372487964153847031E+02
    4.32000000E+02      -1.397395342880485885E+02
    4.33000000E+02      -1.422689681310298226E+02
    4.34000000E+02      -1.448416555680891804E+02
    4.35000000E+02      -1.474587158955259554E+02
    4.36000000E+02      -1.501227655188272081E+02
    4.37000000E+02      -1.528390003741810403E+02
    4.38000000E+02      -1.556191384101843767E+02
    4.39000000E+02      -1.584405529076325081E+02
    4.40000000E+02      -1.613281191364953600E+02
    4.41000000E+02      -1.642740058888307146E+02
    4.42000000E+02      -1.672654092813467912E+02
    4.43000000E+02      -1.703139148392806135E+02
    4.44000000E+02      -1.734203138273300908E+02
    4.45000000E+02      -1.765688225863127343E+02
    4.46000000E+02      -1.797785430970693312E+02
    4.47000000E+02      -1.830613228542356126E+02
    4.48000000E+02      -1.863868630492220007E+02
    4.49000000E+02      -1.897653229225984148E+02
    4.50000000E+02      -1.932217428436128728E+02
    4.51000000E+02      -1.967263601041490517E+02
    4.52000000E+02      -2.002991071553992413E+02
    4.53000000E+02      -2.039197963803166829E+02
    4.54000000E+02      -2.076135214114187590E+02
    4.55000000E+02      -2.113612192306759141E+02
    4.56000000E+02      -2.151657240186909519E+02
    4.57000000E+02      -2.190406210493387960E+02
    4.58000000E+02      -2.229872922011277012E+02
    4.59000000E+02      -2.270243870097769729E+02
    4.60000000E+02      -2.311076528919952295E+02
    4.61000000E+02      -2.352666261953858964E+02
    4.62000000E+02      -2.394591396296022765E+02
    4.63000000E+02      -2.437349386833234064E+02
    4.64000000E+02      -2.480728290957490287E+02
    4.65000000E+02      -2.524773192602301322E+02
    4.66000000E+02      -2.569564486642925658E+02
    4.67000000E+02      -2.615135530565025874E+02
    4.68000000E+02      -2.660940310886221596E+02
    4.69000000E+02      -2.708099762516653755E+02
    4.70000000E+02      -2.755419548064096489E+02
    4.71000000E+02      -2.803803118957298466E+02
    4.72000000E+02      -2.853166714144031175E+02
    4.73000000E+02      -2.902891864889393219E+02
    4.74000000E+02      -2.953462189772258171E+02
    4.75000000E+02      -3.004795044209899970E+02
    4.76000000E+02      -3.056824225823952474E+02
    4.77000000E+02      -3.109720319771299728E+02
    4.78000000E+02      -3.163606895633133718E+02
    4.79000000E+02      -3.218148909663873383E+02
    4.80000000E+02      -3.273318896194546141E+02
    4.81000000E+02      -3.329269032314045944E+02
    4.82000000E+02      -3.386314749192538329E+02
    4.83000000E+02      -3.443635839250496247E+02
    4.84000000E+02      -3.502488011709506281E+02
    4.85000000E+02      -3.561472986341545948E+02
    4.86000000E+02      -3.621690992928201922E+02
    4.87000000E+02      -3.682858852679933079E+02
    4.88000000E+02      -3.744839579543190666E+02
    4.89000000E+02      -3.807466622713113793E+02
    4.90000000E+02      -3.871158812200742432E+02
    4.91000000E+02      -3.935467555721847930E+02
    4.92000000E+02      -4.000823065625595518E+02
    4.93000000E+02      -4.067103475670887747E+02
    4.94000000E+02      -4.133713725997226902E+02
    4.95000000E+02      -4.202122217625005760E+02
    4.96000000E+02      -4.269978953687100329E+02
    4.97000000E+02      -4.298221992122566917E+02
    4.98000000E+02      -4.363603159420749762E+02
    4.99000000E+02      -4.448743101012519219E+02
    5.00000000E+02      -4.523590628931856372E+02
    5.01000000E+02      -4.624961777276917019E+02
    5.02000000E+02      -4.699421074957213023E+02
    5.03000000E+02      -4.774595860912090757E+02
    5.04000000E+02      -4.850491149461454370E+02
    5.05000000E+02      -4.928133722365460017E+02
    5.06000000E+02      -5.007674042893199839E+02
    5.07000000E+02      -5.087105795921384015E+02
    5.08000000E+02      -5.123951603354512372E+02
    5.09000000E+02      -5.258746652275881388E+02
    5.10000000E+02      -5.341862574420961209E+02
