    0.00000000E+00      -7.785817771038853863E+00
    1.00000000E+00      -7.051875217172199228E+00
    2.00000000E+00      -6.978529294307225683E+00
    3.00000000E+00      -7.278336276120388249E+00
    4.00000000E+00      -7.833389384492182472E+00
    5.00000000E+00      -8.578909590194815138E+00
    6.00000000E+00      -9.474153765297376850E+00
    7.00000000E+00      -1.049073484754829977E+01
    8.00000000E+00      -1.160829660418152187E+01
    9.00000000E+00      -1.281073337123438094E+01
    1.00000000E+01      -1.408557585422589753E+01
    1.10000000E+01      -1.542289788025140140E+01
    1.20000000E+01      -1.681442797072871898E+01
    1.30000000E+01      -1.825275614932819579E+01
    1.40000000E+01      -1.973207091661810253E+01
    1.50000000E+01      -2.124700423218950007E+01
    1.60000000E+01      -2.279304095712199185E+01
    1.70000000E+01      -2.436605400480970118E+01
    1.80000000E+01      -2.596247403911023710E+01
    1.90000000E+01      -2.757922731182246778E+01
    2.00000000E+01      -2.921318822056695197E+01
    2.10000000E+01      -3.086166218743368361E+01
    2.20000000E+01      -3.252230783347680898E+01
    2.30000000E+01      -3.419270290136977763E+01
    2.40000000E+01      -3.587084460613026948E+01
    2.50000000E+01      -3.755452832375362249E+01
    2.60000000E+01      -3.924190283781558009E+01
    2.70000000E+01      -4.093144201469316812E+01
    2.80000000E+01      -4.262115790956362815E+01
    2.90000000E+01      -4.430970779276162119E+01
    3.00000000E+01      -4.599514326854318114E+01
    3.10000000E+01      -4.767637782945006819E+01
    3.20000000E+01      -4.935213100566237898E+01
    3.30000000E+01      -5.102056695596024127E+01
    3.40000000E+01      -5.268052866198762985E+01
    3.50000000E+01      -5.433035912067338558E+01
    3.60000000E+01      -5.596849515177949996E+01
    3.70000000E+01      -5.759337325981527300E+01
    3.80000000E+01      -5.920419787038758130E+01
    3.90000000E+01      -6.079950280888646574E+01
    4.00000000E+01      -6.237850646610080929E+01
    4.10000000E+01      -6.394086757237732144E+01
    4.20000000E+01      -6.548550001746683336E+01
    4.30000000E+01      -6.701275062449916220E+01
    4.40000000E+01      -6.852247330062731123E+01
    4.50000000E+01      -7.001474448694555974E+01
    4.60000000E+01      -7.149008479556708551E+01
    4.70000000E+01      -7.294819833506538487E+01
    4.80000000E+01      -7.438971699244051194E+01
    4.90000000E+01      -7.581466250848664856E+01
    5.00000000E+01      -7.722322934242605186E+01
    5.10000000E+01      -7.861590252333029127E+01
    5.20000000E+01      -7.999289766401692248E+01
    5.30000000E+01      -8.135434683627157426E+01
    5.40000000E+01      -8.270082653854682064E+01
    5.50000000E+01      -8.403168148808821059E+01
    5.60000000E+01      -8.534831446251540399E+01
    5.70000000E+01      -8.665026331442116714E+01
    5.80000000E+01      -8.793734837584837294E+01
    5.90000000E+01      -8.921129973913251376E+01
    6.00000000E+01      -9.047122059511660552E+01
    6.10000000E+01      -9.171737663848965383E+01
    6.20000000E+01      -9.295024390128149605E+01
    6.30000000E+01      -9.416926581348000980E+01
    6.40000000E+01      -9.537544448702304578E+01
    6.50000000E+01      -9.656845444795384026E+01
    6.60000000E+01      -9.774772437504201150E+01
    6.70000000E+01      -9.891421684558211780E+01
    6.80000000E+01      -1.000680656170536480E+02
    6.90000000E+01      -1.012094775199022791E+02
    7.00000000E+01      -1.023381514039885900E+02
    7.10000000E+01      -1.034536355904367468E+02
    7.20000000E+01      -1.045575056437466941E+02
    7.30000000E+01      -1.056490921264578304E+02
    7.40000000E+01      -1.067282749841053686E+02
    7.50000000E+01      -1.077947077465307615E+02
    7.60000000E+01      -1.088487396620277963E+02
    7.70000000E+01      -1.098905004400823913E+02
    7.80000000E+01      -1.109204282279190323E+02
    7.90000000E+01      -1.119386494027514658E+02
    8.00000000E+01      -1.129453116988827190E+02
    8.10000000E+01      -1.139401092755672238E+02
    8.20000000E+01      -1.149232418744888804E+02
    8.30000000E+01      -1.158943500456464193E+02
    8.40000000E+01      -1.168540849031944475E+02
    8.50000000E+01      -1.178039847424317799E+02
    8.60000000E+01      -1.187415671900910041E+02
    8.70000000E+01      -1.196686603685904942E+02
    8.80000000E+01      -1.205855999563884637E+02
    8.90000000E+01      -1.214914551650237939E+02
    9.00000000E+01      -1.223876836093206606E+02
    9.10000000E+01      -1.232737719652306936E+02
    9.20000000E+01      -1.241498201869492135E+02
    9.30000000E+01      -1.250166122152534030E+02
    9.40000000E+01      -1.258738535659451685E+02
    9.50000000E+01      -1.267220678797987006E+02
    9.60000000E+01      -1.275608320336852870E+02
    9.70000000E+01      -1.283898050955560848E+02
    9.80000000E+01      -1.292098529863235399E+02
    9.90000000E+01      -1.300207125803519830E+02
    1.00000000E+02      -1.308216780170862421E+02
    1.01000000E+02      -1.316137175902788385E+02
    1.02000000E+02      -1.323970421550859555E+02
    1.03000000E+02      -1.331723414573882565E+02
    1.04000000E+02      -1.339380948332202479E+02
    1.05000000E+02      -1.346957299190637514E+02
    1.06000000E+02      -1.354447217800718590E+02
    1.07000000E+02      -1.361849122753430947E+02
    1.08000000E+02      -1.369169962297257825E+02
    1.09000000E+02      -1.376390457710315331E+02
    1.10000000E+02      -1.383535634310048863E+02
    1.11000000E+02      -1.390588301939953908E+02
    1.12000000E+02      -1.397549301290948733E+02
    1.13000000E+02      -1.404420911993895515E+02
    1.14000000E+02      -1.411201503219147071E+02
    1.15000000E+02      -1.417897364369657680E+02
    1.16000000E+02      -1.424492970428493663E+02
    1.17000000E+02      -1.430996797185455307E+02
    1.18000000E+02      -1.437406541894254133E+02
    1.19000000E+02      -1.443724410923261985E+02
    1.20000000E+02      -1.449955908421491131E+02
    1.21000000E+02      -1.456082214422588095E+02
    1.22000000E+02      -1.462107386442896768E+02
    1.23000000E+02      -1.468037818598625108E+02
    1.24000000E+02      -1.473860912661132261E+02
    1.25000000E+02      -1.479580393976596042E+02
    1.26000000E+02      -1.485188365697924837E+02
    1.27000000E+02      -1.490701956747163877E+02
    1.28000000E+02      -1.496111306248296842E+02
    1.29000000E+02      -1.501407351226609990E+02
    1.30000000E+02      -1.506593391637381956E+02
    1.31000000E+02      -1.511654767918464586E+02
    1.32000000E+02      -1.516628441082377776E+02
    1.33000000E+02      -1.521478597915795490E+02
    1.34000000E+02      -1.526204039648239359E+02
    1.35000000E+02      -1.530815663959895119E+02
    1.36000000E+02      -1.535292453722161099E+02
    1.37000000E+02      -1.539656687055778548E+02
    1.38000000E+02      -1.543897556902904853E+02
    1.39000000E+02      -1.548022718800295934E+02
    1.40000000E+02      -1.552011146757815823E+02
    1.41000000E+02      -1.555872919990745231E+02
    1.42000000E+02      -1.559603753125359162E+02
    1.43000000E+02      -1.563209563245129630E+02
    1.44000000E+02      -1.566694491089385792E+02
    1.45000000E+02      -1.570063940755155727E+02
    1.46000000E+02      -1.573305974712659463E+02
    1.47000000E+02      -1.576423750042979464E+02
    1.48000000E+02      -1.579414632020582303E+02
    1.49000000E+02      -1.582300377183657929E+02
    1.50000000E+02      -1.585056966424983784E+02
    1.51000000E+02      -1.587706117162545070E+02
    1.52000000E+02      -1.590209687974368080E+02
    1.53000000E+02      -1.592653551607456848E+02
    1.54000000E+02      -1.595007480660517558E+02
    1.55000000E+02      -1.597221067769517049E+02
    1.56000000E+02      -1.599375747542892441E+02
    1.57000000E+02      -1.601436541828391000E+02
    1.58000000E+02      -1.603421205448050841E+02
    1.59000000E+02      -1.605331820801895901E+02
    1.60000000E+02      -1.607161236641061350E+02
    1.61000000E+02      -1.608922094752144858E+02
    1.62000000E+02      -1.610606412140716657E+02
    1.63000000E+02      -1.612226563960377916E+02
    1.64000000E+02      -1.613786457612243339E+02
    1.65000000E+02      -1.615281912128505155E+02
    1.66000000E+02      -1.616710238101024970E+02
    1.67000000E+02      -1.618093705650483116E+02
    1.68000000E+02      -1.619418255307775780E+02
    1.69000000E+02      -1.620685898124304458E+02
    1.70000000E+02      -1.621901252370391830E+02
    1.71000000E+02      -1.623066941008967206E+02
    1.72000000E+02      -1.624184837628220066E+02
    1.73000000E+02      -1.625263227818597898E+02
    1.74000000E+02      -1.626299312220019146E+02
    1.75000000E+02      -1.627288264416222319E+02
    1.76000000E+02      -1.628232022107642933E+02
    1.77000000E+02      -1.629139521162089750E+02
    1.78000000E+02      -1.629998779248510345E+02
    1.79000000E+02      -1.630823733208765134E+02
    1.80000000E+02      -1.631613792551745519E+02
    1.81000000E+02      -1.632352843403880343E+02
    1.82000000E+02      -1.633055196560983404E+02
    1.83000000E+02      -1.633717648734402701E+02
    1.84000000E+02      -1.634348385280993625E+02
    1.85000000E+02      -1.634938350262184485E+02
    1.86000000E+02      -1.635498286539752826E+02
    1.87000000E+02      -1.636027329296869084E+02
    1.88000000E+02      -1.636520843131531819E+02
    1.89000000E+02      -1.636984355955448791E+02
    1.90000000E+02      -1.637419848789525076E+02
    1.91000000E+02      -1.637815588436153575E+02
    1.92000000E+02      -1.638173611260083362E+02
    1.93000000E+02      -1.638498126629804119E+02
    1.94000000E+02      -1.638786206010793194E+02
    1.95000000E+02      -1.639052793228131577E+02
    1.96000000E+02      -1.639267135377106115E+02
    1.97000000E+02      -1.639452859636460289E+02
    1.98000000E+02      -1.639626926247094616E+02
    1.99000000E+02      -1.639749832416948720E+02
    2.00000000E+02      -1.639831853260350272E+02
    2.01000000E+02      -1.639878450253111168E+02
    2.02000000E+02      -1.639888849237997874E+02
    2.03000000E+02      -1.639887925626774177E+02
    2.04000000E+02      -1.639835606029321298E+02
    2.05000000E+02      -1.639734860517148718E+02
    2.06000000E+02      -1.639610473474551782E+02
    2.07000000E+02      -1.639437277548079237E+02
    2.08000000E+02      -1.639220726669830128E+02
    2.09000000E+02      -1.638953573944111213E+02
    2.10000000E+02      -1.638638455726270422E+02
    2.11000000E+02      -1.638282228007976755E+02
    2.12000000E+02      -1.637879608239111349E+02
    2.13000000E+02      -1.637427862107817873E+02
    2.14000000E+02      -1.636925980810140118E+02
    2.15000000E+02      -1.636346995391015753E+02
    2.16000000E+02      -1.635717952808429345E+02
    2.17000000E+02      -1.635032779470150217E+02
    2.18000000E+02      -1.634291270447959050E+02
    2.19000000E+02      -1.633483316123549685E+02
    2.20000000E+02      -1.632608417452377125E+02
    2.21000000E+02      -1.631642621250887260E+02
    2.22000000E+02      -1.630616821295645877E+02
    2.23000000E+02      -1.629514218897622868E+02
    2.24000000E+02      -1.628344863222976073E+02
    2.25000000E+02      -1.627096515026007637E+02
    2.26000000E+02      -1.625744349014078125E+02
    2.27000000E+02      -1.624339792926859900E+02
    2.28000000E+02      -1.622863527441461429E+02
    2.29000000E+02      -1.621286592109192952E+02
    2.30000000E+02      -1.619614325545792326E+02
    2.31000000E+02      -1.617844310214807138E+02
    2.32000000E+02      -1.616003303344425603E+02
    2.33000000E+02      -1.614062353496503874E+02
    2.34000000E+02      -1.612005634771724090E+02
    2.35000000E+02      -1.609849030625139221E+02
    2.36000000E+02      -1.607594563717086658E+02
    2.37000000E+02      -1.605217331273545369E+02
    2.38000000E+02      -1.602706888660852655E+02
    2.39000000E+02      -1.600071030578640148E+02
    2.40000000E+02      -1.597315292230871364E+02
    2.41000000E+02      -1.594418423527915820E+02
    2.42000000E+02      -1.591398581828054830E+02
    2.43000000E+02      -1.588225725519534990E+02
    2.44000000E+02      -1.584909937533614084E+02
    2.45000000E+02      -1.581449479500827238E+02
    2.46000000E+02      -1.577822818819497570E+02
    2.47000000E+02      -1.574066360018280193E+02
    2.48000000E+02      -1.570185849380743548E+02
    2.49000000E+02      -1.566170194948156222E+02
    2.50000000E+02      -1.562035097827267691E+02
    2.51000000E+02      -1.557781933614116952E+02
    2.52000000E+02      -1.553429773154732629E+02
    2.53000000E+02      -1.548974734682653889E+02
    2.54000000E+02      -1.544432478228648051E+02
    2.55000000E+02      -1.539824959945929095E+02
    2.56000000E+02      -1.535098567165498480E+02
    2.57000000E+02      -1.530247248344187483E+02
    2.58000000E+02      -1.525305325931933567E+02
    2.59000000E+02      -1.520279469129693553E+02
    2.60000000E+02      -1.515158578183566078E+02
    2.61000000E+02      -1.509950966931012317E+02
    2.62000000E+02      -1.504670367723394975E+02
    2.63000000E+02      -1.499301943250995919E+02
    2.64000000E+02      -1.493821329570439502E+02
    2.65000000E+02      -1.488216852003772601E+02
    2.66000000E+02      -1.482565120987658247E+02
    2.67000000E+02      -1.476801582354185030E+02
    2.68000000E+02      -1.470997636423510357E+02
    2.69000000E+02      -1.465081621294905290E+02
    2.70000000E+02      -1.459093373597663685E+02
    2.71000000E+02      -1.452985865206521794E+02
    2.72000000E+02      -1.446838175098475858E+02
    2.73000000E+02      -1.440592520426091596E+02
    2.74000000E+02      -1.434237691450928196E+02
    2.75000000E+02      -1.427792155726876899E+02
    2.76000000E+02      -1.421280869793210968E+02
    2.77000000E+02      -1.414658950751711473E+02
    2.78000000E+02      -1.408024043099087521E+02
    2.79000000E+02      -1.401245235570770546E+02
    2.80000000E+02      -1.394380212168273374E+02
    2.81000000E+02      -1.387439799209189459E+02
    2.82000000E+02      -1.380391358722065434E+02
    2.83000000E+02      -1.373275604306784317E+02
    2.84000000E+02      -1.366048554236133441E+02
    2.85000000E+02      -1.358750646787759706E+02
    2.86000000E+02      -1.351354312303540155E+02
    2.87000000E+02      -1.343835717819695219E+02
    2.88000000E+02      -1.336261409477394864E+02
    2.89000000E+02      -1.328573394034121975E+02
    2.90000000E+02      -1.320775078291137561E+02
    2.91000000E+02      -1.312938045913417682E+02
    2.92000000E+02      -1.304941315793496415E+02
    2.93000000E+02      -1.296858547044050738E+02
    2.94000000E+02      -1.288658508884784624E+02
    2.95000000E+02      -1.280321206094761237E+02
    2.96000000E+02      -1.271852132876467607E+02
    2.97000000E+02      -1.263320309960347316E+02
    2.98000000E+02      -1.254633528751385114E+02
    2.99000000E+02      -1.245876602719601891E+02
    3.00000000E+02      -1.236934825399023197E+02
    3.01000000E+02      -1.227884705558483205E+02
    3.02000000E+02      -1.218695996755798063E+02
    3.03000000E+02      -1.209333985357609293E+02
    3.04000000E+02      -1.199892877147596977E+02
    3.05000000E+02      -1.190276410196040473E+02
    3.06000000E+02      -1.180486988470022283E+02
    3.07000000E+02      -1.170599896617297730E+02
    3.08000000E+02      -1.160647135086421571E+02
    3.09000000E+02      -1.150429705188673637E+02
    3.10000000E+02      -1.140148453817766807E+02
    3.11000000E+02      -1.129698732912604413E+02
    3.12000000E+02      -1.119135243672010205E+02
    3.13000000E+02      -1.108455641812708876E+02
    3.14000000E+02      -1.097661126305413148E+02
    3.15000000E+02      -1.086738371246558330E+02
    3.16000000E+02      -1.075716976372589073E+02
    3.17000000E+02      -1.064547334870387516E+02
    3.18000000E+02      -1.053313978782918952E+02
    3.19000000E+02      -1.041912412525218627E+02
    3.20000000E+02      -1.030384547415253422E+02
    3.21000000E+02      -1.018794435391266546E+02
    3.22000000E+02      -1.007079508745175502E+02
    3.23000000E+02      -9.951835248368500686E+01
    3.24000000E+02      -9.832314102240546561E+01
    3.25000000E+02      -9.711548144817992068E+01
    3.26000000E+02      -9.589275084743916011E+01
    3.27000000E+02      -9.466341445716737724E+01
    3.28000000E+02      -9.341936107148124790E+01
    3.29000000E+02      -9.216220467705919361E+01
    3.30000000E+02      -9.088387232535227156E+01
    3.31000000E+02      -8.959859116171195126E+01
    3.32000000E+02      -8.829566382552205539E+01
    3.33000000E+02      -8.697120761154859281E+01
    3.34000000E+02      -8.563858714542060113E+01
    3.35000000E+02      -8.428940395154698706E+01
    3.36000000E+02      -8.292131335968791461E+01
    3.37000000E+02      -8.154572190186648584E+01
    3.38000000E+02      -8.015590174059092021E+01
    3.39000000E+02      -7.875551707139878488E+01
    3.40000000E+02      -7.734922591811685777E+01
    3.41000000E+02      -7.594216691032691813E+01
    3.42000000E+02      -7.454013614478229499E+01
    3.43000000E+02      -7.313906575162603474E+01
    3.44000000E+02      -7.173938765312253452E+01
    3.45000000E+02      -7.034018591307743407E+01
    3.46000000E+02      -6.895041485438763118E+01
    3.47000000E+02      -6.756634119554131246E+01
    3.48000000E+02      -6.618195902025966859E+01
    3.49000000E+02      -6.480507857381074643E+01
    3.50000000E+02      -6.342841364425316186E+01
    3.51000000E+02      -6.205336909676611157E+01
    3.52000000E+02      -6.067935946100100608E+01
    3.53000000E+02      -5.930957772751047941E+01
    3.54000000E+02      -5.794391202070459457E+01
    3.55000000E+02      -5.658227040693804355E+01
    3.56000000E+02      -5.522548303083225818E+01
    3.57000000E+02      -5.387215894396126004E+01
    3.58000000E+02      -5.253047176851600142E+01
    3.59000000E+02      -5.119181642803072663E+01
    3.60000000E+02      -4.986282986337959500E+01
    3.61000000E+02      -4.854494011942937703E+01
    3.62000000E+02      -4.722800064394890995E+01
    3.63000000E+02      -4.592271624115004869E+01
    3.64000000E+02      -4.461727155820175739E+01
    3.65000000E+02      -4.333208290236711235E+01
    3.66000000E+02      -4.205456996970519157E+01
    3.67000000E+02      -4.078887778036936851E+01
    3.68000000E+02      -3.953323432971432538E+01
    3.69000000E+02      -3.828713120688393445E+01
    3.70000000E+02      -3.705695641069382162E+01
    3.71000000E+02      -3.583934808271646233E+01
    3.72000000E+02      -3.463152028602257104E+01
    3.73000000E+02      -3.343627886688977213E+01
    3.74000000E+02      -3.226131493626802893E+01
    3.75000000E+02      -3.109671097230806325E+01
    3.76000000E+02      -2.994593792297586177E+01
    3.77000000E+02      -2.880600059433549021E+01
    3.78000000E+02      -2.769278612482070301E+01
    3.79000000E+02      -2.659096885873644922E+01
    3.80000000E+02      -2.550334478431090091E+01
    3.81000000E+02      -2.443439307185530041E+01
    3.82000000E+02      -2.338061450403823827E+01
    3.83000000E+02      -2.235151464893191431E+01
    3.84000000E+02      -2.134148779772862170E+01
    3.85000000E+02      -2.035749568679078791E+01
    3.86000000E+02      -1.938956049066677068E+01
    3.87000000E+02      -1.844264151137962315E+01
    3.88000000E+02      -1.752519195788248751E+01
    3.89000000E+02      -1.662405158654495452E+01
    3.90000000E+02      -1.573954560869082187E+01
    3.91000000E+02      -1.487759673065214727E+01
    3.92000000E+02      -1.404602468880533550E+01
    3.93000000E+02      -1.323938257462053869E+01
    3.94000000E+02      -1.244922589306428407E+01
    3.95000000E+02      -1.168388316948606942E+01
    3.96000000E+02      -1.095297723944007728E+01
    3.97000000E+02      -1.024639072344347213E+01
    3.98000000E+02      -9.565136099520021418E+00
    3.99000000E+02      -8.912726837961816528E+00
    4.00000000E+02      -8.293821241992407778E+00
    4.01000000E+02      -7.691963812622123697E+00
    4.02000000E+02      -7.126685968420350292E+00
    4.03000000E+02      -6.587520230381631592E+00
    4.04000000E+02      -6.085141829966449478E+00
    4.05000000E+02      -5.609167265525901058E+00
    4.06000000E+02      -5.165859410359406212E+00
    4.07000000E+02      -4.749196755519950131E+00
    4.08000000E+02      -4.370532897121155003E+00
    4.09000000E+02      -4.026286973903768995E+00
    4.10000000E+02      -3.714159446122938579E+00
    4.11000000E+02      -3.439063030580872482E+00
    4.12000000E+02      -3.199456584459984487E+00
    4.13000000E+02      -2.999266539986127800E+00
    4.14000000E+02      -2.827397893003070539E+00
    4.15000000E+02      -2.702297237987512535E+00
    4.16000000E+02      -2.600849970064008421E+00
    4.17000000E+02      -2.545851590863311475E+00
    4.18000000E+02      -2.536531203712219185E+00
    4.19000000E+02      -2.554467439937287754E+00
    4.20000000E+02      -2.628567703354054874E+00
    4.21000000E+02      -2.728934048495137876E+00
    4.22000000E+02      -2.878529771982574648E+00
    4.23000000E+02      -3.069684339973026699E+00
    4.24000000E+02      -3.306414163957232422E+00
    4.25000000E+02      -3.594780495210433191E+00
    4.26000000E+02      -3.920673024195128864E+00
    4.27000000E+02      -4.287979775859856346E+00
    4.28000000E+02      -4.712771673972600439E+00
    4.29000000E+02      -5.174531322258406618E+00
    4.30000000E+02      -5.703953115089678505E+00
    4.31000000E+02      -6.269795773836666086E+00
    4.32000000E+02      -6.892921848508411387E+00
    4.33000000E+02      -7.560621680511975029E+00
    4.34000000E+02      -8.283629524341666439E+00
    4.35000000E+02      -9.050679176400297621E+00
    4.36000000E+02      -9.871495137276941279E+00
    4.37000000E+02      -1.073839753848209355E+01
    4.38000000E+02      -1.166133106621622417E+01
    4.39000000E+02      -1.266100245509936784E+01
    4.40000000E+02      -1.370139924139424537E+01
    4.41000000E+02      -1.478229815867438290E+01
    4.42000000E+02      -1.594401741102977965E+01
    4.43000000E+02      -1.715705255820124719E+01
    4.44000000E+02      -1.841608127840503428E+01
    4.45000000E+02      -1.973690834995999310E+01
    4.46000000E+02      -2.113095265934883926E+01
    4.47000000E+02      -2.257003015122085188E+01
    4.48000000E+02      -2.408663764391734574E+01
    4.49000000E+02      -2.565090682525827859E+01
    4.50000000E+02      -2.726699236017360661E+01
    4.51000000E+02      -2.898227227088704083E+01
    4.52000000E+02      -3.077021456910937403E+01
    4.53000000E+02      -3.260194565989717574E+01
    4.54000000E+02      -3.449014197085693212E+01
    4.55000000E+02      -3.644548435398086639E+01
    4.56000000E+02      -3.849357166961475940E+01
    4.57000000E+02      -4.058897801936313243E+01
    4.58000000E+02      -4.275326377740770312E+01
    4.59000000E+02      -4.500067788623913856E+01
    4.60000000E+02      -4.730860326700553031E+01
    4.61000000E+02      -4.968266211478680106E+01
    4.62000000E+02      -5.213323498313024373E+01
    4.63000000E+02      -5.467256956855475636E+01
    4.64000000E+02      -5.729140042216226192E+01
    4.65000000E+02      -5.997148762206256123E+01
    4.66000000E+02      -6.273280587308749290E+01
    4.67000000E+02      -6.556288694525777316E+01
    4.68000000E+02      -6.847642398095398164E+01
    4.69000000E+02      -7.148699450381739950E+01
    4.70000000E+02      -7.455811195756017185E+01
    4.71000000E+02      -7.769984498229517556E+01
    4.72000000E+02      -8.094858141598000145E+01
    4.73000000E+02      -8.425982383154972410E+01
    4.74000000E+02      -8.766901397966488219E+01
    4.75000000E+02      -9.116849596314771986E+01
    4.76000000E+02      -9.471969566662504292E+01
    4.77000000E+02      -9.838865996879233933E+01
    4.78000000E+02      -1.021765724558447204E+02
    4.79000000E+02      -1.060637499501992664E+02
    4.80000000E+02      -1.100188179228518806E+02
    4.81000000E+02      -1.140262842595641217E+02
    4.82000000E+02      -1.171026838243071637E+02
    4.83000000E+02      -1.190248612820234797E+02
    4.84000000E+02      -1.199975719687592886E+02
    4.85000000E+02      -1.314152238406770721E+02
    4.86000000E+02      -1.338098767952126309E+02
    4.87000000E+02      -1.360811140176904246E+02
    4.88000000E+02      -1.320413417036709234E+02
    4.89000000E+02      -1.353945068021369025E+02
    4.90000000E+02      -1.411846002538752600E+02
    4.91000000E+02      -1.449438130485889360E+02
    4.92000000E+02      -1.454894532117125436E+02
    4.93000000E+02      -1.556190625273686692E+02
    4.94000000E+02      -1.611899765807268068E+02
    4.95000000E+02      -1.665222221336391613E+02
    4.96000000E+02      -1.697215498511743590E+02
    4.97000000E+02      -1.730418367826443955E+02
    4.98000000E+02      -1.765130899504822537E+02
    4.99000000E+02      -1.800788790474709913E+02
    5.00000000E+02      -1.843310762143757984E+02
    5.01000000E+02      -1.890069688840833351E+02
    5.02000000E+02      -1.929060611150291606E+02
    5.03000000E+02      -1.969010852075246021E+02
    5.04000000E+02      -2.003999711352464601E+02
    5.05000000E+02      -2.037461096814897701E+02
    5.06000000E+02      -2.070941604695346996E+02
    5.07000000E+02      -1.986806108106923148E+02
    5.08000000E+02      -2.000717194530245706E+02
    5.09000000E+02      -2.097655940375354930E+02
    5.10000000E+02      -2.149011997154977962E+02
