    0.00000000E+00      -2.159790052952384798E+00
    1.00000000E+00      -1.420701862687760775E+00
    2.00000000E+00      -1.347082118890025493E+00
    3.00000000E+00      -1.651087970322205445E+00
    4.00000000E+00      -2.214744748826628751E+00
    5.00000000E+00      -2.973621745090181179E+00
    6.00000000E+00      -3.887141507320134082E+00
    7.00000000E+00      -4.926973657990824762E+00
    8.00000000E+00      -6.072289392164147870E+00
    9.00000000E+00      -7.307606704211789150E+00
    1.00000000E+01      -8.620493363368009199E+00
    1.10000000E+01      -1.000085314384372381E+01
    1.20000000E+01      -1.144036944528349053E+01
    1.30000000E+01      -1.293195350674963251E+01
    1.40000000E+01      -1.446971637413875200E+01
    1.50000000E+01      -1.604852540948203554E+01
    1.60000000E+01      -1.766380388211811336E+01
    1.70000000E+01      -1.931169333240594810E+01
    1.80000000E+01      -2.098898664988754703E+01
    1.90000000E+01      -2.269226959184558368E+01
    2.00000000E+01      -2.441866634236108879E+01
    2.10000000E+01      -2.616569319621745748E+01
    2.20000000E+01      -2.793129831858388101E+01
    2.30000000E+01      -2.971312248864895977E+01
    2.40000000E+01      -3.150947385510070475E+01
    2.50000000E+01      -3.331822017022440718E+01
    2.60000000E+01      -3.513777361615879613E+01
    2.70000000E+01      -3.696704971637572612E+01
    2.80000000E+01      -3.880426238807316963E+01
    2.90000000E+01      -4.064802811836156593E+01
    3.00000000E+01      -4.249698295150696481E+01
    3.10000000E+01      -4.435003181386272786E+01
    3.20000000E+01      -4.620636327143492394E+01
    3.30000000E+01      -4.806463533143499944E+01
    3.40000000E+01      -4.992408131073042910E+01
    3.50000000E+01      -5.178342608592251395E+01
    3.60000000E+01      -5.364216731718792630E+01
    3.70000000E+01      -5.549933689951907922E+01
    3.80000000E+01      -5.735406720303748784E+01
    3.90000000E+01      -5.920555988056534602E+01
    4.00000000E+01      -6.105308620010313803E+01
    4.10000000E+01      -6.289590919526366974E+01
    4.20000000E+01      -6.473341068681096999E+01
    4.30000000E+01      -6.656487816573448413E+01
    4.40000000E+01      -6.838983955285206662E+01
    4.50000000E+01      -7.020788869941301868E+01
    4.60000000E+01      -7.201842044028475698E+01
    4.70000000E+01      -7.382068233746744568E+01
    4.80000000E+01      -7.561434207655960904E+01
    4.90000000E+01      -7.739918736571334534E+01
    5.00000000E+01      -7.917481324000672771E+01
    5.10000000E+01      -8.094098552658110179E+01
    5.20000000E+01      -8.269723458488701340E+01
    5.30000000E+01      -8.444320966974996168E+01
    5.40000000E+01      -8.617887343258357191E+01
    5.50000000E+01      -8.790405673549852850E+01
    5.60000000E+01      -8.961854219577421077E+01
    5.70000000E+01      -9.132248482503186437E+01
    5.80000000E+01      -9.301552859449097355E+01
    5.90000000E+01      -9.469763670840242753E+01
    6.00000000E+01      -9.636858082034618178E+01
    6.10000000E+01      -9.802865315359653664E+01
    6.20000000E+01      -9.967793983263786117E+01
    6.30000000E+01      -1.013161414015119988E+02
    6.40000000E+01      -1.029436523195234656E+02
    6.50000000E+01      -1.045605907885036174E+02
    6.60000000E+01      -1.061667130953609046E+02
    6.70000000E+01      -1.077621171406661631E+02
    6.80000000E+01      -1.093469325284384865E+02
    6.90000000E+01      -1.109212757961120985E+02
    7.00000000E+01      -1.124853043495694180E+02
    7.10000000E+01      -1.140388746045553887E+02
    7.20000000E+01      -1.155821387233825988E+02
    7.30000000E+01      -1.171151842325378709E+02
    7.40000000E+01      -1.186379030243059276E+02
    7.50000000E+01      -1.201506060748141351E+02
    7.60000000E+01      -1.216531826544931789E+02
    7.70000000E+01      -1.231457129825656409E+02
    7.80000000E+01      -1.246287729281728787E+02
    7.90000000E+01      -1.261021755892669205E+02
    8.00000000E+01      -1.275655710260960802E+02
    8.10000000E+01      -1.290191023474515930E+02
    8.20000000E+01      -1.304629002628788328E+02
    8.30000000E+01      -1.318971982179026270E+02
    8.40000000E+01      -1.333226072129590136E+02
    8.50000000E+01      -1.347387531255643296E+02
    8.60000000E+01      -1.361451147721707855E+02
    8.70000000E+01      -1.375426009000269403E+02
    8.80000000E+01      -1.389308653975343475E+02
    8.90000000E+01      -1.403099072819194078E+02
    9.00000000E+01      -1.416799804201262702E+02
    9.10000000E+01      -1.430412142219778104E+02
    9.20000000E+01      -1.443940480777044684E+02
    9.30000000E+01      -1.457377983256536425E+02
    9.40000000E+01      -1.470729255751406015E+02
    9.50000000E+01      -1.483994091938514828E+02
    9.60000000E+01      -1.497178217181761681E+02
    9.70000000E+01      -1.510273686796068375E+02
    9.80000000E+01      -1.523288983210080403E+02
    9.90000000E+01      -1.536222837758790263E+02
    1.00000000E+02      -1.549076692128399770E+02
    1.01000000E+02      -1.561841555639967680E+02
    1.02000000E+02      -1.574527715314719387E+02
    1.03000000E+02      -1.587134428948691891E+02
    1.04000000E+02      -1.599656955637404678E+02
    1.05000000E+02      -1.612096679337222156E+02
    1.06000000E+02      -1.624457574345906039E+02
    1.07000000E+02      -1.636742701944407088E+02
    1.08000000E+02      -1.648945172232307357E+02
    1.09000000E+02      -1.661068552119791377E+02
    1.10000000E+02      -1.673113522782385587E+02
    1.11000000E+02      -1.685077096128000278E+02
    1.12000000E+02      -1.696962178837318049E+02
    1.13000000E+02      -1.708770121840421723E+02
    1.14000000E+02      -1.720496783945318100E+02
    1.15000000E+02      -1.732146977366013232E+02
    1.16000000E+02      -1.743717353639152918E+02
    1.17000000E+02      -1.755207607985639982E+02
    1.18000000E+02      -1.766618383039916864E+02
    1.19000000E+02      -1.777946213811504492E+02
    1.20000000E+02      -1.789199752451901020E+02
    1.21000000E+02      -1.800368654456753745E+02
    1.22000000E+02      -1.811458018467916702E+02
    1.23000000E+02      -1.822473069657339977E+02
    1.24000000E+02      -1.833404620195428549E+02
    1.25000000E+02      -1.844262480571981939E+02
    1.26000000E+02      -1.855031630114015968E+02
    1.27000000E+02      -1.865716917245203774E+02
    1.28000000E+02      -1.876322070661558143E+02
    1.29000000E+02      -1.886853578996542353E+02
    1.30000000E+02      -1.897294866851968038E+02
    1.31000000E+02      -1.907654259587567651E+02
    1.32000000E+02      -1.917930339907394170E+02
    1.33000000E+02      -1.928128170998954545E+02
    1.34000000E+02      -1.938237847119954438E+02
    1.35000000E+02      -1.948268041516816709E+02
    1.36000000E+02      -1.958211787181530497E+02
    1.37000000E+02      -1.968073886399622268E+02
    1.38000000E+02      -1.977851484426048216E+02
    1.39000000E+02      -1.987540194708895740E+02
    1.40000000E+02      -1.997148791543995401E+02
    1.41000000E+02      -2.006674767412879135E+02
    1.42000000E+02      -2.016114221301381519E+02
    1.43000000E+02      -2.025465887989867895E+02
    1.44000000E+02      -2.034735441299710317E+02
    1.45000000E+02      -2.043923596797994549E+02
    1.46000000E+02      -2.053031894216665876E+02
    1.47000000E+02      -2.062055373352439744E+02
    1.48000000E+02      -2.070996882665806140E+02
    1.49000000E+02      -2.079856313291926142E+02
    1.50000000E+02      -2.088639751170511261E+02
    1.51000000E+02      -2.097336331994318641E+02
    1.52000000E+02      -2.105938189955596442E+02
    1.53000000E+02      -2.114480167106233637E+02
    1.54000000E+02      -2.122947649666028553E+02
    1.55000000E+02      -2.131332755496285642E+02
    1.56000000E+02      -2.139651501586448319E+02
    1.57000000E+02      -2.147902732955647878E+02
    1.58000000E+02      -2.156081507744287080E+02
    1.59000000E+02      -2.164193104068461651E+02
    1.60000000E+02      -2.172231784595508941E+02
    1.61000000E+02      -2.180210452125278096E+02
    1.62000000E+02      -2.188120414592834493E+02
    1.63000000E+02      -2.195970003644759743E+02
    1.64000000E+02      -2.203759328968479565E+02
    1.65000000E+02      -2.211487595196466316E+02
    1.66000000E+02      -2.219156712716038271E+02
    1.67000000E+02      -2.226769113083817899E+02
    1.68000000E+02      -2.234322957923858155E+02
    1.69000000E+02      -2.241818500752477519E+02
    1.70000000E+02      -2.249264039761081619E+02
    1.71000000E+02      -2.256656604915577589E+02
    1.72000000E+02      -2.263996010741956013E+02
    1.73000000E+02      -2.271281589493526951E+02
    1.74000000E+02      -2.278515296547992364E+02
    1.75000000E+02      -2.285702905061978925E+02
    1.76000000E+02      -2.292835918868302940E+02
    1.77000000E+02      -2.299923924497605583E+02
    1.78000000E+02      -2.306963017638007329E+02
    1.79000000E+02      -2.313955962792896059E+02
    1.80000000E+02      -2.320902111531393928E+02
    1.81000000E+02      -2.327804348116268045E+02
    1.82000000E+02      -2.334658379970122439E+02
    1.83000000E+02      -2.341462310609457234E+02
    1.84000000E+02      -2.348226631461328395E+02
    1.85000000E+02      -2.354944608978147187E+02
    1.86000000E+02      -2.361610390624981335E+02
    1.87000000E+02      -2.368230878499319658E+02
    1.88000000E+02      -2.374807943227400244E+02
    1.89000000E+02      -2.381343267524888176E+02
    1.90000000E+02      -2.387825799704349663E+02
    1.91000000E+02      -2.394264927159141223E+02
    1.92000000E+02      -2.400652052257599678E+02
    1.93000000E+02      -2.406995677604264472E+02
    1.94000000E+02      -2.413290190522194223E+02
    1.95000000E+02      -2.419532703120908934E+02
    1.96000000E+02      -2.425720089378999944E+02
    1.97000000E+02      -2.431864371129498466E+02
    1.98000000E+02      -2.437950635967398227E+02
    1.99000000E+02      -2.443990775552991579E+02
    2.00000000E+02      -2.449973146100245174E+02
    2.01000000E+02      -2.455895447974706656E+02
    2.02000000E+02      -2.461765302402489795E+02
    2.03000000E+02      -2.467577418746548972E+02
    2.04000000E+02      -2.473330561505188996E+02
    2.05000000E+02      -2.479023811841051099E+02
    2.06000000E+02      -2.484655513838714285E+02
    2.07000000E+02      -2.490220639956768025E+02
    2.08000000E+02      -2.495724663356685085E+02
    2.09000000E+02      -2.501161984608205273E+02
    2.10000000E+02      -2.506527479264021565E+02
    2.11000000E+02      -2.511824025926960928E+02
    2.12000000E+02      -2.517050596276111207E+02
    2.13000000E+02      -2.522202884308879618E+02
    2.14000000E+02      -2.527279204445456742E+02
    2.15000000E+02      -2.532285777236337196E+02
    2.16000000E+02      -2.537214125658736918E+02
    2.17000000E+02      -2.542067641101401421E+02
    2.18000000E+02      -2.546841714644413912E+02
    2.19000000E+02      -2.551538858469519653E+02
    2.20000000E+02      -2.556151363352417718E+02
    2.21000000E+02      -2.560683913876071642E+02
    2.22000000E+02      -2.565138436268987903E+02
    2.23000000E+02      -2.569506776833530353E+02
    2.24000000E+02      -2.573777267752355442E+02
    2.25000000E+02      -2.577989485781525332E+02
    2.26000000E+02      -2.582102018954226992E+02
    2.27000000E+02      -2.586150155955854757E+02
    2.28000000E+02      -2.590099115179180558E+02
    2.29000000E+02      -2.593961401928771124E+02
    2.30000000E+02      -2.597748762800036388E+02
    2.31000000E+02      -2.601460711179132090E+02
    2.32000000E+02      -2.605087644595240022E+02
    2.33000000E+02      -2.608631932143087511E+02
    2.34000000E+02      -2.612097733017743053E+02
    2.35000000E+02      -2.615470899139925791E+02
    2.36000000E+02      -2.618764302767247614E+02
    2.37000000E+02      -2.621978675541047892E+02
    2.38000000E+02      -2.625119808992838557E+02
    2.39000000E+02      -2.628185701470009121E+02
    2.40000000E+02      -2.631161130347334733E+02
    2.41000000E+02      -2.634065075012711645E+02
    2.42000000E+02      -2.636882592320851586E+02
    2.43000000E+02      -2.639622217585582007E+02
    2.44000000E+02      -2.642285704954136349E+02
    2.45000000E+02      -2.644890463691643276E+02
    2.46000000E+02      -2.647401498054694571E+02
    2.47000000E+02      -2.649829966627165163E+02
    2.48000000E+02      -2.652181386776517797E+02
    2.49000000E+02      -2.654462330510339712E+02
    2.50000000E+02      -2.656660740727109555E+02
    2.51000000E+02      -2.658781223871590669E+02
    2.52000000E+02      -2.660819788869255831E+02
    2.53000000E+02      -2.662784459617667494E+02
    2.54000000E+02      -2.664664498710288285E+02
    2.55000000E+02      -2.666469561879044363E+02
    2.56000000E+02      -2.668201121978414108E+02
    2.57000000E+02      -2.669863358631012602E+02
    2.58000000E+02      -2.671449255998832655E+02
    2.59000000E+02      -2.672949907472860218E+02
    2.60000000E+02      -2.674378710711574172E+02
    2.61000000E+02      -2.675734181519208619E+02
    2.62000000E+02      -2.677008191133934929E+02
    2.63000000E+02      -2.678198230181436088E+02
    2.64000000E+02      -2.679315471414609533E+02
    2.65000000E+02      -2.680357589633720750E+02
    2.66000000E+02      -2.681319643002041744E+02
    2.67000000E+02      -2.682189824663317381E+02
    2.68000000E+02      -2.682975548635384371E+02
    2.69000000E+02      -2.683685579450182672E+02
    2.70000000E+02      -2.684307184189045188E+02
    2.71000000E+02      -2.684851417424923170E+02
    2.72000000E+02      -2.685321096166460961E+02
    2.73000000E+02      -2.685690874069931056E+02
    2.74000000E+02      -2.685982442620368715E+02
    2.75000000E+02      -2.686191839834389725E+02
    2.76000000E+02      -2.686304430049693224E+02
    2.77000000E+02      -2.686342601933754963E+02
    2.78000000E+02      -2.686288613682443724E+02
    2.79000000E+02      -2.686146608027846128E+02
    2.80000000E+02      -2.685905727342777141E+02
    2.81000000E+02      -2.685572758812975849E+02
    2.82000000E+02      -2.685151671238016320E+02
    2.83000000E+02      -2.684639804144806590E+02
    2.84000000E+02      -2.684049888772240706E+02
    2.85000000E+02      -2.683358887267930299E+02
    2.86000000E+02      -2.682575745219926944E+02
    2.87000000E+02      -2.681685992090277182E+02
    2.88000000E+02      -2.680704847956929484E+02
    2.89000000E+02      -2.679626373161025299E+02
    2.90000000E+02      -2.678444000765828719E+02
    2.91000000E+02      -2.677185898415098677E+02
    2.92000000E+02      -2.675823166610442172E+02
    2.93000000E+02      -2.674358343643378362E+02
    2.94000000E+02      -2.672787318124699709E+02
    2.95000000E+02      -2.671127022201015393E+02
    2.96000000E+02      -2.669390399022393581E+02
    2.97000000E+02      -2.667540515158560197E+02
    2.98000000E+02      -2.665586006992323860E+02
    2.99000000E+02      -2.663522877410703700E+02
    3.00000000E+02      -2.661380999219489354E+02
    3.01000000E+02      -2.659125385523382761E+02
    3.02000000E+02      -2.656788765444087517E+02
    3.03000000E+02      -2.654314248252574657E+02
    3.04000000E+02      -2.651775635208267090E+02
    3.05000000E+02      -2.649136462692711689E+02
    3.06000000E+02      -2.646402844918355299E+02
    3.07000000E+02      -2.643615443311953754E+02
    3.08000000E+02      -2.640742404706086859E+02
    3.09000000E+02      -2.637772179847286793E+02
    3.10000000E+02      -2.634726636005923979E+02
    3.11000000E+02      -2.631616927241137205E+02
    3.12000000E+02      -2.628415735757715197E+02
    3.13000000E+02      -2.625142834915566823E+02
    3.14000000E+02      -2.621807723347927208E+02
    3.15000000E+02      -2.618391502892098401E+02
    3.16000000E+02      -2.614932542381155258E+02
    3.17000000E+02      -2.611434080190245481E+02
    3.18000000E+02      -2.607877095220263186E+02
    3.19000000E+02      -2.604271653048506892E+02
    3.20000000E+02      -2.600595931121295621E+02
    3.21000000E+02      -2.596927585163810477E+02
    3.22000000E+02      -2.593212795663365000E+02
    3.23000000E+02      -2.589440817039665603E+02
    3.24000000E+02      -2.585672500144954142E+02
    3.25000000E+02      -2.581863303473163000E+02
    3.26000000E+02      -2.578039403306991630E+02
    3.27000000E+02      -2.574194208619827009E+02
    3.28000000E+02      -2.570327283509193990E+02
    3.29000000E+02      -2.566443473720517545E+02
    3.30000000E+02      -2.562553967546644458E+02
    3.31000000E+02      -2.558678035471910732E+02
    3.32000000E+02      -2.554803355425336520E+02
    3.33000000E+02      -2.550936997958286554E+02
    3.34000000E+02      -2.547092386184029635E+02
    3.35000000E+02      -2.543247511692987644E+02
    3.36000000E+02      -2.539430241377720847E+02
    3.37000000E+02      -2.535618573662157758E+02
    3.38000000E+02      -2.531832714619320939E+02
    3.39000000E+02      -2.528078918278186791E+02
    3.40000000E+02      -2.524347701475015526E+02
    3.41000000E+02      -2.520669126644405367E+02
    3.42000000E+02      -2.517024153263281221E+02
    3.43000000E+02      -2.513415370819728594E+02
    3.44000000E+02      -2.509839541490090085E+02
    3.45000000E+02      -2.506319898515956481E+02
    3.46000000E+02      -2.502895097537201252E+02
    3.47000000E+02      -2.499533511838834272E+02
    3.48000000E+02      -2.496211263579951662E+02
    3.49000000E+02      -2.492998370886033115E+02
    3.50000000E+02      -2.489833471258187672E+02
    3.51000000E+02      -2.486716333152452023E+02
    3.52000000E+02      -2.483734830485753662E+02
    3.53000000E+02      -2.480792713608405791E+02
    3.54000000E+02      -2.477963455126590304E+02
    3.55000000E+02      -2.475215524709618364E+02
    3.56000000E+02      -2.472571323880418674E+02
    3.57000000E+02      -2.470022286501382212E+02
    3.58000000E+02      -2.467537688165653833E+02
    3.59000000E+02      -2.465205121763409295E+02
    3.60000000E+02      -2.462990555608606371E+02
    3.61000000E+02      -2.460863314537649273E+02
    3.62000000E+02      -2.458803533886101320E+02
    3.63000000E+02      -2.456880656887877592E+02
    3.64000000E+02      -2.455120834567850068E+02
    3.65000000E+02      -2.453472843594116455E+02
    3.66000000E+02      -2.451975613209941400E+02
    3.67000000E+02      -2.450613425693144052E+02
    3.68000000E+02      -2.449429176131833117E+02
    3.69000000E+02      -2.448369305760951136E+02
    3.70000000E+02      -2.447458075417378893E+02
    3.71000000E+02      -2.446712860554915494E+02
    3.72000000E+02      -2.446102326037579076E+02
    3.73000000E+02      -2.445638196663884116E+02
    3.74000000E+02      -2.445436865414575038E+02
    3.75000000E+02      -2.445333192335209276E+02
    3.76000000E+02      -2.445420357483988880E+02
    3.77000000E+02      -2.445707231834893207E+02
    3.78000000E+02      -2.446184084110107904E+02
    3.79000000E+02      -2.446856335187765978E+02
    3.80000000E+02      -2.447703674311377142E+02
    3.81000000E+02      -2.448792616448507431E+02
    3.82000000E+02      -2.450102321794541638E+02
    3.83000000E+02      -2.451589868744120793E+02
    3.84000000E+02      -2.453273304080415471E+02
    3.85000000E+02      -2.455199086056271369E+02
    3.86000000E+02      -2.457344858301256352E+02
    3.87000000E+02      -2.459738123550231137E+02
    3.88000000E+02      -2.462379540764430601E+02
    3.89000000E+02      -2.465205053097859889E+02
    3.90000000E+02      -2.468282653090890051E+02
    3.91000000E+02      -2.471618882395549406E+02
    3.92000000E+02      -2.475210087446142495E+02
    3.93000000E+02      -2.479086277326276502E+02
    3.94000000E+02      -2.483276634414408761E+02
    3.95000000E+02      -2.487696077839167117E+02
    3.96000000E+02      -2.492345854808087040E+02
    3.97000000E+02      -2.497334078080842517E+02
    3.98000000E+02      -2.502529349541153749E+02
    3.99000000E+02      -2.508058928916046568E+02
    4.00000000E+02      -2.513821314349523561E+02
    4.01000000E+02      -2.519904631771076708E+02
    4.02000000E+02      -2.526372247030666074E+02
    4.03000000E+02      -2.533171443615891292E+02
    4.04000000E+02      -2.540303580471598650E+02
    4.05000000E+02      -2.547740571142527131E+02
    4.06000000E+02      -2.555455675475653550E+02
    4.07000000E+02      -2.563565022119576611E+02
    4.08000000E+02      -2.571964004494432743E+02
    4.09000000E+02      -2.580664142747899064E+02
    4.10000000E+02      -2.589765237663116864E+02
    4.11000000E+02      -2.599379898902132595E+02
    4.12000000E+02      -2.609206458784740903E+02
    4.13000000E+02      -2.619443304045105947E+02
    4.14000000E+02      -2.630043634148740352E+02
    4.15000000E+02      -2.641027630881815753E+02
    4.16000000E+02      -2.652501464444629278E+02
    4.17000000E+02      -2.664292206484768144E+02
    4.18000000E+02      -2.676545474326874796E+02
    4.19000000E+02      -2.688937917183173454E+02
    4.20000000E+02      -2.701861999221480914E+02
    4.21000000E+02      -2.715351999314523823E+02
    4.22000000E+02      -2.729040568747839757E+02
    4.23000000E+02      -2.743156026919039618E+02
    4.24000000E+02      -2.757868788720023190E+02
    4.25000000E+02      -2.773110585814882256E+02
    4.26000000E+02      -2.788719015524673637E+02
    4.27000000E+02      -2.804725870090367721E+02
    4.28000000E+02      -2.821285312267662562E+02
    4.29000000E+02      -2.838184241145443707E+02
    4.30000000E+02      -2.855771438831669116E+02
    4.31000000E+02      -2.873743497114608658E+02
    4.32000000E+02      -2.892181057802588953E+02
    4.33000000E+02      -2.911165679995627329E+02
    4.34000000E+02      -2.930602512665626023E+02
    4.35000000E+02      -2.950581606893372850E+02
    4.36000000E+02      -2.971211985032112466E+02
    4.37000000E+02      -2.992274885391014436E+02
    4.38000000E+02      -3.013913869264741265E+02
    4.39000000E+02      -3.036025028011025029E+02
    4.40000000E+02      -3.058614839285890525E+02
    4.41000000E+02      -3.081884122474783112E+02
    4.42000000E+02      -3.105732737813721656E+02
    4.43000000E+02      -3.130067905135345541E+02
    4.44000000E+02      -3.155107544939072000E+02
    4.45000000E+02      -3.180592074400536262E+02
    4.46000000E+02      -3.206754461804501375E+02
    4.47000000E+02      -3.233234856622601114E+02
    4.48000000E+02      -3.260555472768044751E+02
    4.49000000E+02      -3.288503493412261491E+02
    4.50000000E+02      -3.316891079548530001E+02
    4.51000000E+02      -3.345881351719816053E+02
    4.52000000E+02      -3.375693898397929047E+02
    4.53000000E+02      -3.406034341788161441E+02
    4.54000000E+02      -3.437214451742309507E+02
    4.55000000E+02      -3.468965806176145747E+02
    4.56000000E+02      -3.501397120628078596E+02
    4.57000000E+02      -3.534730251122508093E+02
    4.58000000E+02      -3.568347877843423817E+02
    4.59000000E+02      -3.602807952637647873E+02
    4.60000000E+02      -3.638041679611577024E+02
    4.61000000E+02      -3.673889413738705230E+02
    4.62000000E+02      -3.710242169702449360E+02
    4.63000000E+02      -3.747504639996239462E+02
    4.64000000E+02      -3.785477111039961642E+02
    4.65000000E+02      -3.824165725151777337E+02
    4.66000000E+02      -3.863326443899657647E+02
    4.67000000E+02      -3.903664301174883917E+02
    4.68000000E+02      -3.944498165813072887E+02
    4.69000000E+02      -3.986525108458316140E+02
    4.70000000E+02      -4.029079117274903297E+02
    4.71000000E+02      -4.072443483109034901E+02
    4.72000000E+02      -4.116805106930785882E+02
    4.73000000E+02      -4.161827401981479966E+02
    4.74000000E+02      -4.207639717058644351E+02
    4.75000000E+02      -4.254056415087341634E+02
    4.76000000E+02      -4.301781127845623018E+02
    4.77000000E+02      -4.350081636798984732E+02
    4.78000000E+02      -4.399379296076165815E+02
    4.79000000E+02      -4.449200874274336570E+02
    4.80000000E+02      -4.499850066900488059E+02
    4.81000000E+02      -4.551770986489153188E+02
    4.82000000E+02      -4.604526209736157512E+02
    4.83000000E+02      -4.658264271187816234E+02
    4.84000000E+02      -4.712437783882140252E+02
    4.85000000E+02      -4.767867208035184490E+02
    4.86000000E+02      -4.824313654296873324E+02
    4.87000000E+02      -4.881347910057464219E+02
    4.88000000E+02      -4.939233424935608241E+02
    4.89000000E+02      -4.998492009075942519E+02
    4.90000000E+02      -5.058884192640778679E+02
    4.91000000E+02      -5.119932738192963484E+02
    4.92000000E+02      -5.181843870166502484E+02
    4.93000000E+02      -5.244905872309699362E+02
    4.94000000E+02      -5.308994241515991916E+02
    4.95000000E+02      -5.373596982194229668E+02
    4.96000000E+02      -5.439782989249450793E+02
    4.97000000E+02      -5.470628585756875282E+02
    4.98000000E+02      -5.504176339988715654E+02
    4.99000000E+02      -5.550378469617224937E+02
    5.00000000E+02      -5.620596108508415227E+02
    5.01000000E+02      -5.736589254265071531E+02
    5.02000000E+02      -5.808465246867507403E+02
    5.03000000E+02      -5.881332519657097464E+02
    5.04000000E+02      -5.954862679193846589E+02
    5.05000000E+02      -6.029869774996421938E+02
    5.06000000E+02      -6.108466154958240395E+02
    5.07000000E+02      -6.186985347254320686E+02
    5.08000000E+02      -6.210035111072592144E+02
    5.09000000E+02      -6.227395376658186024E+02
    5.10000000E+02      -6.237090221100605731E+02
