    0.0000000000E+00     -0.1904226287E+02
    0.1000000000E+01     -0.1631976147E+02
    0.2000000000E+01     -0.1427206545E+02
    0.3000000000E+01     -0.1261138770E+02
    0.4000000000E+01     -0.1122008666E+02
    0.5000000000E+01     -0.1003358949E+02
    0.6000000000E+01     -0.9011069320E+01
    0.7000000000E+01     -0.8124582269E+01
    0.8000000000E+01     -0.7353514539E+01
    0.9000000000E+01     -0.6682240412E+01
    0.1000000000E+02     -0.6098341744E+01
    0.1100000000E+02     -0.5591358768E+01
    0.1200000000E+02     -0.5153329169E+01
    0.1300000000E+02     -0.4777533955E+01
    0.1400000000E+02     -0.4458238488E+01
    0.1500000000E+02     -0.4190134793E+01
    0.1600000000E+02     -0.3968335426E+01
    0.1700000000E+02     -0.3789195853E+01
    0.1800000000E+02     -0.3649518789E+01
    0.1900000000E+02     -0.3546153590E+01
    0.2000000000E+02     -0.3476329435E+01
    0.2100000000E+02     -0.3437690909E+01
    0.2200000000E+02     -0.3427702142E+01
    0.2300000000E+02     -0.3444513703E+01
    0.2400000000E+02     -0.3486372693E+01
    0.2500000000E+02     -0.3551419046E+01
    0.2600000000E+02     -0.3637762264E+01
    0.2700000000E+02     -0.3744469385E+01
    0.2800000000E+02     -0.3870208440E+01
    0.2900000000E+02     -0.4013629822E+01
    0.3000000000E+02     -0.4173659067E+01
    0.3100000000E+02     -0.4349238248E+01
    0.3200000000E+02     -0.4539050893E+01
    0.3300000000E+02     -0.4742443836E+01
    0.3400000000E+02     -0.4958584752E+01
    0.3500000000E+02     -0.5186900316E+01
    0.3600000000E+02     -0.5426169717E+01
    0.3700000000E+02     -0.5675460029E+01
    0.3800000000E+02     -0.5933984731E+01
    0.3900000000E+02     -0.6201472612E+01
    0.4000000000E+02     -0.6477637926E+01
    0.4100000000E+02     -0.6761795301E+01
    0.4200000000E+02     -0.7053282296E+01
    0.4300000000E+02     -0.7351604681E+01
    0.4400000000E+02     -0.7656161293E+01
    0.4500000000E+02     -0.7966230930E+01
    0.4600000000E+02     -0.8281815316E+01
    0.4700000000E+02     -0.8602244078E+01
    0.4800000000E+02     -0.8927403574E+01
    0.4900000000E+02     -0.9256313765E+01
    0.5000000000E+02     -0.9588952215E+01
    0.5100000000E+02     -0.9925156457E+01
    0.5200000000E+02     -0.1026441719E+02
    0.5300000000E+02     -0.1060629998E+02
    0.5400000000E+02     -0.1095042670E+02
    0.5500000000E+02     -0.1129654079E+02
    0.5600000000E+02     -0.1164484802E+02
    0.5700000000E+02     -0.1199481260E+02
    0.5800000000E+02     -0.1234596903E+02
    0.5900000000E+02     -0.1269781860E+02
    0.6000000000E+02     -0.1305132716E+02
    0.6100000000E+02     -0.1340527392E+02
    0.6200000000E+02     -0.1376002739E+02
    0.6300000000E+02     -0.1411485874E+02
    0.6400000000E+02     -0.1446982512E+02
    0.6500000000E+02     -0.1482434319E+02
    0.6600000000E+02     -0.1517883409E+02
    0.6700000000E+02     -0.1553264366E+02
    0.6800000000E+02     -0.1588595183E+02
    0.6900000000E+02     -0.1623801942E+02
    0.7000000000E+02     -0.1658942644E+02
    0.7100000000E+02     -0.1693960220E+02
    0.7200000000E+02     -0.1728894545E+02
    0.7300000000E+02     -0.1763691713E+02
    0.7400000000E+02     -0.1798325457E+02
    0.7500000000E+02     -0.1832792807E+02
    0.7600000000E+02     -0.1867087196E+02
    0.7700000000E+02     -0.1901213267E+02
    0.7800000000E+02     -0.1935135362E+02
    0.7900000000E+02     -0.1968851013E+02
    0.8000000000E+02     -0.2002409640E+02
    0.8100000000E+02     -0.2035702881E+02
    0.8200000000E+02     -0.2068772638E+02
    0.8300000000E+02     -0.2101587921E+02
    0.8400000000E+02     -0.2134172460E+02
    0.8500000000E+02     -0.2166487704E+02
    0.8600000000E+02     -0.2198505691E+02
    0.8700000000E+02     -0.2230246219E+02
    0.8800000000E+02     -0.2261711101E+02
    0.8900000000E+02     -0.2292952396E+02
    0.9000000000E+02     -0.2323861170E+02
    0.9100000000E+02     -0.2354563213E+02
    0.9200000000E+02     -0.2384989479E+02
    0.9300000000E+02     -0.2415095796E+02
    0.9400000000E+02     -0.2444861821E+02
    0.9500000000E+02     -0.2474373347E+02
    0.9600000000E+02     -0.2503563679E+02
    0.9700000000E+02     -0.2532476433E+02
    0.9800000000E+02     -0.2560976886E+02
    0.9900000000E+02     -0.2589138436E+02
    0.1000000000E+03     -0.2616934735E+02
    0.1010000000E+03     -0.2644431742E+02
    0.1020000000E+03     -0.2671616196E+02
    0.1030000000E+03     -0.2698476661E+02
    0.1040000000E+03     -0.2724990190E+02
    0.1050000000E+03     -0.2751179220E+02
    0.1060000000E+03     -0.2776963864E+02
    0.1070000000E+03     -0.2802414428E+02
    0.1080000000E+03     -0.2827414183E+02
    0.1090000000E+03     -0.2852104001E+02
    0.1100000000E+03     -0.2876429283E+02
    0.1110000000E+03     -0.2900405853E+02
    0.1120000000E+03     -0.2923998016E+02
    0.1130000000E+03     -0.2947239851E+02
    0.1140000000E+03     -0.2970139672E+02
    0.1150000000E+03     -0.2992689081E+02
    0.1160000000E+03     -0.3014832721E+02
    0.1170000000E+03     -0.3036624362E+02
    0.1180000000E+03     -0.3058002914E+02
    0.1190000000E+03     -0.3079068489E+02
    0.1200000000E+03     -0.3099666931E+02
    0.1210000000E+03     -0.3120000102E+02
    0.1220000000E+03     -0.3139943504E+02
    0.1230000000E+03     -0.3159462100E+02
    0.1240000000E+03     -0.3178634360E+02
    0.1250000000E+03     -0.3197392741E+02
    0.1260000000E+03     -0.3215734521E+02
    0.1270000000E+03     -0.3233801124E+02
    0.1280000000E+03     -0.3251441284E+02
    0.1290000000E+03     -0.3268683137E+02
    0.1300000000E+03     -0.3285420671E+02
    0.1310000000E+03     -0.3301863718E+02
    0.1320000000E+03     -0.3317958537E+02
    0.1330000000E+03     -0.3333642231E+02
    0.1340000000E+03     -0.3348979562E+02
    0.1350000000E+03     -0.3363884536E+02
    0.1360000000E+03     -0.3378390187E+02
    0.1370000000E+03     -0.3392606177E+02
    0.1380000000E+03     -0.3406417104E+02
    0.1390000000E+03     -0.3419810284E+02
    0.1400000000E+03     -0.3432809074E+02
    0.1410000000E+03     -0.3445518912E+02
    0.1420000000E+03     -0.3457717715E+02
    0.1430000000E+03     -0.3469579729E+02
    0.1440000000E+03     -0.3481041498E+02
    0.1450000000E+03     -0.3492083237E+02
    0.1460000000E+03     -0.3502752514E+02
    0.1470000000E+03     -0.3512985107E+02
    0.1480000000E+03     -0.3522921422E+02
    0.1490000000E+03     -0.3532500959E+02
    0.1500000000E+03     -0.3541639322E+02
    0.1510000000E+03     -0.3550397081E+02
    0.1520000000E+03     -0.3558689555E+02
    0.1530000000E+03     -0.3566698036E+02
    0.1540000000E+03     -0.3574284991E+02
    0.1550000000E+03     -0.3581463189E+02
    0.1560000000E+03     -0.3588319452E+02
    0.1570000000E+03     -0.3594823948E+02
    0.1580000000E+03     -0.3600856010E+02
    0.1590000000E+03     -0.3606545868E+02
    0.1600000000E+03     -0.3611885136E+02
    0.1610000000E+03     -0.3616785261E+02
    0.1620000000E+03     -0.3621324352E+02
    0.1630000000E+03     -0.3625428288E+02
    0.1640000000E+03     -0.3629158050E+02
    0.1650000000E+03     -0.3632553157E+02
    0.1660000000E+03     -0.3635542310E+02
    0.1670000000E+03     -0.3638125641E+02
    0.1680000000E+03     -0.3640402027E+02
    0.1690000000E+03     -0.3642216516E+02
    0.1700000000E+03     -0.3643641156E+02
    0.1710000000E+03     -0.3644717039E+02
    0.1720000000E+03     -0.3645393154E+02
    0.1730000000E+03     -0.3645601681E+02
    0.1740000000E+03     -0.3645246441E+02
    0.1750000000E+03     -0.3644741865E+02
    0.1760000000E+03     -0.3643830215E+02
    0.1770000000E+03     -0.3642367786E+02
    0.1780000000E+03     -0.3640637263E+02
    0.1790000000E+03     -0.3638532002E+02
    0.1800000000E+03     -0.3636194796E+02
    0.1810000000E+03     -0.3633322521E+02
    0.1820000000E+03     -0.3630096745E+02
    0.1830000000E+03     -0.3626467894E+02
    0.1840000000E+03     -0.3622448484E+02
    0.1850000000E+03     -0.3618041630E+02
    0.1860000000E+03     -0.3613298220E+02
    0.1870000000E+03     -0.3608222377E+02
    0.1880000000E+03     -0.3602692038E+02
    0.1890000000E+03     -0.3596819515E+02
    0.1900000000E+03     -0.3590548383E+02
    0.1910000000E+03     -0.3583858008E+02
    0.1920000000E+03     -0.3576830657E+02
    0.1930000000E+03     -0.3569432085E+02
    0.1940000000E+03     -0.3561522943E+02
    0.1950000000E+03     -0.3553324123E+02
    0.1960000000E+03     -0.3544744390E+02
    0.1970000000E+03     -0.3535821062E+02
    0.1980000000E+03     -0.3526390407E+02
    0.1990000000E+03     -0.3516653238E+02
    0.2000000000E+03     -0.3506540188E+02
    0.2010000000E+03     -0.3496007519E+02
    0.2020000000E+03     -0.3485160433E+02
    0.2030000000E+03     -0.3473891349E+02
    0.2040000000E+03     -0.3462285230E+02
    0.2050000000E+03     -0.3450250035E+02
    0.2060000000E+03     -0.3437891566E+02
    0.2070000000E+03     -0.3425169445E+02
    0.2080000000E+03     -0.3412078615E+02
    0.2090000000E+03     -0.3398574703E+02
    0.2100000000E+03     -0.3384697049E+02
    0.2110000000E+03     -0.3370403260E+02
    0.2120000000E+03     -0.3355812901E+02
    0.2130000000E+03     -0.3340926522E+02
    0.2140000000E+03     -0.3325580719E+02
    0.2150000000E+03     -0.3309852770E+02
    0.2160000000E+03     -0.3293751530E+02
    0.2170000000E+03     -0.3277371871E+02
    0.2180000000E+03     -0.3260676681E+02
    0.2190000000E+03     -0.3243571939E+02
    0.2200000000E+03     -0.3226158876E+02
    0.2210000000E+03     -0.3208307684E+02
    0.2220000000E+03     -0.3190127828E+02
    0.2230000000E+03     -0.3171589185E+02
    0.2240000000E+03     -0.3152688152E+02
    0.2250000000E+03     -0.3133449296E+02
    0.2260000000E+03     -0.3113826120E+02
    0.2270000000E+03     -0.3093838768E+02
    0.2280000000E+03     -0.3073572288E+02
    0.2290000000E+03     -0.3052975908E+02
    0.2300000000E+03     -0.3032050312E+02
    0.2310000000E+03     -0.3010841328E+02
    0.2320000000E+03     -0.2989342605E+02
    0.2330000000E+03     -0.2967453405E+02
    0.2340000000E+03     -0.2945214017E+02
    0.2350000000E+03     -0.2922600315E+02
    0.2360000000E+03     -0.2899792340E+02
    0.2370000000E+03     -0.2876594057E+02
    0.2380000000E+03     -0.2853070419E+02
    0.2390000000E+03     -0.2829174544E+02
    0.2400000000E+03     -0.2805028277E+02
    0.2410000000E+03     -0.2780651963E+02
    0.2420000000E+03     -0.2755912237E+02
    0.2430000000E+03     -0.2730881354E+02
    0.2440000000E+03     -0.2705610880E+02
    0.2450000000E+03     -0.2680096687E+02
    0.2460000000E+03     -0.2654278766E+02
    0.2470000000E+03     -0.2628063879E+02
    0.2480000000E+03     -0.2601531007E+02
    0.2490000000E+03     -0.2574864095E+02
    0.2500000000E+03     -0.2548014771E+02
    0.2510000000E+03     -0.2520849718E+02
    0.2520000000E+03     -0.2493450761E+02
    0.2530000000E+03     -0.2465679754E+02
    0.2540000000E+03     -0.2437800998E+02
    0.2550000000E+03     -0.2409717417E+02
    0.2560000000E+03     -0.2381283904E+02
    0.2570000000E+03     -0.2352668493E+02
    0.2580000000E+03     -0.2323872660E+02
    0.2590000000E+03     -0.2294899787E+02
    0.2600000000E+03     -0.2265773589E+02
    0.2610000000E+03     -0.2236419390E+02
    0.2620000000E+03     -0.2206822246E+02
    0.2630000000E+03     -0.2177027557E+02
    0.2640000000E+03     -0.2147242957E+02
    0.2650000000E+03     -0.2117271888E+02
    0.2660000000E+03     -0.2087003941E+02
    0.2670000000E+03     -0.2056660796E+02
    0.2680000000E+03     -0.2026117343E+02
    0.2690000000E+03     -0.1995732534E+02
    0.2700000000E+03     -0.1965022607E+02
    0.2710000000E+03     -0.1934193708E+02
    0.2720000000E+03     -0.1903301212E+02
    0.2730000000E+03     -0.1872443036E+02
    0.2740000000E+03     -0.1841467387E+02
    0.2750000000E+03     -0.1810418788E+02
    0.2760000000E+03     -0.1779300690E+02
    0.2770000000E+03     -0.1748215172E+02
    0.2780000000E+03     -0.1717057124E+02
    0.2790000000E+03     -0.1685961396E+02
    0.2800000000E+03     -0.1654826464E+02
    0.2810000000E+03     -0.1623548703E+02
    0.2820000000E+03     -0.1592466839E+02
    0.2830000000E+03     -0.1561481157E+02
    0.2840000000E+03     -0.1530369159E+02
    0.2850000000E+03     -0.1499276040E+02
    0.2860000000E+03     -0.1468527774E+02
    0.2870000000E+03     -0.1437764660E+02
    0.2880000000E+03     -0.1407156962E+02
    0.2890000000E+03     -0.1376560815E+02
    0.2900000000E+03     -0.1346093113E+02
    0.2910000000E+03     -0.1315797078E+02
    0.2920000000E+03     -0.1285683593E+02
    0.2930000000E+03     -0.1255662920E+02
    0.2940000000E+03     -0.1225843080E+02
    0.2950000000E+03     -0.1196267519E+02
    0.2960000000E+03     -0.1166906198E+02
    0.2970000000E+03     -0.1137910759E+02
    0.2980000000E+03     -0.1109104321E+02
    0.2990000000E+03     -0.1080345269E+02
    0.3000000000E+03     -0.1052017051E+02
    0.3010000000E+03     -0.1023945047E+02
    0.3020000000E+03     -0.9965469620E+01
    0.3030000000E+03     -0.9694738489E+01
    0.3040000000E+03     -0.9427800564E+01
    0.3050000000E+03     -0.9160686449E+01
    0.3060000000E+03     -0.8900331098E+01
    0.3070000000E+03     -0.8645737664E+01
    0.3080000000E+03     -0.8393759603E+01
    0.3090000000E+03     -0.8147756584E+01
    0.3100000000E+03     -0.7902155155E+01
    0.3110000000E+03     -0.7662894854E+01
    0.3120000000E+03     -0.7429564508E+01
    0.3130000000E+03     -0.7202310410E+01
    0.3140000000E+03     -0.6980783888E+01
    0.3150000000E+03     -0.6761297945E+01
    0.3160000000E+03     -0.6548207950E+01
    0.3170000000E+03     -0.6342013885E+01
    0.3180000000E+03     -0.6142755868E+01
    0.3190000000E+03     -0.5948587453E+01
    0.3200000000E+03     -0.5763678248E+01
    0.3210000000E+03     -0.5587972505E+01
    0.3220000000E+03     -0.5416725051E+01
    0.3230000000E+03     -0.5254649151E+01
    0.3240000000E+03     -0.5099204547E+01
    0.3250000000E+03     -0.4951186289E+01
    0.3260000000E+03     -0.4813585073E+01
    0.3270000000E+03     -0.4682144967E+01
    0.3280000000E+03     -0.4562460124E+01
    0.3290000000E+03     -0.4449759337E+01
    0.3300000000E+03     -0.4344234073E+01
    0.3310000000E+03     -0.4248575237E+01
    0.3320000000E+03     -0.4161575082E+01
    0.3330000000E+03     -0.4083790152E+01
    0.3340000000E+03     -0.4015962084E+01
    0.3350000000E+03     -0.3960290655E+01
    0.3360000000E+03     -0.3913340810E+01
    0.3370000000E+03     -0.3877997276E+01
    0.3380000000E+03     -0.3857780637E+01
    0.3390000000E+03     -0.3842093859E+01
    0.3400000000E+03     -0.3841246821E+01
    0.3410000000E+03     -0.3854607421E+01
    0.3420000000E+03     -0.3876055920E+01
    0.3430000000E+03     -0.3912036550E+01
    0.3440000000E+03     -0.3963366524E+01
    0.3450000000E+03     -0.4023359743E+01
    0.3460000000E+03     -0.4096294076E+01
    0.3470000000E+03     -0.4183946394E+01
    0.3480000000E+03     -0.4281262955E+01
    0.3490000000E+03     -0.4399895215E+01
    0.3500000000E+03     -0.4526366418E+01
    0.3510000000E+03     -0.4672359041E+01
    0.3520000000E+03     -0.4834886893E+01
    0.3530000000E+03     -0.5013732403E+01
    0.3540000000E+03     -0.5206194847E+01
    0.3550000000E+03     -0.5415628295E+01
    0.3560000000E+03     -0.5635828099E+01
    0.3570000000E+03     -0.5879827202E+01
    0.3580000000E+03     -0.6137874868E+01
    0.3590000000E+03     -0.6413066055E+01
    0.3600000000E+03     -0.6703353071E+01
    0.3610000000E+03     -0.7013107043E+01
    0.3620000000E+03     -0.7338925070E+01
    0.3630000000E+03     -0.7673634636E+01
    0.3640000000E+03     -0.8038870479E+01
    0.3650000000E+03     -0.8420545992E+01
    0.3660000000E+03     -0.8818486712E+01
    0.3670000000E+03     -0.9236112689E+01
    0.3680000000E+03     -0.9689777415E+01
    0.3690000000E+03     -0.1014904344E+02
    0.3700000000E+03     -0.1063330822E+02
    0.3710000000E+03     -0.1113885588E+02
    0.3720000000E+03     -0.1166553367E+02
    0.3730000000E+03     -0.1220991947E+02
    0.3740000000E+03     -0.1277400910E+02
    0.3750000000E+03     -0.1337367844E+02
    0.3760000000E+03     -0.1398649293E+02
    0.3770000000E+03     -0.1462969016E+02
    0.3780000000E+03     -0.1529730145E+02
    0.3790000000E+03     -0.1598310486E+02
    0.3800000000E+03     -0.1668554003E+02
    0.3810000000E+03     -0.1742681654E+02
    0.3820000000E+03     -0.1818494719E+02
    0.3830000000E+03     -0.1897376366E+02
    0.3840000000E+03     -0.1978921338E+02
    0.3850000000E+03     -0.2063468944E+02
    0.3860000000E+03     -0.2149524356E+02
    0.3870000000E+03     -0.2238432346E+02
    0.3880000000E+03     -0.2330738057E+02
    0.3890000000E+03     -0.2425125755E+02
    0.3900000000E+03     -0.2522891694E+02
    0.3910000000E+03     -0.2623347504E+02
    0.3920000000E+03     -0.2727234819E+02
    0.3930000000E+03     -0.2834267227E+02
    0.3940000000E+03     -0.2943375211E+02
    0.3950000000E+03     -0.3056621219E+02
    0.3960000000E+03     -0.3172794377E+02
    0.3970000000E+03     -0.3291402365E+02
    0.3980000000E+03     -0.3412701254E+02
    0.3990000000E+03     -0.3536775643E+02
    0.4000000000E+03     -0.3665297595E+02
    0.4010000000E+03     -0.3796225437E+02
    0.4020000000E+03     -0.3931280034E+02
    0.4030000000E+03     -0.4068732657E+02
    0.4040000000E+03     -0.4209970316E+02
    0.4050000000E+03     -0.4355943108E+02
    0.4060000000E+03     -0.4505241416E+02
    0.4070000000E+03     -0.4657949419E+02
    0.4080000000E+03     -0.4813748835E+02
    0.4090000000E+03     -0.4973173143E+02
    0.4100000000E+03     -0.5136752195E+02
    0.4110000000E+03     -0.5303590694E+02
    0.4120000000E+03     -0.5474695686E+02
    0.4130000000E+03     -0.5649472342E+02
    0.4140000000E+03     -0.5828395484E+02
    0.4150000000E+03     -0.6009999609E+02
    0.4160000000E+03     -0.6195898705E+02
    0.4170000000E+03     -0.6385799366E+02
    0.4180000000E+03     -0.6579478431E+02
    0.4190000000E+03     -0.6778964909E+02
    0.4200000000E+03     -0.6981577798E+02
    0.4210000000E+03     -0.7187567545E+02
    0.4220000000E+03     -0.7397209816E+02
    0.4230000000E+03     -0.7612840695E+02
    0.4240000000E+03     -0.7833434876E+02
    0.4250000000E+03     -0.8058651797E+02
    0.4260000000E+03     -0.8287398439E+02
    0.4270000000E+03     -0.8520385070E+02
    0.4280000000E+03     -0.8759081316E+02
    0.4290000000E+03     -0.9002757876E+02
    0.4300000000E+03     -0.9250125343E+02
    0.4310000000E+03     -0.9503396478E+02
    0.4320000000E+03     -0.9760830778E+02
    0.4330000000E+03     -0.1002383596E+03
    0.4340000000E+03     -0.1028950776E+03
    0.4350000000E+03     -0.1056197611E+03
    0.4360000000E+03     -0.1084048454E+03
    0.4370000000E+03     -0.1112274076E+03
    0.4380000000E+03     -0.1140926041E+03
    0.4390000000E+03     -0.1170178828E+03
    0.4400000000E+03     -0.1200115563E+03
    0.4410000000E+03     -0.1230413426E+03
    0.4420000000E+03     -0.1261306084E+03
    0.4430000000E+03     -0.1292711058E+03
    0.4440000000E+03     -0.1324592355E+03
    0.4450000000E+03     -0.1357364329E+03
    0.4460000000E+03     -0.1390316048E+03
    0.4470000000E+03     -0.1423812074E+03
    0.4480000000E+03     -0.1457859398E+03
    0.4490000000E+03     -0.1492440951E+03
    0.4500000000E+03     -0.1527945174E+03
    0.4510000000E+03     -0.1563752110E+03
    0.4520000000E+03     -0.1600063668E+03
    0.4530000000E+03     -0.1637196730E+03
    0.4540000000E+03     -0.1674979743E+03
    0.4550000000E+03     -0.1713405094E+03
    0.4560000000E+03     -0.1752242124E+03
    0.4570000000E+03     -0.1791775921E+03
    0.4580000000E+03     -0.1832181186E+03
    0.4590000000E+03     -0.1872938963E+03
    0.4600000000E+03     -0.1914435541E+03
    0.4610000000E+03     -0.1956484799E+03
    0.4620000000E+03     -0.1999320122E+03
    0.4630000000E+03     -0.2042674136E+03
    0.4640000000E+03     -0.2086765369E+03
    0.4650000000E+03     -0.2131315186E+03
    0.4660000000E+03     -0.2176803642E+03
    0.4670000000E+03     -0.2223045730E+03
    0.4680000000E+03     -0.2269966225E+03
    0.4690000000E+03     -0.2317685230E+03
    0.4700000000E+03     -0.2365886016E+03
    0.4710000000E+03     -0.2414513015E+03
    0.4720000000E+03     -0.2464171738E+03
    0.4730000000E+03     -0.2514374086E+03
    0.4740000000E+03     -0.2565669528E+03
    0.4750000000E+03     -0.2617660342E+03
    0.4760000000E+03     -0.2670446586E+03
    0.4770000000E+03     -0.2724019105E+03
    0.4780000000E+03     -0.2778403264E+03
    0.4790000000E+03     -0.2833235218E+03
    0.4800000000E+03     -0.2888862869E+03
    0.4810000000E+03     -0.2945432888E+03
    0.4820000000E+03     -0.3002568849E+03
    0.4830000000E+03     -0.3060659110E+03
    0.4840000000E+03     -0.3119658810E+03
    0.4850000000E+03     -0.3179190572E+03
