    0.00000000E+00      -2.344688757500650157E-10
    1.00000000E+00      -6.057402360186559106E-04
    2.00000000E+00      -3.583349598837290428E-02
    3.00000000E+00      -1.056519117138977615E-01
    4.00000000E+00      -2.100898819499341652E-01
    5.00000000E+00      -3.493386933208602607E-01
    6.00000000E+00      -5.233951928512373675E-01
    7.00000000E+00      -7.319609584922935897E-01
    8.00000000E+00      -9.752904764308979457E-01
    9.00000000E+00      -1.253994272995958781E+00
    1.00000000E+01      -1.567281155374152801E+00
    1.10000000E+01      -1.915825463595245859E+00
    1.20000000E+01      -2.299051997192281149E+00
    1.30000000E+01      -2.717171504621716860E+00
    1.40000000E+01      -3.169550179441992910E+00
    1.50000000E+01      -3.658238488369161878E+00
    1.60000000E+01      -4.181759833686583328E+00
    1.70000000E+01      -4.740550888200450785E+00
    1.80000000E+01      -5.334665185222728923E+00
    1.90000000E+01      -5.962831092084705631E+00
    2.00000000E+01      -6.627253083670836098E+00
    2.10000000E+01      -7.326122861438916445E+00
    2.20000000E+01      -8.061059713057703746E+00
    2.30000000E+01      -8.830227746000325340E+00
    2.40000000E+01      -9.635594486402776937E+00
    2.50000000E+01      -1.047611059949640833E+01
    2.60000000E+01      -1.135109456669893646E+01
    2.70000000E+01      -1.226424766250655196E+01
    2.80000000E+01      -1.321067317790350870E+01
    2.90000000E+01      -1.419351009821671283E+01
    3.00000000E+01      -1.521029597132596933E+01
    3.10000000E+01      -1.626617627595760496E+01
    3.20000000E+01      -1.735521293405672338E+01
    3.30000000E+01      -1.847796413820290695E+01
    3.40000000E+01      -1.963917075783960797E+01
    3.50000000E+01      -2.083518463611436289E+01
    3.60000000E+01      -2.206405181231082224E+01
    3.70000000E+01      -2.333102418797420796E+01
    3.80000000E+01      -2.463169650421454548E+01
    3.90000000E+01      -2.596998466065980438E+01
    4.00000000E+01      -2.734335677000655096E+01
    4.10000000E+01      -2.874771261802140998E+01
    4.20000000E+01      -3.019093658590304585E+01
    4.30000000E+01      -3.166948628736435012E+01
    4.40000000E+01      -3.318479685424603076E+01
    4.50000000E+01      -3.473190800250409893E+01
    4.60000000E+01      -3.631803583287091897E+01
    4.70000000E+01      -3.793971679286050858E+01
    4.80000000E+01      -3.959634150961130672E+01
    4.90000000E+01      -4.129060507778706324E+01
    5.00000000E+01      -4.302116926359099125E+01
    5.10000000E+01      -4.478638538626614718E+01
    5.20000000E+01      -4.659009569839884080E+01
    5.30000000E+01      -4.842692754776396669E+01
    5.40000000E+01      -5.030362418183824502E+01
    5.50000000E+01      -5.221289211493683524E+01
    5.60000000E+01      -5.416039155873602340E+01
    5.70000000E+01      -5.614056234018710256E+01
    5.80000000E+01      -5.816235974144694865E+01
    5.90000000E+01      -6.022506797820619795E+01
    6.00000000E+01      -6.232096255226576886E+01
    6.10000000E+01      -6.445468356444405345E+01
    6.20000000E+01      -6.662012491633140598E+01
    6.30000000E+01      -6.881799064782319419E+01
    6.40000000E+01      -7.105459908211946640E+01
    6.50000000E+01      -7.332762013695128189E+01
    6.60000000E+01      -7.563359586982414839E+01
    6.70000000E+01      -7.797951887702265594E+01
    6.80000000E+01      -8.035520698221728253E+01
    6.90000000E+01      -8.276394702006041371E+01
    7.00000000E+01      -8.520909514119807682E+01
    7.10000000E+01      -8.768189323524285328E+01
    7.20000000E+01      -9.019187746404270456E+01
    7.30000000E+01      -9.273121681625985957E+01
    7.40000000E+01      -9.530657675974720178E+01
    7.50000000E+01      -9.791589459222635128E+01
    7.60000000E+01      -1.005507870460792930E+02
    7.70000000E+01      -1.032278121156990949E+02
    7.80000000E+01      -1.059176374538677123E+02
    7.90000000E+01      -1.086542326676060384E+02
    8.00000000E+01      -1.114198113442077442E+02
    8.10000000E+01      -1.142125904518404695E+02
    8.20000000E+01      -1.170391263470061176E+02
    8.30000000E+01      -1.198893261576771465E+02
    8.40000000E+01      -1.227664905946438694E+02
    8.50000000E+01      -1.256740395276485742E+02
    8.60000000E+01      -1.286113949117752782E+02
    8.70000000E+01      -1.315839022317071567E+02
    8.80000000E+01      -1.345805539036334721E+02
    8.90000000E+01      -1.376049611888688560E+02
    9.00000000E+01      -1.406529298314733296E+02
    9.10000000E+01      -1.437416883724526997E+02
    9.20000000E+01      -1.468478594245946169E+02
    9.30000000E+01      -1.499775075379957343E+02
    9.40000000E+01      -1.531323883108414066E+02
    9.50000000E+01      -1.563177194580453033E+02
    9.60000000E+01      -1.595305215646387751E+02
    9.70000000E+01      -1.627644031094957882E+02
    9.80000000E+01      -1.660095381611570247E+02
    9.90000000E+01      -1.692852719487677859E+02
    1.00000000E+02      -1.725877601822351153E+02
    1.01000000E+02      -1.759086148414580748E+02
    1.02000000E+02      -1.792622104047236462E+02
    1.03000000E+02      -1.826423589412170259E+02
    1.04000000E+02      -1.860366064811992146E+02
    1.05000000E+02      -1.894656994768124605E+02
    1.06000000E+02      -1.929235943444869008E+02
    1.07000000E+02      -1.963920506887452575E+02
    1.08000000E+02      -1.998940159881049112E+02
    1.09000000E+02      -2.034118580600866153E+02
    1.10000000E+02      -2.069454198574694601E+02
    1.11000000E+02      -2.105002165916271224E+02
    1.12000000E+02      -2.140797784723972654E+02
    1.13000000E+02      -2.176889927326592442E+02
    1.14000000E+02      -2.213098430526720222E+02
    1.15000000E+02      -2.249447758076307764E+02
    1.16000000E+02      -2.286170217478638733E+02
    1.17000000E+02      -2.323020363954028653E+02
    1.18000000E+02      -2.360053938825458317E+02
    1.19000000E+02      -2.397273495651074882E+02
    1.20000000E+02      -2.434859296218555755E+02
    1.21000000E+02      -2.472446584962117413E+02
    1.22000000E+02      -2.510538001872760105E+02
    1.23000000E+02      -2.548639353902822222E+02
    1.24000000E+02      -2.586827081820024432E+02
    1.25000000E+02      -2.625340170055214912E+02
    1.26000000E+02      -2.664107539841511425E+02
    1.27000000E+02      -2.702961061599880850E+02
    1.28000000E+02      -2.741973005011932401E+02
    1.29000000E+02      -2.781152560012428694E+02
    1.30000000E+02      -2.820692197424600636E+02
    1.31000000E+02      -2.860275423513930946E+02
    1.32000000E+02      -2.899898229741975229E+02
    1.33000000E+02      -2.939851502052506476E+02
    1.34000000E+02      -2.980062055326729933E+02
    1.35000000E+02      -3.020459671795065333E+02
    1.36000000E+02      -3.061057598146935561E+02
    1.37000000E+02      -3.101637877510906947E+02
    1.38000000E+02      -3.142421243455655713E+02
    1.39000000E+02      -3.183528751255012139E+02
    1.40000000E+02      -3.224846653813397097E+02
    1.41000000E+02      -3.266351529506855513E+02
    1.42000000E+02      -3.308055810234031924E+02
    1.43000000E+02      -3.349584386182791604E+02
    1.44000000E+02      -3.391401910779341051E+02
    1.45000000E+02      -3.433523092253194591E+02
    1.46000000E+02      -3.475886293557523459E+02
    1.47000000E+02      -3.518322433992670994E+02
    1.48000000E+02      -3.560836979851619617E+02
    1.49000000E+02      -3.603561490449828852E+02
    1.50000000E+02      -3.646393199174517576E+02
    1.51000000E+02      -3.689336929420460365E+02
    1.52000000E+02      -3.732500318763563882E+02
    1.53000000E+02      -3.775660292906763971E+02
    1.54000000E+02      -3.819191658897739217E+02
    1.55000000E+02      -3.862840691987398714E+02
    1.56000000E+02      -3.906535387892004110E+02
    1.57000000E+02      -3.950350725492453421E+02
    1.58000000E+02      -3.994640388510115372E+02
    1.59000000E+02      -4.039280001103534232E+02
    1.60000000E+02      -4.083818748726830563E+02
    1.61000000E+02      -4.128458540490355517E+02
    1.62000000E+02      -4.173164541503720102E+02
    1.63000000E+02      -4.217954950008147534E+02
    1.64000000E+02      -4.263025073172184420E+02
    1.65000000E+02      -4.308133508382807122E+02
    1.66000000E+02      -4.353361438597480628E+02
    1.67000000E+02      -4.398990829773028963E+02
    1.68000000E+02      -4.444748251594623980E+02
    1.69000000E+02      -4.490482570983103869E+02
    1.70000000E+02      -4.536522823465234069E+02
    1.71000000E+02      -4.582270814524458729E+02
    1.72000000E+02      -4.628647068583936743E+02
    1.73000000E+02      -4.675152204771020479E+02
    1.74000000E+02      -4.722053403335844450E+02
    1.75000000E+02      -4.768686749202556712E+02
    1.76000000E+02      -4.815540079238467115E+02
    1.77000000E+02      -4.862479039784957422E+02
    1.78000000E+02      -4.909474869595983364E+02
    1.79000000E+02      -4.956592863813648364E+02
    1.80000000E+02      -5.003893103888231053E+02
    1.81000000E+02      -5.051586801913754243E+02
    1.82000000E+02      -5.099128949790670049E+02
    1.83000000E+02      -5.146784012101688859E+02
    1.84000000E+02      -5.194640973229834344E+02
    1.85000000E+02      -5.242614790553830062E+02
    1.86000000E+02      -5.290487821935244028E+02
    1.87000000E+02      -5.338786051305278306E+02
    1.88000000E+02      -5.387401851354306928E+02
    1.89000000E+02      -5.436244232293333880E+02
    1.90000000E+02      -5.484777996149200590E+02
    1.91000000E+02      -5.533638327926860256E+02
    1.92000000E+02      -5.582463788687668966E+02
    1.93000000E+02      -5.631786741287373843E+02
    1.94000000E+02      -5.681207495990643110E+02
    1.95000000E+02      -5.730425910987860334E+02
    1.96000000E+02      -5.780247432393098279E+02
    1.97000000E+02      -5.830115206606642460E+02
    1.98000000E+02      -5.880250405554656936E+02
    1.99000000E+02      -5.930434966567686388E+02
    2.00000000E+02      -5.980768982861977747E+02
    2.01000000E+02      -6.031254957669075338E+02
    2.02000000E+02      -6.082074677141536085E+02
    2.03000000E+02      -6.132846661714652328E+02
    2.04000000E+02      -6.184165362587136769E+02
    2.05000000E+02      -6.235539458162375013E+02
    2.06000000E+02      -6.287089569403433416E+02
    2.07000000E+02      -6.338882015140302428E+02
    2.08000000E+02      -6.390853953319683569E+02
    2.09000000E+02      -6.442766523702755421E+02
    2.10000000E+02      -6.495011252142326157E+02
    2.11000000E+02      -6.547591600715679760E+02
    2.12000000E+02      -6.600213443566526621E+02
    2.13000000E+02      -6.653335397779021605E+02
    2.14000000E+02      -6.706579042843452498E+02
    2.15000000E+02      -6.759858469866303494E+02
    2.16000000E+02      -6.813510934830264887E+02
    2.17000000E+02      -6.867167300622468247E+02
    2.18000000E+02      -6.921305000328525239E+02
    2.19000000E+02      -6.975384293335418988E+02
    2.20000000E+02      -7.030427246383860620E+02
    2.21000000E+02      -7.085033261315033997E+02
    2.22000000E+02      -7.139751561169796332E+02
    2.23000000E+02      -7.195472956841917949E+02
    2.24000000E+02      -7.251095241889875069E+02
    2.25000000E+02      -7.306720082718134108E+02
    2.26000000E+02      -7.362660650547713885E+02
    2.27000000E+02      -7.418502110434046699E+02
    2.28000000E+02      -7.474881573722136636E+02
    2.29000000E+02      -7.531439074793474902E+02
    2.30000000E+02      -7.588250166577099662E+02
    2.31000000E+02      -7.645141756150078436E+02
    2.32000000E+02      -7.702362948915460947E+02
    2.33000000E+02      -7.759939726675866041E+02
    2.34000000E+02      -7.817522469743303191E+02
    2.35000000E+02      -7.875387484585899074E+02
    2.36000000E+02      -7.933464647946871082E+02
    2.37000000E+02      -7.991783233345413464E+02
    2.38000000E+02      -8.050318574937982703E+02
    2.39000000E+02      -8.109241237269784506E+02
    2.40000000E+02      -8.168425997316730900E+02
    2.41000000E+02      -8.227712345959794220E+02
    2.42000000E+02      -8.287488103250134373E+02
    2.43000000E+02      -8.347534901163780887E+02
    2.44000000E+02      -8.407822679451683143E+02
    2.45000000E+02      -8.468122973217541585E+02
    2.46000000E+02      -8.528670472459980374E+02
    2.47000000E+02      -8.589599005668346763E+02
    2.48000000E+02      -8.650797062480846762E+02
    2.49000000E+02      -8.712489302701751512E+02
    2.50000000E+02      -8.774269216431798668E+02
    2.51000000E+02      -8.836166682848106575E+02
    2.52000000E+02      -8.898935196652064405E+02
    2.53000000E+02      -8.961619163249883968E+02
    2.54000000E+02      -9.024677299639670309E+02
    2.55000000E+02      -9.088633666203213579E+02
    2.56000000E+02      -9.152405428775209657E+02
    2.57000000E+02      -9.216443953024931943E+02
    2.58000000E+02      -9.280700746388752123E+02
    2.59000000E+02      -9.345045154737597386E+02
    2.60000000E+02      -9.409630614044840513E+02
    2.61000000E+02      -9.474823066683391062E+02
    2.62000000E+02      -9.540023520041740994E+02
    2.63000000E+02      -9.605418672542191416E+02
    2.64000000E+02      -9.671312883544100032E+02
    2.65000000E+02      -9.737610930997670948E+02
    2.66000000E+02      -9.804128470093072565E+02
    2.67000000E+02      -9.871157978197435341E+02
    2.68000000E+02      -9.938494197461648128E+02
    2.69000000E+02      -1.000586338951482276E+03
    2.70000000E+02      -1.007392916427679438E+03
    2.71000000E+02      -1.014187025431285178E+03
    2.72000000E+02      -1.021056842460291477E+03
    2.73000000E+02      -1.027938412769069828E+03
    2.74000000E+02      -1.034856446855568720E+03
    2.75000000E+02      -1.041828468093588071E+03
    2.76000000E+02      -1.048835089966493342E+03
    2.77000000E+02      -1.055858691343799819E+03
    2.78000000E+02      -1.062936733408447253E+03
    2.79000000E+02      -1.070043440413726785E+03
    2.80000000E+02      -1.077185764295230001E+03
    2.81000000E+02      -1.084260622627947669E+03
    2.82000000E+02      -1.091470042676116918E+03
    2.83000000E+02      -1.098703717709670855E+03
    2.84000000E+02      -1.105984861061864649E+03
    2.85000000E+02      -1.113289243921180059E+03
    2.86000000E+02      -1.120624800947574840E+03
    2.87000000E+02      -1.128017838240067249E+03
    2.88000000E+02      -1.135430214333223375E+03
    2.89000000E+02      -1.142872888913210772E+03
    2.90000000E+02      -1.150380899316507566E+03
    2.91000000E+02      -1.157938288770455074E+03
    2.92000000E+02      -1.165492854768079269E+03
    2.93000000E+02      -1.173088190365226183E+03
    2.94000000E+02      -1.180699067491843380E+03
    2.95000000E+02      -1.188377711044312491E+03
    2.96000000E+02      -1.196071773951040086E+03
    2.97000000E+02      -1.203809200976268585E+03
    2.98000000E+02      -1.211629898817230242E+03
    2.99000000E+02      -1.219471593578471584E+03
    3.00000000E+02      -1.227318772516048739E+03
    3.01000000E+02      -1.235226517415875605E+03
    3.02000000E+02      -1.243148144255305851E+03
    3.03000000E+02      -1.251123314216824383E+03
    3.04000000E+02      -1.259149488465849572E+03
    3.05000000E+02      -1.267200142624387809E+03
    3.06000000E+02      -1.275279592977671200E+03
    3.07000000E+02      -1.283422324160471817E+03
    3.08000000E+02      -1.291584201378913804E+03
    3.09000000E+02      -1.299761060265145716E+03
    3.10000000E+02      -1.307941997121484292E+03
    3.11000000E+02      -1.316196265792296344E+03
    3.12000000E+02      -1.324512907238496155E+03
    3.13000000E+02      -1.332821761339168461E+03
    3.14000000E+02      -1.341126401041562985E+03
    3.15000000E+02      -1.349491817081919635E+03
    3.16000000E+02      -1.357899190562819058E+03
    3.17000000E+02      -1.366342336631108310E+03
    3.18000000E+02      -1.374833287137648313E+03
    3.19000000E+02      -1.383327738140934798E+03
    3.20000000E+02      -1.391853016387201933E+03
    3.21000000E+02      -1.400357063228494553E+03
    3.22000000E+02      -1.408918819151381967E+03
    3.23000000E+02      -1.417559230079888039E+03
    3.24000000E+02      -1.426189207867023697E+03
    3.25000000E+02      -1.434832683100729355E+03
    3.26000000E+02      -1.443541139806919773E+03
    3.27000000E+02      -1.452299950447119727E+03
    3.28000000E+02      -1.461061661007029443E+03
    3.29000000E+02      -1.469824795753455874E+03
    3.30000000E+02      -1.478642360670005019E+03
    3.31000000E+02      -1.487449683821892677E+03
    3.32000000E+02      -1.496321349874272983E+03
    3.33000000E+02      -1.505185664086086490E+03
    3.34000000E+02      -1.514109932867520001E+03
    3.35000000E+02      -1.523047849151173750E+03
    3.36000000E+02      -1.532027426858847775E+03
    3.37000000E+02      -1.540992530990632304E+03
    3.38000000E+02      -1.549994833683664183E+03
    3.39000000E+02      -1.559091449826237977E+03
    3.40000000E+02      -1.568208070171051531E+03
    3.41000000E+02      -1.577303916282523915E+03
    3.42000000E+02      -1.586394875448442235E+03
    3.43000000E+02      -1.595592206668335621E+03
    3.44000000E+02      -1.604722353245922477E+03
    3.45000000E+02      -1.613925771692599255E+03
    3.46000000E+02      -1.623117638268972314E+03
    3.47000000E+02      -1.632423168219391073E+03
    3.48000000E+02      -1.641683222540847510E+03
    3.49000000E+02      -1.651007855362370492E+03
    3.50000000E+02      -1.660367874566441515E+03
    3.51000000E+02      -1.669708265704094629E+03
    3.52000000E+02      -1.679078804065909935E+03
    3.53000000E+02      -1.688481877644525412E+03
    3.54000000E+02      -1.697917537861738310E+03
    3.55000000E+02      -1.707310893709382299E+03
    3.56000000E+02      -1.716768494310074402E+03
    3.57000000E+02      -1.726255037821196765E+03
    3.58000000E+02      -1.735780988275140771E+03
    3.59000000E+02      -1.745286124233393593E+03
    3.60000000E+02      -1.754807766166851707E+03
    3.61000000E+02      -1.764325531354299756E+03
    3.62000000E+02      -1.773902111468273233E+03
    3.63000000E+02      -1.783655311231744463E+03
    3.64000000E+02      -1.793215579828447972E+03
    3.65000000E+02      -1.802900092316352584E+03
    3.66000000E+02      -1.812641169412754152E+03
    3.67000000E+02      -1.822281947857660271E+03
    3.68000000E+02      -1.831891317169595823E+03
    3.69000000E+02      -1.841675576412141709E+03
    3.70000000E+02      -1.851511742485358809E+03
    3.71000000E+02      -1.861210718502395139E+03
    3.72000000E+02      -1.870952525525453893E+03
    3.73000000E+02      -1.880692242535794321E+03
    3.74000000E+02      -1.890558399033982823E+03
    3.75000000E+02      -1.900495746068895869E+03
    3.76000000E+02      -1.910280842222360889E+03
    3.77000000E+02      -1.920090927953996015E+03
    3.78000000E+02      -1.929928137584038723E+03
    3.79000000E+02      -1.939801654597055858E+03
    3.80000000E+02      -1.949757658284975605E+03
    3.81000000E+02      -1.959887595656398844E+03
    3.82000000E+02      -1.969817274594289756E+03
    3.83000000E+02      -1.979689082615912412E+03
    3.84000000E+02      -1.989567781540330543E+03
    3.85000000E+02      -1.999584534732141492E+03
    3.86000000E+02      -2.009641138298726673E+03
    3.87000000E+02      -2.019492624230172169E+03
    3.88000000E+02      -2.029518762797815725E+03
    3.89000000E+02      -2.039521744395484347E+03
    3.90000000E+02      -2.049595848358947478E+03
    3.91000000E+02      -2.059644366253498447E+03
    3.92000000E+02      -2.069765223163695737E+03
    3.93000000E+02      -2.079828459467825724E+03
    3.94000000E+02      -2.090022651686593690E+03
    3.95000000E+02      -2.100165320019659248E+03
    3.96000000E+02      -2.110313539599625983E+03
    3.97000000E+02      -2.120364686017951499E+03
    3.98000000E+02      -2.130286878974709907E+03
    3.99000000E+02      -2.140468346947561713E+03
    4.00000000E+02      -2.150587543280736099E+03
    4.01000000E+02      -2.160707735565320036E+03
    4.02000000E+02      -2.170889323050173516E+03
    4.03000000E+02      -2.181109039780462808E+03
    4.04000000E+02      -2.191328614668955197E+03
    4.05000000E+02      -2.201682270010580396E+03
    4.06000000E+02      -2.211668865065036698E+03
    4.07000000E+02      -2.221842023034806971E+03
    4.08000000E+02      -2.232150994366021223E+03
    4.09000000E+02      -2.242291822823736766E+03
    4.10000000E+02      -2.252383760225618062E+03
    4.11000000E+02      -2.262535904133445911E+03
    4.12000000E+02      -2.272782315836805537E+03
    4.13000000E+02      -2.283004527087839961E+03
    4.14000000E+02      -2.293184246475886539E+03
    4.15000000E+02      -2.303363812486525148E+03
    4.16000000E+02      -2.313568338264838530E+03
    4.17000000E+02      -2.323840395255071144E+03
    4.18000000E+02      -2.334081164124208044E+03
    4.19000000E+02      -2.344421542319478249E+03
    4.20000000E+02      -2.354685629324181718E+03
    4.21000000E+02      -2.364767848457809123E+03
    4.22000000E+02      -2.374869225084462414E+03
    4.23000000E+02      -2.385012421761096903E+03
    4.24000000E+02      -2.395209755014994244E+03
    4.25000000E+02      -2.405402917158316086E+03
    4.26000000E+02      -2.415662893404892202E+03
    4.27000000E+02      -2.425759873571221760E+03
    4.28000000E+02      -2.435933942777912307E+03
    4.29000000E+02      -2.446109373811810656E+03
    4.30000000E+02      -2.456392297311968832E+03
    4.31000000E+02      -2.466435201532149676E+03
    4.32000000E+02      -2.476502897477223996E+03
    4.33000000E+02      -2.486840941089122680E+03
    4.34000000E+02      -2.496977358676782387E+03
    4.35000000E+02      -2.507235355400020126E+03
    4.36000000E+02      -2.517219574278086384E+03
    4.37000000E+02      -2.527153840823906648E+03
    4.38000000E+02      -2.537246124141986002E+03
    4.39000000E+02      -2.547460496573772616E+03
    4.40000000E+02      -2.557445418189272004E+03
    4.41000000E+02      -2.567448742783299167E+03
    4.42000000E+02      -2.577592413260696048E+03
    4.43000000E+02      -2.587699369815883983E+03
    4.44000000E+02      -2.597674111678885311E+03
    4.45000000E+02      -2.607678846826347126E+03
    4.46000000E+02      -2.617881999661402006E+03
    4.47000000E+02      -2.627503217282760033E+03
    4.48000000E+02      -2.637527548676820970E+03
    4.49000000E+02      -2.647289250005841495E+03
    4.50000000E+02      -2.657605157593033709E+03
    4.51000000E+02      -2.667264932406938897E+03
    4.52000000E+02      -2.677248555389099238E+03
    4.53000000E+02      -2.687126998884463774E+03
    4.54000000E+02      -2.697072479904057218E+03
    4.55000000E+02      -2.706806625870983225E+03
    4.56000000E+02      -2.716720275402557945E+03
    4.57000000E+02      -2.726516424756393008E+03
    4.58000000E+02      -2.736053199168258288E+03
    4.59000000E+02      -2.746075666168736916E+03
    4.60000000E+02      -2.755844973998754085E+03
    4.61000000E+02      -2.765604975088630454E+03
    4.62000000E+02      -2.775422291083870732E+03
    4.63000000E+02      -2.784992380438600776E+03
    4.64000000E+02      -2.794709375950415051E+03
    4.65000000E+02      -2.804217015040434489E+03
    4.66000000E+02      -2.813778199129080349E+03
    4.67000000E+02      -2.823253288999558663E+03
    4.68000000E+02      -2.832606079453460552E+03
    4.69000000E+02      -2.842487103142273554E+03
    4.70000000E+02      -2.851889284309219420E+03
    4.71000000E+02      -2.861043235277858003E+03
    4.72000000E+02      -2.870654621097951804E+03
    4.73000000E+02      -2.880111262598201392E+03
    4.74000000E+02      -2.889344809638308107E+03
    4.75000000E+02      -2.898716034759162540E+03
    4.76000000E+02      -2.908147963939125475E+03
    4.77000000E+02      -2.917204337882483742E+03
    4.78000000E+02      -2.926606710002776254E+03
    4.79000000E+02      -2.935624261108244809E+03
    4.80000000E+02      -2.944646346810471186E+03
    4.81000000E+02      -2.953506925212069291E+03
    4.82000000E+02      -2.963036966700015910E+03
    4.83000000E+02      -2.972083100440246199E+03
    4.84000000E+02      -2.981217685949235602E+03
    4.85000000E+02      -2.990074232835285329E+03
    4.86000000E+02      -2.998875616361669472E+03
    4.87000000E+02      -3.007971314976908616E+03
    4.88000000E+02      -3.016703618930377161E+03
    4.89000000E+02      -3.025381754151766472E+03
    4.90000000E+02      -3.034364568175963541E+03
    4.91000000E+02      -3.042791336104305628E+03
    4.92000000E+02      -3.051536708251664095E+03
    4.93000000E+02      -3.059451164638089722E+03
    4.94000000E+02      -3.068109888841774591E+03
    4.95000000E+02      -3.077238575571561341E+03
    4.96000000E+02      -3.085500097349586213E+03
    4.97000000E+02      -3.094134306061200277E+03
    4.98000000E+02      -3.102435933347027458E+03
    4.99000000E+02      -3.110591341326889960E+03
    5.00000000E+02      -3.118423504360876450E+03
    5.01000000E+02      -3.126512476227672323E+03
    5.02000000E+02      -3.134987293408919868E+03
    5.03000000E+02      -3.143025811898217398E+03
    5.04000000E+02      -3.151319100206546864E+03
    5.05000000E+02      -3.158862877882442262E+03
    5.06000000E+02      -3.164139087045616179E+03
    5.07000000E+02      -3.116098092721367721E+03
    5.08000000E+02      -3.159798033988074167E+03
    5.09000000E+02      -3.192675470488440624E+03
    5.10000000E+02      -3.208817026038967015E+03
