    0.0000000000E+00     -0.3273114170E+02
    0.1000000000E+01     -0.2954513674E+02
    0.2000000000E+01     -0.2703738570E+02
    0.3000000000E+01     -0.2492008855E+02
    0.4000000000E+01     -0.2307537441E+02
    0.5000000000E+01     -0.2143907863E+02
    0.6000000000E+01     -0.1997018667E+02
    0.7000000000E+01     -0.1864025478E+02
    0.8000000000E+01     -0.1742896597E+02
    0.9000000000E+01     -0.1632088262E+02
    0.1000000000E+02     -0.1530312725E+02
    0.1100000000E+02     -0.1436558980E+02
    0.1200000000E+02     -0.1350051052E+02
    0.1300000000E+02     -0.1270125137E+02
    0.1400000000E+02     -0.1196108791E+02
    0.1500000000E+02     -0.1127518873E+02
    0.1600000000E+02     -0.1063915817E+02
    0.1700000000E+02     -0.1004914443E+02
    0.1800000000E+02     -0.9501700347E+01
    0.1900000000E+02     -0.8993853730E+01
    0.2000000000E+02     -0.8522754785E+01
    0.2100000000E+02     -0.8085782533E+01
    0.2200000000E+02     -0.7681043952E+01
    0.2300000000E+02     -0.7306511207E+01
    0.2400000000E+02     -0.6960156547E+01
    0.2500000000E+02     -0.6640146405E+01
    0.2600000000E+02     -0.6345132145E+01
    0.2700000000E+02     -0.6073674606E+01
    0.2800000000E+02     -0.5824410489E+01
    0.2900000000E+02     -0.5596068045E+01
    0.3000000000E+02     -0.5387780141E+01
    0.3100000000E+02     -0.5198316045E+01
    0.3200000000E+02     -0.5025904639E+01
    0.3300000000E+02     -0.4870379962E+01
    0.3400000000E+02     -0.4731523315E+01
    0.3500000000E+02     -0.4607713310E+01
    0.3600000000E+02     -0.4497794732E+01
    0.3700000000E+02     -0.4401703362E+01
    0.3800000000E+02     -0.4318747007E+01
    0.3900000000E+02     -0.4247755760E+01
    0.4000000000E+02     -0.4188512310E+01
    0.4100000000E+02     -0.4139968981E+01
    0.4200000000E+02     -0.4101863573E+01
    0.4300000000E+02     -0.4073968250E+01
    0.4400000000E+02     -0.4055367871E+01
    0.4500000000E+02     -0.4046011298E+01
    0.4600000000E+02     -0.4044997985E+01
    0.4700000000E+02     -0.4051989678E+01
    0.4800000000E+02     -0.4066444621E+01
    0.4900000000E+02     -0.4088090200E+01
    0.5000000000E+02     -0.4116788298E+01
    0.5100000000E+02     -0.4152299774E+01
    0.5200000000E+02     -0.4194127319E+01
    0.5300000000E+02     -0.4241745909E+01
    0.5400000000E+02     -0.4294809995E+01
    0.5500000000E+02     -0.4353224207E+01
    0.5600000000E+02     -0.4416735325E+01
    0.5700000000E+02     -0.4485225738E+01
    0.5800000000E+02     -0.4558023266E+01
    0.5900000000E+02     -0.4635459019E+01
    0.6000000000E+02     -0.4716485956E+01
    0.6100000000E+02     -0.4801385363E+01
    0.6200000000E+02     -0.4890051859E+01
    0.6300000000E+02     -0.4981768928E+01
    0.6400000000E+02     -0.5076743258E+01
    0.6500000000E+02     -0.5174027618E+01
    0.6600000000E+02     -0.5274355809E+01
    0.6700000000E+02     -0.5377299583E+01
    0.6800000000E+02     -0.5482658348E+01
    0.6900000000E+02     -0.5590251816E+01
    0.7000000000E+02     -0.5699940125E+01
    0.7100000000E+02     -0.5811494221E+01
    0.7200000000E+02     -0.5925013728E+01
    0.7300000000E+02     -0.6039525583E+01
    0.7400000000E+02     -0.6155835301E+01
    0.7500000000E+02     -0.6273591214E+01
    0.7600000000E+02     -0.6392297009E+01
    0.7700000000E+02     -0.6512116141E+01
    0.7800000000E+02     -0.6632641759E+01
    0.7900000000E+02     -0.6754468239E+01
    0.8000000000E+02     -0.6876723962E+01
    0.8100000000E+02     -0.6999607046E+01
    0.8200000000E+02     -0.7122908157E+01
    0.8300000000E+02     -0.7246606704E+01
    0.8400000000E+02     -0.7370541127E+01
    0.8500000000E+02     -0.7494254957E+01
    0.8600000000E+02     -0.7618020878E+01
    0.8700000000E+02     -0.7741778335E+01
    0.8800000000E+02     -0.7866084832E+01
    0.8900000000E+02     -0.7990309746E+01
    0.9000000000E+02     -0.8114209234E+01
    0.9100000000E+02     -0.8237721120E+01
    0.9200000000E+02     -0.8361179726E+01
    0.9300000000E+02     -0.8483824616E+01
    0.9400000000E+02     -0.8606145238E+01
    0.9500000000E+02     -0.8727850973E+01
    0.9600000000E+02     -0.8848652668E+01
    0.9700000000E+02     -0.8969397659E+01
    0.9800000000E+02     -0.9088678197E+01
    0.9900000000E+02     -0.9207083081E+01
    0.1000000000E+03     -0.9324800410E+01
    0.1010000000E+03     -0.9441557601E+01
    0.1020000000E+03     -0.9557587117E+01
    0.1030000000E+03     -0.9673085711E+01
    0.1040000000E+03     -0.9786935570E+01
    0.1050000000E+03     -0.9899697623E+01
    0.1060000000E+03     -0.1001146343E+02
    0.1070000000E+03     -0.1012161183E+02
    0.1080000000E+03     -0.1023112685E+02
    0.1090000000E+03     -0.1033922280E+02
    0.1100000000E+03     -0.1044587886E+02
    0.1110000000E+03     -0.1055078507E+02
    0.1120000000E+03     -0.1065421059E+02
    0.1130000000E+03     -0.1075663796E+02
    0.1140000000E+03     -0.1085752298E+02
    0.1150000000E+03     -0.1095686451E+02
    0.1160000000E+03     -0.1105471445E+02
    0.1170000000E+03     -0.1115142803E+02
    0.1180000000E+03     -0.1124655937E+02
    0.1190000000E+03     -0.1133958725E+02
    0.1200000000E+03     -0.1143120193E+02
    0.1210000000E+03     -0.1152196005E+02
    0.1220000000E+03     -0.1161084715E+02
    0.1230000000E+03     -0.1169756143E+02
    0.1240000000E+03     -0.1178224423E+02
    0.1250000000E+03     -0.1186534676E+02
    0.1260000000E+03     -0.1194678971E+02
    0.1270000000E+03     -0.1202658793E+02
    0.1280000000E+03     -0.1210465437E+02
    0.1290000000E+03     -0.1218165938E+02
    0.1300000000E+03     -0.1225595127E+02
    0.1310000000E+03     -0.1232836890E+02
    0.1320000000E+03     -0.1239892523E+02
    0.1330000000E+03     -0.1246771281E+02
    0.1340000000E+03     -0.1253402346E+02
    0.1350000000E+03     -0.1259869647E+02
    0.1360000000E+03     -0.1266166582E+02
    0.1370000000E+03     -0.1272314059E+02
    0.1380000000E+03     -0.1278216787E+02
    0.1390000000E+03     -0.1283969742E+02
    0.1400000000E+03     -0.1289496540E+02
    0.1410000000E+03     -0.1294850888E+02
    0.1420000000E+03     -0.1299917573E+02
    0.1430000000E+03     -0.1304837780E+02
    0.1440000000E+03     -0.1309554921E+02
    0.1450000000E+03     -0.1314012678E+02
    0.1460000000E+03     -0.1318260372E+02
    0.1470000000E+03     -0.1322390241E+02
    0.1480000000E+03     -0.1326270244E+02
    0.1490000000E+03     -0.1330000751E+02
    0.1500000000E+03     -0.1333498606E+02
    0.1510000000E+03     -0.1336793739E+02
    0.1520000000E+03     -0.1339917126E+02
    0.1530000000E+03     -0.1342783302E+02
    0.1540000000E+03     -0.1345428108E+02
    0.1550000000E+03     -0.1347861619E+02
    0.1560000000E+03     -0.1350081512E+02
    0.1570000000E+03     -0.1352072363E+02
    0.1580000000E+03     -0.1353881611E+02
    0.1590000000E+03     -0.1355545273E+02
    0.1600000000E+03     -0.1356985200E+02
    0.1610000000E+03     -0.1358175226E+02
    0.1620000000E+03     -0.1359146244E+02
    0.1630000000E+03     -0.1359941165E+02
    0.1640000000E+03     -0.1360532326E+02
    0.1650000000E+03     -0.1360939412E+02
    0.1660000000E+03     -0.1361131546E+02
    0.1670000000E+03     -0.1361089059E+02
    0.1680000000E+03     -0.1360846817E+02
    0.1690000000E+03     -0.1360363541E+02
    0.1700000000E+03     -0.1359724365E+02
    0.1710000000E+03     -0.1358849330E+02
    0.1720000000E+03     -0.1357789721E+02
    0.1730000000E+03     -0.1356541294E+02
    0.1740000000E+03     -0.1355065489E+02
    0.1750000000E+03     -0.1353458737E+02
    0.1760000000E+03     -0.1351535969E+02
    0.1770000000E+03     -0.1349430808E+02
    0.1780000000E+03     -0.1347102862E+02
    0.1790000000E+03     -0.1344566614E+02
    0.1800000000E+03     -0.1341882224E+02
    0.1810000000E+03     -0.1338969099E+02
    0.1820000000E+03     -0.1335881140E+02
    0.1830000000E+03     -0.1332583148E+02
    0.1840000000E+03     -0.1329119802E+02
    0.1850000000E+03     -0.1325422106E+02
    0.1860000000E+03     -0.1321512381E+02
    0.1870000000E+03     -0.1317392456E+02
    0.1880000000E+03     -0.1313157329E+02
    0.1890000000E+03     -0.1308724164E+02
    0.1900000000E+03     -0.1304139762E+02
    0.1910000000E+03     -0.1299326523E+02
    0.1920000000E+03     -0.1294259190E+02
    0.1930000000E+03     -0.1289034147E+02
    0.1940000000E+03     -0.1283647618E+02
    0.1950000000E+03     -0.1278115496E+02
    0.1960000000E+03     -0.1272360520E+02
    0.1970000000E+03     -0.1266387148E+02
    0.1980000000E+03     -0.1260253923E+02
    0.1990000000E+03     -0.1253946547E+02
    0.2000000000E+03     -0.1247440213E+02
    0.2010000000E+03     -0.1240795552E+02
    0.2020000000E+03     -0.1233967778E+02
    0.2030000000E+03     -0.1226925853E+02
    0.2040000000E+03     -0.1219727790E+02
    0.2050000000E+03     -0.1212410350E+02
    0.2060000000E+03     -0.1204895010E+02
    0.2070000000E+03     -0.1197264161E+02
    0.2080000000E+03     -0.1189465436E+02
    0.2090000000E+03     -0.1181453014E+02
    0.2100000000E+03     -0.1173294193E+02
    0.2110000000E+03     -0.1164998642E+02
    0.2120000000E+03     -0.1156584843E+02
    0.2130000000E+03     -0.1148016033E+02
    0.2140000000E+03     -0.1139239604E+02
    0.2150000000E+03     -0.1130293186E+02
    0.2160000000E+03     -0.1121284320E+02
    0.2170000000E+03     -0.1112141095E+02
    0.2180000000E+03     -0.1102875877E+02
    0.2190000000E+03     -0.1093380201E+02
    0.2200000000E+03     -0.1083859657E+02
    0.2210000000E+03     -0.1074143536E+02
    0.2220000000E+03     -0.1064393190E+02
    0.2230000000E+03     -0.1054486030E+02
    0.2240000000E+03     -0.1044494311E+02
    0.2250000000E+03     -0.1034329144E+02
    0.2260000000E+03     -0.1024126387E+02
    0.2270000000E+03     -0.1013809390E+02
    0.2280000000E+03     -0.1003405820E+02
    0.2290000000E+03     -0.9929203212E+01
    0.2300000000E+03     -0.9823715295E+01
    0.2310000000E+03     -0.9716511510E+01
    0.2320000000E+03     -0.9609479621E+01
    0.2330000000E+03     -0.9501347081E+01
    0.2340000000E+03     -0.9392404511E+01
    0.2350000000E+03     -0.9283624638E+01
    0.2360000000E+03     -0.9173612224E+01
    0.2370000000E+03     -0.9063026001E+01
    0.2380000000E+03     -0.8952123507E+01
    0.2390000000E+03     -0.8840558449E+01
    0.2400000000E+03     -0.8728771514E+01
    0.2410000000E+03     -0.8616727377E+01
    0.2420000000E+03     -0.8504604980E+01
    0.2430000000E+03     -0.8391998278E+01
    0.2440000000E+03     -0.8278031928E+01
    0.2450000000E+03     -0.8165396929E+01
    0.2460000000E+03     -0.8053019962E+01
    0.2470000000E+03     -0.7938659768E+01
    0.2480000000E+03     -0.7826175771E+01
    0.2490000000E+03     -0.7712572827E+01
    0.2500000000E+03     -0.7600786445E+01
    0.2510000000E+03     -0.7489117157E+01
    0.2520000000E+03     -0.7378439647E+01
    0.2530000000E+03     -0.7269538426E+01
    0.2540000000E+03     -0.7158638758E+01
    0.2550000000E+03     -0.7050418811E+01
    0.2560000000E+03     -0.6940079375E+01
    0.2570000000E+03     -0.6832029342E+01
    0.2580000000E+03     -0.6722709120E+01
    0.2590000000E+03     -0.6615311296E+01
    0.2600000000E+03     -0.6508567641E+01
    0.2610000000E+03     -0.6404892977E+01
    0.2620000000E+03     -0.6302907094E+01
    0.2630000000E+03     -0.6199570369E+01
    0.2640000000E+03     -0.6099393723E+01
    0.2650000000E+03     -0.6000528188E+01
    0.2660000000E+03     -0.5902028205E+01
    0.2670000000E+03     -0.5806311301E+01
    0.2680000000E+03     -0.5713801962E+01
    0.2690000000E+03     -0.5620289578E+01
    0.2700000000E+03     -0.5531268120E+01
    0.2710000000E+03     -0.5442593995E+01
    0.2720000000E+03     -0.5357921217E+01
    0.2730000000E+03     -0.5275907798E+01
    0.2740000000E+03     -0.5193559150E+01
    0.2750000000E+03     -0.5115359026E+01
    0.2760000000E+03     -0.5039828599E+01
    0.2770000000E+03     -0.4965846585E+01
    0.2780000000E+03     -0.4895099625E+01
    0.2790000000E+03     -0.4828161209E+01
    0.2800000000E+03     -0.4764093772E+01
    0.2810000000E+03     -0.4701584488E+01
    0.2820000000E+03     -0.4644035878E+01
    0.2830000000E+03     -0.4589563219E+01
    0.2840000000E+03     -0.4539433717E+01
    0.2850000000E+03     -0.4493925609E+01
    0.2860000000E+03     -0.4452250640E+01
    0.2870000000E+03     -0.4410532432E+01
    0.2880000000E+03     -0.4375439460E+01
    0.2890000000E+03     -0.4343445925E+01
    0.2900000000E+03     -0.4318673780E+01
    0.2910000000E+03     -0.4297591102E+01
    0.2920000000E+03     -0.4281276205E+01
    0.2930000000E+03     -0.4268541556E+01
    0.2940000000E+03     -0.4263017393E+01
    0.2950000000E+03     -0.4262380062E+01
    0.2960000000E+03     -0.4265146027E+01
    0.2970000000E+03     -0.4273951064E+01
    0.2980000000E+03     -0.4289161538E+01
    0.2990000000E+03     -0.4309222454E+01
    0.3000000000E+03     -0.4335853643E+01
    0.3010000000E+03     -0.4369459229E+01
    0.3020000000E+03     -0.4409022048E+01
    0.3030000000E+03     -0.4455602057E+01
    0.3040000000E+03     -0.4507403276E+01
    0.3050000000E+03     -0.4564697443E+01
    0.3060000000E+03     -0.4629906030E+01
    0.3070000000E+03     -0.4701785539E+01
    0.3080000000E+03     -0.4781104033E+01
    0.3090000000E+03     -0.4868424202E+01
    0.3100000000E+03     -0.4963713878E+01
    0.3110000000E+03     -0.5065666246E+01
    0.3120000000E+03     -0.5174964157E+01
    0.3130000000E+03     -0.5293407348E+01
    0.3140000000E+03     -0.5419558333E+01
    0.3150000000E+03     -0.5553999841E+01
    0.3160000000E+03     -0.5696553802E+01
    0.3170000000E+03     -0.5852090795E+01
    0.3180000000E+03     -0.6012012615E+01
    0.3190000000E+03     -0.6182906146E+01
    0.3200000000E+03     -0.6364044373E+01
    0.3210000000E+03     -0.6553980913E+01
    0.3220000000E+03     -0.6757681944E+01
    0.3230000000E+03     -0.6968112385E+01
    0.3240000000E+03     -0.7188132047E+01
    0.3250000000E+03     -0.7417547189E+01
    0.3260000000E+03     -0.7662153903E+01
    0.3270000000E+03     -0.7916345974E+01
    0.3280000000E+03     -0.8180629769E+01
    0.3290000000E+03     -0.8454001782E+01
    0.3300000000E+03     -0.8743333660E+01
    0.3310000000E+03     -0.9043004562E+01
    0.3320000000E+03     -0.9355095544E+01
    0.3330000000E+03     -0.9680136761E+01
    0.3340000000E+03     -0.1001652564E+02
    0.3350000000E+03     -0.1036468316E+02
    0.3360000000E+03     -0.1072629539E+02
    0.3370000000E+03     -0.1110381617E+02
    0.3380000000E+03     -0.1149601305E+02
    0.3390000000E+03     -0.1189739345E+02
    0.3400000000E+03     -0.1231545413E+02
    0.3410000000E+03     -0.1274294301E+02
    0.3420000000E+03     -0.1319230859E+02
    0.3430000000E+03     -0.1365090998E+02
    0.3440000000E+03     -0.1412372960E+02
    0.3450000000E+03     -0.1461042792E+02
    0.3460000000E+03     -0.1511722786E+02
    0.3470000000E+03     -0.1564103537E+02
    0.3480000000E+03     -0.1617772782E+02
    0.3490000000E+03     -0.1672626181E+02
    0.3500000000E+03     -0.1729825132E+02
    0.3510000000E+03     -0.1788562908E+02
    0.3520000000E+03     -0.1849031454E+02
    0.3530000000E+03     -0.1911401799E+02
    0.3540000000E+03     -0.1975842089E+02
    0.3550000000E+03     -0.2041901206E+02
    0.3560000000E+03     -0.2109258732E+02
    0.3570000000E+03     -0.2178595362E+02
    0.3580000000E+03     -0.2249754111E+02
    0.3590000000E+03     -0.2322956750E+02
    0.3600000000E+03     -0.2398026589E+02
    0.3610000000E+03     -0.2474826494E+02
    0.3620000000E+03     -0.2553813205E+02
    0.3630000000E+03     -0.2634966216E+02
    0.3640000000E+03     -0.2718664540E+02
    0.3650000000E+03     -0.2803631348E+02
    0.3660000000E+03     -0.2890940594E+02
    0.3670000000E+03     -0.2979923626E+02
    0.3680000000E+03     -0.3071990310E+02
    0.3690000000E+03     -0.3165866893E+02
    0.3700000000E+03     -0.3261677201E+02
    0.3710000000E+03     -0.3360194815E+02
    0.3720000000E+03     -0.3460728166E+02
    0.3730000000E+03     -0.3563496028E+02
    0.3740000000E+03     -0.3669676330E+02
    0.3750000000E+03     -0.3777826614E+02
    0.3760000000E+03     -0.3888789139E+02
    0.3770000000E+03     -0.4001075840E+02
    0.3780000000E+03     -0.4116761661E+02
    0.3790000000E+03     -0.4234002156E+02
    0.3800000000E+03     -0.4353975353E+02
    0.3810000000E+03     -0.4476897061E+02
    0.3820000000E+03     -0.4602152546E+02
    0.3830000000E+03     -0.4730308493E+02
    0.3840000000E+03     -0.4861416657E+02
    0.3850000000E+03     -0.4994580819E+02
    0.3860000000E+03     -0.5130439137E+02
    0.3870000000E+03     -0.5269839693E+02
    0.3880000000E+03     -0.5411747118E+02
    0.3890000000E+03     -0.5556068111E+02
    0.3900000000E+03     -0.5704591060E+02
    0.3910000000E+03     -0.5856004294E+02
    0.3920000000E+03     -0.6010063799E+02
    0.3930000000E+03     -0.6167023090E+02
    0.3940000000E+03     -0.6327192837E+02
    0.3950000000E+03     -0.6490809144E+02
    0.3960000000E+03     -0.6656675943E+02
    0.3970000000E+03     -0.6826425195E+02
    0.3980000000E+03     -0.6999512895E+02
    0.3990000000E+03     -0.7176730680E+02
    0.4000000000E+03     -0.7356108566E+02
    0.4010000000E+03     -0.7538547911E+02
    0.4020000000E+03     -0.7724973647E+02
    0.4030000000E+03     -0.7914618707E+02
    0.4040000000E+03     -0.8107947013E+02
    0.4050000000E+03     -0.8304595359E+02
    0.4060000000E+03     -0.8505452235E+02
    0.4070000000E+03     -0.8709690102E+02
    0.4080000000E+03     -0.8916497448E+02
    0.4090000000E+03     -0.9127868022E+02
    0.4100000000E+03     -0.9341993395E+02
    0.4110000000E+03     -0.9560991578E+02
    0.4120000000E+03     -0.9782677091E+02
    0.4130000000E+03     -0.1000754769E+03
    0.4140000000E+03     -0.1023763157E+03
    0.4150000000E+03     -0.1047225888E+03
    0.4160000000E+03     -0.1071002958E+03
    0.4170000000E+03     -0.1095284108E+03
    0.4180000000E+03     -0.1119852616E+03
    0.4190000000E+03     -0.1144832803E+03
    0.4200000000E+03     -0.1170344815E+03
    0.4210000000E+03     -0.1196130961E+03
    0.4220000000E+03     -0.1222442688E+03
    0.4230000000E+03     -0.1249120804E+03
    0.4240000000E+03     -0.1276285419E+03
    0.4250000000E+03     -0.1303857172E+03
    0.4260000000E+03     -0.1331832089E+03
    0.4270000000E+03     -0.1360333728E+03
    0.4280000000E+03     -0.1389317440E+03
    0.4290000000E+03     -0.1418696303E+03
    0.4300000000E+03     -0.1448559490E+03
    0.4310000000E+03     -0.1478751743E+03
    0.4320000000E+03     -0.1509516682E+03
    0.4330000000E+03     -0.1540680465E+03
    0.4340000000E+03     -0.1572467915E+03
    0.4350000000E+03     -0.1604669634E+03
    0.4360000000E+03     -0.1637213804E+03
    0.4370000000E+03     -0.1670443035E+03
    0.4380000000E+03     -0.1704236159E+03
    0.4390000000E+03     -0.1738501007E+03
    0.4400000000E+03     -0.1773379581E+03
    0.4410000000E+03     -0.1808500633E+03
    0.4420000000E+03     -0.1844061576E+03
    0.4430000000E+03     -0.1880267756E+03
    0.4440000000E+03     -0.1916950649E+03
    0.4450000000E+03     -0.1954358002E+03
    0.4460000000E+03     -0.1992290726E+03
    0.4470000000E+03     -0.2030726435E+03
    0.4480000000E+03     -0.2069685089E+03
    0.4490000000E+03     -0.2109323923E+03
    0.4500000000E+03     -0.2149501694E+03
    0.4510000000E+03     -0.2190093119E+03
    0.4520000000E+03     -0.2231508863E+03
    0.4530000000E+03     -0.2273382834E+03
    0.4540000000E+03     -0.2315994124E+03
    0.4550000000E+03     -0.2359035271E+03
    0.4560000000E+03     -0.2402676782E+03
    0.4570000000E+03     -0.2446876810E+03
    0.4580000000E+03     -0.2491724556E+03
    0.4590000000E+03     -0.2537229678E+03
    0.4600000000E+03     -0.2583405574E+03
    0.4610000000E+03     -0.2630014088E+03
    0.4620000000E+03     -0.2677450980E+03
    0.4630000000E+03     -0.2725496815E+03
    0.4640000000E+03     -0.2774044736E+03
    0.4650000000E+03     -0.2823258165E+03
    0.4660000000E+03     -0.2873238535E+03
    0.4670000000E+03     -0.2924069571E+03
    0.4680000000E+03     -0.2975482339E+03
    0.4690000000E+03     -0.3027641782E+03
    0.4700000000E+03     -0.3080208675E+03
    0.4710000000E+03     -0.3133297598E+03
    0.4720000000E+03     -0.3187284936E+03
    0.4730000000E+03     -0.3241961844E+03
    0.4740000000E+03     -0.3297230723E+03
    0.4750000000E+03     -0.3353332088E+03
    0.4760000000E+03     -0.3410096293E+03
    0.4770000000E+03     -0.3467708609E+03
    0.4780000000E+03     -0.3526048892E+03
    0.4790000000E+03     -0.3584963799E+03
    0.4800000000E+03     -0.3644801872E+03
    0.4810000000E+03     -0.3705311086E+03
    0.4820000000E+03     -0.3766581782E+03
    0.4830000000E+03     -0.3828494222E+03
    0.4840000000E+03     -0.3891155995E+03
    0.4850000000E+03     -0.3954518090E+03
