    0.00000000E+00      -1.163215294807776523E+01
    1.00000000E+00      -9.293326758055291847E+00
    2.00000000E+00      -7.629154604245178106E+00
    3.00000000E+00      -6.351849736273043945E+00
    4.00000000E+00      -5.343769546420963579E+00
    5.00000000E+00      -4.540342015455399505E+00
    6.00000000E+00      -3.900741793884781927E+00
    7.00000000E+00      -3.397021414291776509E+00
    8.00000000E+00      -3.008569297474997128E+00
    9.00000000E+00      -2.719757847689498576E+00
    1.00000000E+01      -2.518169410584397028E+00
    1.10000000E+01      -2.393345939973306358E+00
    1.20000000E+01      -2.337321621643132730E+00
    1.30000000E+01      -2.343380278551540741E+00
    1.40000000E+01      -2.405786664019734289E+00
    1.50000000E+01      -2.519228166716976247E+00
    1.60000000E+01      -2.678822249880914441E+00
    1.70000000E+01      -2.880924903606802090E+00
    1.80000000E+01      -3.122334885261926374E+00
    1.90000000E+01      -3.399901515362108384E+00
    2.00000000E+01      -3.710860238378591802E+00
    2.10000000E+01      -4.052845776258328314E+00
    2.20000000E+01      -4.423334243233858487E+00
    2.30000000E+01      -4.820467833723460771E+00
    2.40000000E+01      -5.242488061004115352E+00
    2.50000000E+01      -5.687546479060648252E+00
    2.60000000E+01      -6.153754092433819878E+00
    2.70000000E+01      -6.640164106937055166E+00
    2.80000000E+01      -7.145456185640233215E+00
    2.90000000E+01      -7.668271188060208132E+00
    3.00000000E+01      -8.207540771213308162E+00
    3.10000000E+01      -8.762206645608221933E+00
    3.20000000E+01      -9.330947920126737571E+00
    3.30000000E+01      -9.913118739862630591E+00
    3.40000000E+01      -1.050788131971683548E+01
    3.50000000E+01      -1.111467068009586079E+01
    3.60000000E+01      -1.173225748944321900E+01
    3.70000000E+01      -1.235971360006556630E+01
    3.80000000E+01      -1.299623882051264978E+01
    3.90000000E+01      -1.364156952540861845E+01
    4.00000000E+01      -1.429543491384311515E+01
    4.10000000E+01      -1.495712632131097131E+01
    4.20000000E+01      -1.562600655963570340E+01
    4.30000000E+01      -1.630155968024644864E+01
    4.40000000E+01      -1.698319036519831826E+01
    4.50000000E+01      -1.767017879042214901E+01
    4.60000000E+01      -1.836253565607717775E+01
    4.70000000E+01      -1.905958818155296086E+01
    4.80000000E+01      -1.976122132471221704E+01
    4.90000000E+01      -2.046644771498893789E+01
    5.00000000E+01      -2.117523724139790176E+01
    5.10000000E+01      -2.188745176503972090E+01
    5.20000000E+01      -2.260257506540148853E+01
    5.30000000E+01      -2.332017460514953910E+01
    5.40000000E+01      -2.403985494789743171E+01
    5.50000000E+01      -2.476139731300430213E+01
    5.60000000E+01      -2.548496208727977574E+01
    5.70000000E+01      -2.621001038124507687E+01
    5.80000000E+01      -2.693613242449703904E+01
    5.90000000E+01      -2.766277659382252097E+01
    6.00000000E+01      -2.839096113937660704E+01
    6.10000000E+01      -2.911942775784871884E+01
    6.20000000E+01      -2.984853915677184233E+01
    6.30000000E+01      -3.057757586667333527E+01
    6.40000000E+01      -3.130662622316265953E+01
    6.50000000E+01      -3.203504569796940160E+01
    6.60000000E+01      -3.276329908698551918E+01
    6.70000000E+01      -3.349075630471168807E+01
    6.80000000E+01      -3.421753238982353906E+01
    6.90000000E+01      -3.494293287594098985E+01
    7.00000000E+01      -3.566754474704783462E+01
    7.10000000E+01      -3.639078399078233161E+01
    7.20000000E+01      -3.711303206859418680E+01
    7.30000000E+01      -3.783376397908057953E+01
    7.40000000E+01      -3.855273119615674915E+01
    7.50000000E+01      -3.926989210427007748E+01
    7.60000000E+01      -3.998516940297293587E+01
    7.70000000E+01      -4.069865460167864768E+01
    7.80000000E+01      -4.140992891327994840E+01
    7.90000000E+01      -4.211899586199968581E+01
    8.00000000E+01      -4.282639699953586643E+01
    8.10000000E+01      -4.353100234288366011E+01
    8.20000000E+01      -4.423323377288659941E+01
    8.30000000E+01      -4.493277821957861562E+01
    8.40000000E+01      -4.562990396849716745E+01
    8.50000000E+01      -4.632420278385314560E+01
    8.60000000E+01      -4.701537668101162382E+01
    8.70000000E+01      -4.770362085471141000E+01
    8.80000000E+01      -4.838902218737883487E+01
    8.90000000E+01      -4.907209316446631675E+01
    9.00000000E+01      -4.975167538559697533E+01
    9.10000000E+01      -5.042906874565495201E+01
    9.20000000E+01      -5.110361472406373906E+01
    9.30000000E+01      -5.177483461772579432E+01
    9.40000000E+01      -5.244252011493961874E+01
    9.50000000E+01      -5.310760821700285561E+01
    9.60000000E+01      -5.376929442957487737E+01
    9.70000000E+01      -5.442807716209234314E+01
    9.80000000E+01      -5.508264323978790600E+01
    9.90000000E+01      -5.573369771260411909E+01
    1.00000000E+02      -5.638099625041548535E+01
    1.01000000E+02      -5.702523436142099200E+01
    1.02000000E+02      -5.766620517289801029E+01
    1.03000000E+02      -5.830388736860903265E+01
    1.04000000E+02      -5.893794079893621785E+01
    1.05000000E+02      -5.956867153383144142E+01
    1.06000000E+02      -6.019520665124480985E+01
    1.07000000E+02      -6.081833262913358595E+01
    1.08000000E+02      -6.143683177958053676E+01
    1.09000000E+02      -6.205209000248840567E+01
    1.10000000E+02      -6.266360360726401524E+01
    1.11000000E+02      -6.327158023774507711E+01
    1.12000000E+02      -6.387559665112610929E+01
    1.13000000E+02      -6.447603850266648351E+01
    1.14000000E+02      -6.507297650283442181E+01
    1.15000000E+02      -6.566629013702083739E+01
    1.16000000E+02      -6.625540702506748403E+01
    1.17000000E+02      -6.684091080522864559E+01
    1.18000000E+02      -6.742223591255731208E+01
    1.19000000E+02      -6.800033966855187373E+01
    1.20000000E+02      -6.857360962029486018E+01
    1.21000000E+02      -6.914425315964206220E+01
    1.22000000E+02      -6.971085838531314494E+01
    1.23000000E+02      -7.027309962518108932E+01
    1.24000000E+02      -7.083185021750693977E+01
    1.25000000E+02      -7.138634223606084106E+01
    1.26000000E+02      -7.193658532668894168E+01
    1.27000000E+02      -7.248406203104002543E+01
    1.28000000E+02      -7.302709184604680104E+01
    1.29000000E+02      -7.356607991895032228E+01
    1.30000000E+02      -7.409986706288998448E+01
    1.31000000E+02      -7.463075738759323485E+01
    1.32000000E+02      -7.515804893611755233E+01
    1.33000000E+02      -7.568110452394500953E+01
    1.34000000E+02      -7.620060238198345814E+01
    1.35000000E+02      -7.671573220135030624E+01
    1.36000000E+02      -7.722676807605910199E+01
    1.37000000E+02      -7.773485655876118017E+01
    1.38000000E+02      -7.823882359474407622E+01
    1.39000000E+02      -7.873853481008279687E+01
    1.40000000E+02      -7.923423357764920638E+01
    1.41000000E+02      -7.972699484644397216E+01
    1.42000000E+02      -8.021454167900071752E+01
    1.43000000E+02      -8.069867983550273038E+01
    1.44000000E+02      -8.117866109276690167E+01
    1.45000000E+02      -8.165440036006918945E+01
    1.46000000E+02      -8.212638483841453763E+01
    1.47000000E+02      -8.259387359035224563E+01
    1.48000000E+02      -8.305830926159239880E+01
    1.49000000E+02      -8.351917836136487949E+01
    1.50000000E+02      -8.397552957013829200E+01
    1.51000000E+02      -8.442803499321814797E+01
    1.52000000E+02      -8.487573174980195745E+01
    1.53000000E+02      -8.532061246968248724E+01
    1.54000000E+02      -8.576113920686782421E+01
    1.55000000E+02      -8.619762904103515666E+01
    1.56000000E+02      -8.663081552453547829E+01
    1.57000000E+02      -8.706032584870206392E+01
    1.58000000E+02      -8.748508406534790538E+01
    1.59000000E+02      -8.790638215592650795E+01
    1.60000000E+02      -8.832408348177875723E+01
    1.61000000E+02      -8.873733222596172254E+01
    1.62000000E+02      -8.914686894741669221E+01
    1.63000000E+02      -8.955198347791326796E+01
    1.64000000E+02      -8.995327053057815192E+01
    1.65000000E+02      -9.035115043879693530E+01
    1.66000000E+02      -9.074487203648811828E+01
    1.67000000E+02      -9.113445834335732343E+01
    1.68000000E+02      -9.152102867533164954E+01
    1.69000000E+02      -9.190281195628620026E+01
    1.70000000E+02      -9.228064777293991483E+01
    1.71000000E+02      -9.265494826131077843E+01
    1.72000000E+02      -9.302524579335920407E+01
    1.73000000E+02      -9.339066927335613855E+01
    1.74000000E+02      -9.375002617689085582E+01
    1.75000000E+02      -9.410829124024974135E+01
    1.76000000E+02      -9.446236249238597793E+01
    1.77000000E+02      -9.481063801115567458E+01
    1.78000000E+02      -9.515637872763625182E+01
    1.79000000E+02      -9.549826934345207974E+01
    1.80000000E+02      -9.583786750746082816E+01
    1.81000000E+02      -9.617187190639549499E+01
    1.82000000E+02      -9.650234761599574540E+01
    1.83000000E+02      -9.682872771659629052E+01
    1.84000000E+02      -9.715110279962289042E+01
    1.85000000E+02      -9.746957387564623332E+01
    1.86000000E+02      -9.778464689326017378E+01
    1.87000000E+02      -9.809638420604994735E+01
    1.88000000E+02      -9.840337445480497536E+01
    1.89000000E+02      -9.870687756841277860E+01
    1.90000000E+02      -9.900632985470099356E+01
    1.91000000E+02      -9.930145907407847972E+01
    1.92000000E+02      -9.959319899311583413E+01
    1.93000000E+02      -9.988117186338320153E+01
    1.94000000E+02      -1.001639121684237352E+02
    1.95000000E+02      -1.004436622151478105E+02
    1.96000000E+02      -1.007195243585036906E+02
    1.97000000E+02      -1.009919284025507977E+02
    1.98000000E+02      -1.012590953220695837E+02
    1.99000000E+02      -1.015231888924516852E+02
    2.00000000E+02      -1.017834271790478624E+02
    2.01000000E+02      -1.020393267156267711E+02
    2.02000000E+02      -1.022921113820819983E+02
    2.03000000E+02      -1.025405350904492252E+02
    2.04000000E+02      -1.027855193600674966E+02
    2.05000000E+02      -1.030261331594819012E+02
    2.06000000E+02      -1.032633937700655906E+02
    2.07000000E+02      -1.034969613964284463E+02
    2.08000000E+02      -1.037267890269318968E+02
    2.09000000E+02      -1.039523658492718141E+02
    2.10000000E+02      -1.041741012381454539E+02
    2.11000000E+02      -1.043915866582141234E+02
    2.12000000E+02      -1.046060552714421874E+02
    2.13000000E+02      -1.048175701999135754E+02
    2.14000000E+02      -1.050242390412796567E+02
    2.15000000E+02      -1.052270194676547135E+02
    2.16000000E+02      -1.054260371571828045E+02
    2.17000000E+02      -1.056221901148936695E+02
    2.18000000E+02      -1.058151079790030735E+02
    2.19000000E+02      -1.060038552312547608E+02
    2.20000000E+02      -1.061894404299904409E+02
    2.21000000E+02      -1.063704745934077209E+02
    2.22000000E+02      -1.065481352354244109E+02
    2.23000000E+02      -1.067221611803705628E+02
    2.24000000E+02      -1.068924537664187255E+02
    2.25000000E+02      -1.070592521271681790E+02
    2.26000000E+02      -1.072220876288146201E+02
    2.27000000E+02      -1.073811599064691791E+02
    2.28000000E+02      -1.075374001015342174E+02
    2.29000000E+02      -1.076902216417892078E+02
    2.30000000E+02      -1.078396653775779441E+02
    2.31000000E+02      -1.079861054939100313E+02
    2.32000000E+02      -1.081296113879460563E+02
    2.33000000E+02      -1.082690989550309268E+02
    2.34000000E+02      -1.084049361766200263E+02
    2.35000000E+02      -1.085369392348555948E+02
    2.36000000E+02      -1.086668807747654455E+02
    2.37000000E+02      -1.087928084922122025E+02
    2.38000000E+02      -1.089153485273608339E+02
    2.39000000E+02      -1.090339564425220260E+02
    2.40000000E+02      -1.091500711358283979E+02
    2.41000000E+02      -1.092636914626081079E+02
    2.42000000E+02      -1.093736772260298267E+02
    2.43000000E+02      -1.094805781594012615E+02
    2.44000000E+02      -1.095849853983426101E+02
    2.45000000E+02      -1.096867528052943044E+02
    2.46000000E+02      -1.097853806161336934E+02
    2.47000000E+02      -1.098798878291335086E+02
    2.48000000E+02      -1.099710479951453408E+02
    2.49000000E+02      -1.100608437035924680E+02
    2.50000000E+02      -1.101487180640295946E+02
    2.51000000E+02      -1.102332345019975719E+02
    2.52000000E+02      -1.103152961393833493E+02
    2.53000000E+02      -1.103934515181816778E+02
    2.54000000E+02      -1.104703990881397431E+02
    2.55000000E+02      -1.105452658267703328E+02
    2.56000000E+02      -1.106163778043327284E+02
    2.57000000E+02      -1.106856304439487531E+02
    2.58000000E+02      -1.107528512313846250E+02
    2.59000000E+02      -1.108182347302198423E+02
    2.60000000E+02      -1.108818784344611004E+02
    2.61000000E+02      -1.109431650829782257E+02
    2.62000000E+02      -1.110018211197683513E+02
    2.63000000E+02      -1.110583047732606019E+02
    2.64000000E+02      -1.111148564316926013E+02
    2.65000000E+02      -1.111693730726991589E+02
    2.66000000E+02      -1.112207921125435632E+02
    2.67000000E+02      -1.112713189493177879E+02
    2.68000000E+02      -1.113195615434150341E+02
    2.69000000E+02      -1.113693405474213023E+02
    2.70000000E+02      -1.114157057560267958E+02
    2.71000000E+02      -1.114606211626422692E+02
    2.72000000E+02      -1.115049469830599946E+02
    2.73000000E+02      -1.115493698574199470E+02
    2.74000000E+02      -1.115924839367534105E+02
    2.75000000E+02      -1.116346608090342443E+02
    2.76000000E+02      -1.116760261548378139E+02
    2.77000000E+02      -1.117176518344321039E+02
    2.78000000E+02      -1.117583155391210994E+02
    2.79000000E+02      -1.117994471417613340E+02
    2.80000000E+02      -1.118400198867410609E+02
    2.81000000E+02      -1.118789712981623552E+02
    2.82000000E+02      -1.119198427043191941E+02
    2.83000000E+02      -1.119614476942705323E+02
    2.84000000E+02      -1.120016320748635508E+02
    2.85000000E+02      -1.120418316660951632E+02
    2.86000000E+02      -1.120854749449089240E+02
    2.87000000E+02      -1.121286779967266511E+02
    2.88000000E+02      -1.121733161292817158E+02
    2.89000000E+02      -1.122179163802760513E+02
    2.90000000E+02      -1.122636050452164227E+02
    2.91000000E+02      -1.123107166237426782E+02
    2.92000000E+02      -1.123597709368069673E+02
    2.93000000E+02      -1.124094899217635657E+02
    2.94000000E+02      -1.124610623677996841E+02
    2.95000000E+02      -1.125149636078558046E+02
    2.96000000E+02      -1.125708359222173840E+02
    2.97000000E+02      -1.126302901432005683E+02
    2.98000000E+02      -1.126914907660162726E+02
    2.99000000E+02      -1.127529380403494770E+02
    3.00000000E+02      -1.128186167482434712E+02
    3.01000000E+02      -1.128867091986707010E+02
    3.02000000E+02      -1.129614969215489282E+02
    3.03000000E+02      -1.130395400009164177E+02
    3.04000000E+02      -1.131209419150976601E+02
    3.05000000E+02      -1.132021184552062323E+02
    3.06000000E+02      -1.132900472009047235E+02
    3.07000000E+02      -1.133836426445710686E+02
    3.08000000E+02      -1.134795282647816066E+02
    3.09000000E+02      -1.135812719791703103E+02
    3.10000000E+02      -1.136832230246187692E+02
    3.11000000E+02      -1.137913984325572301E+02
    3.12000000E+02      -1.139054909932334567E+02
    3.13000000E+02      -1.140253734366834806E+02
    3.14000000E+02      -1.141509443279898051E+02
    3.15000000E+02      -1.142784276571262865E+02
    3.16000000E+02      -1.144120846254697312E+02
    3.17000000E+02      -1.145524171417960702E+02
    3.18000000E+02      -1.146996042053883684E+02
    3.19000000E+02      -1.148518121991761518E+02
    3.20000000E+02      -1.150131937443094330E+02
    3.21000000E+02      -1.151835808128645340E+02
    3.22000000E+02      -1.153583074519784759E+02
    3.23000000E+02      -1.155420899349015826E+02
    3.24000000E+02      -1.157324477390073980E+02
    3.25000000E+02      -1.159299660232092037E+02
    3.26000000E+02      -1.161379439931746447E+02
    3.27000000E+02      -1.163519452359915931E+02
    3.28000000E+02      -1.165775966453132924E+02
    3.29000000E+02      -1.168099667674906641E+02
    3.30000000E+02      -1.170493857239708859E+02
    3.31000000E+02      -1.172986059928526856E+02
    3.32000000E+02      -1.175563542258902316E+02
    3.33000000E+02      -1.178231686146594939E+02
    3.34000000E+02      -1.180996824470229285E+02
    3.35000000E+02      -1.183884121955092041E+02
    3.36000000E+02      -1.186855675228845257E+02
    3.37000000E+02      -1.189943666038692527E+02
    3.38000000E+02      -1.193182775960978006E+02
    3.39000000E+02      -1.196464606931111803E+02
    3.40000000E+02      -1.199895241340624352E+02
    3.41000000E+02      -1.203465223741080763E+02
    3.42000000E+02      -1.207115304935790618E+02
    3.43000000E+02      -1.210910604165752602E+02
    3.44000000E+02      -1.214857587928366911E+02
    3.45000000E+02      -1.218890668976602001E+02
    3.46000000E+02      -1.223052067463844423E+02
    3.47000000E+02      -1.227358473467501199E+02
    3.48000000E+02      -1.231759781798017457E+02
    3.49000000E+02      -1.236374484849715145E+02
    3.50000000E+02      -1.241066229861302190E+02
    3.51000000E+02      -1.245951656947044057E+02
    3.52000000E+02      -1.251001626469750363E+02
    3.53000000E+02      -1.256212420095488369E+02
    3.54000000E+02      -1.261562279990693014E+02
    3.55000000E+02      -1.267078141389946495E+02
    3.56000000E+02      -1.272702225124390907E+02
    3.57000000E+02      -1.278565662711761206E+02
    3.58000000E+02      -1.284565431518052492E+02
    3.59000000E+02      -1.290733555621108053E+02
    3.60000000E+02      -1.297052457671444472E+02
    3.61000000E+02      -1.303568759091889433E+02
    3.62000000E+02      -1.310241409109661390E+02
    3.63000000E+02      -1.317001668397994081E+02
    3.64000000E+02      -1.324069262419585584E+02
    3.65000000E+02      -1.331299601087629298E+02
    3.66000000E+02      -1.338689405888425199E+02
    3.67000000E+02      -1.346277856916893825E+02
    3.68000000E+02      -1.354227502450172551E+02
    3.69000000E+02      -1.362228188781167546E+02
    3.70000000E+02      -1.370479110851200630E+02
    3.71000000E+02      -1.378940907041877608E+02
    3.72000000E+02      -1.387614211158432909E+02
    3.73000000E+02      -1.396466031862427144E+02
    3.74000000E+02      -1.405512199146163539E+02
    3.75000000E+02      -1.414913130624812538E+02
    3.76000000E+02      -1.424443482494424416E+02
    3.77000000E+02      -1.434283412239709605E+02
    3.78000000E+02      -1.444365292661731246E+02
    3.79000000E+02      -1.454624582228128702E+02
    3.80000000E+02      -1.465052882465046196E+02
    3.81000000E+02      -1.475867262792279462E+02
    3.82000000E+02      -1.486848690480413779E+02
    3.83000000E+02      -1.498139024419582483E+02
    3.84000000E+02      -1.509690192738811447E+02
    3.85000000E+02      -1.521542981898527387E+02
    3.86000000E+02      -1.533544120189302475E+02
    3.87000000E+02      -1.545833848950991296E+02
    3.88000000E+02      -1.558458434087900741E+02
    3.89000000E+02      -1.571295115080573623E+02
    3.90000000E+02      -1.584469963038908418E+02
    3.91000000E+02      -1.597912093915500691E+02
    3.92000000E+02      -1.611698805515524100E+02
    3.93000000E+02      -1.625797267847264038E+02
    3.94000000E+02      -1.640098700950628654E+02
    3.95000000E+02      -1.654813081590212960E+02
    3.96000000E+02      -1.669827563320494619E+02
    3.97000000E+02      -1.685081279984477760E+02
    3.98000000E+02      -1.700601682239029060E+02
    3.99000000E+02      -1.716399186026091002E+02
    4.00000000E+02      -1.732645762081200473E+02
    4.01000000E+02      -1.749127219065975396E+02
    4.02000000E+02      -1.766028710068397913E+02
    4.03000000E+02      -1.783167226533222447E+02
    4.04000000E+02      -1.800681956516403943E+02
    4.05000000E+02      -1.818674890591693156E+02
    4.06000000E+02      -1.836992797210222079E+02
    4.07000000E+02      -1.855652800906285620E+02
    4.08000000E+02      -1.874623616946963693E+02
    4.09000000E+02      -1.893951782300558762E+02
    4.10000000E+02      -1.913702168409926117E+02
    4.11000000E+02      -1.933779004869664959E+02
    4.12000000E+02      -1.954279955212572304E+02
    4.13000000E+02      -1.975147318377304373E+02
    4.14000000E+02      -1.996428205615676461E+02
    4.15000000E+02      -2.017973146986849997E+02
    4.16000000E+02      -2.039948763271246435E+02
    4.17000000E+02      -2.062334666095563307E+02
    4.18000000E+02      -2.085089989516617379E+02
    4.19000000E+02      -2.108430618874607489E+02
    4.20000000E+02      -2.132077215763509912E+02
    4.21000000E+02      -2.156069465201295543E+02
    4.22000000E+02      -2.180420805098650590E+02
    4.23000000E+02      -2.205373936847275900E+02
    4.24000000E+02      -2.230824811181045106E+02
    4.25000000E+02      -2.256737181605177511E+02
    4.26000000E+02      -2.283002747538783979E+02
    4.27000000E+02      -2.309690025922494669E+02
    4.28000000E+02      -2.336958958054568711E+02
    4.29000000E+02      -2.364715989225318253E+02
    4.30000000E+02      -2.392838295103564406E+02
    4.31000000E+02      -2.421561123308077867E+02
    4.32000000E+02      -2.450689515464695205E+02
    4.33000000E+02      -2.480387281125575782E+02
    4.34000000E+02      -2.510349065625554204E+02
    4.35000000E+02      -2.540991744652795887E+02
    4.36000000E+02      -2.572235986365761846E+02
    4.37000000E+02      -2.603848085906050756E+02
    4.38000000E+02      -2.635893529671619717E+02
    4.39000000E+02      -2.668545178190262277E+02
    4.40000000E+02      -2.701879536615357438E+02
    4.41000000E+02      -2.735569849963336537E+02
    4.42000000E+02      -2.769854762696501211E+02
    4.43000000E+02      -2.804663849801758033E+02
    4.44000000E+02      -2.839938212074899866E+02
    4.45000000E+02      -2.876112755058501307E+02
    4.46000000E+02      -2.912464079399068169E+02
    4.47000000E+02      -2.949354089337906544E+02
    4.48000000E+02      -2.986800398274244799E+02
    4.49000000E+02      -3.024776600966905562E+02
    4.50000000E+02      -3.063701814931629315E+02
    4.51000000E+02      -3.102901533792777400E+02
    4.52000000E+02      -3.142620051169027420E+02
    4.53000000E+02      -3.183161871657015354E+02
    4.54000000E+02      -3.224349323238556053E+02
    4.55000000E+02      -3.266179975818248522E+02
    4.56000000E+02      -3.308419073936637460E+02
    4.57000000E+02      -3.351361756583440865E+02
    4.58000000E+02      -3.395177400043567104E+02
    4.59000000E+02      -3.439329672063187218E+02
    4.60000000E+02      -3.484238722953890601E+02
    4.61000000E+02      -3.529701773462396659E+02
    4.62000000E+02      -3.575955337328088035E+02
    4.63000000E+02      -3.622726223553767113E+02
    4.64000000E+02      -3.670230527354523247E+02
    4.65000000E+02      -3.718202117819354271E+02
    4.66000000E+02      -3.767104506312306285E+02
    4.67000000E+02      -3.816766340095354053E+02
    4.68000000E+02      -3.867104341944931321E+02
    4.69000000E+02      -3.918241868767485130E+02
    4.70000000E+02      -3.969874399228705215E+02
    4.71000000E+02      -4.021915943124212163E+02
    4.72000000E+02      -4.075009190488270860E+02
    4.73000000E+02      -4.128631084283105110E+02
    4.74000000E+02      -4.183353000990813371E+02
    4.75000000E+02      -4.238769700420633626E+02
    4.76000000E+02      -4.294991339455754087E+02
    4.77000000E+02      -4.352000569620873875E+02
    4.78000000E+02      -4.409812985801996774E+02
    4.79000000E+02      -4.468065951601944334E+02
    4.80000000E+02      -4.527135835036564231E+02
    4.81000000E+02      -4.587152841373044794E+02
    4.82000000E+02      -4.647720532659787978E+02
    4.83000000E+02      -4.709252614311575371E+02
    4.84000000E+02      -4.771690229980609956E+02
    4.85000000E+02      -4.834668725563104772E+02
    4.86000000E+02      -4.898636930761152826E+02
    4.87000000E+02      -4.963199392917348405E+02
    4.88000000E+02      -5.028800104185010014E+02
    4.89000000E+02      -5.095325536478666208E+02
    4.90000000E+02      -5.162623871048393767E+02
    4.91000000E+02      -5.230945434567173606E+02
    4.92000000E+02      -5.299758092921530306E+02
    4.93000000E+02      -5.369694462030641944E+02
    4.94000000E+02      -5.440893792912901290E+02
    4.95000000E+02      -5.512370247383045125E+02
    4.96000000E+02      -5.584645396643280719E+02
    4.97000000E+02      -5.658253599991320471E+02
    4.98000000E+02      -5.732611663187661861E+02
    4.99000000E+02      -5.807767881790317688E+02
    5.00000000E+02      -5.883967023099429525E+02
    5.01000000E+02      -5.961044128276588481E+02
    5.02000000E+02      -6.038864507552679015E+02
    5.03000000E+02      -6.118203579124723319E+02
    5.04000000E+02      -6.198530418048020465E+02
    5.05000000E+02      -6.279177502176243024E+02
    5.06000000E+02      -6.360373359450831003E+02
    5.07000000E+02      -6.439018697975196801E+02
    5.08000000E+02      -6.526191575111814700E+02
    5.09000000E+02      -6.610816353873459548E+02
    5.10000000E+02      -6.698469712497434330E+02
