    0.00000000E+00       4.893186730863678144E-10
    1.00000000E+00      -6.057395123518268670E-04
    2.00000000E+00      -3.522100945499489349E-02
    3.00000000E+00      -1.034616754241192565E-01
    4.00000000E+00      -2.057801071367901802E-01
    5.00000000E+00      -3.420177790307709076E-01
    6.00000000E+00      -5.124936915725022413E-01
    7.00000000E+00      -7.166831892332542475E-01
    8.00000000E+00      -9.549132386283525342E-01
    9.00000000E+00      -1.226661095947961577E+00
    1.00000000E+01      -1.533126776448661577E+00
    1.10000000E+01      -1.873376144121169151E+00
    1.20000000E+01      -2.248137988594406611E+00
    1.30000000E+01      -2.656123577805352909E+00
    1.40000000E+01      -3.099065553597656120E+00
    1.50000000E+01      -3.575498765348562813E+00
    1.60000000E+01      -4.085779552927862213E+00
    1.70000000E+01      -4.630444189690590129E+00
    1.80000000E+01      -5.208922913680929412E+00
    1.90000000E+01      -5.821884867221694293E+00
    2.00000000E+01      -6.469518538516678241E+00
    2.10000000E+01      -7.150317701362836509E+00
    2.20000000E+01      -7.865606982345797249E+00
    2.30000000E+01      -8.615143374462331138E+00
    2.40000000E+01      -9.400326130829657956E+00
    2.50000000E+01      -1.021885549078579913E+01
    2.60000000E+01      -1.107284650525338066E+01
    2.70000000E+01      -1.195701044909810307E+01
    2.80000000E+01      -1.287977188454622279E+01
    2.90000000E+01      -1.383402719709064144E+01
    3.00000000E+01      -1.482308952759071019E+01
    3.10000000E+01      -1.584550156254797315E+01
    3.20000000E+01      -1.690436869556066313E+01
    3.30000000E+01      -1.799525889098798359E+01
    3.40000000E+01      -1.912345353735014442E+01
    3.50000000E+01      -2.028166197531091086E+01
    3.60000000E+01      -2.147683041756664579E+01
    3.70000000E+01      -2.270647749564321316E+01
    3.80000000E+01      -2.396563459707110155E+01
    3.90000000E+01      -2.526196784557356523E+01
    4.00000000E+01      -2.659377634378478206E+01
    4.10000000E+01      -2.795606701826821450E+01
    4.20000000E+01      -2.935641834458834865E+01
    4.30000000E+01      -3.078838736179636726E+01
    4.40000000E+01      -3.225699364402146330E+01
    4.50000000E+01      -3.375847969259228876E+01
    4.60000000E+01      -3.529200405187947354E+01
    4.70000000E+01      -3.685738377295035662E+01
    4.80000000E+01      -3.845778581686408870E+01
    4.90000000E+01      -4.009037873323518397E+01
    5.00000000E+01      -4.176090027771954283E+01
    5.10000000E+01      -4.345803847519800911E+01
    5.20000000E+01      -4.519265336532248512E+01
    5.30000000E+01      -4.696108120564770161E+01
    5.40000000E+01      -4.876485875135222159E+01
    5.50000000E+01      -5.059771936247705071E+01
    5.60000000E+01      -5.247110441745553544E+01
    5.70000000E+01      -5.437097331290510738E+01
    5.80000000E+01      -5.630921769664087151E+01
    5.90000000E+01      -5.827815275214845769E+01
    6.00000000E+01      -6.027568472017378554E+01
    6.10000000E+01      -6.230908670985581921E+01
    6.20000000E+01      -6.437726315663780952E+01
    6.30000000E+01      -6.647579325730202982E+01
    6.40000000E+01      -6.860428811429505913E+01
    6.50000000E+01      -7.076974723572470793E+01
    6.60000000E+01      -7.296258191075912691E+01
    6.70000000E+01      -7.518210085600264847E+01
    6.80000000E+01      -7.743670647702799670E+01
    6.90000000E+01      -7.972330278138826998E+01
    7.00000000E+01      -8.205404845302712147E+01
    7.10000000E+01      -8.440078215051602228E+01
    7.20000000E+01      -8.678259784511317321E+01
    7.30000000E+01      -8.920354317241091735E+01
    7.40000000E+01      -9.164862110015849339E+01
    7.50000000E+01      -9.412521052556168399E+01
    7.60000000E+01      -9.662209991863456082E+01
    7.70000000E+01      -9.915837462808107716E+01
    7.80000000E+01      -1.017146525376071224E+02
    7.90000000E+01      -1.043098453944238599E+02
    8.00000000E+01      -1.069317034662564652E+02
    8.10000000E+01      -1.095877563859284578E+02
    8.20000000E+01      -1.122716267594043984E+02
    8.30000000E+01      -1.149824591380621541E+02
    8.40000000E+01      -1.177230617939550257E+02
    8.50000000E+01      -1.204891149006874684E+02
    8.60000000E+01      -1.232843983115341189E+02
    8.70000000E+01      -1.261059588586985001E+02
    8.80000000E+01      -1.289542070728214185E+02
    8.90000000E+01      -1.318377831042494108E+02
    9.00000000E+01      -1.347456365580642341E+02
    9.10000000E+01      -1.376714050946952739E+02
    9.20000000E+01      -1.406343265051409617E+02
    9.30000000E+01      -1.436165238741464236E+02
    9.40000000E+01      -1.466293242682515938E+02
    9.50000000E+01      -1.496769499402828387E+02
    9.60000000E+01      -1.527414972862061404E+02
    9.70000000E+01      -1.558328772714778552E+02
    9.80000000E+01      -1.589558856482747160E+02
    9.90000000E+01      -1.621010967631475523E+02
    1.00000000E+02      -1.652672200406962020E+02
    1.01000000E+02      -1.684660821602651595E+02
    1.02000000E+02      -1.716791299456854176E+02
    1.03000000E+02      -1.749289754072767664E+02
    1.04000000E+02      -1.781963736042009714E+02
    1.05000000E+02      -1.814928970366172507E+02
    1.06000000E+02      -1.848124155061536840E+02
    1.07000000E+02      -1.881549273332338998E+02
    1.08000000E+02      -1.915066927211723851E+02
    1.09000000E+02      -1.948764307743831523E+02
    1.10000000E+02      -1.982847880978338253E+02
    1.11000000E+02      -2.017149215146114329E+02
    1.12000000E+02      -2.051538444225966487E+02
    1.13000000E+02      -2.086333181343843535E+02
    1.14000000E+02      -2.121309335579044273E+02
    1.15000000E+02      -2.156483005536283599E+02
    1.16000000E+02      -2.191953837762575859E+02
    1.17000000E+02      -2.227617850132401145E+02
    1.18000000E+02      -2.263499144325082852E+02
    1.19000000E+02      -2.299624953018837914E+02
    1.20000000E+02      -2.335860914945487821E+02
    1.21000000E+02      -2.372488941766141579E+02
    1.22000000E+02      -2.409178782711314852E+02
    1.23000000E+02      -2.446083348971551459E+02
    1.24000000E+02      -2.483109331051882691E+02
    1.25000000E+02      -2.520413671651704135E+02
    1.26000000E+02      -2.557963311505268393E+02
    1.27000000E+02      -2.595728132222093336E+02
    1.28000000E+02      -2.633565711381288565E+02
    1.29000000E+02      -2.671706342038028197E+02
    1.30000000E+02      -2.710032654160800121E+02
    1.31000000E+02      -2.748546988760144814E+02
    1.32000000E+02      -2.787109835339010715E+02
    1.33000000E+02      -2.825954969013878326E+02
    1.34000000E+02      -2.864952382377282447E+02
    1.35000000E+02      -2.904191614112182833E+02
    1.36000000E+02      -2.943471890273526697E+02
    1.37000000E+02      -2.983070757369614512E+02
    1.38000000E+02      -3.022856164529875969E+02
    1.39000000E+02      -3.062850930311683442E+02
    1.40000000E+02      -3.102954691834434016E+02
    1.41000000E+02      -3.143375710744571734E+02
    1.42000000E+02      -3.183986544260787923E+02
    1.43000000E+02      -3.224766436907902971E+02
    1.44000000E+02      -3.265739821980100714E+02
    1.45000000E+02      -3.306764720189762556E+02
    1.46000000E+02      -3.347965864073962621E+02
    1.47000000E+02      -3.389405596023179896E+02
    1.48000000E+02      -3.431244822904895955E+02
    1.49000000E+02      -3.473045382487548522E+02
    1.50000000E+02      -3.515240661415200520E+02
    1.51000000E+02      -3.557300110991063775E+02
    1.52000000E+02      -3.599680476633443504E+02
    1.53000000E+02      -3.642037840184134438E+02
    1.54000000E+02      -3.684625295308346722E+02
    1.55000000E+02      -3.727530003915635461E+02
    1.56000000E+02      -3.770687527444974876E+02
    1.57000000E+02      -3.814077403672813489E+02
    1.58000000E+02      -3.857514778753347855E+02
    1.59000000E+02      -3.900949886677758514E+02
    1.60000000E+02      -3.944610430230259226E+02
    1.61000000E+02      -3.988511593002476729E+02
    1.62000000E+02      -4.032559549488887569E+02
    1.63000000E+02      -4.076831963870299660E+02
    1.64000000E+02      -4.121188692336277200E+02
    1.65000000E+02      -4.165959769169912761E+02
    1.66000000E+02      -4.210639877135622555E+02
    1.67000000E+02      -4.255668858461613127E+02
    1.68000000E+02      -4.300762049177792505E+02
    1.69000000E+02      -4.346128337685845509E+02
    1.70000000E+02      -4.391629635752683498E+02
    1.71000000E+02      -4.437190603015715169E+02
    1.72000000E+02      -4.482925518267684311E+02
    1.73000000E+02      -4.528996395772446704E+02
    1.74000000E+02      -4.575286248137667826E+02
    1.75000000E+02      -4.621407400509797299E+02
    1.76000000E+02      -4.667942164424048315E+02
    1.77000000E+02      -4.714693668609329507E+02
    1.78000000E+02      -4.761483240321249468E+02
    1.79000000E+02      -4.808252278726440636E+02
    1.80000000E+02      -4.855279660672904356E+02
    1.81000000E+02      -4.902561572386766784E+02
    1.82000000E+02      -4.949841966789722392E+02
    1.83000000E+02      -4.997450555801233349E+02
    1.84000000E+02      -5.045140453067815542E+02
    1.85000000E+02      -5.093163732288835490E+02
    1.86000000E+02      -5.141394863181776600E+02
    1.87000000E+02      -5.189889380540321326E+02
    1.88000000E+02      -5.238469889829698332E+02
    1.89000000E+02      -5.287162707861739364E+02
    1.90000000E+02      -5.336048607855141199E+02
    1.91000000E+02      -5.385011070044256485E+02
    1.92000000E+02      -5.434232717440127090E+02
    1.93000000E+02      -5.483701602590613220E+02
    1.94000000E+02      -5.533292717017166069E+02
    1.95000000E+02      -5.583117959875849010E+02
    1.96000000E+02      -5.633042606387953128E+02
    1.97000000E+02      -5.683242109265875115E+02
    1.98000000E+02      -5.733501423404172783E+02
    1.99000000E+02      -5.784118753824654959E+02
    2.00000000E+02      -5.834866050857576738E+02
    2.01000000E+02      -5.885655686867571603E+02
    2.02000000E+02      -5.936634088372316000E+02
    2.03000000E+02      -5.987926623956500407E+02
    2.04000000E+02      -6.039523809826198431E+02
    2.05000000E+02      -6.091175885559457583E+02
    2.06000000E+02      -6.142989363351821339E+02
    2.07000000E+02      -6.195044661326178357E+02
    2.08000000E+02      -6.247493057365670666E+02
    2.09000000E+02      -6.299997621845457161E+02
    2.10000000E+02      -6.352755434047439849E+02
    2.11000000E+02      -6.405722922961010681E+02
    2.12000000E+02      -6.458875211131301057E+02
    2.13000000E+02      -6.512265616240456438E+02
    2.14000000E+02      -6.565813496389184820E+02
    2.15000000E+02      -6.619659045416510708E+02
    2.16000000E+02      -6.673821749001067474E+02
    2.17000000E+02      -6.728086665315058781E+02
    2.18000000E+02      -6.782518411208643556E+02
    2.19000000E+02      -6.837399422114444860E+02
    2.20000000E+02      -6.892503216022168999E+02
    2.21000000E+02      -6.947602211512044050E+02
    2.22000000E+02      -7.003089848653635272E+02
    2.23000000E+02      -7.058532747552699220E+02
    2.24000000E+02      -7.114323653948395076E+02
    2.25000000E+02      -7.170605248429942549E+02
    2.26000000E+02      -7.227034186257269539E+02
    2.27000000E+02      -7.283584415804270975E+02
    2.28000000E+02      -7.340510744394705398E+02
    2.29000000E+02      -7.397638642760721268E+02
    2.30000000E+02      -7.455196412349923776E+02
    2.31000000E+02      -7.512825089347797984E+02
    2.32000000E+02      -7.570697520219800936E+02
    2.33000000E+02      -7.628749306000872821E+02
    2.34000000E+02      -7.687082342010558023E+02
    2.35000000E+02      -7.745906381065206006E+02
    2.36000000E+02      -7.804906490859571022E+02
    2.37000000E+02      -7.864046844704598698E+02
    2.38000000E+02      -7.923662690116907470E+02
    2.39000000E+02      -7.983332453299194640E+02
    2.40000000E+02      -8.043303460357201402E+02
    2.41000000E+02      -8.103380056170035459E+02
    2.42000000E+02      -8.163947347617881860E+02
    2.43000000E+02      -8.224768238251394905E+02
    2.44000000E+02      -8.285877700122046008E+02
    2.45000000E+02      -8.347262080877535482E+02
    2.46000000E+02      -8.408894072709840657E+02
    2.47000000E+02      -8.470802882533425873E+02
    2.48000000E+02      -8.533025646995092757E+02
    2.49000000E+02      -8.595506017022976266E+02
    2.50000000E+02      -8.658301795086681523E+02
    2.51000000E+02      -8.721323028917945521E+02
    2.52000000E+02      -8.784589826981055012E+02
    2.53000000E+02      -8.848358266869513500E+02
    2.54000000E+02      -8.912331891564426769E+02
    2.55000000E+02      -8.976706737088288719E+02
    2.56000000E+02      -9.041433137440308201E+02
    2.57000000E+02      -9.106357280441534385E+02
    2.58000000E+02      -9.171574003455400543E+02
    2.59000000E+02      -9.237127017933032676E+02
    2.60000000E+02      -9.303104645780099418E+02
    2.61000000E+02      -9.369442726830232004E+02
    2.62000000E+02      -9.435903788556502150E+02
    2.63000000E+02      -9.502703163408140199E+02
    2.64000000E+02      -9.569769012523353240E+02
    2.65000000E+02      -9.637251600143661108E+02
    2.66000000E+02      -9.705097998499797995E+02
    2.67000000E+02      -9.773147637608540208E+02
    2.68000000E+02      -9.841490691316785160E+02
    2.69000000E+02      -9.910137533672963173E+02
    2.70000000E+02      -9.979204724116077614E+02
    2.71000000E+02      -1.004840122335661363E+03
    2.72000000E+02      -1.011790897608306182E+03
    2.73000000E+02      -1.018799619922476154E+03
    2.74000000E+02      -1.025834504606256587E+03
    2.75000000E+02      -1.032906493826298629E+03
    2.76000000E+02      -1.039996080978082773E+03
    2.77000000E+02      -1.047132356154334047E+03
    2.78000000E+02      -1.054310641709734227E+03
    2.79000000E+02      -1.061506116549415765E+03
    2.80000000E+02      -1.068734686342034820E+03
    2.81000000E+02      -1.076041703043943016E+03
    2.82000000E+02      -1.083332996250025190E+03
    2.83000000E+02      -1.090636714408768057E+03
    2.84000000E+02      -1.097999303596182472E+03
    2.85000000E+02      -1.105390466035727513E+03
    2.86000000E+02      -1.112815766113773861E+03
    2.87000000E+02      -1.120289749817294251E+03
    2.88000000E+02      -1.127748008034855502E+03
    2.89000000E+02      -1.135287885411913066E+03
    2.90000000E+02      -1.142825253402160797E+03
    2.91000000E+02      -1.150420120434584533E+03
    2.92000000E+02      -1.158060879211138854E+03
    2.93000000E+02      -1.165724754394190313E+03
    2.94000000E+02      -1.173364997198596939E+03
    2.95000000E+02      -1.181060323522191538E+03
    2.96000000E+02      -1.188842126447578721E+03
    2.97000000E+02      -1.196625679519012465E+03
    2.98000000E+02      -1.204411280218709180E+03
    2.99000000E+02      -1.212257020195057976E+03
    3.00000000E+02      -1.220132164873529291E+03
    3.01000000E+02      -1.228038615412183390E+03
    3.02000000E+02      -1.235982535577460112E+03
    3.03000000E+02      -1.243944724674715872E+03
    3.04000000E+02      -1.251947698834089351E+03
    3.05000000E+02      -1.259972694917272293E+03
    3.06000000E+02      -1.268042046178416058E+03
    3.07000000E+02      -1.276164474856715970E+03
    3.08000000E+02      -1.284299605243737460E+03
    3.09000000E+02      -1.292453754270190529E+03
    3.10000000E+02      -1.300649167854434381E+03
    3.11000000E+02      -1.308820495556191872E+03
    3.12000000E+02      -1.317073041828954501E+03
    3.13000000E+02      -1.325332449884121615E+03
    3.14000000E+02      -1.333635064638242511E+03
    3.15000000E+02      -1.341938321220236048E+03
    3.16000000E+02      -1.350320910811637987E+03
    3.17000000E+02      -1.358728172079789147E+03
    3.18000000E+02      -1.367145580544184213E+03
    3.19000000E+02      -1.375593018369479978E+03
    3.20000000E+02      -1.384098545933932655E+03
    3.21000000E+02      -1.392656088823554683E+03
    3.22000000E+02      -1.401198095049629956E+03
    3.23000000E+02      -1.409783259410545270E+03
    3.24000000E+02      -1.418355910076150849E+03
    3.25000000E+02      -1.426973505347397577E+03
    3.26000000E+02      -1.435619286666247717E+03
    3.27000000E+02      -1.444314543672196351E+03
    3.28000000E+02      -1.452993125749625278E+03
    3.29000000E+02      -1.461730613007024658E+03
    3.30000000E+02      -1.470490769413636599E+03
    3.31000000E+02      -1.479274039573437676E+03
    3.32000000E+02      -1.488120878204895007E+03
    3.33000000E+02      -1.496947602804662893E+03
    3.34000000E+02      -1.505811909966520489E+03
    3.35000000E+02      -1.514692202102533656E+03
    3.36000000E+02      -1.523619957796070821E+03
    3.37000000E+02      -1.532555680987408323E+03
    3.38000000E+02      -1.541532219780397554E+03
    3.39000000E+02      -1.550515778136113795E+03
    3.40000000E+02      -1.559534923222402540E+03
    3.41000000E+02      -1.568593016066697373E+03
    3.42000000E+02      -1.577661686853677793E+03
    3.43000000E+02      -1.586754774386899498E+03
    3.44000000E+02      -1.595902810905276965E+03
    3.45000000E+02      -1.605061822415135339E+03
    3.46000000E+02      -1.614176878440585824E+03
    3.47000000E+02      -1.623372010743474675E+03
    3.48000000E+02      -1.632606275088737675E+03
    3.49000000E+02      -1.641911048115430503E+03
    3.50000000E+02      -1.651130606010759493E+03
    3.51000000E+02      -1.660407987355803243E+03
    3.52000000E+02      -1.669706318814250380E+03
    3.53000000E+02      -1.678986471360426549E+03
    3.54000000E+02      -1.688362061896754994E+03
    3.55000000E+02      -1.697760992265022651E+03
    3.56000000E+02      -1.707159562458194159E+03
    3.57000000E+02      -1.716604157754947209E+03
    3.58000000E+02      -1.726032434447557534E+03
    3.59000000E+02      -1.735453974590818461E+03
    3.60000000E+02      -1.744839211700689020E+03
    3.61000000E+02      -1.754365812550185410E+03
    3.62000000E+02      -1.763835045915400315E+03
    3.63000000E+02      -1.773445870233423420E+03
    3.64000000E+02      -1.783036255433819633E+03
    3.65000000E+02      -1.792564363478333007E+03
    3.66000000E+02      -1.802199316941681445E+03
    3.67000000E+02      -1.811861976717269044E+03
    3.68000000E+02      -1.821291609593714611E+03
    3.69000000E+02      -1.831004392662188820E+03
    3.70000000E+02      -1.840745495421734404E+03
    3.71000000E+02      -1.850441486972559233E+03
    3.72000000E+02      -1.860031320015641086E+03
    3.73000000E+02      -1.869632306811662374E+03
    3.74000000E+02      -1.879413183708567885E+03
    3.75000000E+02      -1.889216474211733839E+03
    3.76000000E+02      -1.898978990251706136E+03
    3.77000000E+02      -1.908698724618475353E+03
    3.78000000E+02      -1.918535033754142205E+03
    3.79000000E+02      -1.928411701861480196E+03
    3.80000000E+02      -1.938186044255908200E+03
    3.81000000E+02      -1.948043783080682715E+03
    3.82000000E+02      -1.957763071735684207E+03
    3.83000000E+02      -1.967674380696252229E+03
    3.84000000E+02      -1.977594779407049600E+03
    3.85000000E+02      -1.987485259875509655E+03
    3.86000000E+02      -1.997341713798371529E+03
    3.87000000E+02      -2.007296545401041612E+03
    3.88000000E+02      -2.017187497186664814E+03
    3.89000000E+02      -2.027116887860519910E+03
    3.90000000E+02      -2.037026267571698327E+03
    3.91000000E+02      -2.047012396302711295E+03
    3.92000000E+02      -2.056897433949080551E+03
    3.93000000E+02      -2.066955267975991774E+03
    3.94000000E+02      -2.076962264453440184E+03
    3.95000000E+02      -2.086805299386833667E+03
    3.96000000E+02      -2.096782349648628951E+03
    3.97000000E+02      -2.106835758498748874E+03
    3.98000000E+02      -2.116849127927199333E+03
    3.99000000E+02      -2.126866373169659710E+03
    4.00000000E+02      -2.136814533302951531E+03
    4.01000000E+02      -2.146907961990666081E+03
    4.02000000E+02      -2.157022696423833168E+03
    4.03000000E+02      -2.167020493400079431E+03
    4.04000000E+02      -2.177068267094174189E+03
    4.05000000E+02      -2.187218148123830360E+03
    4.06000000E+02      -2.197244788612160846E+03
    4.07000000E+02      -2.207223589131807785E+03
    4.08000000E+02      -2.217280099000441624E+03
    4.09000000E+02      -2.227333057800795814E+03
    4.10000000E+02      -2.237300177032559077E+03
    4.11000000E+02      -2.247480410748653412E+03
    4.12000000E+02      -2.257552099572701991E+03
    4.13000000E+02      -2.267577994175535423E+03
    4.14000000E+02      -2.277628368407370999E+03
    4.15000000E+02      -2.287813678987347885E+03
    4.16000000E+02      -2.297875113501567284E+03
    4.17000000E+02      -2.307846649664161305E+03
    4.18000000E+02      -2.318138818282440297E+03
    4.19000000E+02      -2.328101632788983807E+03
    4.20000000E+02      -2.338233803375782372E+03
    4.21000000E+02      -2.348228626719084787E+03
    4.22000000E+02      -2.358371280861249033E+03
    4.23000000E+02      -2.368530520313513534E+03
    4.24000000E+02      -2.378416670046225136E+03
    4.25000000E+02      -2.388455150723370025E+03
    4.26000000E+02      -2.398536747599006048E+03
    4.27000000E+02      -2.408694033246516483E+03
    4.28000000E+02      -2.418815671783557264E+03
    4.29000000E+02      -2.428663471114920867E+03
    4.30000000E+02      -2.438789974930340122E+03
    4.31000000E+02      -2.448643292642936103E+03
    4.32000000E+02      -2.458614073633170847E+03
    4.33000000E+02      -2.468520454215172776E+03
    4.34000000E+02      -2.478694846496434366E+03
    4.35000000E+02      -2.488739664231509778E+03
    4.36000000E+02      -2.498660180318308903E+03
    4.37000000E+02      -2.508818865345071572E+03
    4.38000000E+02      -2.518562345599003493E+03
    4.39000000E+02      -2.528563653929483735E+03
    4.40000000E+02      -2.538447189553718999E+03
    4.41000000E+02      -2.548309887060915116E+03
    4.42000000E+02      -2.558420793016844073E+03
    4.43000000E+02      -2.568322091435327366E+03
    4.44000000E+02      -2.578011895396890395E+03
    4.45000000E+02      -2.587931173571399540E+03
    4.46000000E+02      -2.597760778893659790E+03
    4.47000000E+02      -2.607504930476144182E+03
    4.48000000E+02      -2.617336853051681373E+03
    4.49000000E+02      -2.627327847953372384E+03
    4.50000000E+02      -2.637002072119681543E+03
    4.51000000E+02      -2.646860240345376042E+03
    4.52000000E+02      -2.656304896568710319E+03
    4.53000000E+02      -2.666246868780878231E+03
    4.54000000E+02      -2.675843250293579331E+03
    4.55000000E+02      -2.685517410132387795E+03
    4.56000000E+02      -2.695429529527513296E+03
    4.57000000E+02      -2.705123303220113485E+03
    4.58000000E+02      -2.714889960283905111E+03
    4.59000000E+02      -2.723949920591562204E+03
    4.60000000E+02      -2.733674424717130478E+03
    4.61000000E+02      -2.743120751026502148E+03
    4.62000000E+02      -2.752564555592456145E+03
    4.63000000E+02      -2.762075318102227357E+03
    4.64000000E+02      -2.771549018764363609E+03
    4.65000000E+02      -2.780987736768144259E+03
    4.66000000E+02      -2.790557686487151841E+03
    4.67000000E+02      -2.799892610085325032E+03
    4.68000000E+02      -2.809464252861620935E+03
    4.69000000E+02      -2.818692196872265868E+03
    4.70000000E+02      -2.828236833455034684E+03
    4.71000000E+02      -2.837314707074704074E+03
    4.72000000E+02      -2.846224310362340475E+03
    4.73000000E+02      -2.855684062041109428E+03
    4.74000000E+02      -2.864682802759252809E+03
    4.75000000E+02      -2.874186033756693632E+03
    4.76000000E+02      -2.883183107366312470E+03
    4.77000000E+02      -2.892234953944383960E+03
    4.78000000E+02      -2.901083376894858702E+03
    4.79000000E+02      -2.910284912129106488E+03
    4.80000000E+02      -2.918911089318915401E+03
    4.81000000E+02      -2.928092553618766942E+03
    4.82000000E+02      -2.936854659499625086E+03
    4.83000000E+02      -2.946215551678516931E+03
    4.84000000E+02      -2.954844021484453151E+03
    4.85000000E+02      -2.963934192087354859E+03
    4.86000000E+02      -2.972562387372898229E+03
    4.87000000E+02      -2.980820409120006389E+03
    4.88000000E+02      -2.989316855065756499E+03
    4.89000000E+02      -2.997964495605914180E+03
    4.90000000E+02      -3.006602595794214267E+03
    4.91000000E+02      -3.015087452776393548E+03
    4.92000000E+02      -3.023837105104647435E+03
    4.93000000E+02      -3.032005762786191553E+03
    4.94000000E+02      -3.040495267935041738E+03
    4.95000000E+02      -3.048765040679689719E+03
    4.96000000E+02      -3.057121492173759179E+03
    4.97000000E+02      -3.062952029739273712E+03
    4.98000000E+02      -3.071337152713909745E+03
    4.99000000E+02      -3.079852488726610318E+03
    5.00000000E+02      -3.087498731866362505E+03
    5.01000000E+02      -3.097160979745804525E+03
    5.02000000E+02      -3.105608657975292317E+03
    5.03000000E+02      -3.113679873173919987E+03
    5.04000000E+02      -3.121640023396564175E+03
    5.05000000E+02      -3.129840236528403238E+03
    5.06000000E+02      -3.136573516765637578E+03
    5.07000000E+02      -3.144084913251715989E+03
    5.08000000E+02      -3.149280876583419740E+03
    5.09000000E+02      -3.159039537483295135E+03
    5.10000000E+02      -3.167316661080192716E+03
