    0.0000000000E+00     -0.9211800978E+01
    0.1000000000E+01     -0.7174862875E+01
    0.2000000000E+01     -0.5808037855E+01
    0.3000000000E+01     -0.4823657347E+01
    0.4000000000E+01     -0.4103737412E+01
    0.5000000000E+01     -0.3583738283E+01
    0.6000000000E+01     -0.3223097671E+01
    0.7000000000E+01     -0.2993660679E+01
    0.8000000000E+01     -0.2874691089E+01
    0.9000000000E+01     -0.2850511356E+01
    0.1000000000E+02     -0.2908679191E+01
    0.1100000000E+02     -0.3039224187E+01
    0.1200000000E+02     -0.3233920322E+01
    0.1300000000E+02     -0.3485782764E+01
    0.1400000000E+02     -0.3788882091E+01
    0.1500000000E+02     -0.4138129036E+01
    0.1600000000E+02     -0.4528929707E+01
    0.1700000000E+02     -0.4957535988E+01
    0.1800000000E+02     -0.5420695615E+01
    0.1900000000E+02     -0.5915160438E+01
    0.2000000000E+02     -0.6438008651E+01
    0.2100000000E+02     -0.6986996265E+01
    0.2200000000E+02     -0.7560017495E+01
    0.2300000000E+02     -0.8154662155E+01
    0.2400000000E+02     -0.8769201898E+01
    0.2500000000E+02     -0.9402042977E+01
    0.2600000000E+02     -0.1005119623E+02
    0.2700000000E+02     -0.1071578981E+02
    0.2800000000E+02     -0.1139417739E+02
    0.2900000000E+02     -0.1208520411E+02
    0.3000000000E+02     -0.1278746449E+02
    0.3100000000E+02     -0.1350000909E+02
    0.3200000000E+02     -0.1422191376E+02
    0.3300000000E+02     -0.1495205171E+02
    0.3400000000E+02     -0.1568961488E+02
    0.3500000000E+02     -0.1643369172E+02
    0.3600000000E+02     -0.1718363471E+02
    0.3700000000E+02     -0.1793880219E+02
    0.3800000000E+02     -0.1869837758E+02
    0.3900000000E+02     -0.1946147859E+02
    0.4000000000E+02     -0.2022788103E+02
    0.4100000000E+02     -0.2099694486E+02
    0.4200000000E+02     -0.2176750751E+02
    0.4300000000E+02     -0.2253970824E+02
    0.4400000000E+02     -0.2331243879E+02
    0.4500000000E+02     -0.2408583269E+02
    0.4600000000E+02     -0.2485926113E+02
    0.4700000000E+02     -0.2563213989E+02
    0.4800000000E+02     -0.2640398055E+02
    0.4900000000E+02     -0.2717489342E+02
    0.5000000000E+02     -0.2794418316E+02
    0.5100000000E+02     -0.2871183519E+02
    0.5200000000E+02     -0.2947723202E+02
    0.5300000000E+02     -0.3023990429E+02
    0.5400000000E+02     -0.3099962646E+02
    0.5500000000E+02     -0.3175638892E+02
    0.5600000000E+02     -0.3250940259E+02
    0.5700000000E+02     -0.3325900561E+02
    0.5800000000E+02     -0.3400473934E+02
    0.5900000000E+02     -0.3474624844E+02
    0.6000000000E+02     -0.3548339376E+02
    0.6100000000E+02     -0.3621591963E+02
    0.6200000000E+02     -0.3694320025E+02
    0.6300000000E+02     -0.3766590621E+02
    0.6400000000E+02     -0.3838309201E+02
    0.6500000000E+02     -0.3909504717E+02
    0.6600000000E+02     -0.3980140429E+02
    0.6700000000E+02     -0.4050235246E+02
    0.6800000000E+02     -0.4119763919E+02
    0.6900000000E+02     -0.4188680463E+02
    0.7000000000E+02     -0.4256978651E+02
    0.7100000000E+02     -0.4324685768E+02
    0.7200000000E+02     -0.4391738174E+02
    0.7300000000E+02     -0.4458182493E+02
    0.7400000000E+02     -0.4524005278E+02
    0.7500000000E+02     -0.4589208982E+02
    0.7600000000E+02     -0.4653761886E+02
    0.7700000000E+02     -0.4717615969E+02
    0.7800000000E+02     -0.4780933420E+02
    0.7900000000E+02     -0.4843524472E+02
    0.8000000000E+02     -0.4905466518E+02
    0.8100000000E+02     -0.4966713126E+02
    0.8200000000E+02     -0.5027314155E+02
    0.8300000000E+02     -0.5087205859E+02
    0.8400000000E+02     -0.5146427225E+02
    0.8500000000E+02     -0.5205033454E+02
    0.8600000000E+02     -0.5262931409E+02
    0.8700000000E+02     -0.5320238056E+02
    0.8800000000E+02     -0.5376881625E+02
    0.8900000000E+02     -0.5432778029E+02
    0.9000000000E+02     -0.5488033758E+02
    0.9100000000E+02     -0.5542673567E+02
    0.9200000000E+02     -0.5596606930E+02
    0.9300000000E+02     -0.5649906740E+02
    0.9400000000E+02     -0.5702536126E+02
    0.9500000000E+02     -0.5754485599E+02
    0.9600000000E+02     -0.5805786310E+02
    0.9700000000E+02     -0.5856421480E+02
    0.9800000000E+02     -0.5906450189E+02
    0.9900000000E+02     -0.5955848897E+02
    0.1000000000E+03     -0.6004578421E+02
    0.1010000000E+03     -0.6052626360E+02
    0.1020000000E+03     -0.6100148243E+02
    0.1030000000E+03     -0.6146943548E+02
    0.1040000000E+03     -0.6193108196E+02
    0.1050000000E+03     -0.6238566019E+02
    0.1060000000E+03     -0.6283481899E+02
    0.1070000000E+03     -0.6327700013E+02
    0.1080000000E+03     -0.6371270664E+02
    0.1090000000E+03     -0.6414322667E+02
    0.1100000000E+03     -0.6456682772E+02
    0.1110000000E+03     -0.6498418227E+02
    0.1120000000E+03     -0.6539529747E+02
    0.1130000000E+03     -0.6579991511E+02
    0.1140000000E+03     -0.6619769840E+02
    0.1150000000E+03     -0.6659008278E+02
    0.1160000000E+03     -0.6697540014E+02
    0.1170000000E+03     -0.6735498721E+02
    0.1180000000E+03     -0.6772877934E+02
    0.1190000000E+03     -0.6809616571E+02
    0.1200000000E+03     -0.6845702411E+02
    0.1210000000E+03     -0.6881146343E+02
    0.1220000000E+03     -0.6916014284E+02
    0.1230000000E+03     -0.6950275649E+02
    0.1240000000E+03     -0.6984033782E+02
    0.1250000000E+03     -0.7017137087E+02
    0.1260000000E+03     -0.7049625260E+02
    0.1270000000E+03     -0.7081507646E+02
    0.1280000000E+03     -0.7112833221E+02
    0.1290000000E+03     -0.7143473877E+02
    0.1300000000E+03     -0.7173557391E+02
    0.1310000000E+03     -0.7203001025E+02
    0.1320000000E+03     -0.7231930869E+02
    0.1330000000E+03     -0.7260187230E+02
    0.1340000000E+03     -0.7287956893E+02
    0.1350000000E+03     -0.7315006908E+02
    0.1360000000E+03     -0.7341576568E+02
    0.1370000000E+03     -0.7367438344E+02
    0.1380000000E+03     -0.7392725024E+02
    0.1390000000E+03     -0.7417340361E+02
    0.1400000000E+03     -0.7441412152E+02
    0.1410000000E+03     -0.7464905262E+02
    0.1420000000E+03     -0.7487820658E+02
    0.1430000000E+03     -0.7510251473E+02
    0.1440000000E+03     -0.7532025111E+02
    0.1450000000E+03     -0.7553214554E+02
    0.1460000000E+03     -0.7573840321E+02
    0.1470000000E+03     -0.7593854695E+02
    0.1480000000E+03     -0.7613169863E+02
    0.1490000000E+03     -0.7632080298E+02
    0.1500000000E+03     -0.7650342983E+02
    0.1510000000E+03     -0.7668110941E+02
    0.1520000000E+03     -0.7686103447E+02
    0.1530000000E+03     -0.7702628415E+02
    0.1540000000E+03     -0.7718704867E+02
    0.1550000000E+03     -0.7734645088E+02
    0.1560000000E+03     -0.7749513266E+02
    0.1570000000E+03     -0.7763754227E+02
    0.1580000000E+03     -0.7777502067E+02
    0.1590000000E+03     -0.7790761763E+02
    0.1600000000E+03     -0.7803431443E+02
    0.1610000000E+03     -0.7815584619E+02
    0.1620000000E+03     -0.7827186729E+02
    0.1630000000E+03     -0.7838274322E+02
    0.1640000000E+03     -0.7848794233E+02
    0.1650000000E+03     -0.7858707307E+02
    0.1660000000E+03     -0.7868138121E+02
    0.1670000000E+03     -0.7877047992E+02
    0.1680000000E+03     -0.7885379142E+02
    0.1690000000E+03     -0.7893256784E+02
    0.1700000000E+03     -0.7900521344E+02
    0.1710000000E+03     -0.7907217869E+02
    0.1720000000E+03     -0.7913534500E+02
    0.1730000000E+03     -0.7919195786E+02
    0.1740000000E+03     -0.7924251671E+02
    0.1750000000E+03     -0.7928921675E+02
    0.1760000000E+03     -0.7933054543E+02
    0.1770000000E+03     -0.7936603682E+02
    0.1780000000E+03     -0.7939652406E+02
    0.1790000000E+03     -0.7942159064E+02
    0.1800000000E+03     -0.7944131925E+02
    0.1810000000E+03     -0.7945495759E+02
    0.1820000000E+03     -0.7946388626E+02
    0.1830000000E+03     -0.7946697406E+02
    0.1840000000E+03     -0.7946468802E+02
    0.1850000000E+03     -0.7945687508E+02
    0.1860000000E+03     -0.7944349201E+02
    0.1870000000E+03     -0.7942388360E+02
    0.1880000000E+03     -0.7939875902E+02
    0.1890000000E+03     -0.7936861482E+02
    0.1900000000E+03     -0.7933364273E+02
    0.1910000000E+03     -0.7929320852E+02
    0.1920000000E+03     -0.7924614538E+02
    0.1930000000E+03     -0.7919372729E+02
    0.1940000000E+03     -0.7913646702E+02
    0.1950000000E+03     -0.7907225771E+02
    0.1960000000E+03     -0.7900264873E+02
    0.1970000000E+03     -0.7892701258E+02
    0.1980000000E+03     -0.7884636184E+02
    0.1990000000E+03     -0.7875907318E+02
    0.2000000000E+03     -0.7866660252E+02
    0.2010000000E+03     -0.7856945503E+02
    0.2020000000E+03     -0.7846651335E+02
    0.2030000000E+03     -0.7835664603E+02
    0.2040000000E+03     -0.7824185980E+02
    0.2050000000E+03     -0.7812011590E+02
    0.2060000000E+03     -0.7799439740E+02
    0.2070000000E+03     -0.7786154259E+02
    0.2080000000E+03     -0.7772169360E+02
    0.2090000000E+03     -0.7757720507E+02
    0.2100000000E+03     -0.7742835716E+02
    0.2110000000E+03     -0.7727289786E+02
    0.2120000000E+03     -0.7711130884E+02
    0.2130000000E+03     -0.7694415769E+02
    0.2140000000E+03     -0.7677129398E+02
    0.2150000000E+03     -0.7659394833E+02
    0.2160000000E+03     -0.7641048287E+02
    0.2170000000E+03     -0.7622092283E+02
    0.2180000000E+03     -0.7602621561E+02
    0.2190000000E+03     -0.7582442077E+02
    0.2200000000E+03     -0.7561950268E+02
    0.2210000000E+03     -0.7540876801E+02
    0.2220000000E+03     -0.7519147524E+02
    0.2230000000E+03     -0.7497436673E+02
    0.2240000000E+03     -0.7474517686E+02
    0.2250000000E+03     -0.7450940929E+02
    0.2260000000E+03     -0.7426801390E+02
    0.2270000000E+03     -0.7401991049E+02
    0.2280000000E+03     -0.7376703472E+02
    0.2290000000E+03     -0.7350796680E+02
    0.2300000000E+03     -0.7324281871E+02
    0.2310000000E+03     -0.7297160414E+02
    0.2320000000E+03     -0.7269642093E+02
    0.2330000000E+03     -0.7241380574E+02
    0.2340000000E+03     -0.7212581632E+02
    0.2350000000E+03     -0.7183189083E+02
    0.2360000000E+03     -0.7153230902E+02
    0.2370000000E+03     -0.7122545681E+02
    0.2380000000E+03     -0.7091512460E+02
    0.2390000000E+03     -0.7059595060E+02
    0.2400000000E+03     -0.7027170688E+02
    0.2410000000E+03     -0.6994153747E+02
    0.2420000000E+03     -0.6960597632E+02
    0.2430000000E+03     -0.6926639384E+02
    0.2440000000E+03     -0.6891792839E+02
    0.2450000000E+03     -0.6856323413E+02
    0.2460000000E+03     -0.6820391498E+02
    0.2470000000E+03     -0.6783654076E+02
    0.2480000000E+03     -0.6746503135E+02
    0.2490000000E+03     -0.6708721524E+02
    0.2500000000E+03     -0.6670366262E+02
    0.2510000000E+03     -0.6631236397E+02
    0.2520000000E+03     -0.6591716553E+02
    0.2530000000E+03     -0.6551608427E+02
    0.2540000000E+03     -0.6510707607E+02
    0.2550000000E+03     -0.6469332907E+02
    0.2560000000E+03     -0.6427244540E+02
    0.2570000000E+03     -0.6384600507E+02
    0.2580000000E+03     -0.6341252821E+02
    0.2590000000E+03     -0.6297320066E+02
    0.2600000000E+03     -0.6252716112E+02
    0.2610000000E+03     -0.6207468091E+02
    0.2620000000E+03     -0.6161586091E+02
    0.2630000000E+03     -0.6115154545E+02
    0.2640000000E+03     -0.6068152332E+02
    0.2650000000E+03     -0.6020362099E+02
    0.2660000000E+03     -0.5972087608E+02
    0.2670000000E+03     -0.5923200392E+02
    0.2680000000E+03     -0.5873731866E+02
    0.2690000000E+03     -0.5823701548E+02
    0.2700000000E+03     -0.5772917996E+02
    0.2710000000E+03     -0.5721723186E+02
    0.2720000000E+03     -0.5669874772E+02
    0.2730000000E+03     -0.5617382783E+02
    0.2740000000E+03     -0.5564358031E+02
    0.2750000000E+03     -0.5510646729E+02
    0.2760000000E+03     -0.5456406517E+02
    0.2770000000E+03     -0.5401464186E+02
    0.2780000000E+03     -0.5345720511E+02
    0.2790000000E+03     -0.5289872524E+02
    0.2800000000E+03     -0.5233126264E+02
    0.2810000000E+03     -0.5175580905E+02
    0.2820000000E+03     -0.5117688876E+02
    0.2830000000E+03     -0.5059468819E+02
    0.2840000000E+03     -0.5000851947E+02
    0.2850000000E+03     -0.4941588859E+02
    0.2860000000E+03     -0.4881746244E+02
    0.2870000000E+03     -0.4821320558E+02
    0.2880000000E+03     -0.4760677573E+02
    0.2890000000E+03     -0.4699336115E+02
    0.2900000000E+03     -0.4637863830E+02
    0.2910000000E+03     -0.4575989577E+02
    0.2920000000E+03     -0.4513797207E+02
    0.2930000000E+03     -0.4451075175E+02
    0.2940000000E+03     -0.4388031494E+02
    0.2950000000E+03     -0.4325291969E+02
    0.2960000000E+03     -0.4261575002E+02
    0.2970000000E+03     -0.4197777050E+02
    0.2980000000E+03     -0.4133780983E+02
    0.2990000000E+03     -0.4069375585E+02
    0.3000000000E+03     -0.4004966055E+02
    0.3010000000E+03     -0.3940171231E+02
    0.3020000000E+03     -0.3875134853E+02
    0.3030000000E+03     -0.3810163208E+02
    0.3040000000E+03     -0.3744974915E+02
    0.3050000000E+03     -0.3679770284E+02
    0.3060000000E+03     -0.3614252404E+02
    0.3070000000E+03     -0.3548951538E+02
    0.3080000000E+03     -0.3483705718E+02
    0.3090000000E+03     -0.3418276923E+02
    0.3100000000E+03     -0.3352854125E+02
    0.3110000000E+03     -0.3287609915E+02
    0.3120000000E+03     -0.3222224307E+02
    0.3130000000E+03     -0.3156917427E+02
    0.3140000000E+03     -0.3091774863E+02
    0.3150000000E+03     -0.3026662901E+02
    0.3160000000E+03     -0.2961697739E+02
    0.3170000000E+03     -0.2896882345E+02
    0.3180000000E+03     -0.2832089711E+02
    0.3190000000E+03     -0.2767628491E+02
    0.3200000000E+03     -0.2703065143E+02
    0.3210000000E+03     -0.2639101633E+02
    0.3220000000E+03     -0.2575394435E+02
    0.3230000000E+03     -0.2511861133E+02
    0.3240000000E+03     -0.2448792024E+02
    0.3250000000E+03     -0.2386168962E+02
    0.3260000000E+03     -0.2323915239E+02
    0.3270000000E+03     -0.2261889500E+02
    0.3280000000E+03     -0.2200731448E+02
    0.3290000000E+03     -0.2139714782E+02
    0.3300000000E+03     -0.2078929899E+02
    0.3310000000E+03     -0.2018790894E+02
    0.3320000000E+03     -0.1959210130E+02
    0.3330000000E+03     -0.1900391860E+02
    0.3340000000E+03     -0.1842033988E+02
    0.3350000000E+03     -0.1784300168E+02
    0.3360000000E+03     -0.1727381342E+02
    0.3370000000E+03     -0.1670839011E+02
    0.3380000000E+03     -0.1615212198E+02
    0.3390000000E+03     -0.1560200723E+02
    0.3400000000E+03     -0.1506048997E+02
    0.3410000000E+03     -0.1452636311E+02
    0.3420000000E+03     -0.1400172024E+02
    0.3430000000E+03     -0.1348639560E+02
    0.3440000000E+03     -0.1297362874E+02
    0.3450000000E+03     -0.1247299649E+02
    0.3460000000E+03     -0.1198714813E+02
    0.3470000000E+03     -0.1150991019E+02
    0.3480000000E+03     -0.1103956435E+02
    0.3490000000E+03     -0.1058166826E+02
    0.3500000000E+03     -0.1013658030E+02
    0.3510000000E+03     -0.9701694383E+01
    0.3520000000E+03     -0.9283507221E+01
    0.3530000000E+03     -0.8872173588E+01
    0.3540000000E+03     -0.8475287106E+01
    0.3550000000E+03     -0.8083248132E+01
    0.3560000000E+03     -0.7714009373E+01
    0.3570000000E+03     -0.7355774924E+01
    0.3580000000E+03     -0.7008226908E+01
    0.3590000000E+03     -0.6679318267E+01
    0.3600000000E+03     -0.6363237144E+01
    0.3610000000E+03     -0.6061373582E+01
    0.3620000000E+03     -0.5773337551E+01
    0.3630000000E+03     -0.5497759566E+01
    0.3640000000E+03     -0.5240267949E+01
    0.3650000000E+03     -0.4995638543E+01
    0.3660000000E+03     -0.4774561359E+01
    0.3670000000E+03     -0.4565405761E+01
    0.3680000000E+03     -0.4385969882E+01
    0.3690000000E+03     -0.4215226752E+01
    0.3700000000E+03     -0.4060464645E+01
    0.3710000000E+03     -0.3929080446E+01
    0.3720000000E+03     -0.3814853901E+01
    0.3730000000E+03     -0.3716170893E+01
    0.3740000000E+03     -0.3644184010E+01
    0.3750000000E+03     -0.3585339247E+01
    0.3760000000E+03     -0.3551093192E+01
    0.3770000000E+03     -0.3541916080E+01
    0.3780000000E+03     -0.3544862069E+01
    0.3790000000E+03     -0.3570541428E+01
    0.3800000000E+03     -0.3621983383E+01
    0.3810000000E+03     -0.3699563170E+01
    0.3820000000E+03     -0.3802860002E+01
    0.3830000000E+03     -0.3915612491E+01
    0.3840000000E+03     -0.4055918803E+01
    0.3850000000E+03     -0.4225688634E+01
    0.3860000000E+03     -0.4419973017E+01
    0.3870000000E+03     -0.4633526159E+01
    0.3880000000E+03     -0.4882095319E+01
    0.3890000000E+03     -0.5149227122E+01
    0.3900000000E+03     -0.5442801369E+01
    0.3910000000E+03     -0.5763090958E+01
    0.3920000000E+03     -0.6114136630E+01
    0.3930000000E+03     -0.6485315761E+01
    0.3940000000E+03     -0.6897135720E+01
    0.3950000000E+03     -0.7334905128E+01
    0.3960000000E+03     -0.7800326894E+01
    0.3970000000E+03     -0.8289978188E+01
    0.3980000000E+03     -0.8817203038E+01
    0.3990000000E+03     -0.9366443834E+01
    0.4000000000E+03     -0.9957729765E+01
    0.4010000000E+03     -0.1056820152E+02
    0.4020000000E+03     -0.1121718984E+02
    0.4030000000E+03     -0.1190642728E+02
    0.4040000000E+03     -0.1261959176E+02
    0.4050000000E+03     -0.1337358278E+02
    0.4060000000E+03     -0.1415659053E+02
    0.4070000000E+03     -0.1498485049E+02
    0.4080000000E+03     -0.1583283518E+02
    0.4090000000E+03     -0.1672115741E+02
    0.4100000000E+03     -0.1765007224E+02
    0.4110000000E+03     -0.1861951884E+02
    0.4120000000E+03     -0.1962486726E+02
    0.4130000000E+03     -0.2066726041E+02
    0.4140000000E+03     -0.2174119905E+02
    0.4150000000E+03     -0.2285209431E+02
    0.4160000000E+03     -0.2402106627E+02
    0.4170000000E+03     -0.2522070302E+02
    0.4180000000E+03     -0.2645571012E+02
    0.4190000000E+03     -0.2773348945E+02
    0.4200000000E+03     -0.2904727442E+02
    0.4210000000E+03     -0.3040821901E+02
    0.4220000000E+03     -0.3179665343E+02
    0.4230000000E+03     -0.3323292198E+02
    0.4240000000E+03     -0.3473050020E+02
    0.4250000000E+03     -0.3627148005E+02
    0.4260000000E+03     -0.3785309677E+02
    0.4270000000E+03     -0.3947548096E+02
    0.4280000000E+03     -0.4114968194E+02
    0.4290000000E+03     -0.4286053818E+02
    0.4300000000E+03     -0.4462890869E+02
    0.4310000000E+03     -0.4644964870E+02
    0.4320000000E+03     -0.4832386355E+02
    0.4330000000E+03     -0.5024373399E+02
    0.4340000000E+03     -0.5221213336E+02
    0.4350000000E+03     -0.5421751212E+02
    0.4360000000E+03     -0.5629463316E+02
    0.4370000000E+03     -0.5841083675E+02
    0.4380000000E+03     -0.6058311328E+02
    0.4390000000E+03     -0.6281635375E+02
    0.4400000000E+03     -0.6509377110E+02
    0.4410000000E+03     -0.6742902139E+02
    0.4420000000E+03     -0.6982141358E+02
    0.4430000000E+03     -0.7226533549E+02
    0.4440000000E+03     -0.7478424744E+02
    0.4450000000E+03     -0.7733917631E+02
    0.4460000000E+03     -0.7995760806E+02
    0.4470000000E+03     -0.8263234342E+02
    0.4480000000E+03     -0.8535319528E+02
    0.4490000000E+03     -0.8814226728E+02
    0.4500000000E+03     -0.9099457468E+02
    0.4510000000E+03     -0.9390379377E+02
    0.4520000000E+03     -0.9687962322E+02
    0.4530000000E+03     -0.9990459399E+02
    0.4540000000E+03     -0.1030123404E+03
    0.4550000000E+03     -0.1061771095E+03
    0.4560000000E+03     -0.1094083054E+03
    0.4570000000E+03     -0.1127161584E+03
    0.4580000000E+03     -0.1160785830E+03
    0.4590000000E+03     -0.1195200632E+03
    0.4600000000E+03     -0.1230189597E+03
    0.4610000000E+03     -0.1265926619E+03
    0.4620000000E+03     -0.1301953709E+03
    0.4630000000E+03     -0.1338950249E+03
    0.4640000000E+03     -0.1376650902E+03
    0.4650000000E+03     -0.1415019461E+03
    0.4660000000E+03     -0.1454048974E+03
    0.4670000000E+03     -0.1493956043E+03
    0.4680000000E+03     -0.1534212886E+03
    0.4690000000E+03     -0.1575951262E+03
    0.4700000000E+03     -0.1617775487E+03
    0.4710000000E+03     -0.1660653359E+03
    0.4720000000E+03     -0.1704393822E+03
    0.4730000000E+03     -0.1748665194E+03
    0.4740000000E+03     -0.1793974449E+03
    0.4750000000E+03     -0.1839892019E+03
    0.4760000000E+03     -0.1886667739E+03
    0.4770000000E+03     -0.1934180444E+03
    0.4780000000E+03     -0.1982695804E+03
    0.4790000000E+03     -0.2031789519E+03
    0.4800000000E+03     -0.2081781413E+03
    0.4810000000E+03     -0.2132666435E+03
    0.4820000000E+03     -0.2184437927E+03
    0.4830000000E+03     -0.2236808421E+03
    0.4840000000E+03     -0.2290158771E+03
    0.4850000000E+03     -0.2344332274E+03
