    0.00000000E+00      -2.981465986012218688E-10
    1.00000000E+00      -6.057403000494996888E-04
    2.00000000E+00      -3.456525074985129092E-02
    3.00000000E+00      -1.017980194860950149E-01
    4.00000000E+00      -2.024020964036100656E-01
    5.00000000E+00      -3.364900227949089717E-01
    6.00000000E+00      -5.037572854700911318E-01
    7.00000000E+00      -7.044390148309940258E-01
    8.00000000E+00      -9.383040292164226415E-01
    9.00000000E+00      -1.205983876641868680E+00
    1.00000000E+01      -1.507033635308830277E+00
    1.10000000E+01      -1.841090471323386657E+00
    1.20000000E+01      -2.208500409950159060E+00
    1.30000000E+01      -2.609860743629914381E+00
    1.40000000E+01      -3.043842294820931826E+00
    1.50000000E+01      -3.511842614345450642E+00
    1.60000000E+01      -4.013375392844987566E+00
    1.70000000E+01      -4.547176652009136788E+00
    1.80000000E+01      -5.114969471017886349E+00
    1.90000000E+01      -5.717402911481343608E+00
    2.00000000E+01      -6.351170675688891265E+00
    2.10000000E+01      -7.019498186950157148E+00
    2.20000000E+01      -7.721339411104155559E+00
    2.30000000E+01      -8.456212288052604720E+00
    2.40000000E+01      -9.224769062584568857E+00
    2.50000000E+01      -1.002513208868135308E+01
    2.60000000E+01      -1.085965121709386239E+01
    2.70000000E+01      -1.172713439618088316E+01
    2.80000000E+01      -1.262812519303831138E+01
    2.90000000E+01      -1.356326080626474706E+01
    3.00000000E+01      -1.453264817459517921E+01
    3.10000000E+01      -1.553327225304872350E+01
    3.20000000E+01      -1.656733298749379202E+01
    3.30000000E+01      -1.763387579455710608E+01
    3.40000000E+01      -1.873568593933810433E+01
    3.50000000E+01      -1.986943895133136451E+01
    3.60000000E+01      -2.103825538680887064E+01
    3.70000000E+01      -2.223778689800149166E+01
    3.80000000E+01      -2.347117277743504360E+01
    3.90000000E+01      -2.473581139539905394E+01
    4.00000000E+01      -2.603523039110136494E+01
    4.10000000E+01      -2.736696249655166469E+01
    4.20000000E+01      -2.873144441080777511E+01
    4.30000000E+01      -3.012835348508578193E+01
    4.40000000E+01      -3.155896625395141086E+01
    4.50000000E+01      -3.302023755759506685E+01
    4.60000000E+01      -3.451576694605000739E+01
    4.70000000E+01      -3.604256174033675109E+01
    4.80000000E+01      -3.760648610204441411E+01
    4.90000000E+01      -3.919722231123284928E+01
    5.00000000E+01      -4.082170796358901299E+01
    5.10000000E+01      -4.247925462159046361E+01
    5.20000000E+01      -4.416664564338587695E+01
    5.30000000E+01      -4.588988702131921116E+01
    5.40000000E+01      -4.764451069757647872E+01
    5.50000000E+01      -4.943027787114903049E+01
    5.60000000E+01      -5.125099885678200451E+01
    5.70000000E+01      -5.310110131864371397E+01
    5.80000000E+01      -5.498161616874206459E+01
    5.90000000E+01      -5.689228940904885690E+01
    6.00000000E+01      -5.883598051663665274E+01
    6.10000000E+01      -6.080980001456003947E+01
    6.20000000E+01      -6.281827140666393916E+01
    6.30000000E+01      -6.485434026892761494E+01
    6.40000000E+01      -6.692434633784793618E+01
    6.50000000E+01      -6.902144952230960939E+01
    6.60000000E+01      -7.115015612093515074E+01
    6.70000000E+01      -7.331249095596496090E+01
    6.80000000E+01      -7.549996423030484038E+01
    6.90000000E+01      -7.772285714043573535E+01
    7.00000000E+01      -7.997581756285279653E+01
    7.10000000E+01      -8.225686237393779265E+01
    7.20000000E+01      -8.456520978853342285E+01
    7.30000000E+01      -8.690241529684300303E+01
    7.40000000E+01      -8.927473750973939559E+01
    7.50000000E+01      -9.167284917184474580E+01
    7.60000000E+01      -9.410207345493608955E+01
    7.70000000E+01      -9.655944020891752189E+01
    7.80000000E+01      -9.904732212408742953E+01
    7.90000000E+01      -1.015637720831421689E+02
    8.00000000E+01      -1.041156372403269188E+02
    8.10000000E+01      -1.066859482710434577E+02
    8.20000000E+01      -1.092829835344772960E+02
    8.30000000E+01      -1.119131530483998631E+02
    8.40000000E+01      -1.145708801660870222E+02
    8.50000000E+01      -1.172485229478503470E+02
    8.60000000E+01      -1.199661659646295675E+02
    8.70000000E+01      -1.227052536726191647E+02
    8.80000000E+01      -1.254750769279289671E+02
    8.90000000E+01      -1.282661784576514492E+02
    9.00000000E+01      -1.310815349575444770E+02
    9.10000000E+01      -1.339367371190958238E+02
    9.20000000E+01      -1.368199270455767191E+02
    9.30000000E+01      -1.397180176212739298E+02
    9.40000000E+01      -1.426461654723635775E+02
    9.50000000E+01      -1.455986674679152202E+02
    9.60000000E+01      -1.485832420814018633E+02
    9.70000000E+01      -1.515867127987804679E+02
    9.80000000E+01      -1.546201832919842900E+02
    9.90000000E+01      -1.576707741599416295E+02
    1.00000000E+02      -1.607541595226092568E+02
    1.01000000E+02      -1.638560640861555839E+02
    1.02000000E+02      -1.669853919771986739E+02
    1.03000000E+02      -1.701359462296736638E+02
    1.04000000E+02      -1.733087447721037506E+02
    1.05000000E+02      -1.765136311834803564E+02
    1.06000000E+02      -1.797333244586831142E+02
    1.07000000E+02      -1.829817661759747125E+02
    1.08000000E+02      -1.862537648712614100E+02
    1.09000000E+02      -1.895471237346736189E+02
    1.10000000E+02      -1.928706879556995091E+02
    1.11000000E+02      -1.962046158209261648E+02
    1.12000000E+02      -1.995711476822245913E+02
    1.13000000E+02      -2.029591706822743618E+02
    1.14000000E+02      -2.063714764781341273E+02
    1.15000000E+02      -2.098005010130434584E+02
    1.16000000E+02      -2.132517906564207806E+02
    1.17000000E+02      -2.167277262392319699E+02
    1.18000000E+02      -2.202260490752403257E+02
    1.19000000E+02      -2.237549285343113752E+02
    1.20000000E+02      -2.272959813541781386E+02
    1.21000000E+02      -2.308578737356649526E+02
    1.22000000E+02      -2.344483648580483077E+02
    1.23000000E+02      -2.380518315287831683E+02
    1.24000000E+02      -2.416792019297513434E+02
    1.25000000E+02      -2.453365311631532677E+02
    1.26000000E+02      -2.490040873445568650E+02
    1.27000000E+02      -2.526977880008796546E+02
    1.28000000E+02      -2.564064468265626147E+02
    1.29000000E+02      -2.601462882484220245E+02
    1.30000000E+02      -2.639024223731303209E+02
    1.31000000E+02      -2.676751864399871010E+02
    1.32000000E+02      -2.714762546492561341E+02
    1.33000000E+02      -2.752916675831343127E+02
    1.34000000E+02      -2.791246270143328729E+02
    1.35000000E+02      -2.829755692025003100E+02
    1.36000000E+02      -2.868516359174311674E+02
    1.37000000E+02      -2.907615435206762413E+02
    1.38000000E+02      -2.946762364787755359E+02
    1.39000000E+02      -2.986016751749771174E+02
    1.40000000E+02      -3.025488361864538547E+02
    1.41000000E+02      -3.065161279125477449E+02
    1.42000000E+02      -3.105255951798417300E+02
    1.43000000E+02      -3.145250200646248686E+02
    1.44000000E+02      -3.185599272206627575E+02
    1.45000000E+02      -3.226185183560882024E+02
    1.46000000E+02      -3.266888728629495517E+02
    1.47000000E+02      -3.307827414004281081E+02
    1.48000000E+02      -3.348798147044295774E+02
    1.49000000E+02      -3.390063752061419109E+02
    1.50000000E+02      -3.431519496554292346E+02
    1.51000000E+02      -3.473147665620855378E+02
    1.52000000E+02      -3.515017817962004756E+02
    1.53000000E+02      -3.557004682662789037E+02
    1.54000000E+02      -3.599137956208080595E+02
    1.55000000E+02      -3.641626439212843707E+02
    1.56000000E+02      -3.684275133012722563E+02
    1.57000000E+02      -3.727012746162481562E+02
    1.58000000E+02      -3.769858017565338741E+02
    1.59000000E+02      -3.812997817373907310E+02
    1.60000000E+02      -3.856281878222469004E+02
    1.61000000E+02      -3.899738352049926107E+02
    1.62000000E+02      -3.943346142573811903E+02
    1.63000000E+02      -3.987163142881158819E+02
    1.64000000E+02      -4.031157432932805023E+02
    1.65000000E+02      -4.075324684262900519E+02
    1.66000000E+02      -4.119623072374283765E+02
    1.67000000E+02      -4.164259992454838084E+02
    1.68000000E+02      -4.209040596440063382E+02
    1.69000000E+02      -4.253910189557614103E+02
    1.70000000E+02      -4.299014699054257562E+02
    1.71000000E+02      -4.344211563131441380E+02
    1.72000000E+02      -4.389490171066756830E+02
    1.73000000E+02      -4.435177367925432463E+02
    1.74000000E+02      -4.481473902388772785E+02
    1.75000000E+02      -4.527522104131639935E+02
    1.76000000E+02      -4.573780449396326730E+02
    1.77000000E+02      -4.620483856783996544E+02
    1.78000000E+02      -4.666990378597033668E+02
    1.79000000E+02      -4.713681954883018079E+02
    1.80000000E+02      -4.760627117804172030E+02
    1.81000000E+02      -4.807808643305122587E+02
    1.82000000E+02      -4.855140391099580484E+02
    1.83000000E+02      -4.902653262570368042E+02
    1.84000000E+02      -4.950302653765127161E+02
    1.85000000E+02      -4.998119406189643996E+02
    1.86000000E+02      -5.046213330144737483E+02
    1.87000000E+02      -5.094462552493946532E+02
    1.88000000E+02      -5.143006540461535678E+02
    1.89000000E+02      -5.191726192172266110E+02
    1.90000000E+02      -5.240631570212540282E+02
    1.91000000E+02      -5.289824013918655510E+02
    1.92000000E+02      -5.339167735336777696E+02
    1.93000000E+02      -5.388584786924466243E+02
    1.94000000E+02      -5.438317260788526255E+02
    1.95000000E+02      -5.488272084139771323E+02
    1.96000000E+02      -5.538422777124048935E+02
    1.97000000E+02      -5.588725205321250087E+02
    1.98000000E+02      -5.639241927271700661E+02
    1.99000000E+02      -5.690023700787667167E+02
    2.00000000E+02      -5.740816598504798094E+02
    2.01000000E+02      -5.792036986492705637E+02
    2.02000000E+02      -5.843376203000393616E+02
    2.03000000E+02      -5.894965570887743525E+02
    2.04000000E+02      -5.946684085903234518E+02
    2.05000000E+02      -5.998670989495415142E+02
    2.06000000E+02      -6.050903124716760431E+02
    2.07000000E+02      -6.103266825423404498E+02
    2.08000000E+02      -6.155982843176836923E+02
    2.09000000E+02      -6.208830855663261445E+02
    2.10000000E+02      -6.261812714941029299E+02
    2.11000000E+02      -6.315105608455658057E+02
    2.12000000E+02      -6.368496138293166950E+02
    2.13000000E+02      -6.422238403650840155E+02
    2.14000000E+02      -6.476050618084138932E+02
    2.15000000E+02      -6.530326188805331640E+02
    2.16000000E+02      -6.584783506182029669E+02
    2.17000000E+02      -6.639410959764527433E+02
    2.18000000E+02      -6.694222542837660512E+02
    2.19000000E+02      -6.749201619957575531E+02
    2.20000000E+02      -6.804241951169051390E+02
    2.21000000E+02      -6.859774266362151138E+02
    2.22000000E+02      -6.915582413491092666E+02
    2.23000000E+02      -6.971519875793137544E+02
    2.24000000E+02      -7.027895684446352789E+02
    2.25000000E+02      -7.084516971649786683E+02
    2.26000000E+02      -7.141313345324388138E+02
    2.27000000E+02      -7.198416083077381700E+02
    2.28000000E+02      -7.255737441504015806E+02
    2.29000000E+02      -7.313376635901049667E+02
    2.30000000E+02      -7.371184393204530352E+02
    2.31000000E+02      -7.429238918481282781E+02
    2.32000000E+02      -7.487607986015887036E+02
    2.33000000E+02      -7.546231670121569550E+02
    2.34000000E+02      -7.605216983344619166E+02
    2.35000000E+02      -7.664480307076212284E+02
    2.36000000E+02      -7.724010066981998079E+02
    2.37000000E+02      -7.783648588919315898E+02
    2.38000000E+02      -7.843636435714415711E+02
    2.39000000E+02      -7.903821441047846292E+02
    2.40000000E+02      -7.964356999928659206E+02
    2.41000000E+02      -8.025107953066437858E+02
    2.42000000E+02      -8.086163196971806428E+02
    2.43000000E+02      -8.147647960857341332E+02
    2.44000000E+02      -8.209408096237741574E+02
    2.45000000E+02      -8.271430661002714260E+02
    2.46000000E+02      -8.333686193252610792E+02
    2.47000000E+02      -8.396021683982717150E+02
    2.48000000E+02      -8.458750128908241095E+02
    2.49000000E+02      -8.521809081924220663E+02
    2.50000000E+02      -8.585079103716648206E+02
    2.51000000E+02      -8.648649664589697750E+02
    2.52000000E+02      -8.712233322797869732E+02
    2.53000000E+02      -8.776499763183830964E+02
    2.54000000E+02      -8.841025785939168600E+02
    2.55000000E+02      -8.905816860855791219E+02
    2.56000000E+02      -8.970898244627683198E+02
    2.57000000E+02      -9.036392208315837706E+02
    2.58000000E+02      -9.101959564852581934E+02
    2.59000000E+02      -9.167957347507565373E+02
    2.60000000E+02      -9.234398016446627935E+02
    2.61000000E+02      -9.300959820808811855E+02
    2.62000000E+02      -9.367913826873450489E+02
    2.63000000E+02      -9.435252084755447868E+02
    2.64000000E+02      -9.502732627554285045E+02
    2.65000000E+02      -9.570667064638150805E+02
    2.66000000E+02      -9.638888474922844125E+02
    2.67000000E+02      -9.707381513368147807E+02
    2.68000000E+02      -9.776170904832019914E+02
    2.69000000E+02      -9.845317799568258579E+02
    2.70000000E+02      -9.914742285817258107E+02
    2.71000000E+02      -9.984387041200225212E+02
    2.72000000E+02      -1.005446971668075093E+03
    2.73000000E+02      -1.012484431633014538E+03
    2.74000000E+02      -1.019542028354513150E+03
    2.75000000E+02      -1.026638137033899056E+03
    2.76000000E+02      -1.033752268794408337E+03
    2.77000000E+02      -1.040914746109976704E+03
    2.78000000E+02      -1.048111113608035794E+03
    2.79000000E+02      -1.055339946433712612E+03
    2.80000000E+02      -1.062594933617361676E+03
    2.81000000E+02      -1.069846736061995443E+03
    2.82000000E+02      -1.077173998379732438E+03
    2.83000000E+02      -1.084521549110174874E+03
    2.84000000E+02      -1.091891858107147300E+03
    2.85000000E+02      -1.099301432808881145E+03
    2.86000000E+02      -1.106761056512588539E+03
    2.87000000E+02      -1.114242236106063046E+03
    2.88000000E+02      -1.121728341712060228E+03
    2.89000000E+02      -1.129265233870948578E+03
    2.90000000E+02      -1.136825981545212244E+03
    2.91000000E+02      -1.144439474530173356E+03
    2.92000000E+02      -1.152049891325122871E+03
    2.93000000E+02      -1.159708174480596654E+03
    2.94000000E+02      -1.167394661963973704E+03
    2.95000000E+02      -1.175112327177186899E+03
    2.96000000E+02      -1.182849499779927100E+03
    2.97000000E+02      -1.190627020055172352E+03
    2.98000000E+02      -1.198473266548267929E+03
    2.99000000E+02      -1.206305299876594063E+03
    3.00000000E+02      -1.214182623945009254E+03
    3.01000000E+02      -1.222082751786162589E+03
    3.02000000E+02      -1.230011767446532303E+03
    3.03000000E+02      -1.237937892128908743E+03
    3.04000000E+02      -1.245941451282594244E+03
    3.05000000E+02      -1.253946303293509118E+03
    3.06000000E+02      -1.261999630964266998E+03
    3.07000000E+02      -1.270077644713366226E+03
    3.08000000E+02      -1.278177970181944147E+03
    3.09000000E+02      -1.286332278937912179E+03
    3.10000000E+02      -1.294494057424035418E+03
    3.11000000E+02      -1.302675073596151833E+03
    3.12000000E+02      -1.310892055963455959E+03
    3.13000000E+02      -1.319173317265381684E+03
    3.14000000E+02      -1.327463269235304551E+03
    3.15000000E+02      -1.335777968403669320E+03
    3.16000000E+02      -1.344126778831476486E+03
    3.17000000E+02      -1.352502410637244566E+03
    3.18000000E+02      -1.360900042082792424E+03
    3.19000000E+02      -1.369321888166017516E+03
    3.20000000E+02      -1.377759948133360012E+03
    3.21000000E+02      -1.386295961231685169E+03
    3.22000000E+02      -1.394823046782753408E+03
    3.23000000E+02      -1.403354528625295416E+03
    3.24000000E+02      -1.411897456172865986E+03
    3.25000000E+02      -1.420466460053267838E+03
    3.26000000E+02      -1.429076310016687330E+03
    3.27000000E+02      -1.437750602645912295E+03
    3.28000000E+02      -1.446397922361861902E+03
    3.29000000E+02      -1.455119545359463473E+03
    3.30000000E+02      -1.463862945730099455E+03
    3.31000000E+02      -1.472592462609239192E+03
    3.32000000E+02      -1.481347073112258840E+03
    3.33000000E+02      -1.490156829651955150E+03
    3.34000000E+02      -1.498983158713785770E+03
    3.35000000E+02      -1.507859350902922870E+03
    3.36000000E+02      -1.516745977339909132E+03
    3.37000000E+02      -1.525627536553754453E+03
    3.38000000E+02      -1.534541911741864624E+03
    3.39000000E+02      -1.543517237079953702E+03
    3.40000000E+02      -1.552504559732238931E+03
    3.41000000E+02      -1.561490988138947614E+03
    3.42000000E+02      -1.570505165207780919E+03
    3.43000000E+02      -1.579548273132112854E+03
    3.44000000E+02      -1.588613392030528757E+03
    3.45000000E+02      -1.597669152703650525E+03
    3.46000000E+02      -1.606817627761790391E+03
    3.47000000E+02      -1.615980797973923472E+03
    3.48000000E+02      -1.625149045392463677E+03
    3.49000000E+02      -1.634337226578182481E+03
    3.50000000E+02      -1.643474841940797887E+03
    3.51000000E+02      -1.652733416929555005E+03
    3.52000000E+02      -1.661991474653358182E+03
    3.53000000E+02      -1.671318300848798799E+03
    3.54000000E+02      -1.680591080363655692E+03
    3.55000000E+02      -1.689888069584004370E+03
    3.56000000E+02      -1.699231733426199753E+03
    3.57000000E+02      -1.708550809219065286E+03
    3.58000000E+02      -1.717921641980191907E+03
    3.59000000E+02      -1.727300233482365911E+03
    3.60000000E+02      -1.736712881510564557E+03
    3.61000000E+02      -1.746209149946305615E+03
    3.62000000E+02      -1.755595128734956234E+03
    3.63000000E+02      -1.765099448373355244E+03
    3.64000000E+02      -1.774585362291719548E+03
    3.65000000E+02      -1.784080477522246156E+03
    3.66000000E+02      -1.793642064693045086E+03
    3.67000000E+02      -1.803181840086032025E+03
    3.68000000E+02      -1.812718684897572530E+03
    3.69000000E+02      -1.822289300073959566E+03
    3.70000000E+02      -1.831870407674998660E+03
    3.71000000E+02      -1.841497090048105974E+03
    3.72000000E+02      -1.851073890969789090E+03
    3.73000000E+02      -1.860708932635208384E+03
    3.74000000E+02      -1.870314047665753378E+03
    3.75000000E+02      -1.879892857998632280E+03
    3.76000000E+02      -1.889697242696450076E+03
    3.77000000E+02      -1.899387609828693485E+03
    3.78000000E+02      -1.909137263525117078E+03
    3.79000000E+02      -1.918837393828297081E+03
    3.80000000E+02      -1.928550479907106364E+03
    3.81000000E+02      -1.938333761717469315E+03
    3.82000000E+02      -1.948043815943861773E+03
    3.83000000E+02      -1.957817484439462078E+03
    3.84000000E+02      -1.967511157764793552E+03
    3.85000000E+02      -1.977346018170674370E+03
    3.86000000E+02      -1.987292925085537718E+03
    3.87000000E+02      -1.997099768488153359E+03
    3.88000000E+02      -2.006900377180607393E+03
    3.89000000E+02      -2.016665967311682380E+03
    3.90000000E+02      -2.026635864653108456E+03
    3.91000000E+02      -2.036585051887350801E+03
    3.92000000E+02      -2.046307274328027688E+03
    3.93000000E+02      -2.056216943728763908E+03
    3.94000000E+02      -2.066173737262024588E+03
    3.95000000E+02      -2.076067856966828458E+03
    3.96000000E+02      -2.085871490291795453E+03
    3.97000000E+02      -2.095875306477552385E+03
    3.98000000E+02      -2.105716687019448273E+03
    3.99000000E+02      -2.115691525991550407E+03
    4.00000000E+02      -2.125577347246140562E+03
    4.01000000E+02      -2.135507689952669352E+03
    4.02000000E+02      -2.145510319472701667E+03
    4.03000000E+02      -2.155387118041454414E+03
    4.04000000E+02      -2.165359617417616391E+03
    4.05000000E+02      -2.175387827211211061E+03
    4.06000000E+02      -2.185291893779670318E+03
    4.07000000E+02      -2.195271571159565156E+03
    4.08000000E+02      -2.205291115901473859E+03
    4.09000000E+02      -2.215321668200886961E+03
    4.10000000E+02      -2.225105689991492909E+03
    4.11000000E+02      -2.235207486439462173E+03
    4.12000000E+02      -2.245136222907756292E+03
    4.13000000E+02      -2.255121784395272243E+03
    4.14000000E+02      -2.265220187622990579E+03
    4.15000000E+02      -2.275079725002593477E+03
    4.16000000E+02      -2.285065372804075196E+03
    4.17000000E+02      -2.294930643810090260E+03
    4.18000000E+02      -2.304936070694073351E+03
    4.19000000E+02      -2.314952517721334516E+03
    4.20000000E+02      -2.324860799611854418E+03
    4.21000000E+02      -2.334725458382105444E+03
    4.22000000E+02      -2.344834604779081474E+03
    4.23000000E+02      -2.354789822954211559E+03
    4.24000000E+02      -2.364627395727861312E+03
    4.25000000E+02      -2.374632599632629535E+03
    4.26000000E+02      -2.384560736853891285E+03
    4.27000000E+02      -2.394424920057166219E+03
    4.28000000E+02      -2.404303191114739093E+03
    4.29000000E+02      -2.414349806601343062E+03
    4.30000000E+02      -2.424325761422644064E+03
    4.31000000E+02      -2.434153887961550936E+03
    4.32000000E+02      -2.444040145098190806E+03
    4.33000000E+02      -2.453823462613341235E+03
    4.34000000E+02      -2.463869959967950308E+03
    4.35000000E+02      -2.473820202146456268E+03
    4.36000000E+02      -2.483574691795930448E+03
    4.37000000E+02      -2.493538561166388718E+03
    4.38000000E+02      -2.503137980794977921E+03
    4.39000000E+02      -2.513014495759065994E+03
    4.40000000E+02      -2.522873278029398534E+03
    4.41000000E+02      -2.532651586201778628E+03
    4.42000000E+02      -2.542470450403796804E+03
    4.43000000E+02      -2.552040466867615578E+03
    4.44000000E+02      -2.561945326647745333E+03
    4.45000000E+02      -2.571721438768410280E+03
    4.46000000E+02      -2.581451117232054457E+03
    4.47000000E+02      -2.591154233978928460E+03
    4.48000000E+02      -2.600801734208690505E+03
    4.49000000E+02      -2.610571032461722098E+03
    4.50000000E+02      -2.620290732836600455E+03
    4.51000000E+02      -2.629895428628904483E+03
    4.52000000E+02      -2.639354171602213682E+03
    4.53000000E+02      -2.648886859342208481E+03
    4.54000000E+02      -2.658526563139896098E+03
    4.55000000E+02      -2.668045332711806623E+03
    4.56000000E+02      -2.677639204373712801E+03
    4.57000000E+02      -2.687151671119153889E+03
    4.58000000E+02      -2.696720858415361363E+03
    4.59000000E+02      -2.706170250371587827E+03
    4.60000000E+02      -2.715561805313256627E+03
    4.61000000E+02      -2.724930450692759223E+03
    4.62000000E+02      -2.734361932117871220E+03
    4.63000000E+02      -2.743694604960576271E+03
    4.64000000E+02      -2.752984721793244717E+03
    4.65000000E+02      -2.762372112888880110E+03
    4.66000000E+02      -2.771829162108511809E+03
    4.67000000E+02      -2.780915583076288385E+03
    4.68000000E+02      -2.790095869360611687E+03
    4.69000000E+02      -2.799304264538949610E+03
    4.70000000E+02      -2.808431911260760899E+03
    4.71000000E+02      -2.817246683855615629E+03
    4.72000000E+02      -2.826808968968395675E+03
    4.73000000E+02      -2.835817913613502697E+03
    4.74000000E+02      -2.844789417578951998E+03
    4.75000000E+02      -2.853582076027351832E+03
    4.76000000E+02      -2.862581256560920338E+03
    4.77000000E+02      -2.871610666935979680E+03
    4.78000000E+02      -2.880617015290196832E+03
    4.79000000E+02      -2.889445505279590634E+03
    4.80000000E+02      -2.898378720473898284E+03
    4.81000000E+02      -2.906933070908133232E+03
    4.82000000E+02      -2.915562165502490188E+03
    4.83000000E+02      -2.924568436118098361E+03
    4.84000000E+02      -2.933044814294864409E+03
    4.85000000E+02      -2.941658206759246696E+03
    4.86000000E+02      -2.950214232009617717E+03
    4.87000000E+02      -2.958778171662309433E+03
    4.88000000E+02      -2.967630856101342943E+03
    4.89000000E+02      -2.975746992868767848E+03
    4.90000000E+02      -2.983924145942990435E+03
    4.91000000E+02      -2.992484571447007966E+03
    4.92000000E+02      -3.000754272682485862E+03
    4.93000000E+02      -3.008994413547724889E+03
    4.94000000E+02      -3.017305015434077632E+03
    4.95000000E+02      -3.025525522993985760E+03
    4.96000000E+02      -3.033732971649068531E+03
    4.97000000E+02      -3.041751421201151061E+03
    4.98000000E+02      -3.049640488694793930E+03
    4.99000000E+02      -3.057526722196888841E+03
    5.00000000E+02      -3.065175378286397972E+03
    5.01000000E+02      -3.073638131128873283E+03
    5.02000000E+02      -3.081485800306122655E+03
    5.03000000E+02      -3.089150751060660696E+03
    5.04000000E+02      -3.096178573652279738E+03
    5.05000000E+02      -3.103895538591202239E+03
    5.06000000E+02      -3.111882108361593055E+03
    5.07000000E+02      -3.119071383149324447E+03
    5.08000000E+02      -3.126256335274804769E+03
    5.09000000E+02      -3.133943325634955727E+03
    5.10000000E+02      -3.141239062290666880E+03
