    0.0000000000E+00     -0.1192647268E+02
    0.1000000000E+01     -0.9637500234E+01
    0.2000000000E+01     -0.8020297277E+01
    0.3000000000E+01     -0.6787107288E+01
    0.4000000000E+01     -0.5820217895E+01
    0.5000000000E+01     -0.5055138999E+01
    0.6000000000E+01     -0.4451063053E+01
    0.7000000000E+01     -0.3979895307E+01
    0.8000000000E+01     -0.3621138831E+01
    0.9000000000E+01     -0.3359083430E+01
    0.1000000000E+02     -0.3181317846E+01
    0.1100000000E+02     -0.3077541721E+01
    0.1200000000E+02     -0.3039578123E+01
    0.1300000000E+02     -0.3060726947E+01
    0.1400000000E+02     -0.3135242144E+01
    0.1500000000E+02     -0.3257773011E+01
    0.1600000000E+02     -0.3423596643E+01
    0.1700000000E+02     -0.3629052498E+01
    0.1800000000E+02     -0.3870723517E+01
    0.1900000000E+02     -0.4145558661E+01
    0.2000000000E+02     -0.4450946968E+01
    0.2100000000E+02     -0.4784297553E+01
    0.2200000000E+02     -0.5143299624E+01
    0.2300000000E+02     -0.5525911126E+01
    0.2400000000E+02     -0.5930312684E+01
    0.2500000000E+02     -0.6354879851E+01
    0.2600000000E+02     -0.6797730219E+01
    0.2700000000E+02     -0.7257619263E+01
    0.2800000000E+02     -0.7733431648E+01
    0.2900000000E+02     -0.8223727905E+01
    0.3000000000E+02     -0.8727358966E+01
    0.3100000000E+02     -0.9243345073E+01
    0.3200000000E+02     -0.9770425099E+01
    0.3300000000E+02     -0.1030789355E+02
    0.3400000000E+02     -0.1085493525E+02
    0.3500000000E+02     -0.1141083306E+02
    0.3600000000E+02     -0.1197450613E+02
    0.3700000000E+02     -0.1254504360E+02
    0.3800000000E+02     -0.1312171713E+02
    0.3900000000E+02     -0.1370405040E+02
    0.4000000000E+02     -0.1429181968E+02
    0.4100000000E+02     -0.1488425204E+02
    0.4200000000E+02     -0.1548090036E+02
    0.4300000000E+02     -0.1608111215E+02
    0.4400000000E+02     -0.1668427108E+02
    0.4500000000E+02     -0.1728963793E+02
    0.4600000000E+02     -0.1789749279E+02
    0.4700000000E+02     -0.1850685528E+02
    0.4800000000E+02     -0.1911769738E+02
    0.4900000000E+02     -0.1972903850E+02
    0.5000000000E+02     -0.2034081334E+02
    0.5100000000E+02     -0.2095314348E+02
    0.5200000000E+02     -0.2156528836E+02
    0.5300000000E+02     -0.2217717538E+02
    0.5400000000E+02     -0.2278787992E+02
    0.5500000000E+02     -0.2339772816E+02
    0.5600000000E+02     -0.2400643033E+02
    0.5700000000E+02     -0.2461345061E+02
    0.5800000000E+02     -0.2521873551E+02
    0.5900000000E+02     -0.2582145301E+02
    0.6000000000E+02     -0.2642263001E+02
    0.6100000000E+02     -0.2702113399E+02
    0.6200000000E+02     -0.2761717499E+02
    0.6300000000E+02     -0.2820990677E+02
    0.6400000000E+02     -0.2880010817E+02
    0.6500000000E+02     -0.2938657136E+02
    0.6600000000E+02     -0.2996961155E+02
    0.6700000000E+02     -0.3054948029E+02
    0.6800000000E+02     -0.3112495295E+02
    0.6900000000E+02     -0.3169690473E+02
    0.7000000000E+02     -0.3226469874E+02
    0.7100000000E+02     -0.3282831414E+02
    0.7200000000E+02     -0.3338780802E+02
    0.7300000000E+02     -0.3394278006E+02
    0.7400000000E+02     -0.3449309371E+02
    0.7500000000E+02     -0.3503875531E+02
    0.7600000000E+02     -0.3557970645E+02
    0.7700000000E+02     -0.3611649945E+02
    0.7800000000E+02     -0.3664776537E+02
    0.7900000000E+02     -0.3717404447E+02
    0.8000000000E+02     -0.3769623008E+02
    0.8100000000E+02     -0.3821277036E+02
    0.8200000000E+02     -0.3872417472E+02
    0.8300000000E+02     -0.3923039121E+02
    0.8400000000E+02     -0.3973197112E+02
    0.8500000000E+02     -0.4022791356E+02
    0.8600000000E+02     -0.4071815725E+02
    0.8700000000E+02     -0.4120285605E+02
    0.8800000000E+02     -0.4168262460E+02
    0.8900000000E+02     -0.4215775014E+02
    0.9000000000E+02     -0.4262703460E+02
    0.9100000000E+02     -0.4309155109E+02
    0.9200000000E+02     -0.4355102034E+02
    0.9300000000E+02     -0.4400474626E+02
    0.9400000000E+02     -0.4445336331E+02
    0.9500000000E+02     -0.4489691434E+02
    0.9600000000E+02     -0.4533426374E+02
    0.9700000000E+02     -0.4576638696E+02
    0.9800000000E+02     -0.4619333874E+02
    0.9900000000E+02     -0.4661405878E+02
    0.1000000000E+03     -0.4703001560E+02
    0.1010000000E+03     -0.4744075832E+02
    0.1020000000E+03     -0.4784524018E+02
    0.1030000000E+03     -0.4824606035E+02
    0.1040000000E+03     -0.4864067621E+02
    0.1050000000E+03     -0.4902990782E+02
    0.1060000000E+03     -0.4941293957E+02
    0.1070000000E+03     -0.4979101682E+02
    0.1080000000E+03     -0.5016310243E+02
    0.1090000000E+03     -0.5052892418E+02
    0.1100000000E+03     -0.5088950665E+02
    0.1110000000E+03     -0.5124537906E+02
    0.1120000000E+03     -0.5159590168E+02
    0.1130000000E+03     -0.5194087707E+02
    0.1140000000E+03     -0.5228120513E+02
    0.1150000000E+03     -0.5261553408E+02
    0.1160000000E+03     -0.5294359705E+02
    0.1170000000E+03     -0.5326623967E+02
    0.1180000000E+03     -0.5358395557E+02
    0.1190000000E+03     -0.5389698219E+02
    0.1200000000E+03     -0.5420331183E+02
    0.1210000000E+03     -0.5450628203E+02
    0.1220000000E+03     -0.5480271350E+02
    0.1230000000E+03     -0.5509323873E+02
    0.1240000000E+03     -0.5537895088E+02
    0.1250000000E+03     -0.5565976900E+02
    0.1260000000E+03     -0.5593479765E+02
    0.1270000000E+03     -0.5620621964E+02
    0.1280000000E+03     -0.5647019283E+02
    0.1290000000E+03     -0.5672990820E+02
    0.1300000000E+03     -0.5698232390E+02
    0.1310000000E+03     -0.5723126776E+02
    0.1320000000E+03     -0.5747494737E+02
    0.1330000000E+03     -0.5771299283E+02
    0.1340000000E+03     -0.5794567179E+02
    0.1350000000E+03     -0.5817331811E+02
    0.1360000000E+03     -0.5839526555E+02
    0.1370000000E+03     -0.5861238672E+02
    0.1380000000E+03     -0.5882452490E+02
    0.1390000000E+03     -0.5903152456E+02
    0.1400000000E+03     -0.5923342385E+02
    0.1410000000E+03     -0.5943057206E+02
    0.1420000000E+03     -0.5962183164E+02
    0.1430000000E+03     -0.5980874201E+02
    0.1440000000E+03     -0.5998898515E+02
    0.1450000000E+03     -0.6016449033E+02
    0.1460000000E+03     -0.6033500134E+02
    0.1470000000E+03     -0.6049961734E+02
    0.1480000000E+03     -0.6065924494E+02
    0.1490000000E+03     -0.6081507955E+02
    0.1500000000E+03     -0.6096583679E+02
    0.1510000000E+03     -0.6111137892E+02
    0.1520000000E+03     -0.6125095128E+02
    0.1530000000E+03     -0.6138693410E+02
    0.1540000000E+03     -0.6151712748E+02
    0.1550000000E+03     -0.6164395918E+02
    0.1560000000E+03     -0.6176479678E+02
    0.1570000000E+03     -0.6188034149E+02
    0.1580000000E+03     -0.6199021040E+02
    0.1590000000E+03     -0.6209618050E+02
    0.1600000000E+03     -0.6219713783E+02
    0.1610000000E+03     -0.6229260896E+02
    0.1620000000E+03     -0.6238276202E+02
    0.1630000000E+03     -0.6246722993E+02
    0.1640000000E+03     -0.6254717241E+02
    0.1650000000E+03     -0.6262227605E+02
    0.1660000000E+03     -0.6269198977E+02
    0.1670000000E+03     -0.6275638993E+02
    0.1680000000E+03     -0.6281863235E+02
    0.1690000000E+03     -0.6287380488E+02
    0.1700000000E+03     -0.6292378435E+02
    0.1710000000E+03     -0.6296942698E+02
    0.1720000000E+03     -0.6301043100E+02
    0.1730000000E+03     -0.6304493025E+02
    0.1740000000E+03     -0.6307003219E+02
    0.1750000000E+03     -0.6309590078E+02
    0.1760000000E+03     -0.6311551517E+02
    0.1770000000E+03     -0.6312755601E+02
    0.1780000000E+03     -0.6313737774E+02
    0.1790000000E+03     -0.6314158085E+02
    0.1800000000E+03     -0.6314297203E+02
    0.1810000000E+03     -0.6313676537E+02
    0.1820000000E+03     -0.6312637703E+02
    0.1830000000E+03     -0.6311123054E+02
    0.1840000000E+03     -0.6309036625E+02
    0.1850000000E+03     -0.6306496941E+02
    0.1860000000E+03     -0.6303579105E+02
    0.1870000000E+03     -0.6300139545E+02
    0.1880000000E+03     -0.6296063215E+02
    0.1890000000E+03     -0.6291509039E+02
    0.1900000000E+03     -0.6286423815E+02
    0.1910000000E+03     -0.6280716451E+02
    0.1920000000E+03     -0.6274695197E+02
    0.1930000000E+03     -0.6268121572E+02
    0.1940000000E+03     -0.6260883614E+02
    0.1950000000E+03     -0.6253258020E+02
    0.1960000000E+03     -0.6244899211E+02
    0.1970000000E+03     -0.6236208767E+02
    0.1980000000E+03     -0.6226798457E+02
    0.1990000000E+03     -0.6217005775E+02
    0.2000000000E+03     -0.6206604028E+02
    0.2010000000E+03     -0.6195644214E+02
    0.2020000000E+03     -0.6184417612E+02
    0.2030000000E+03     -0.6172529985E+02
    0.2040000000E+03     -0.6160082829E+02
    0.2050000000E+03     -0.6147150724E+02
    0.2060000000E+03     -0.6133696516E+02
    0.2070000000E+03     -0.6119802413E+02
    0.2080000000E+03     -0.6105408874E+02
    0.2090000000E+03     -0.6090426175E+02
    0.2100000000E+03     -0.6074869461E+02
    0.2110000000E+03     -0.6058876904E+02
    0.2120000000E+03     -0.6042416041E+02
    0.2130000000E+03     -0.6025598959E+02
    0.2140000000E+03     -0.6008044198E+02
    0.2150000000E+03     -0.5990072743E+02
    0.2160000000E+03     -0.5971626576E+02
    0.2170000000E+03     -0.5952749165E+02
    0.2180000000E+03     -0.5933396506E+02
    0.2190000000E+03     -0.5913530352E+02
    0.2200000000E+03     -0.5893208209E+02
    0.2210000000E+03     -0.5872205453E+02
    0.2220000000E+03     -0.5850738097E+02
    0.2230000000E+03     -0.5828881261E+02
    0.2240000000E+03     -0.5806305241E+02
    0.2250000000E+03     -0.5783437536E+02
    0.2260000000E+03     -0.5759810959E+02
    0.2270000000E+03     -0.5735701265E+02
    0.2280000000E+03     -0.5711180630E+02
    0.2290000000E+03     -0.5686149773E+02
    0.2300000000E+03     -0.5660688976E+02
    0.2310000000E+03     -0.5634648937E+02
    0.2320000000E+03     -0.5608221240E+02
    0.2330000000E+03     -0.5581239234E+02
    0.2340000000E+03     -0.5553656038E+02
    0.2350000000E+03     -0.5525612495E+02
    0.2360000000E+03     -0.5497038749E+02
    0.2370000000E+03     -0.5467906502E+02
    0.2380000000E+03     -0.5438297492E+02
    0.2390000000E+03     -0.5407903419E+02
    0.2400000000E+03     -0.5377230584E+02
    0.2410000000E+03     -0.5345865974E+02
    0.2420000000E+03     -0.5314426401E+02
    0.2430000000E+03     -0.5282286109E+02
    0.2440000000E+03     -0.5249689738E+02
    0.2450000000E+03     -0.5216493295E+02
    0.2460000000E+03     -0.5182761065E+02
    0.2470000000E+03     -0.5148624663E+02
    0.2480000000E+03     -0.5113677837E+02
    0.2490000000E+03     -0.5078417228E+02
    0.2500000000E+03     -0.5043031391E+02
    0.2510000000E+03     -0.5006773553E+02
    0.2520000000E+03     -0.4970012461E+02
    0.2530000000E+03     -0.4932579509E+02
    0.2540000000E+03     -0.4894821850E+02
    0.2550000000E+03     -0.4856727296E+02
    0.2560000000E+03     -0.4817805448E+02
    0.2570000000E+03     -0.4778785052E+02
    0.2580000000E+03     -0.4739014120E+02
    0.2590000000E+03     -0.4699011588E+02
    0.2600000000E+03     -0.4658349357E+02
    0.2610000000E+03     -0.4617313661E+02
    0.2620000000E+03     -0.4575514898E+02
    0.2630000000E+03     -0.4533326311E+02
    0.2640000000E+03     -0.4490889031E+02
    0.2650000000E+03     -0.4448085952E+02
    0.2660000000E+03     -0.4404847210E+02
    0.2670000000E+03     -0.4361048785E+02
    0.2680000000E+03     -0.4316491647E+02
    0.2690000000E+03     -0.4271761648E+02
    0.2700000000E+03     -0.4226508083E+02
    0.2710000000E+03     -0.4180637086E+02
    0.2720000000E+03     -0.4134805177E+02
    0.2730000000E+03     -0.4088424023E+02
    0.2740000000E+03     -0.4041522803E+02
    0.2750000000E+03     -0.3994206853E+02
    0.2760000000E+03     -0.3946550187E+02
    0.2770000000E+03     -0.3898617433E+02
    0.2780000000E+03     -0.3850363124E+02
    0.2790000000E+03     -0.3801699229E+02
    0.2800000000E+03     -0.3752707974E+02
    0.2810000000E+03     -0.3703172527E+02
    0.2820000000E+03     -0.3653475188E+02
    0.2830000000E+03     -0.3603482676E+02
    0.2840000000E+03     -0.3553041182E+02
    0.2850000000E+03     -0.3502226439E+02
    0.2860000000E+03     -0.3451681911E+02
    0.2870000000E+03     -0.3400513472E+02
    0.2880000000E+03     -0.3349196124E+02
    0.2890000000E+03     -0.3297663286E+02
    0.2900000000E+03     -0.3245835266E+02
    0.2910000000E+03     -0.3193603387E+02
    0.2920000000E+03     -0.3141488695E+02
    0.2930000000E+03     -0.3089156706E+02
    0.2940000000E+03     -0.3036743923E+02
    0.2950000000E+03     -0.2984298174E+02
    0.2960000000E+03     -0.2931664821E+02
    0.2970000000E+03     -0.2879290649E+02
    0.2980000000E+03     -0.2826696447E+02
    0.2990000000E+03     -0.2773902236E+02
    0.3000000000E+03     -0.2721307730E+02
    0.3010000000E+03     -0.2668618812E+02
    0.3020000000E+03     -0.2616170504E+02
    0.3030000000E+03     -0.2564067704E+02
    0.3040000000E+03     -0.2511649823E+02
    0.3050000000E+03     -0.2459176252E+02
    0.3060000000E+03     -0.2407474745E+02
    0.3070000000E+03     -0.2355991024E+02
    0.3080000000E+03     -0.2304099421E+02
    0.3090000000E+03     -0.2252609194E+02
    0.3100000000E+03     -0.2200833385E+02
    0.3110000000E+03     -0.2149440471E+02
    0.3120000000E+03     -0.2098409247E+02
    0.3130000000E+03     -0.2047589060E+02
    0.3140000000E+03     -0.1997265737E+02
    0.3150000000E+03     -0.1946920730E+02
    0.3160000000E+03     -0.1896822167E+02
    0.3170000000E+03     -0.1846990598E+02
    0.3180000000E+03     -0.1797369915E+02
    0.3190000000E+03     -0.1748400960E+02
    0.3200000000E+03     -0.1699979286E+02
    0.3210000000E+03     -0.1652074535E+02
    0.3220000000E+03     -0.1604471128E+02
    0.3230000000E+03     -0.1557280855E+02
    0.3240000000E+03     -0.1510657655E+02
    0.3250000000E+03     -0.1464502642E+02
    0.3260000000E+03     -0.1419159313E+02
    0.3270000000E+03     -0.1374105038E+02
    0.3280000000E+03     -0.1330004356E+02
    0.3290000000E+03     -0.1286299575E+02
    0.3300000000E+03     -0.1242999945E+02
    0.3310000000E+03     -0.1200616357E+02
    0.3320000000E+03     -0.1158729185E+02
    0.3330000000E+03     -0.1117611994E+02
    0.3340000000E+03     -0.1077077030E+02
    0.3350000000E+03     -0.1037554217E+02
    0.3360000000E+03     -0.9984213852E+01
    0.3370000000E+03     -0.9603980164E+01
    0.3380000000E+03     -0.9240088996E+01
    0.3390000000E+03     -0.8875897906E+01
    0.3400000000E+03     -0.8524956452E+01
    0.3410000000E+03     -0.8183555289E+01
    0.3420000000E+03     -0.7849823727E+01
    0.3430000000E+03     -0.7527344050E+01
    0.3440000000E+03     -0.7216132882E+01
    0.3450000000E+03     -0.6916777207E+01
    0.3460000000E+03     -0.6629396439E+01
    0.3470000000E+03     -0.6350483612E+01
    0.3480000000E+03     -0.6078443961E+01
    0.3490000000E+03     -0.5824746799E+01
    0.3500000000E+03     -0.5580247702E+01
    0.3510000000E+03     -0.5349286195E+01
    0.3520000000E+03     -0.5132006505E+01
    0.3530000000E+03     -0.4926640670E+01
    0.3540000000E+03     -0.4739811565E+01
    0.3550000000E+03     -0.4563654909E+01
    0.3560000000E+03     -0.4399820034E+01
    0.3570000000E+03     -0.4258517537E+01
    0.3580000000E+03     -0.4127127269E+01
    0.3590000000E+03     -0.4009851197E+01
    0.3600000000E+03     -0.3901630289E+01
    0.3610000000E+03     -0.3818829944E+01
    0.3620000000E+03     -0.3748730529E+01
    0.3630000000E+03     -0.3683182024E+01
    0.3640000000E+03     -0.3647680548E+01
    0.3650000000E+03     -0.3629373411E+01
    0.3660000000E+03     -0.3622953669E+01
    0.3670000000E+03     -0.3637516038E+01
    0.3680000000E+03     -0.3680706096E+01
    0.3690000000E+03     -0.3730046903E+01
    0.3700000000E+03     -0.3801804525E+01
    0.3710000000E+03     -0.3893636752E+01
    0.3720000000E+03     -0.4007489103E+01
    0.3730000000E+03     -0.4141114749E+01
    0.3740000000E+03     -0.4288146943E+01
    0.3750000000E+03     -0.4466637172E+01
    0.3760000000E+03     -0.4658052367E+01
    0.3770000000E+03     -0.4884636590E+01
    0.3780000000E+03     -0.5130488062E+01
    0.3790000000E+03     -0.5392012532E+01
    0.3800000000E+03     -0.5672913566E+01
    0.3810000000E+03     -0.5986979248E+01
    0.3820000000E+03     -0.6314101339E+01
    0.3830000000E+03     -0.6674621565E+01
    0.3840000000E+03     -0.7054832747E+01
    0.3850000000E+03     -0.7468421096E+01
    0.3860000000E+03     -0.7895075854E+01
    0.3870000000E+03     -0.8350688820E+01
    0.3880000000E+03     -0.8832418217E+01
    0.3890000000E+03     -0.9339693810E+01
    0.3900000000E+03     -0.9882227293E+01
    0.3910000000E+03     -0.1045055098E+02
    0.3920000000E+03     -0.1104833014E+02
    0.3930000000E+03     -0.1168115714E+02
    0.3940000000E+03     -0.1232435248E+02
    0.3950000000E+03     -0.1300664054E+02
    0.3960000000E+03     -0.1372991729E+02
    0.3970000000E+03     -0.1447349277E+02
    0.3980000000E+03     -0.1523966491E+02
    0.3990000000E+03     -0.1603556225E+02
    0.4000000000E+03     -0.1687498857E+02
    0.4010000000E+03     -0.1773251965E+02
    0.4020000000E+03     -0.1863850930E+02
    0.4030000000E+03     -0.1956872727E+02
    0.4040000000E+03     -0.2053207742E+02
    0.4050000000E+03     -0.2154292087E+02
    0.4060000000E+03     -0.2258165545E+02
    0.4070000000E+03     -0.2365962897E+02
    0.4080000000E+03     -0.2476961845E+02
    0.4090000000E+03     -0.2590878829E+02
    0.4100000000E+03     -0.2709583107E+02
    0.4110000000E+03     -0.2831620830E+02
    0.4120000000E+03     -0.2957330367E+02
    0.4130000000E+03     -0.3086224647E+02
    0.4140000000E+03     -0.3219603918E+02
    0.4150000000E+03     -0.3355568068E+02
    0.4160000000E+03     -0.3495555715E+02
    0.4170000000E+03     -0.3641191241E+02
    0.4180000000E+03     -0.3789315330E+02
    0.4190000000E+03     -0.3943397741E+02
    0.4200000000E+03     -0.4100105662E+02
    0.4210000000E+03     -0.4261723178E+02
    0.4220000000E+03     -0.4426543733E+02
    0.4230000000E+03     -0.4597431182E+02
    0.4240000000E+03     -0.4771856706E+02
    0.4250000000E+03     -0.4951621397E+02
    0.4260000000E+03     -0.5135631012E+02
    0.4270000000E+03     -0.5323939438E+02
    0.4280000000E+03     -0.5518490032E+02
    0.4290000000E+03     -0.5717021455E+02
    0.4300000000E+03     -0.5918367019E+02
    0.4310000000E+03     -0.6127120944E+02
    0.4320000000E+03     -0.6339125696E+02
    0.4330000000E+03     -0.6557135003E+02
    0.4340000000E+03     -0.6779377953E+02
    0.4350000000E+03     -0.7006614804E+02
    0.4360000000E+03     -0.7240111066E+02
    0.4370000000E+03     -0.7476923207E+02
    0.4380000000E+03     -0.7718234521E+02
    0.4390000000E+03     -0.7966345984E+02
    0.4400000000E+03     -0.8221852535E+02
    0.4410000000E+03     -0.8480141084E+02
    0.4420000000E+03     -0.8743658771E+02
    0.4430000000E+03     -0.9014544836E+02
    0.4440000000E+03     -0.9289524458E+02
    0.4450000000E+03     -0.9573109971E+02
    0.4460000000E+03     -0.9859431379E+02
    0.4470000000E+03     -0.1014986182E+03
    0.4480000000E+03     -0.1044703883E+03
    0.4490000000E+03     -0.1074923494E+03
    0.4500000000E+03     -0.1106378413E+03
    0.4510000000E+03     -0.1137757870E+03
    0.4520000000E+03     -0.1169955111E+03
    0.4530000000E+03     -0.1202878163E+03
    0.4540000000E+03     -0.1236364436E+03
    0.4550000000E+03     -0.1270447973E+03
    0.4560000000E+03     -0.1305120407E+03
    0.4570000000E+03     -0.1340454908E+03
    0.4580000000E+03     -0.1376495921E+03
    0.4590000000E+03     -0.1412920229E+03
    0.4600000000E+03     -0.1450277183E+03
    0.4610000000E+03     -0.1488313955E+03
    0.4620000000E+03     -0.1526985821E+03
    0.4630000000E+03     -0.1566265918E+03
    0.4640000000E+03     -0.1606313549E+03
    0.4650000000E+03     -0.1646971617E+03
    0.4660000000E+03     -0.1688383643E+03
    0.4670000000E+03     -0.1730683425E+03
    0.4680000000E+03     -0.1773666311E+03
    0.4690000000E+03     -0.1817272707E+03
    0.4700000000E+03     -0.1861649447E+03
    0.4710000000E+03     -0.1906459938E+03
    0.4720000000E+03     -0.1952394753E+03
    0.4730000000E+03     -0.1998760476E+03
    0.4740000000E+03     -0.2046013311E+03
    0.4750000000E+03     -0.2094152157E+03
    0.4760000000E+03     -0.2143162625E+03
    0.4770000000E+03     -0.2192951550E+03
    0.4780000000E+03     -0.2243414973E+03
    0.4790000000E+03     -0.2294448653E+03
    0.4800000000E+03     -0.2346527207E+03
    0.4810000000E+03     -0.2399520447E+03
    0.4820000000E+03     -0.2453007446E+03
    0.4830000000E+03     -0.2507532551E+03
    0.4840000000E+03     -0.2562831426E+03
    0.4850000000E+03     -0.2619195174E+03
