    0.00000000E+00      -9.961648998112827879E-11
    1.00000000E+00      -6.057401012292560000E-04
    2.00000000E+00      -3.444165252921554954E-02
    3.00000000E+00      -1.014947792412059513E-01
    4.00000000E+00      -2.017352397640941319E-01
    5.00000000E+00      -3.352606913489776241E-01
    6.00000000E+00      -5.020833252037741889E-01
    7.00000000E+00      -7.019822860725422053E-01
    8.00000000E+00      -9.351431999092776337E-01
    9.00000000E+00      -1.201631126889973089E+00
    1.00000000E+01      -1.501419085593111102E+00
    1.10000000E+01      -1.834680045048890484E+00
    1.20000000E+01      -2.200831793060177954E+00
    1.30000000E+01      -2.600196859629784640E+00
    1.40000000E+01      -3.032613507574275502E+00
    1.50000000E+01      -3.498738322300540382E+00
    1.60000000E+01      -3.997894492990878845E+00
    1.70000000E+01      -4.530264097889883601E+00
    1.80000000E+01      -5.096531597123009405E+00
    1.90000000E+01      -5.694875112461924793E+00
    2.00000000E+01      -6.327047828342556635E+00
    2.10000000E+01      -6.991717049590065791E+00
    2.20000000E+01      -7.690685565406620405E+00
    2.30000000E+01      -8.421704186370138956E+00
    2.40000000E+01      -9.186528995041435053E+00
    2.50000000E+01      -9.984056079611800527E+00
    2.60000000E+01      -1.081421537894757634E+01
    2.70000000E+01      -1.167965407870426731E+01
    2.80000000E+01      -1.257637121673017333E+01
    2.90000000E+01      -1.350686226150271807E+01
    3.00000000E+01      -1.446924653037031128E+01
    3.10000000E+01      -1.546732632752158132E+01
    3.20000000E+01      -1.649673779341762270E+01
    3.30000000E+01      -1.755901543768387540E+01
    3.40000000E+01      -1.865448808426654992E+01
    3.50000000E+01      -1.978278903622646823E+01
    3.60000000E+01      -2.094237443979328361E+01
    3.70000000E+01      -2.213733288244010922E+01
    3.80000000E+01      -2.336328630911232551E+01
    3.90000000E+01      -2.462378050848823818E+01
    4.00000000E+01      -2.591655317381929535E+01
    4.10000000E+01      -2.723959390174701412E+01
    4.20000000E+01      -2.859739011169207856E+01
    4.30000000E+01      -2.998698123682147809E+01
    4.40000000E+01      -3.140984799700393637E+01
    4.50000000E+01      -3.286301976565593463E+01
    4.60000000E+01      -3.435089048803645539E+01
    4.70000000E+01      -3.587090551005893246E+01
    4.80000000E+01      -3.742292109464872851E+01
    4.90000000E+01      -3.900768060397355441E+01
    5.00000000E+01      -4.062471537458520032E+01
    5.10000000E+01      -4.227273836905725091E+01
    5.20000000E+01      -4.395402546268722688E+01
    5.30000000E+01      -4.566580880845587842E+01
    5.40000000E+01      -4.741099943220031321E+01
    5.50000000E+01      -4.918398625015161940E+01
    5.60000000E+01      -5.099219465526169870E+01
    5.70000000E+01      -5.282731961179702296E+01
    5.80000000E+01      -5.469757714136900972E+01
    5.90000000E+01      -5.660208291043332451E+01
    6.00000000E+01      -5.853571541379706389E+01
    6.10000000E+01      -6.050308806344570201E+01
    6.20000000E+01      -6.249765533004416795E+01
    6.30000000E+01      -6.452084615420417890E+01
    6.40000000E+01      -6.657493926362317893E+01
    6.50000000E+01      -6.866230324368001448E+01
    6.60000000E+01      -7.077654509098437074E+01
    6.70000000E+01      -7.292692970156443266E+01
    6.80000000E+01      -7.510378134850537890E+01
    6.90000000E+01      -7.731091093559408023E+01
    7.00000000E+01      -7.954956602589436443E+01
    7.10000000E+01      -8.181422134418841097E+01
    7.20000000E+01      -8.411210918066370823E+01
    7.30000000E+01      -8.643427653519603382E+01
    7.40000000E+01      -8.878836815905305002E+01
    7.50000000E+01      -9.117265992919249129E+01
    7.60000000E+01      -9.358585286708006379E+01
    7.70000000E+01      -9.603131714530360341E+01
    7.80000000E+01      -9.849392677317564448E+01
    7.90000000E+01      -1.009968026434769399E+02
    8.00000000E+01      -1.035287963852860571E+02
    8.10000000E+01      -1.060878523343062625E+02
    8.20000000E+01      -1.086739064151376510E+02
    8.30000000E+01      -1.112878652423970038E+02
    8.40000000E+01      -1.139291842640521963E+02
    8.50000000E+01      -1.165997413998639445E+02
    8.60000000E+01      -1.192960788663090170E+02
    8.70000000E+01      -1.220213435031199083E+02
    8.80000000E+01      -1.247731233164129208E+02
    8.90000000E+01      -1.275538605719074212E+02
    9.00000000E+01      -1.303568309309991946E+02
    9.10000000E+01      -1.331929883074678855E+02
    9.20000000E+01      -1.360495480098186363E+02
    9.30000000E+01      -1.389357229424966818E+02
    9.40000000E+01      -1.418435065657886298E+02
    9.50000000E+01      -1.447795937437949760E+02
    9.60000000E+01      -1.477436429459505689E+02
    9.70000000E+01      -1.507301447130604402E+02
    9.80000000E+01      -1.537367140882344074E+02
    9.90000000E+01      -1.567711530381513967E+02
    1.00000000E+02      -1.598283803342391138E+02
    1.01000000E+02      -1.629126264429023649E+02
    1.02000000E+02      -1.660177557146997742E+02
    1.03000000E+02      -1.691552799748161533E+02
    1.04000000E+02      -1.723150664338251090E+02
    1.05000000E+02      -1.754957086469380556E+02
    1.06000000E+02      -1.787034782133994213E+02
    1.07000000E+02      -1.819297312201774730E+02
    1.08000000E+02      -1.851873671614475825E+02
    1.09000000E+02      -1.884716454189432397E+02
    1.10000000E+02      -1.917743393713506066E+02
    1.11000000E+02      -1.950968649341025412E+02
    1.12000000E+02      -1.984467273970631140E+02
    1.13000000E+02      -2.018218085097664698E+02
    1.14000000E+02      -2.052066956299108824E+02
    1.15000000E+02      -2.086225187831932999E+02
    1.16000000E+02      -2.120570348121957522E+02
    1.17000000E+02      -2.155180935674102329E+02
    1.18000000E+02      -2.190069899013565191E+02
    1.19000000E+02      -2.225186393024055178E+02
    1.20000000E+02      -2.260499351209350607E+02
    1.21000000E+02      -2.295938909988562955E+02
    1.22000000E+02      -2.331682527855537046E+02
    1.23000000E+02      -2.367594916343184650E+02
    1.24000000E+02      -2.403646057200910491E+02
    1.25000000E+02      -2.440039834862861881E+02
    1.26000000E+02      -2.476671823835722535E+02
    1.27000000E+02      -2.513372720680538350E+02
    1.28000000E+02      -2.550285723934994166E+02
    1.29000000E+02      -2.587403225041530277E+02
    1.30000000E+02      -2.624841378590356271E+02
    1.31000000E+02      -2.662413086970834684E+02
    1.32000000E+02      -2.700101572947260138E+02
    1.33000000E+02      -2.738113271085665019E+02
    1.34000000E+02      -2.776330125433032663E+02
    1.35000000E+02      -2.814820897102420076E+02
    1.36000000E+02      -2.853409413954225329E+02
    1.37000000E+02      -2.892184559205547885E+02
    1.38000000E+02      -2.931147657680153316E+02
    1.39000000E+02      -2.970336212742240605E+02
    1.40000000E+02      -3.009753038297449166E+02
    1.41000000E+02      -3.049378300937578388E+02
    1.42000000E+02      -3.089251559903395901E+02
    1.43000000E+02      -3.129174711154789748E+02
    1.44000000E+02      -3.169262075460874257E+02
    1.45000000E+02      -3.209692541245476605E+02
    1.46000000E+02      -3.250360898600167729E+02
    1.47000000E+02      -3.291060103528532181E+02
    1.48000000E+02      -3.332015383621703677E+02
    1.49000000E+02      -3.373203140209359390E+02
    1.50000000E+02      -3.414588168689838312E+02
    1.51000000E+02      -3.456143096295418218E+02
    1.52000000E+02      -3.497760721654722147E+02
    1.53000000E+02      -3.539603774904071543E+02
    1.54000000E+02      -3.581710705817824874E+02
    1.55000000E+02      -3.623860639075007839E+02
    1.56000000E+02      -3.666313808285724463E+02
    1.57000000E+02      -3.708921263109161828E+02
    1.58000000E+02      -3.751746410298139836E+02
    1.59000000E+02      -3.794803516064091582E+02
    1.60000000E+02      -3.837954494668201733E+02
    1.61000000E+02      -3.881464585359838111E+02
    1.62000000E+02      -3.925002423302953503E+02
    1.63000000E+02      -3.968729130225444806E+02
    1.64000000E+02      -4.012707525527080179E+02
    1.65000000E+02      -4.056726619282608226E+02
    1.66000000E+02      -4.101027865839459992E+02
    1.67000000E+02      -4.145572970299178905E+02
    1.68000000E+02      -4.190394953973798238E+02
    1.69000000E+02      -4.235255962045011984E+02
    1.70000000E+02      -4.280350407705468569E+02
    1.71000000E+02      -4.325525167756554765E+02
    1.72000000E+02      -4.371059631155139868E+02
    1.73000000E+02      -4.416704853385226670E+02
    1.74000000E+02      -4.462628072106256241E+02
    1.75000000E+02      -4.508674183555597210E+02
    1.76000000E+02      -4.554940470348387862E+02
    1.77000000E+02      -4.601331503702592727E+02
    1.78000000E+02      -4.647936160790584381E+02
    1.79000000E+02      -4.694625089411924819E+02
    1.80000000E+02      -4.741519289111558919E+02
    1.81000000E+02      -4.788632078439377437E+02
    1.82000000E+02      -4.835962015429172425E+02
    1.83000000E+02      -4.883506395267468179E+02
    1.84000000E+02      -4.931259829226801230E+02
    1.85000000E+02      -4.979222236552161576E+02
    1.86000000E+02      -5.027245256307885484E+02
    1.87000000E+02      -5.075494941390829808E+02
    1.88000000E+02      -5.124044731320148003E+02
    1.89000000E+02      -5.172819017352207993E+02
    1.90000000E+02      -5.221663921945566926E+02
    1.91000000E+02      -5.270731178102805643E+02
    1.92000000E+02      -5.319961948226268760E+02
    1.93000000E+02      -5.369495048813955691E+02
    1.94000000E+02      -5.419356447037696398E+02
    1.95000000E+02      -5.469136279158146863E+02
    1.96000000E+02      -5.519157316460743914E+02
    1.97000000E+02      -5.569485544895735529E+02
    1.98000000E+02      -5.620146509343344405E+02
    1.99000000E+02      -5.670785278024386571E+02
    2.00000000E+02      -5.721720270457351489E+02
    2.01000000E+02      -5.772848241443866755E+02
    2.02000000E+02      -5.824130670604995430E+02
    2.03000000E+02      -5.875577305769047598E+02
    2.04000000E+02      -5.927441618690224914E+02
    2.05000000E+02      -5.979420207404441499E+02
    2.06000000E+02      -6.031603126360421356E+02
    2.07000000E+02      -6.084125737210442821E+02
    2.08000000E+02      -6.136796877149770353E+02
    2.09000000E+02      -6.189560874982837504E+02
    2.10000000E+02      -6.242795909908093108E+02
    2.11000000E+02      -6.296186629657099729E+02
    2.12000000E+02      -6.349796554863794427E+02
    2.13000000E+02      -6.403603940653035806E+02
    2.14000000E+02      -6.457496442433903212E+02
    2.15000000E+02      -6.511835390380024364E+02
    2.16000000E+02      -6.566323824055157274E+02
    2.17000000E+02      -6.620977375955546904E+02
    2.18000000E+02      -6.675932211137701415E+02
    2.19000000E+02      -6.731034785783422194E+02
    2.20000000E+02      -6.786727131485415612E+02
    2.21000000E+02      -6.842317072849989472E+02
    2.22000000E+02      -6.898100872985387468E+02
    2.23000000E+02      -6.954376912718673793E+02
    2.24000000E+02      -7.010830544348696094E+02
    2.25000000E+02      -7.067528924615212418E+02
    2.26000000E+02      -7.124432015643590148E+02
    2.27000000E+02      -7.181610743039177578E+02
    2.28000000E+02      -7.238958183266133801E+02
    2.29000000E+02      -7.296711456869625181E+02
    2.30000000E+02      -7.354577548130789637E+02
    2.31000000E+02      -7.412707945374866085E+02
    2.32000000E+02      -7.471082560890035893E+02
    2.33000000E+02      -7.529874950251100927E+02
    2.34000000E+02      -7.588858560359326475E+02
    2.35000000E+02      -7.648058932480314525E+02
    2.36000000E+02      -7.707595818590384624E+02
    2.37000000E+02      -7.767310070620219449E+02
    2.38000000E+02      -7.827232268851116714E+02
    2.39000000E+02      -7.887527250674427250E+02
    2.40000000E+02      -7.948119627269099965E+02
    2.41000000E+02      -8.008967866849307029E+02
    2.42000000E+02      -8.070117653968220566E+02
    2.43000000E+02      -8.131605690963488087E+02
    2.44000000E+02      -8.193384620483150229E+02
    2.45000000E+02      -8.255358083791909394E+02
    2.46000000E+02      -8.317564289912795630E+02
    2.47000000E+02      -8.380041103861753982E+02
    2.48000000E+02      -8.442749930283002868E+02
    2.49000000E+02      -8.505963729860154672E+02
    2.50000000E+02      -8.569549352023636857E+02
    2.51000000E+02      -8.633173186115295721E+02
    2.52000000E+02      -8.697342851998841979E+02
    2.53000000E+02      -8.761480045326957224E+02
    2.54000000E+02      -8.826152158918816895E+02
    2.55000000E+02      -8.891180995857398557E+02
    2.56000000E+02      -8.956428095748810847E+02
    2.57000000E+02      -9.022025863911680972E+02
    2.58000000E+02      -9.087932964328792877E+02
    2.59000000E+02      -9.154014426477697270E+02
    2.60000000E+02      -9.220334963600990932E+02
    2.61000000E+02      -9.287059589687365815E+02
    2.62000000E+02      -9.353932185431390280E+02
    2.63000000E+02      -9.421144514659225706E+02
    2.64000000E+02      -9.488644553723220270E+02
    2.65000000E+02      -9.556707432596372200E+02
    2.66000000E+02      -9.624814369363052720E+02
    2.67000000E+02      -9.693322076275685504E+02
    2.68000000E+02      -9.762138868203817310E+02
    2.69000000E+02      -9.831191672025397565E+02
    2.70000000E+02      -9.900712213688689189E+02
    2.71000000E+02      -9.970405757798894228E+02
    2.72000000E+02      -1.004052934356652372E+03
    2.73000000E+02      -1.011077027377797776E+03
    2.74000000E+02      -1.018143238367291474E+03
    2.75000000E+02      -1.025250418571895352E+03
    2.76000000E+02      -1.032373607650310760E+03
    2.77000000E+02      -1.039536916413987001E+03
    2.78000000E+02      -1.046744762522644578E+03
    2.79000000E+02      -1.053977874633851343E+03
    2.80000000E+02      -1.061235693231685673E+03
    2.81000000E+02      -1.068491905078988793E+03
    2.82000000E+02      -1.075817926835352864E+03
    2.83000000E+02      -1.083163412862463247E+03
    2.84000000E+02      -1.090550533545230792E+03
    2.85000000E+02      -1.097968121333546378E+03
    2.86000000E+02      -1.105400528627116728E+03
    2.87000000E+02      -1.112904712568381456E+03
    2.88000000E+02      -1.120400391476791810E+03
    2.89000000E+02      -1.127920533207913650E+03
    2.90000000E+02      -1.135495133022502159E+03
    2.91000000E+02      -1.143101576746360934E+03
    2.92000000E+02      -1.150734386449224985E+03
    2.93000000E+02      -1.158380684246761575E+03
    2.94000000E+02      -1.166057518499081880E+03
    2.95000000E+02      -1.173771212152852058E+03
    2.96000000E+02      -1.181513113978024876E+03
    2.97000000E+02      -1.189294590889664050E+03
    2.98000000E+02      -1.197114229052805740E+03
    2.99000000E+02      -1.204928813476281675E+03
    3.00000000E+02      -1.212786291246626888E+03
    3.01000000E+02      -1.220693952365721088E+03
    3.02000000E+02      -1.228607256233903172E+03
    3.03000000E+02      -1.236570705739602090E+03
    3.04000000E+02      -1.244572855151878912E+03
    3.05000000E+02      -1.252591290383463729E+03
    3.06000000E+02      -1.260625470699694688E+03
    3.07000000E+02      -1.268725166484239480E+03
    3.08000000E+02      -1.276833770956376156E+03
    3.09000000E+02      -1.284970923754611249E+03
    3.10000000E+02      -1.293114959741723624E+03
    3.11000000E+02      -1.301318776961031972E+03
    3.12000000E+02      -1.309559130689212907E+03
    3.13000000E+02      -1.317831078533243954E+03
    3.14000000E+02      -1.326105613883420801E+03
    3.15000000E+02      -1.334432684409506010E+03
    3.16000000E+02      -1.342770063544905952E+03
    3.17000000E+02      -1.351128987184843481E+03
    3.18000000E+02      -1.359518893753025623E+03
    3.19000000E+02      -1.367947540846409311E+03
    3.20000000E+02      -1.376407515200595071E+03
    3.21000000E+02      -1.384849403448639123E+03
    3.22000000E+02      -1.393339313716431207E+03
    3.23000000E+02      -1.401882176881945952E+03
    3.24000000E+02      -1.410433969433753191E+03
    3.25000000E+02      -1.419011359455132833E+03
    3.26000000E+02      -1.427621858582499044E+03
    3.27000000E+02      -1.436275631000500425E+03
    3.28000000E+02      -1.444947191816532950E+03
    3.29000000E+02      -1.453631456546826485E+03
    3.30000000E+02      -1.462356899570483620E+03
    3.31000000E+02      -1.471092020796620545E+03
    3.32000000E+02      -1.479856966788681802E+03
    3.33000000E+02      -1.488628793798234938E+03
    3.34000000E+02      -1.497438305370106264E+03
    3.35000000E+02      -1.506273010197116491E+03
    3.36000000E+02      -1.515186120033154566E+03
    3.37000000E+02      -1.524035394483059008E+03
    3.38000000E+02      -1.532955487601167533E+03
    3.39000000E+02      -1.541937430164278339E+03
    3.40000000E+02      -1.550888846727095370E+03
    3.41000000E+02      -1.559854147732294905E+03
    3.42000000E+02      -1.568872181666413098E+03
    3.43000000E+02      -1.577933403204870046E+03
    3.44000000E+02      -1.586952497984716047E+03
    3.45000000E+02      -1.596048130303235212E+03
    3.46000000E+02      -1.605130428984611399E+03
    3.47000000E+02      -1.614269882449417082E+03
    3.48000000E+02      -1.623422396304137237E+03
    3.49000000E+02      -1.632637760456834485E+03
    3.50000000E+02      -1.641823092773710641E+03
    3.51000000E+02      -1.651043256811822857E+03
    3.52000000E+02      -1.660293285524291605E+03
    3.53000000E+02      -1.669526531425329040E+03
    3.54000000E+02      -1.678818109765965801E+03
    3.55000000E+02      -1.688113859378101552E+03
    3.56000000E+02      -1.697419436922513341E+03
    3.57000000E+02      -1.706781787808822173E+03
    3.58000000E+02      -1.716124323788802712E+03
    3.59000000E+02      -1.725490889533368772E+03
    3.60000000E+02      -1.734859109185825218E+03
    3.61000000E+02      -1.744241347821731779E+03
    3.62000000E+02      -1.753639200328688048E+03
    3.63000000E+02      -1.763185400376858070E+03
    3.64000000E+02      -1.772639252340684152E+03
    3.65000000E+02      -1.782142684043823010E+03
    3.66000000E+02      -1.791678203310020990E+03
    3.67000000E+02      -1.801143402633056212E+03
    3.68000000E+02      -1.810694260828144706E+03
    3.69000000E+02      -1.820254578840641670E+03
    3.70000000E+02      -1.829854293930485710E+03
    3.71000000E+02      -1.839395711571800803E+03
    3.72000000E+02      -1.848970912199040868E+03
    3.73000000E+02      -1.858576434078990133E+03
    3.74000000E+02      -1.868177524644903770E+03
    3.75000000E+02      -1.877907341172755878E+03
    3.76000000E+02      -1.887587962165950103E+03
    3.77000000E+02      -1.897256998980772323E+03
    3.78000000E+02      -1.906932686872460181E+03
    3.79000000E+02      -1.916670574431897876E+03
    3.80000000E+02      -1.926403432303407271E+03
    3.81000000E+02      -1.936202390525224246E+03
    3.82000000E+02      -1.945998511806698616E+03
    3.83000000E+02      -1.955695882715085645E+03
    3.84000000E+02      -1.965388418928447209E+03
    3.85000000E+02      -1.975201816864590455E+03
    3.86000000E+02      -1.985008633612216727E+03
    3.87000000E+02      -1.994742679694645176E+03
    3.88000000E+02      -2.004484369590459892E+03
    3.89000000E+02      -2.014411019103214585E+03
    3.90000000E+02      -2.024193768758654642E+03
    3.91000000E+02      -2.034082503564463877E+03
    3.92000000E+02      -2.043992273784132976E+03
    3.93000000E+02      -2.053791933563690691E+03
    3.94000000E+02      -2.063763654415589826E+03
    3.95000000E+02      -2.073644808714042483E+03
    3.96000000E+02      -2.083527090213093743E+03
    3.97000000E+02      -2.093420272839630343E+03
    3.98000000E+02      -2.103224993926295610E+03
    3.99000000E+02      -2.113157449440607252E+03
    4.00000000E+02      -2.123102234725780363E+03
    4.01000000E+02      -2.133015440571193722E+03
    4.02000000E+02      -2.142847003436325394E+03
    4.03000000E+02      -2.152778505137725460E+03
    4.04000000E+02      -2.162729667425950538E+03
    4.05000000E+02      -2.172767211147856870E+03
    4.06000000E+02      -2.182644350191946614E+03
    4.07000000E+02      -2.192565078973469099E+03
    4.08000000E+02      -2.202568588150926189E+03
    4.09000000E+02      -2.212462982876665592E+03
    4.10000000E+02      -2.222423282859472238E+03
    4.11000000E+02      -2.232301671445228294E+03
    4.12000000E+02      -2.242279911843869741E+03
    4.13000000E+02      -2.252190239227626535E+03
    4.14000000E+02      -2.262154460717841630E+03
    4.15000000E+02      -2.271999763525506296E+03
    4.16000000E+02      -2.282069941114833455E+03
    4.17000000E+02      -2.292056086486425556E+03
    4.18000000E+02      -2.301926152820319658E+03
    4.19000000E+02      -2.311941076113430427E+03
    4.20000000E+02      -2.321901903302139090E+03
    4.21000000E+02      -2.331825893050639479E+03
    4.22000000E+02      -2.341917568707095597E+03
    4.23000000E+02      -2.351713465252034439E+03
    4.24000000E+02      -2.361574556782992659E+03
    4.25000000E+02      -2.371489339964723058E+03
    4.26000000E+02      -2.381409871696433584E+03
    4.27000000E+02      -2.391357029472456816E+03
    4.28000000E+02      -2.401258921191109039E+03
    4.29000000E+02      -2.411078630749325839E+03
    4.30000000E+02      -2.420983003897002163E+03
    4.31000000E+02      -2.430810942445615638E+03
    4.32000000E+02      -2.440700724019904555E+03
    4.33000000E+02      -2.450618264708268725E+03
    4.34000000E+02      -2.460559867098710129E+03
    4.35000000E+02      -2.470427150926260310E+03
    4.36000000E+02      -2.480309309992547242E+03
    4.37000000E+02      -2.489939133917311210E+03
    4.38000000E+02      -2.499788955811151482E+03
    4.39000000E+02      -2.509501412019926647E+03
    4.40000000E+02      -2.519353523032748399E+03
    4.41000000E+02      -2.529022020804491149E+03
    4.42000000E+02      -2.538819455734043004E+03
    4.43000000E+02      -2.548535907785369545E+03
    4.44000000E+02      -2.558372635363016343E+03
    4.45000000E+02      -2.568060841965652344E+03
    4.46000000E+02      -2.577928541791237421E+03
    4.47000000E+02      -2.587317753277794509E+03
    4.48000000E+02      -2.596886276926137725E+03
    4.49000000E+02      -2.606503363959072885E+03
    4.50000000E+02      -2.616162075161720622E+03
    4.51000000E+02      -2.625808693220719306E+03
    4.52000000E+02      -2.635421702212929631E+03
    4.53000000E+02      -2.644984797849356255E+03
    4.54000000E+02      -2.654634685449086192E+03
    4.55000000E+02      -2.664096050768570876E+03
    4.56000000E+02      -2.673560694926012729E+03
    4.57000000E+02      -2.683015198044333374E+03
    4.58000000E+02      -2.692419095544900301E+03
    4.59000000E+02      -2.701964756239852250E+03
    4.60000000E+02      -2.711281965470072464E+03
    4.61000000E+02      -2.720791050979772081E+03
    4.62000000E+02      -2.730193854568738061E+03
    4.63000000E+02      -2.739564071140108354E+03
    4.64000000E+02      -2.748853536796662866E+03
    4.65000000E+02      -2.758088130894453570E+03
    4.66000000E+02      -2.767440808573998311E+03
    4.67000000E+02      -2.776439973828489656E+03
    4.68000000E+02      -2.785498449736545808E+03
    4.69000000E+02      -2.794818236425548548E+03
    4.70000000E+02      -2.803879801892793694E+03
    4.71000000E+02      -2.812791725560932719E+03
    4.72000000E+02      -2.821946634386827100E+03
    4.73000000E+02      -2.831105016699978023E+03
    4.74000000E+02      -2.840031693582066055E+03
    4.75000000E+02      -2.849220332158850397E+03
    4.76000000E+02      -2.858197361634783192E+03
    4.77000000E+02      -2.866980235734458802E+03
    4.78000000E+02      -2.875870799042267663E+03
    4.79000000E+02      -2.884602788299093845E+03
    4.80000000E+02      -2.893446680038144223E+03
    4.81000000E+02      -2.902155010369522188E+03
    4.82000000E+02      -2.911072624882740456E+03
    4.83000000E+02      -2.919754524088487415E+03
    4.84000000E+02      -2.928126502233645624E+03
    4.85000000E+02      -2.936911087388189117E+03
    4.86000000E+02      -2.945348814106040663E+03
    4.87000000E+02      -2.954120385001734576E+03
    4.88000000E+02      -2.962456714624717279E+03
    4.89000000E+02      -2.970847665965811757E+03
    4.90000000E+02      -2.979348362751426976E+03
    4.91000000E+02      -2.987521143428595678E+03
    4.92000000E+02      -2.995596867101637599E+03
    4.93000000E+02      -3.003486386230441894E+03
    4.94000000E+02      -3.011772767366557673E+03
    4.95000000E+02      -3.020239335334298175E+03
    4.96000000E+02      -3.028513698825946449E+03
    4.97000000E+02      -3.036285992348334275E+03
    4.98000000E+02      -3.044327627549558201E+03
    4.99000000E+02      -3.052535272475322017E+03
    5.00000000E+02      -3.060177960892030569E+03
    5.01000000E+02      -3.067650071615849811E+03
    5.02000000E+02      -3.075594841604802241E+03
    5.03000000E+02      -3.083099748312525662E+03
    5.04000000E+02      -3.091082885002208513E+03
    5.05000000E+02      -3.098927867358330332E+03
    5.06000000E+02      -3.105859837251606677E+03
    5.07000000E+02      -3.113392910215769916E+03
    5.08000000E+02      -3.120909655047905289E+03
    5.09000000E+02      -3.128084505947399521E+03
    5.10000000E+02      -3.135514635154115240E+03
