    0.00000000E+00       4.833245382801230734E-11
    1.00000000E+00      -6.057399535526935067E-04
    2.00000000E+00      -3.697060442644882483E-02
    3.00000000E+00      -1.091020218579817069E-01
    4.00000000E+00      -2.171558843105226566E-01
    5.00000000E+00      -3.612487947276832867E-01
    6.00000000E+00      -5.412801835427392128E-01
    7.00000000E+00      -7.575320027474119478E-01
    8.00000000E+00      -1.009681351770506108E+00
    9.00000000E+00      -1.298504476000945207E+00
    1.00000000E+01      -1.623623578105487297E+00
    1.10000000E+01      -1.985097644814218132E+00
    1.20000000E+01      -2.382727218392605373E+00
    1.30000000E+01      -2.817535163319759839E+00
    1.40000000E+01      -3.288399337448088211E+00
    1.50000000E+01      -3.796456997245041709E+00
    1.60000000E+01      -4.341703537062977958E+00
    1.70000000E+01      -4.922925517494729064E+00
    1.80000000E+01      -5.541565766415284422E+00
    1.90000000E+01      -6.198457042043291843E+00
    2.00000000E+01      -6.890777114457691255E+00
    2.10000000E+01      -7.621400796609487216E+00
    2.20000000E+01      -8.389410009123391632E+00
    2.30000000E+01      -9.194187519000111664E+00
    2.40000000E+01      -1.003765188378736539E+01
    2.50000000E+01      -1.091682394172880421E+01
    2.60000000E+01      -1.183397790919377712E+01
    2.70000000E+01      -1.278916839593575006E+01
    2.80000000E+01      -1.378252175672124480E+01
    2.90000000E+01      -1.481389373913706464E+01
    3.00000000E+01      -1.588461883438282740E+01
    3.10000000E+01      -1.699074990515157424E+01
    3.20000000E+01      -1.813585528609185360E+01
    3.30000000E+01      -1.931818039684833366E+01
    3.40000000E+01      -2.053954140222192848E+01
    3.50000000E+01      -2.179855527315226027E+01
    3.60000000E+01      -2.309787294220316767E+01
    3.70000000E+01      -2.443325054615110048E+01
    3.80000000E+01      -2.580790064020828822E+01
    3.90000000E+01      -2.721825018556387477E+01
    4.00000000E+01      -2.866852253552133334E+01
    4.10000000E+01      -3.015787435725752630E+01
    4.20000000E+01      -3.168465113574023917E+01
    4.30000000E+01      -3.325046323584302854E+01
    4.40000000E+01      -3.485730698060859822E+01
    4.50000000E+01      -3.650162194782092229E+01
    4.60000000E+01      -3.818674881061735960E+01
    4.70000000E+01      -3.991098983474330453E+01
    4.80000000E+01      -4.167967344182511624E+01
    4.90000000E+01      -4.348529668028777451E+01
    5.00000000E+01      -4.533428172317201188E+01
    5.10000000E+01      -4.722387522517271918E+01
    5.20000000E+01      -4.915946279089291693E+01
    5.30000000E+01      -5.113976996147289356E+01
    5.40000000E+01      -5.316302946302653254E+01
    5.50000000E+01      -5.522786723544686538E+01
    5.60000000E+01      -5.734800887976200556E+01
    5.70000000E+01      -5.950979505543421055E+01
    5.80000000E+01      -6.171296736952626816E+01
    5.90000000E+01      -6.396224801443668184E+01
    6.00000000E+01      -6.625673310108641090E+01
    6.10000000E+01      -6.859884126574024776E+01
    6.20000000E+01      -7.099035860453841451E+01
    6.30000000E+01      -7.342088062734342202E+01
    6.40000000E+01      -7.589790710383158512E+01
    6.50000000E+01      -7.841372812608813092E+01
    6.60000000E+01      -8.097476045850953597E+01
    6.70000000E+01      -8.357815743993569413E+01
    6.80000000E+01      -8.622206745171342845E+01
    6.90000000E+01      -8.889754504355983045E+01
    7.00000000E+01      -9.161837567533876836E+01
    7.10000000E+01      -9.437798377073920619E+01
    7.20000000E+01      -9.717184993200123699E+01
    7.30000000E+01      -1.000012741620137717E+02
    7.40000000E+01      -1.028660155716482905E+02
    7.50000000E+01      -1.057679842190061237E+02
    7.60000000E+01      -1.086934798277310108E+02
    7.70000000E+01      -1.116587564122695255E+02
    7.80000000E+01      -1.146524985460405333E+02
    7.90000000E+01      -1.176824024285685937E+02
    8.00000000E+01      -1.207448883321270614E+02
    8.10000000E+01      -1.238259861495860719E+02
    8.20000000E+01      -1.269351328263924188E+02
    8.30000000E+01      -1.300722776048197602E+02
    8.40000000E+01      -1.332477051087921609E+02
    8.50000000E+01      -1.364428316272451411E+02
    8.60000000E+01      -1.396710240260345017E+02
    8.70000000E+01      -1.429204055069044443E+02
    8.80000000E+01      -1.461904065884266402E+02
    8.90000000E+01      -1.494846509488941138E+02
    9.00000000E+01      -1.528040309543353032E+02
    9.10000000E+01      -1.561572285735214791E+02
    9.20000000E+01      -1.595387828039956730E+02
    9.30000000E+01      -1.629347526514648052E+02
    9.40000000E+01      -1.663635006865547439E+02
    9.50000000E+01      -1.698092006528743241E+02
    9.60000000E+01      -1.732890292321080778E+02
    9.70000000E+01      -1.767828407015003904E+02
    9.80000000E+01      -1.802991977218509874E+02
    9.90000000E+01      -1.838319091446080620E+02
    1.00000000E+02      -1.873974698053457359E+02
    1.01000000E+02      -1.909826618540455456E+02
    1.02000000E+02      -1.945844367666541075E+02
    1.03000000E+02      -1.981979535630480314E+02
    1.04000000E+02      -2.018382761641896650E+02
    1.05000000E+02      -2.055127790709266264E+02
    1.06000000E+02      -2.091989970820568487E+02
    1.07000000E+02      -2.129033158672755235E+02
    1.08000000E+02      -2.166360640895154575E+02
    1.09000000E+02      -2.203825350374577283E+02
    1.10000000E+02      -2.241510995132625794E+02
    1.11000000E+02      -2.279314041960760733E+02
    1.12000000E+02      -2.317453228663521259E+02
    1.13000000E+02      -2.355778797393986679E+02
    1.14000000E+02      -2.394222570186507255E+02
    1.15000000E+02      -2.432791216158248062E+02
    1.16000000E+02      -2.471638104652070069E+02
    1.17000000E+02      -2.510688854348509267E+02
    1.18000000E+02      -2.549919976816017879E+02
    1.19000000E+02      -2.589436702397811132E+02
    1.20000000E+02      -2.629138112250766426E+02
    1.21000000E+02      -2.668816333740178379E+02
    1.22000000E+02      -2.708923433576865136E+02
    1.23000000E+02      -2.749068033818130061E+02
    1.24000000E+02      -2.789276547142153504E+02
    1.25000000E+02      -2.829679932166200160E+02
    1.26000000E+02      -2.870271552630665610E+02
    1.27000000E+02      -2.911049792387575508E+02
    1.28000000E+02      -2.951923079227276503E+02
    1.29000000E+02      -2.993006329914201160E+02
    1.30000000E+02      -3.034578386777766354E+02
    1.31000000E+02      -3.075980453698580277E+02
    1.32000000E+02      -3.117733838328176716E+02
    1.33000000E+02      -3.159705030476548018E+02
    1.34000000E+02      -3.201613399173093057E+02
    1.35000000E+02      -3.243795561231627289E+02
    1.36000000E+02      -3.286130241456867225E+02
    1.37000000E+02      -3.328611778855520242E+02
    1.38000000E+02      -3.371373618785983126E+02
    1.39000000E+02      -3.414034924477828099E+02
    1.40000000E+02      -3.457157387316265158E+02
    1.41000000E+02      -3.500195896732643632E+02
    1.42000000E+02      -3.543562618410583127E+02
    1.43000000E+02      -3.586852124277497751E+02
    1.44000000E+02      -3.630565412866003498E+02
    1.45000000E+02      -3.674726762739255719E+02
    1.46000000E+02      -3.718652302426226015E+02
    1.47000000E+02      -3.762851881364053952E+02
    1.48000000E+02      -3.807229119919807090E+02
    1.49000000E+02      -3.851605409305720968E+02
    1.50000000E+02      -3.896113127104117666E+02
    1.51000000E+02      -3.940832029631237674E+02
    1.52000000E+02      -3.986316915130882990E+02
    1.53000000E+02      -4.031425889880197246E+02
    1.54000000E+02      -4.076382448457325154E+02
    1.55000000E+02      -4.121952298593278101E+02
    1.56000000E+02      -4.167593818785271651E+02
    1.57000000E+02      -4.213064375019821455E+02
    1.58000000E+02      -4.258557272638940958E+02
    1.59000000E+02      -4.304165572531555881E+02
    1.60000000E+02      -4.350050895889512503E+02
    1.61000000E+02      -4.395891538850200959E+02
    1.62000000E+02      -4.441870153978375129E+02
    1.63000000E+02      -4.488232157390802968E+02
    1.64000000E+02      -4.534824615899656237E+02
    1.65000000E+02      -4.581442941995383080E+02
    1.66000000E+02      -4.627989226867266552E+02
    1.67000000E+02      -4.674604020393676365E+02
    1.68000000E+02      -4.721328052885178295E+02
    1.69000000E+02      -4.767982028615488161E+02
    1.70000000E+02      -4.815049097038959189E+02
    1.71000000E+02      -4.862056682550060032E+02
    1.72000000E+02      -4.908991871531243305E+02
    1.73000000E+02      -4.956331766108742158E+02
    1.74000000E+02      -5.004592033728877141E+02
    1.75000000E+02      -5.052012845160056713E+02
    1.76000000E+02      -5.099607307656742705E+02
    1.77000000E+02      -5.147736444418437713E+02
    1.78000000E+02      -5.195360902693328171E+02
    1.79000000E+02      -5.243184760774229289E+02
    1.80000000E+02      -5.291150242392604923E+02
    1.81000000E+02      -5.339109941006354347E+02
    1.82000000E+02      -5.387246007977669251E+02
    1.83000000E+02      -5.435339496699348274E+02
    1.84000000E+02      -5.483465278926037172E+02
    1.85000000E+02      -5.531487366042547364E+02
    1.86000000E+02      -5.579835505150931567E+02
    1.87000000E+02      -5.628125590089371144E+02
    1.88000000E+02      -5.676560526093835506E+02
    1.89000000E+02      -5.725256621478774832E+02
    1.90000000E+02      -5.773661518974813589E+02
    1.91000000E+02      -5.822356925213466639E+02
    1.92000000E+02      -5.870693618092864199E+02
    1.93000000E+02      -5.919472556105665717E+02
    1.94000000E+02      -5.968474725198079796E+02
    1.95000000E+02      -6.017305214435614289E+02
    1.96000000E+02      -6.066550893698495202E+02
    1.97000000E+02      -6.115955724413015560E+02
    1.98000000E+02      -6.165336600724704113E+02
    1.99000000E+02      -6.214768505178594751E+02
    2.00000000E+02      -6.264202823664982134E+02
    2.01000000E+02      -6.314124426803500683E+02
    2.02000000E+02      -6.363990644567011259E+02
    2.03000000E+02      -6.414108990241988977E+02
    2.04000000E+02      -6.464505449228054204E+02
    2.05000000E+02      -6.514996004337849627E+02
    2.06000000E+02      -6.565715325403293718E+02
    2.07000000E+02      -6.616950538360770224E+02
    2.08000000E+02      -6.668168003957925976E+02
    2.09000000E+02      -6.719895474778459175E+02
    2.10000000E+02      -6.771387408034634063E+02
    2.11000000E+02      -6.823110492174064348E+02
    2.12000000E+02      -6.875231697891276781E+02
    2.13000000E+02      -6.927620167837208101E+02
    2.14000000E+02      -6.980139323254870760E+02
    2.15000000E+02      -7.033157282362681144E+02
    2.16000000E+02      -7.086090523212888002E+02
    2.17000000E+02      -7.139599403417873873E+02
    2.18000000E+02      -7.192846676067742919E+02
    2.19000000E+02      -7.246639163017207466E+02
    2.20000000E+02      -7.300284544733253824E+02
    2.21000000E+02      -7.354378668715958156E+02
    2.22000000E+02      -7.408724996389373700E+02
    2.23000000E+02      -7.463440136888775669E+02
    2.24000000E+02      -7.518387032536902552E+02
    2.25000000E+02      -7.573356825401992864E+02
    2.26000000E+02      -7.628834894216001885E+02
    2.27000000E+02      -7.684251542805459394E+02
    2.28000000E+02      -7.740277017413627618E+02
    2.29000000E+02      -7.795645108938260819E+02
    2.30000000E+02      -7.851663123336556964E+02
    2.31000000E+02      -7.907613708795192906E+02
    2.32000000E+02      -7.964165322428430045E+02
    2.33000000E+02      -8.021042551676891890E+02
    2.34000000E+02      -8.077985401830360388E+02
    2.35000000E+02      -8.135205640815011066E+02
    2.36000000E+02      -8.192305099419331782E+02
    2.37000000E+02      -8.249703169289418838E+02
    2.38000000E+02      -8.306779236282650345E+02
    2.39000000E+02      -8.364423064748507386E+02
    2.40000000E+02      -8.422293347003228519E+02
    2.41000000E+02      -8.480489295521233544E+02
    2.42000000E+02      -8.538619823906910824E+02
    2.43000000E+02      -8.597297753435332197E+02
    2.44000000E+02      -8.656128429994637372E+02
    2.45000000E+02      -8.714780709033111634E+02
    2.46000000E+02      -8.773660039137184867E+02
    2.47000000E+02      -8.832727988811957403E+02
    2.48000000E+02      -8.892181290193880159E+02
    2.49000000E+02      -8.951752602112997010E+02
    2.50000000E+02      -9.011751133793272857E+02
    2.51000000E+02      -9.071920482727668968E+02
    2.52000000E+02      -9.132245323905876830E+02
    2.53000000E+02      -9.192899521511394596E+02
    2.54000000E+02      -9.253717473422998410E+02
    2.55000000E+02      -9.314822466636164791E+02
    2.56000000E+02      -9.376107430024608220E+02
    2.57000000E+02      -9.437503877833673869E+02
    2.58000000E+02      -9.499211180877296101E+02
    2.59000000E+02      -9.561320162735783015E+02
    2.60000000E+02      -9.623637004210179384E+02
    2.61000000E+02      -9.686138152503085621E+02
    2.62000000E+02      -9.748735100425888049E+02
    2.63000000E+02      -9.811806011579442384E+02
    2.64000000E+02      -9.875117109048065913E+02
    2.65000000E+02      -9.938512340025365575E+02
    2.66000000E+02      -1.000207347331658411E+03
    2.67000000E+02      -1.006608059751473547E+03
    2.68000000E+02      -1.013026793550829893E+03
    2.69000000E+02      -1.019490756197362998E+03
    2.70000000E+02      -1.025982766680690020E+03
    2.71000000E+02      -1.032510510898929169E+03
    2.72000000E+02      -1.039062826589022734E+03
    2.73000000E+02      -1.045647882427580953E+03
    2.74000000E+02      -1.052248802456274916E+03
    2.75000000E+02      -1.058913337585853242E+03
    2.76000000E+02      -1.065596541119818767E+03
    2.77000000E+02      -1.072318276464976407E+03
    2.78000000E+02      -1.079089743584312600E+03
    2.79000000E+02      -1.085868712302034965E+03
    2.80000000E+02      -1.092691431150243261E+03
    2.81000000E+02      -1.099525927349370704E+03
    2.82000000E+02      -1.106448551315428631E+03
    2.83000000E+02      -1.113397185322618498E+03
    2.84000000E+02      -1.120339076643677799E+03
    2.85000000E+02      -1.127365788408243134E+03
    2.86000000E+02      -1.134409742540733532E+03
    2.87000000E+02      -1.141553408377167216E+03
    2.88000000E+02      -1.148662341091174767E+03
    2.89000000E+02      -1.155908406346174161E+03
    2.90000000E+02      -1.163143990258297890E+03
    2.91000000E+02      -1.170424580673383389E+03
    2.92000000E+02      -1.177790454565804794E+03
    2.93000000E+02      -1.185203255303636070E+03
    2.94000000E+02      -1.192636541100950126E+03
    2.95000000E+02      -1.200136047455217522E+03
    2.96000000E+02      -1.207688874040566589E+03
    2.97000000E+02      -1.215241407635458927E+03
    2.98000000E+02      -1.222960547758930261E+03
    2.99000000E+02      -1.230670333849798226E+03
    3.00000000E+02      -1.238493031957014864E+03
    3.01000000E+02      -1.246325189167523604E+03
    3.02000000E+02      -1.254244362063870085E+03
    3.03000000E+02      -1.262156891620964871E+03
    3.04000000E+02      -1.270151780351046909E+03
    3.05000000E+02      -1.278213014004161778E+03
    3.06000000E+02      -1.286292930492562846E+03
    3.07000000E+02      -1.294411038741865468E+03
    3.08000000E+02      -1.302583202839684418E+03
    3.09000000E+02      -1.310766487375633915E+03
    3.10000000E+02      -1.319038040556045871E+03
    3.11000000E+02      -1.327282366140029808E+03
    3.12000000E+02      -1.335628240340038701E+03
    3.13000000E+02      -1.343995963344732900E+03
    3.14000000E+02      -1.352391298191139413E+03
    3.15000000E+02      -1.360796766792352628E+03
    3.16000000E+02      -1.369235497626103779E+03
    3.17000000E+02      -1.377710087880609080E+03
    3.18000000E+02      -1.386208928161658832E+03
    3.19000000E+02      -1.394767778029998226E+03
    3.20000000E+02      -1.403335962271213248E+03
    3.21000000E+02      -1.411960855544240985E+03
    3.22000000E+02      -1.420631764664453840E+03
    3.23000000E+02      -1.429290387946954070E+03
    3.24000000E+02      -1.437957582075390064E+03
    3.25000000E+02      -1.446663203610959954E+03
    3.26000000E+02      -1.455426689966783215E+03
    3.27000000E+02      -1.464184384042402144E+03
    3.28000000E+02      -1.472937104300958936E+03
    3.29000000E+02      -1.481810934680109540E+03
    3.30000000E+02      -1.490666944128746763E+03
    3.31000000E+02      -1.499568159436472797E+03
    3.32000000E+02      -1.508508719874424514E+03
    3.33000000E+02      -1.517380647017587307E+03
    3.34000000E+02      -1.526411901943831026E+03
    3.35000000E+02      -1.535370597106827518E+03
    3.36000000E+02      -1.544457627109541590E+03
    3.37000000E+02      -1.553561234639376607E+03
    3.38000000E+02      -1.562635368247560564E+03
    3.39000000E+02      -1.571785607084036656E+03
    3.40000000E+02      -1.580895587343857414E+03
    3.41000000E+02      -1.590096254488516479E+03
    3.42000000E+02      -1.599226925259528798E+03
    3.43000000E+02      -1.608512131184437294E+03
    3.44000000E+02      -1.617742704045057280E+03
    3.45000000E+02      -1.627019708611954229E+03
    3.46000000E+02      -1.636352911239642935E+03
    3.47000000E+02      -1.645682117758314462E+03
    3.48000000E+02      -1.655049307935419620E+03
    3.49000000E+02      -1.664476230208741754E+03
    3.50000000E+02      -1.673794117305697682E+03
    3.51000000E+02      -1.683268049918930274E+03
    3.52000000E+02      -1.692723680878513733E+03
    3.53000000E+02      -1.702283397829621208E+03
    3.54000000E+02      -1.711759619499245673E+03
    3.55000000E+02      -1.721250825326898394E+03
    3.56000000E+02      -1.730836235344364468E+03
    3.57000000E+02      -1.740475235601113127E+03
    3.58000000E+02      -1.750087980221052476E+03
    3.59000000E+02      -1.759701639963386924E+03
    3.60000000E+02      -1.769395653163820953E+03
    3.61000000E+02      -1.779037271463691013E+03
    3.62000000E+02      -1.788684484289246939E+03
    3.63000000E+02      -1.798416570439988845E+03
    3.64000000E+02      -1.808177947192955799E+03
    3.65000000E+02      -1.817978281101260109E+03
    3.66000000E+02      -1.827776946023738219E+03
    3.67000000E+02      -1.837576651836358906E+03
    3.68000000E+02      -1.847354594201553027E+03
    3.69000000E+02      -1.857159473211136628E+03
    3.70000000E+02      -1.867118009507099941E+03
    3.71000000E+02      -1.876945465415334638E+03
    3.72000000E+02      -1.886839827470407272E+03
    3.73000000E+02      -1.896796199946983506E+03
    3.74000000E+02      -1.906735987464684513E+03
    3.75000000E+02      -1.916647177086588954E+03
    3.76000000E+02      -1.926543491799032608E+03
    3.77000000E+02      -1.936666343242935454E+03
    3.78000000E+02      -1.946719641026081717E+03
    3.79000000E+02      -1.956690781772498212E+03
    3.80000000E+02      -1.966855254547474487E+03
    3.81000000E+02      -1.976766344215586514E+03
    3.82000000E+02      -1.986892711658216740E+03
    3.83000000E+02      -1.996949575753731551E+03
    3.84000000E+02      -2.007107685145794676E+03
    3.85000000E+02      -2.017276270695748735E+03
    3.86000000E+02      -2.027418673020203869E+03
    3.87000000E+02      -2.037549648893999347E+03
    3.88000000E+02      -2.047654946089045097E+03
    3.89000000E+02      -2.057802938253426873E+03
    3.90000000E+02      -2.068129261775219675E+03
    3.91000000E+02      -2.078331812142768285E+03
    3.92000000E+02      -2.088478042472614106E+03
    3.93000000E+02      -2.098688859642654279E+03
    3.94000000E+02      -2.109051493191407644E+03
    3.95000000E+02      -2.119242701289328579E+03
    3.96000000E+02      -2.129453144663491912E+03
    3.97000000E+02      -2.139754316213903621E+03
    3.98000000E+02      -2.149991776708837278E+03
    3.99000000E+02      -2.160251797064991024E+03
    4.00000000E+02      -2.170534105645119780E+03
    4.01000000E+02      -2.180944130669838160E+03
    4.02000000E+02      -2.191244781124038582E+03
    4.03000000E+02      -2.201519310555104767E+03
    4.04000000E+02      -2.211889033759868653E+03
    4.05000000E+02      -2.222311518934448941E+03
    4.06000000E+02      -2.232663520124800471E+03
    4.07000000E+02      -2.242989977984771031E+03
    4.08000000E+02      -2.253358617420263727E+03
    4.09000000E+02      -2.263636391620928407E+03
    4.10000000E+02      -2.273973015641357051E+03
    4.11000000E+02      -2.284468863008101835E+03
    4.12000000E+02      -2.294945410373410596E+03
    4.13000000E+02      -2.305177108496111941E+03
    4.14000000E+02      -2.315775960597152334E+03
    4.15000000E+02      -2.325897834091637833E+03
    4.16000000E+02      -2.336451781362577094E+03
    4.17000000E+02      -2.346747926510583511E+03
    4.18000000E+02      -2.357136972109507951E+03
    4.19000000E+02      -2.367582040296664218E+03
    4.20000000E+02      -2.377823224707806730E+03
    4.21000000E+02      -2.388318956822583459E+03
    4.22000000E+02      -2.398863912089944733E+03
    4.23000000E+02      -2.409028895299627948E+03
    4.24000000E+02      -2.419413722543255972E+03
    4.25000000E+02      -2.429861440797821615E+03
    4.26000000E+02      -2.440269426934841704E+03
    4.27000000E+02      -2.450673268440261381E+03
    4.28000000E+02      -2.460963656876402638E+03
    4.29000000E+02      -2.471353903560789149E+03
    4.30000000E+02      -2.481813709499383549E+03
    4.31000000E+02      -2.491925071739899067E+03
    4.32000000E+02      -2.502477093541712293E+03
    4.33000000E+02      -2.512831636989399613E+03
    4.34000000E+02      -2.523201263506366104E+03
    4.35000000E+02      -2.533651292144585568E+03
    4.36000000E+02      -2.543953901383352331E+03
    4.37000000E+02      -2.554304370764987198E+03
    4.38000000E+02      -2.564479792951469790E+03
    4.39000000E+02      -2.574789961951400528E+03
    4.40000000E+02      -2.585027979534631413E+03
    4.41000000E+02      -2.595491738284626081E+03
    4.42000000E+02      -2.605509312227783539E+03
    4.43000000E+02      -2.615793612614573249E+03
    4.44000000E+02      -2.626060988189994987E+03
    4.45000000E+02      -2.636377619157692607E+03
    4.46000000E+02      -2.646756205733167917E+03
    4.47000000E+02      -2.656988403304132135E+03
    4.48000000E+02      -2.666884511575206488E+03
    4.49000000E+02      -2.677318899923550362E+03
    4.50000000E+02      -2.687332623830928242E+03
    4.51000000E+02      -2.697642942982822206E+03
    4.52000000E+02      -2.707525351426335874E+03
    4.53000000E+02      -2.717910098633982670E+03
    4.54000000E+02      -2.727782729507212025E+03
    4.55000000E+02      -2.738081567259549502E+03
    4.56000000E+02      -2.747901304364819680E+03
    4.57000000E+02      -2.757862187859638652E+03
    4.58000000E+02      -2.767833402910180666E+03
    4.59000000E+02      -2.778000436019004610E+03
    4.60000000E+02      -2.787929969010606783E+03
    4.61000000E+02      -2.797990993862323649E+03
    4.62000000E+02      -2.808097079707587000E+03
    4.63000000E+02      -2.817884027513551700E+03
    4.64000000E+02      -2.827824965694349885E+03
    4.65000000E+02      -2.837498159891387331E+03
    4.66000000E+02      -2.847353735140065055E+03
    4.67000000E+02      -2.857136132423978779E+03
    4.68000000E+02      -2.866782620176437376E+03
    4.69000000E+02      -2.876857404326905453E+03
    4.70000000E+02      -2.886559018766260579E+03
    4.71000000E+02      -2.896253440138416408E+03
    4.72000000E+02      -2.905883883162655366E+03
    4.73000000E+02      -2.915251019917130179E+03
    4.74000000E+02      -2.924996062639898355E+03
    4.75000000E+02      -2.934764717529962581E+03
    4.76000000E+02      -2.943898594062650773E+03
    4.77000000E+02      -2.953656997398758904E+03
    4.78000000E+02      -2.963268787312762015E+03
    4.79000000E+02      -2.972648911434617730E+03
    4.80000000E+02      -2.981976233815307751E+03
    4.81000000E+02      -2.991785299352089623E+03
    4.82000000E+02      -3.000621115191135686E+03
    4.83000000E+02      -3.010232924667113366E+03
    4.84000000E+02      -3.019198002327964787E+03
    4.85000000E+02      -3.028318225735202759E+03
    4.86000000E+02      -3.037526499568919007E+03
    4.87000000E+02      -3.046890163712692811E+03
    4.88000000E+02      -3.055727737289826564E+03
    4.89000000E+02      -3.064816077538183436E+03
    4.90000000E+02      -3.074096295179781009E+03
    4.91000000E+02      -3.082748103639216424E+03
    4.92000000E+02      -3.092062365823515393E+03
    4.93000000E+02      -3.100778685947231679E+03
    4.94000000E+02      -3.109762361019479158E+03
    4.95000000E+02      -3.117790447571871482E+03
    4.96000000E+02      -3.127041885183550676E+03
    4.97000000E+02      -3.135810170973679305E+03
    4.98000000E+02      -3.144264350723317420E+03
    4.99000000E+02      -3.152882057006552714E+03
    5.00000000E+02      -3.161192052477022116E+03
    5.01000000E+02      -3.170270250078169283E+03
    5.02000000E+02      -3.178310403282418520E+03
    5.03000000E+02      -3.186645648068455102E+03
    5.04000000E+02      -3.195525351399155170E+03
    5.05000000E+02      -3.203036215139165961E+03
    5.06000000E+02      -3.197523317382663663E+03
    5.07000000E+02      -2.914781250679225195E+03
    5.08000000E+02      -3.087263452403247356E+03
    5.09000000E+02      -3.199621434677661455E+03
    5.10000000E+02      -3.235927938894266845E+03
