    0.0000000000E+00     -0.2714955300E+02
    0.1000000000E+01     -0.2411851223E+02
    0.2000000000E+01     -0.2176461379E+02
    0.3000000000E+01     -0.1980012942E+02
    0.4000000000E+01     -0.1810714399E+02
    0.5000000000E+01     -0.1662101178E+02
    0.6000000000E+01     -0.1530099980E+02
    0.7000000000E+01     -0.1411924462E+02
    0.8000000000E+01     -0.1305526519E+02
    0.9000000000E+01     -0.1209293942E+02
    0.1000000000E+02     -0.1121986678E+02
    0.1100000000E+02     -0.1042613408E+02
    0.1200000000E+02     -0.9703667545E+01
    0.1300000000E+02     -0.9045543781E+01
    0.1400000000E+02     -0.8445967506E+01
    0.1500000000E+02     -0.7899494463E+01
    0.1600000000E+02     -0.7401611725E+01
    0.1700000000E+02     -0.6948714267E+01
    0.1800000000E+02     -0.6537412253E+01
    0.1900000000E+02     -0.6164711853E+01
    0.2000000000E+02     -0.5827707505E+01
    0.2100000000E+02     -0.5523899980E+01
    0.2200000000E+02     -0.5251311299E+01
    0.2300000000E+02     -0.5007578256E+01
    0.2400000000E+02     -0.4790991667E+01
    0.2500000000E+02     -0.4599854704E+01
    0.2600000000E+02     -0.4432554392E+01
    0.2700000000E+02     -0.4287436339E+01
    0.2800000000E+02     -0.4163635865E+01
    0.2900000000E+02     -0.4059838918E+01
    0.3000000000E+02     -0.3974806158E+01
    0.3100000000E+02     -0.3907418247E+01
    0.3200000000E+02     -0.3856587898E+01
    0.3300000000E+02     -0.3821304289E+01
    0.3400000000E+02     -0.3800897377E+01
    0.3500000000E+02     -0.3794274267E+01
    0.3600000000E+02     -0.3800953285E+01
    0.3700000000E+02     -0.3820106095E+01
    0.3800000000E+02     -0.3851183023E+01
    0.3900000000E+02     -0.3893316839E+01
    0.4000000000E+02     -0.3946355162E+01
    0.4100000000E+02     -0.4009173772E+01
    0.4200000000E+02     -0.4081329599E+01
    0.4300000000E+02     -0.4162515839E+01
    0.4400000000E+02     -0.4251967853E+01
    0.4500000000E+02     -0.4349320955E+01
    0.4600000000E+02     -0.4454187502E+01
    0.4700000000E+02     -0.4566067586E+01
    0.4800000000E+02     -0.4684486045E+01
    0.4900000000E+02     -0.4809288304E+01
    0.5000000000E+02     -0.4940086500E+01
    0.5100000000E+02     -0.5076676583E+01
    0.5200000000E+02     -0.5218528080E+01
    0.5300000000E+02     -0.5365014159E+01
    0.5400000000E+02     -0.5515980186E+01
    0.5500000000E+02     -0.5671168360E+01
    0.5600000000E+02     -0.5830279414E+01
    0.5700000000E+02     -0.5993208581E+01
    0.5800000000E+02     -0.6159676219E+01
    0.5900000000E+02     -0.6329469438E+01
    0.6000000000E+02     -0.6501982705E+01
    0.6100000000E+02     -0.6677186141E+01
    0.6200000000E+02     -0.6854673243E+01
    0.6300000000E+02     -0.7034610290E+01
    0.6400000000E+02     -0.7216754278E+01
    0.6500000000E+02     -0.7400357394E+01
    0.6600000000E+02     -0.7585937172E+01
    0.6700000000E+02     -0.7773241223E+01
    0.6800000000E+02     -0.7962201541E+01
    0.6900000000E+02     -0.8152232434E+01
    0.7000000000E+02     -0.8343181719E+01
    0.7100000000E+02     -0.8534915657E+01
    0.7200000000E+02     -0.8727211780E+01
    0.7300000000E+02     -0.8920756727E+01
    0.7400000000E+02     -0.9114256495E+01
    0.7500000000E+02     -0.9308181891E+01
    0.7600000000E+02     -0.9502181388E+01
    0.7700000000E+02     -0.9696443022E+01
    0.7800000000E+02     -0.9890480010E+01
    0.7900000000E+02     -0.1008488704E+02
    0.8000000000E+02     -0.1027872242E+02
    0.8100000000E+02     -0.1047231711E+02
    0.8200000000E+02     -0.1066552880E+02
    0.8300000000E+02     -0.1085826943E+02
    0.8400000000E+02     -0.1105035842E+02
    0.8500000000E+02     -0.1124174129E+02
    0.8600000000E+02     -0.1143250775E+02
    0.8700000000E+02     -0.1162245906E+02
    0.8800000000E+02     -0.1181137786E+02
    0.8900000000E+02     -0.1199891735E+02
    0.9000000000E+02     -0.1218532821E+02
    0.9100000000E+02     -0.1237045954E+02
    0.9200000000E+02     -0.1255487477E+02
    0.9300000000E+02     -0.1273771957E+02
    0.9400000000E+02     -0.1291925605E+02
    0.9500000000E+02     -0.1309950753E+02
    0.9600000000E+02     -0.1327799498E+02
    0.9700000000E+02     -0.1345519179E+02
    0.9800000000E+02     -0.1363071479E+02
    0.9900000000E+02     -0.1380463999E+02
    0.1000000000E+03     -0.1397668854E+02
    0.1010000000E+03     -0.1414707181E+02
    0.1020000000E+03     -0.1431581358E+02
    0.1030000000E+03     -0.1448248362E+02
    0.1040000000E+03     -0.1464668659E+02
    0.1050000000E+03     -0.1480937720E+02
    0.1060000000E+03     -0.1497027238E+02
    0.1070000000E+03     -0.1512915299E+02
    0.1080000000E+03     -0.1528596919E+02
    0.1090000000E+03     -0.1544081028E+02
    0.1100000000E+03     -0.1559343395E+02
    0.1110000000E+03     -0.1574389644E+02
    0.1120000000E+03     -0.1589240425E+02
    0.1130000000E+03     -0.1603858675E+02
    0.1140000000E+03     -0.1618285958E+02
    0.1150000000E+03     -0.1632468785E+02
    0.1160000000E+03     -0.1646419417E+02
    0.1170000000E+03     -0.1660119819E+02
    0.1180000000E+03     -0.1673598675E+02
    0.1190000000E+03     -0.1686846927E+02
    0.1200000000E+03     -0.1699869113E+02
    0.1210000000E+03     -0.1712663475E+02
    0.1220000000E+03     -0.1725205278E+02
    0.1230000000E+03     -0.1737518535E+02
    0.1240000000E+03     -0.1749573432E+02
    0.1250000000E+03     -0.1761377225E+02
    0.1260000000E+03     -0.1772930969E+02
    0.1270000000E+03     -0.1784216026E+02
    0.1280000000E+03     -0.1795282962E+02
    0.1290000000E+03     -0.1806107491E+02
    0.1300000000E+03     -0.1816666445E+02
    0.1310000000E+03     -0.1826955309E+02
    0.1320000000E+03     -0.1836949078E+02
    0.1330000000E+03     -0.1846725948E+02
    0.1340000000E+03     -0.1856277169E+02
    0.1350000000E+03     -0.1865529137E+02
    0.1360000000E+03     -0.1874513559E+02
    0.1370000000E+03     -0.1883203820E+02
    0.1380000000E+03     -0.1891625717E+02
    0.1390000000E+03     -0.1899823097E+02
    0.1400000000E+03     -0.1907756580E+02
    0.1410000000E+03     -0.1915401941E+02
    0.1420000000E+03     -0.1922805487E+02
    0.1430000000E+03     -0.1929973742E+02
    0.1440000000E+03     -0.1936892705E+02
    0.1450000000E+03     -0.1943507636E+02
    0.1460000000E+03     -0.1949844220E+02
    0.1470000000E+03     -0.1955912131E+02
    0.1480000000E+03     -0.1961720411E+02
    0.1490000000E+03     -0.1967230386E+02
    0.1500000000E+03     -0.1972468269E+02
    0.1510000000E+03     -0.1977433328E+02
    0.1520000000E+03     -0.1982104550E+02
    0.1530000000E+03     -0.1986509668E+02
    0.1540000000E+03     -0.1990682782E+02
    0.1550000000E+03     -0.1994585733E+02
    0.1560000000E+03     -0.1998239662E+02
    0.1570000000E+03     -0.2001559340E+02
    0.1580000000E+03     -0.2004609139E+02
    0.1590000000E+03     -0.2007371006E+02
    0.1600000000E+03     -0.2009861446E+02
    0.1610000000E+03     -0.2012090469E+02
    0.1620000000E+03     -0.2014069915E+02
    0.1630000000E+03     -0.2015820754E+02
    0.1640000000E+03     -0.2017208652E+02
    0.1650000000E+03     -0.2018371263E+02
    0.1660000000E+03     -0.2019186552E+02
    0.1670000000E+03     -0.2019834906E+02
    0.1680000000E+03     -0.2020162103E+02
    0.1690000000E+03     -0.2020227059E+02
    0.1700000000E+03     -0.2020032809E+02
    0.1710000000E+03     -0.2019488850E+02
    0.1720000000E+03     -0.2018739834E+02
    0.1730000000E+03     -0.2017692985E+02
    0.1740000000E+03     -0.2016409165E+02
    0.1750000000E+03     -0.2014831385E+02
    0.1760000000E+03     -0.2012979527E+02
    0.1770000000E+03     -0.2010900356E+02
    0.1780000000E+03     -0.2008491849E+02
    0.1790000000E+03     -0.2005774416E+02
    0.1800000000E+03     -0.2002853544E+02
    0.1810000000E+03     -0.1999648724E+02
    0.1820000000E+03     -0.1996151232E+02
    0.1830000000E+03     -0.1992404629E+02
    0.1840000000E+03     -0.1988387696E+02
    0.1850000000E+03     -0.1984078347E+02
    0.1860000000E+03     -0.1979513437E+02
    0.1870000000E+03     -0.1974676635E+02
    0.1880000000E+03     -0.1969570486E+02
    0.1890000000E+03     -0.1964189302E+02
    0.1900000000E+03     -0.1958627848E+02
    0.1910000000E+03     -0.1952743845E+02
    0.1920000000E+03     -0.1946618265E+02
    0.1930000000E+03     -0.1940238514E+02
    0.1940000000E+03     -0.1933575856E+02
    0.1950000000E+03     -0.1926721173E+02
    0.1960000000E+03     -0.1919501475E+02
    0.1970000000E+03     -0.1912076570E+02
    0.1980000000E+03     -0.1904421752E+02
    0.1990000000E+03     -0.1896535169E+02
    0.2000000000E+03     -0.1888407945E+02
    0.2010000000E+03     -0.1879962315E+02
    0.2020000000E+03     -0.1871271028E+02
    0.2030000000E+03     -0.1862349375E+02
    0.2040000000E+03     -0.1853242162E+02
    0.2050000000E+03     -0.1843836866E+02
    0.2060000000E+03     -0.1834196540E+02
    0.2070000000E+03     -0.1824299231E+02
    0.2080000000E+03     -0.1814180566E+02
    0.2090000000E+03     -0.1803853881E+02
    0.2100000000E+03     -0.1793298118E+02
    0.2110000000E+03     -0.1782481941E+02
    0.2120000000E+03     -0.1771441092E+02
    0.2130000000E+03     -0.1760183758E+02
    0.2140000000E+03     -0.1748667828E+02
    0.2150000000E+03     -0.1736981041E+02
    0.2160000000E+03     -0.1725117719E+02
    0.2170000000E+03     -0.1712976693E+02
    0.2180000000E+03     -0.1700624217E+02
    0.2190000000E+03     -0.1688043903E+02
    0.2200000000E+03     -0.1675294583E+02
    0.2210000000E+03     -0.1662320905E+02
    0.2220000000E+03     -0.1649106061E+02
    0.2230000000E+03     -0.1635720714E+02
    0.2240000000E+03     -0.1622128761E+02
    0.2250000000E+03     -0.1608390849E+02
    0.2260000000E+03     -0.1594433807E+02
    0.2270000000E+03     -0.1580259318E+02
    0.2280000000E+03     -0.1565938868E+02
    0.2290000000E+03     -0.1551427590E+02
    0.2300000000E+03     -0.1536732211E+02
    0.2310000000E+03     -0.1521868647E+02
    0.2320000000E+03     -0.1506834473E+02
    0.2330000000E+03     -0.1491681589E+02
    0.2340000000E+03     -0.1476323513E+02
    0.2350000000E+03     -0.1460805145E+02
    0.2360000000E+03     -0.1445141113E+02
    0.2370000000E+03     -0.1429338645E+02
    0.2380000000E+03     -0.1413448791E+02
    0.2390000000E+03     -0.1397394461E+02
    0.2400000000E+03     -0.1381185458E+02
    0.2410000000E+03     -0.1364824979E+02
    0.2420000000E+03     -0.1348337008E+02
    0.2430000000E+03     -0.1331853519E+02
    0.2440000000E+03     -0.1315190938E+02
    0.2450000000E+03     -0.1298358299E+02
    0.2460000000E+03     -0.1281444786E+02
    0.2470000000E+03     -0.1264498146E+02
    0.2480000000E+03     -0.1247526326E+02
    0.2490000000E+03     -0.1230425382E+02
    0.2500000000E+03     -0.1213304953E+02
    0.2510000000E+03     -0.1196067737E+02
    0.2520000000E+03     -0.1178762174E+02
    0.2530000000E+03     -0.1161494220E+02
    0.2540000000E+03     -0.1144150129E+02
    0.2550000000E+03     -0.1126817540E+02
    0.2560000000E+03     -0.1109403407E+02
    0.2570000000E+03     -0.1091905917E+02
    0.2580000000E+03     -0.1074470889E+02
    0.2590000000E+03     -0.1056930717E+02
    0.2600000000E+03     -0.1039394654E+02
    0.2610000000E+03     -0.1021962707E+02
    0.2620000000E+03     -0.1004498663E+02
    0.2630000000E+03     -0.9870730198E+01
    0.2640000000E+03     -0.9697157417E+01
    0.2650000000E+03     -0.9523349201E+01
    0.2660000000E+03     -0.9350923850E+01
    0.2670000000E+03     -0.9179118220E+01
    0.2680000000E+03     -0.9007814326E+01
    0.2690000000E+03     -0.8837197351E+01
    0.2700000000E+03     -0.8667795583E+01
    0.2710000000E+03     -0.8499998749E+01
    0.2720000000E+03     -0.8333362555E+01
    0.2730000000E+03     -0.8167309957E+01
    0.2740000000E+03     -0.8003317159E+01
    0.2750000000E+03     -0.7840253816E+01
    0.2760000000E+03     -0.7678719087E+01
    0.2770000000E+03     -0.7520282778E+01
    0.2780000000E+03     -0.7362876114E+01
    0.2790000000E+03     -0.7207121068E+01
    0.2800000000E+03     -0.7054517615E+01
    0.2810000000E+03     -0.6904163823E+01
    0.2820000000E+03     -0.6754672182E+01
    0.2830000000E+03     -0.6608899283E+01
    0.2840000000E+03     -0.6465278882E+01
    0.2850000000E+03     -0.6325122651E+01
    0.2860000000E+03     -0.6188144671E+01
    0.2870000000E+03     -0.6053419734E+01
    0.2880000000E+03     -0.5921082624E+01
    0.2890000000E+03     -0.5792750010E+01
    0.2900000000E+03     -0.5667719337E+01
    0.2910000000E+03     -0.5546337086E+01
    0.2920000000E+03     -0.5428487630E+01
    0.2930000000E+03     -0.5316078687E+01
    0.2940000000E+03     -0.5204777002E+01
    0.2950000000E+03     -0.5097578857E+01
    0.2960000000E+03     -0.4996734084E+01
    0.2970000000E+03     -0.4899671080E+01
    0.2980000000E+03     -0.4806038227E+01
    0.2990000000E+03     -0.4717025460E+01
    0.3000000000E+03     -0.4635193246E+01
    0.3010000000E+03     -0.4557258177E+01
    0.3020000000E+03     -0.4484685205E+01
    0.3030000000E+03     -0.4417412160E+01
    0.3040000000E+03     -0.4355847790E+01
    0.3050000000E+03     -0.4299845181E+01
    0.3060000000E+03     -0.4251126138E+01
    0.3070000000E+03     -0.4207370440E+01
    0.3080000000E+03     -0.4169537782E+01
    0.3090000000E+03     -0.4138483871E+01
    0.3100000000E+03     -0.4113826269E+01
    0.3110000000E+03     -0.4095425087E+01
    0.3120000000E+03     -0.4084747635E+01
    0.3130000000E+03     -0.4079828349E+01
    0.3140000000E+03     -0.4084667372E+01
    0.3150000000E+03     -0.4095463790E+01
    0.3160000000E+03     -0.4113000993E+01
    0.3170000000E+03     -0.4140141712E+01
    0.3180000000E+03     -0.4176290060E+01
    0.3190000000E+03     -0.4219778668E+01
    0.3200000000E+03     -0.4270558697E+01
    0.3210000000E+03     -0.4332989170E+01
    0.3220000000E+03     -0.4404728263E+01
    0.3230000000E+03     -0.4483052158E+01
    0.3240000000E+03     -0.4572386147E+01
    0.3250000000E+03     -0.4673371348E+01
    0.3260000000E+03     -0.4780863926E+01
    0.3270000000E+03     -0.4900255275E+01
    0.3280000000E+03     -0.5032123169E+01
    0.3290000000E+03     -0.5172795269E+01
    0.3300000000E+03     -0.5324603041E+01
    0.3310000000E+03     -0.5484755764E+01
    0.3320000000E+03     -0.5657656978E+01
    0.3330000000E+03     -0.5843394827E+01
    0.3340000000E+03     -0.6042393939E+01
    0.3350000000E+03     -0.6250394667E+01
    0.3360000000E+03     -0.6468811750E+01
    0.3370000000E+03     -0.6701922488E+01
    0.3380000000E+03     -0.6948833181E+01
    0.3390000000E+03     -0.7207162804E+01
    0.3400000000E+03     -0.7477743205E+01
    0.3410000000E+03     -0.7762643301E+01
    0.3420000000E+03     -0.8060380066E+01
    0.3430000000E+03     -0.8372953344E+01
    0.3440000000E+03     -0.8698048552E+01
    0.3450000000E+03     -0.9039717576E+01
    0.3460000000E+03     -0.9397332977E+01
    0.3470000000E+03     -0.9768005442E+01
    0.3480000000E+03     -0.1015574304E+02
    0.3490000000E+03     -0.1055656766E+02
    0.3500000000E+03     -0.1097201567E+02
    0.3510000000E+03     -0.1140764547E+02
    0.3520000000E+03     -0.1185784859E+02
    0.3530000000E+03     -0.1232425220E+02
    0.3540000000E+03     -0.1280911786E+02
    0.3550000000E+03     -0.1331165568E+02
    0.3560000000E+03     -0.1383072053E+02
    0.3570000000E+03     -0.1436643721E+02
    0.3580000000E+03     -0.1492247843E+02
    0.3590000000E+03     -0.1549425132E+02
    0.3600000000E+03     -0.1608522853E+02
    0.3610000000E+03     -0.1669798851E+02
    0.3620000000E+03     -0.1732922930E+02
    0.3630000000E+03     -0.1798304209E+02
    0.3640000000E+03     -0.1865318438E+02
    0.3650000000E+03     -0.1934012307E+02
    0.3660000000E+03     -0.2005232017E+02
    0.3670000000E+03     -0.2078374665E+02
    0.3680000000E+03     -0.2153886901E+02
    0.3690000000E+03     -0.2231711051E+02
    0.3700000000E+03     -0.2311586307E+02
    0.3710000000E+03     -0.2393957670E+02
    0.3720000000E+03     -0.2478420251E+02
    0.3730000000E+03     -0.2564674052E+02
    0.3740000000E+03     -0.2653845974E+02
    0.3750000000E+03     -0.2745217998E+02
    0.3760000000E+03     -0.2838879130E+02
    0.3770000000E+03     -0.2935351004E+02
    0.3780000000E+03     -0.3033558052E+02
    0.3790000000E+03     -0.3134782225E+02
    0.3800000000E+03     -0.3238371032E+02
    0.3810000000E+03     -0.3344211508E+02
    0.3820000000E+03     -0.3452547543E+02
    0.3830000000E+03     -0.3563691896E+02
    0.3840000000E+03     -0.3677663400E+02
    0.3850000000E+03     -0.3794332350E+02
    0.3860000000E+03     -0.3913891919E+02
    0.3870000000E+03     -0.4036084313E+02
    0.3880000000E+03     -0.4160995060E+02
    0.3890000000E+03     -0.4288832275E+02
    0.3900000000E+03     -0.4419364036E+02
    0.3910000000E+03     -0.4553273219E+02
    0.3920000000E+03     -0.4690139365E+02
    0.3930000000E+03     -0.4828823709E+02
    0.3940000000E+03     -0.4971770413E+02
    0.3950000000E+03     -0.5117168143E+02
    0.3960000000E+03     -0.5265991972E+02
    0.3970000000E+03     -0.5418283471E+02
    0.3980000000E+03     -0.5573301918E+02
    0.3990000000E+03     -0.5731137508E+02
    0.4000000000E+03     -0.5892848030E+02
    0.4010000000E+03     -0.6058151329E+02
    0.4020000000E+03     -0.6226733103E+02
    0.4030000000E+03     -0.6399072487E+02
    0.4040000000E+03     -0.6573975732E+02
    0.4050000000E+03     -0.6753546088E+02
    0.4060000000E+03     -0.6935569145E+02
    0.4070000000E+03     -0.7121839461E+02
    0.4080000000E+03     -0.7310880469E+02
    0.4090000000E+03     -0.7505385517E+02
    0.4100000000E+03     -0.7702030053E+02
    0.4110000000E+03     -0.7903084484E+02
    0.4120000000E+03     -0.8108163422E+02
    0.4130000000E+03     -0.8316749451E+02
    0.4140000000E+03     -0.8528619240E+02
    0.4150000000E+03     -0.8745533869E+02
    0.4160000000E+03     -0.8966132392E+02
    0.4170000000E+03     -0.9190232235E+02
    0.4180000000E+03     -0.9418676138E+02
    0.4190000000E+03     -0.9652219258E+02
    0.4200000000E+03     -0.9889184611E+02
    0.4210000000E+03     -0.1012933187E+03
    0.4220000000E+03     -0.1037330295E+03
    0.4230000000E+03     -0.1062241526E+03
    0.4240000000E+03     -0.1087609395E+03
    0.4250000000E+03     -0.1113441070E+03
    0.4260000000E+03     -0.1139801367E+03
    0.4270000000E+03     -0.1166593826E+03
    0.4280000000E+03     -0.1193688273E+03
    0.4290000000E+03     -0.1221355051E+03
    0.4300000000E+03     -0.1249508752E+03
    0.4310000000E+03     -0.1278039080E+03
    0.4320000000E+03     -0.1307155028E+03
    0.4330000000E+03     -0.1336769313E+03
    0.4340000000E+03     -0.1366885865E+03
    0.4350000000E+03     -0.1397334563E+03
    0.4360000000E+03     -0.1428234474E+03
    0.4370000000E+03     -0.1459760467E+03
    0.4380000000E+03     -0.1491649784E+03
    0.4390000000E+03     -0.1524118872E+03
    0.4400000000E+03     -0.1557060401E+03
    0.4410000000E+03     -0.1590752807E+03
    0.4420000000E+03     -0.1624929784E+03
    0.4430000000E+03     -0.1659520646E+03
    0.4440000000E+03     -0.1694585746E+03
    0.4450000000E+03     -0.1730230157E+03
    0.4460000000E+03     -0.1766479972E+03
    0.4470000000E+03     -0.1803279054E+03
    0.4480000000E+03     -0.1840651765E+03
    0.4490000000E+03     -0.1878643872E+03
    0.4500000000E+03     -0.1917202946E+03
    0.4510000000E+03     -0.1956265520E+03
    0.4520000000E+03     -0.1995818339E+03
    0.4530000000E+03     -0.2036219192E+03
    0.4540000000E+03     -0.2077043772E+03
    0.4550000000E+03     -0.2118504313E+03
    0.4560000000E+03     -0.2160548052E+03
    0.4570000000E+03     -0.2203153335E+03
    0.4580000000E+03     -0.2246617375E+03
    0.4590000000E+03     -0.2290484751E+03
    0.4600000000E+03     -0.2334933498E+03
    0.4610000000E+03     -0.2380162206E+03
    0.4620000000E+03     -0.2425981678E+03
    0.4630000000E+03     -0.2472416643E+03
    0.4640000000E+03     -0.2519555625E+03
    0.4650000000E+03     -0.2567184953E+03
    0.4660000000E+03     -0.2615653764E+03
    0.4670000000E+03     -0.2664828084E+03
    0.4680000000E+03     -0.2714556384E+03
    0.4690000000E+03     -0.2764964732E+03
    0.4700000000E+03     -0.2816102782E+03
    0.4710000000E+03     -0.2867848076E+03
    0.4720000000E+03     -0.2920460727E+03
    0.4730000000E+03     -0.2973791206E+03
    0.4740000000E+03     -0.3027633759E+03
    0.4750000000E+03     -0.3082579829E+03
    0.4760000000E+03     -0.3137834508E+03
    0.4770000000E+03     -0.3193898009E+03
    0.4780000000E+03     -0.3250962866E+03
    0.4790000000E+03     -0.3308693841E+03
    0.4800000000E+03     -0.3366840641E+03
    0.4810000000E+03     -0.3425970005E+03
    0.4820000000E+03     -0.3485799384E+03
    0.4830000000E+03     -0.3546408903E+03
    0.4840000000E+03     -0.3607880860E+03
    0.4850000000E+03     -0.3670154888E+03
