    0.0000000000E+00     -0.4516819013E+01
    0.1000000000E+01     -0.3232315489E+01
    0.2000000000E+01     -0.2612747560E+01
    0.3000000000E+01     -0.2370219097E+01
    0.4000000000E+01     -0.2386935974E+01
    0.5000000000E+01     -0.2598357232E+01
    0.6000000000E+01     -0.2963518111E+01
    0.7000000000E+01     -0.3454331466E+01
    0.8000000000E+01     -0.4050323217E+01
    0.9000000000E+01     -0.4735733217E+01
    0.1000000000E+02     -0.5497994145E+01
    0.1100000000E+02     -0.6326839952E+01
    0.1200000000E+02     -0.7214173405E+01
    0.1300000000E+02     -0.8153338053E+01
    0.1400000000E+02     -0.9137897662E+01
    0.1500000000E+02     -0.1016261585E+02
    0.1600000000E+02     -0.1122353660E+02
    0.1700000000E+02     -0.1231629852E+02
    0.1800000000E+02     -0.1343770342E+02
    0.1900000000E+02     -0.1458449269E+02
    0.2000000000E+02     -0.1575385552E+02
    0.2100000000E+02     -0.1694307655E+02
    0.2200000000E+02     -0.1814984912E+02
    0.2300000000E+02     -0.1937218871E+02
    0.2400000000E+02     -0.2060827991E+02
    0.2500000000E+02     -0.2185636145E+02
    0.2600000000E+02     -0.2311472914E+02
    0.2700000000E+02     -0.2438151416E+02
    0.2800000000E+02     -0.2565525068E+02
    0.2900000000E+02     -0.2693508504E+02
    0.3000000000E+02     -0.2821914243E+02
    0.3100000000E+02     -0.2950653423E+02
    0.3200000000E+02     -0.3079612123E+02
    0.3300000000E+02     -0.3208693249E+02
    0.3400000000E+02     -0.3337831515E+02
    0.3500000000E+02     -0.3466856107E+02
    0.3600000000E+02     -0.3595692232E+02
    0.3700000000E+02     -0.3724210339E+02
    0.3800000000E+02     -0.3852398023E+02
    0.3900000000E+02     -0.3980125763E+02
    0.4000000000E+02     -0.4107377874E+02
    0.4100000000E+02     -0.4234005650E+02
    0.4200000000E+02     -0.4360005141E+02
    0.4300000000E+02     -0.4485292093E+02
    0.4400000000E+02     -0.4609754293E+02
    0.4500000000E+02     -0.4733420699E+02
    0.4600000000E+02     -0.4856216965E+02
    0.4700000000E+02     -0.4978060404E+02
    0.4800000000E+02     -0.5098941730E+02
    0.4900000000E+02     -0.5218823658E+02
    0.5000000000E+02     -0.5337712378E+02
    0.5100000000E+02     -0.5455485775E+02
    0.5200000000E+02     -0.5572180740E+02
    0.5300000000E+02     -0.5687803986E+02
    0.5400000000E+02     -0.5802284136E+02
    0.5500000000E+02     -0.5915643708E+02
    0.5600000000E+02     -0.6027844914E+02
    0.5700000000E+02     -0.6138869412E+02
    0.5800000000E+02     -0.6248712689E+02
    0.5900000000E+02     -0.6357458788E+02
    0.6000000000E+02     -0.6465030402E+02
    0.6100000000E+02     -0.6571426675E+02
    0.6200000000E+02     -0.6676651288E+02
    0.6300000000E+02     -0.6780762954E+02
    0.6400000000E+02     -0.6883741150E+02
    0.6500000000E+02     -0.6985563219E+02
    0.6600000000E+02     -0.7086290284E+02
    0.6700000000E+02     -0.7185891625E+02
    0.6800000000E+02     -0.7284394322E+02
    0.6900000000E+02     -0.7381846077E+02
    0.7000000000E+02     -0.7478208771E+02
    0.7100000000E+02     -0.7573476764E+02
    0.7200000000E+02     -0.7667720000E+02
    0.7300000000E+02     -0.7760889658E+02
    0.7400000000E+02     -0.7853020746E+02
    0.7500000000E+02     -0.7944046558E+02
    0.7600000000E+02     -0.8034057742E+02
    0.7700000000E+02     -0.8123039865E+02
    0.7800000000E+02     -0.8211025669E+02
    0.7900000000E+02     -0.8298042037E+02
    0.8000000000E+02     -0.8384025880E+02
    0.8100000000E+02     -0.8469068166E+02
    0.8200000000E+02     -0.8553128008E+02
    0.8300000000E+02     -0.8636187128E+02
    0.8400000000E+02     -0.8718317828E+02
    0.8500000000E+02     -0.8799491424E+02
    0.8600000000E+02     -0.8879755358E+02
    0.8700000000E+02     -0.8959036389E+02
    0.8800000000E+02     -0.9037389324E+02
    0.8900000000E+02     -0.9114756953E+02
    0.9000000000E+02     -0.9191252794E+02
    0.9100000000E+02     -0.9266866062E+02
    0.9200000000E+02     -0.9341593560E+02
    0.9300000000E+02     -0.9415448858E+02
    0.9400000000E+02     -0.9488354434E+02
    0.9500000000E+02     -0.9560449249E+02
    0.9600000000E+02     -0.9631637796E+02
    0.9700000000E+02     -0.9701959878E+02
    0.9800000000E+02     -0.9771445783E+02
    0.9900000000E+02     -0.9840073833E+02
    0.1000000000E+03     -0.9907921986E+02
    0.1010000000E+03     -0.9974901420E+02
    0.1020000000E+03     -0.1004105751E+03
    0.1030000000E+03     -0.1010632659E+03
    0.1040000000E+03     -0.1017089337E+03
    0.1050000000E+03     -0.1023461407E+03
    0.1060000000E+03     -0.1029748938E+03
    0.1070000000E+03     -0.1035951358E+03
    0.1080000000E+03     -0.1042075759E+03
    0.1090000000E+03     -0.1048120635E+03
    0.1100000000E+03     -0.1054083009E+03
    0.1110000000E+03     -0.1059963406E+03
    0.1120000000E+03     -0.1065768086E+03
    0.1130000000E+03     -0.1071491643E+03
    0.1140000000E+03     -0.1077134287E+03
    0.1150000000E+03     -0.1082698542E+03
    0.1160000000E+03     -0.1088180525E+03
    0.1170000000E+03     -0.1093575569E+03
    0.1180000000E+03     -0.1098890563E+03
    0.1190000000E+03     -0.1104118495E+03
    0.1200000000E+03     -0.1109262000E+03
    0.1210000000E+03     -0.1114330239E+03
    0.1220000000E+03     -0.1119312657E+03
    0.1230000000E+03     -0.1124218302E+03
    0.1240000000E+03     -0.1129047838E+03
    0.1250000000E+03     -0.1133784279E+03
    0.1260000000E+03     -0.1138438747E+03
    0.1270000000E+03     -0.1143005915E+03
    0.1280000000E+03     -0.1147487273E+03
    0.1290000000E+03     -0.1151881797E+03
    0.1300000000E+03     -0.1156206440E+03
    0.1310000000E+03     -0.1160433079E+03
    0.1320000000E+03     -0.1164574476E+03
    0.1330000000E+03     -0.1168625482E+03
    0.1340000000E+03     -0.1172599076E+03
    0.1350000000E+03     -0.1176485553E+03
    0.1360000000E+03     -0.1180273675E+03
    0.1370000000E+03     -0.1183978578E+03
    0.1380000000E+03     -0.1187591380E+03
    0.1390000000E+03     -0.1191121395E+03
    0.1400000000E+03     -0.1194557159E+03
    0.1410000000E+03     -0.1197913771E+03
    0.1420000000E+03     -0.1201176614E+03
    0.1430000000E+03     -0.1204356844E+03
    0.1440000000E+03     -0.1207444470E+03
    0.1450000000E+03     -0.1210441100E+03
    0.1460000000E+03     -0.1213353136E+03
    0.1470000000E+03     -0.1216177126E+03
    0.1480000000E+03     -0.1218911697E+03
    0.1490000000E+03     -0.1221567711E+03
    0.1500000000E+03     -0.1224141128E+03
    0.1510000000E+03     -0.1226629818E+03
    0.1520000000E+03     -0.1229003747E+03
    0.1530000000E+03     -0.1231329887E+03
    0.1540000000E+03     -0.1233571412E+03
    0.1550000000E+03     -0.1235730957E+03
    0.1560000000E+03     -0.1237827306E+03
    0.1570000000E+03     -0.1239849369E+03
    0.1580000000E+03     -0.1241795963E+03
    0.1590000000E+03     -0.1243673810E+03
    0.1600000000E+03     -0.1245480177E+03
    0.1610000000E+03     -0.1247222256E+03
    0.1620000000E+03     -0.1248897288E+03
    0.1630000000E+03     -0.1250512246E+03
    0.1640000000E+03     -0.1252061865E+03
    0.1650000000E+03     -0.1253553738E+03
    0.1660000000E+03     -0.1254981185E+03
    0.1670000000E+03     -0.1256348826E+03
    0.1680000000E+03     -0.1257656380E+03
    0.1690000000E+03     -0.1258917093E+03
    0.1700000000E+03     -0.1260120270E+03
    0.1710000000E+03     -0.1261279550E+03
    0.1720000000E+03     -0.1262372489E+03
    0.1730000000E+03     -0.1263419664E+03
    0.1740000000E+03     -0.1264423139E+03
    0.1750000000E+03     -0.1265374141E+03
    0.1760000000E+03     -0.1266283045E+03
    0.1770000000E+03     -0.1267141742E+03
    0.1780000000E+03     -0.1267949338E+03
    0.1790000000E+03     -0.1268716465E+03
    0.1800000000E+03     -0.1269430860E+03
    0.1810000000E+03     -0.1270099251E+03
    0.1820000000E+03     -0.1270729629E+03
    0.1830000000E+03     -0.1271312784E+03
    0.1840000000E+03     -0.1271849998E+03
    0.1850000000E+03     -0.1272343816E+03
    0.1860000000E+03     -0.1272793505E+03
    0.1870000000E+03     -0.1273197905E+03
    0.1880000000E+03     -0.1273565671E+03
    0.1890000000E+03     -0.1273890040E+03
    0.1900000000E+03     -0.1274162894E+03
    0.1910000000E+03     -0.1274400644E+03
    0.1920000000E+03     -0.1274597567E+03
    0.1930000000E+03     -0.1274739329E+03
    0.1940000000E+03     -0.1274829384E+03
    0.1950000000E+03     -0.1274877298E+03
    0.1960000000E+03     -0.1274876143E+03
    0.1970000000E+03     -0.1274821411E+03
    0.1980000000E+03     -0.1274719392E+03
    0.1990000000E+03     -0.1274577300E+03
    0.2000000000E+03     -0.1274376355E+03
    0.2010000000E+03     -0.1274122833E+03
    0.2020000000E+03     -0.1273815694E+03
    0.2030000000E+03     -0.1273458242E+03
    0.2040000000E+03     -0.1273041876E+03
    0.2050000000E+03     -0.1272566127E+03
    0.2060000000E+03     -0.1272027930E+03
    0.2070000000E+03     -0.1271428320E+03
    0.2080000000E+03     -0.1270762718E+03
    0.2090000000E+03     -0.1270032677E+03
    0.2100000000E+03     -0.1269243154E+03
    0.2110000000E+03     -0.1268382182E+03
    0.2120000000E+03     -0.1267444577E+03
    0.2130000000E+03     -0.1266442793E+03
    0.2140000000E+03     -0.1265369131E+03
    0.2150000000E+03     -0.1264218967E+03
    0.2160000000E+03     -0.1262986572E+03
    0.2170000000E+03     -0.1261675511E+03
    0.2180000000E+03     -0.1260283754E+03
    0.2190000000E+03     -0.1258804767E+03
    0.2200000000E+03     -0.1257248117E+03
    0.2210000000E+03     -0.1255611129E+03
    0.2220000000E+03     -0.1253878758E+03
    0.2230000000E+03     -0.1252055976E+03
    0.2240000000E+03     -0.1250161908E+03
    0.2250000000E+03     -0.1248188580E+03
    0.2260000000E+03     -0.1246135611E+03
    0.2270000000E+03     -0.1243975538E+03
    0.2280000000E+03     -0.1241750875E+03
    0.2290000000E+03     -0.1239426092E+03
    0.2300000000E+03     -0.1237024954E+03
    0.2310000000E+03     -0.1234523367E+03
    0.2320000000E+03     -0.1231956764E+03
    0.2330000000E+03     -0.1229301200E+03
    0.2340000000E+03     -0.1226544567E+03
    0.2350000000E+03     -0.1223709028E+03
    0.2360000000E+03     -0.1220803106E+03
    0.2370000000E+03     -0.1217797961E+03
    0.2380000000E+03     -0.1214704403E+03
    0.2390000000E+03     -0.1211536044E+03
    0.2400000000E+03     -0.1208277520E+03
    0.2410000000E+03     -0.1204924564E+03
    0.2420000000E+03     -0.1201456660E+03
    0.2430000000E+03     -0.1197960113E+03
    0.2440000000E+03     -0.1194373001E+03
    0.2450000000E+03     -0.1190666770E+03
    0.2460000000E+03     -0.1186913866E+03
    0.2470000000E+03     -0.1183071857E+03
    0.2480000000E+03     -0.1179162786E+03
    0.2490000000E+03     -0.1175162780E+03
    0.2500000000E+03     -0.1171081923E+03
    0.2510000000E+03     -0.1166929758E+03
    0.2520000000E+03     -0.1162701849E+03
    0.2530000000E+03     -0.1158386590E+03
    0.2540000000E+03     -0.1154001555E+03
    0.2550000000E+03     -0.1149543369E+03
    0.2560000000E+03     -0.1144991141E+03
    0.2570000000E+03     -0.1140357799E+03
    0.2580000000E+03     -0.1135659800E+03
    0.2590000000E+03     -0.1130868563E+03
    0.2600000000E+03     -0.1126011043E+03
    0.2610000000E+03     -0.1121069742E+03
    0.2620000000E+03     -0.1116075336E+03
    0.2630000000E+03     -0.1110987769E+03
    0.2640000000E+03     -0.1105814779E+03
    0.2650000000E+03     -0.1100584781E+03
    0.2660000000E+03     -0.1095247777E+03
    0.2670000000E+03     -0.1089829988E+03
    0.2680000000E+03     -0.1084346014E+03
    0.2690000000E+03     -0.1078756889E+03
    0.2700000000E+03     -0.1073089028E+03
    0.2710000000E+03     -0.1067316444E+03
    0.2720000000E+03     -0.1061488126E+03
    0.2730000000E+03     -0.1055569058E+03
    0.2740000000E+03     -0.1049566683E+03
    0.2750000000E+03     -0.1043477869E+03
    0.2760000000E+03     -0.1037289799E+03
    0.2770000000E+03     -0.1031030815E+03
    0.2780000000E+03     -0.1024668711E+03
    0.2790000000E+03     -0.1018230408E+03
    0.2800000000E+03     -0.1011683408E+03
    0.2810000000E+03     -0.1005043943E+03
    0.2820000000E+03     -0.9983176861E+02
    0.2830000000E+03     -0.9915225453E+02
    0.2840000000E+03     -0.9846172173E+02
    0.2850000000E+03     -0.9776351368E+02
    0.2860000000E+03     -0.9705420162E+02
    0.2870000000E+03     -0.9633577806E+02
    0.2880000000E+03     -0.9560600322E+02
    0.2890000000E+03     -0.9486805741E+02
    0.2900000000E+03     -0.9412044038E+02
    0.2910000000E+03     -0.9336232309E+02
    0.2920000000E+03     -0.9259451670E+02
    0.2930000000E+03     -0.9181474068E+02
    0.2940000000E+03     -0.9102774101E+02
    0.2950000000E+03     -0.9023195436E+02
    0.2960000000E+03     -0.8942055897E+02
    0.2970000000E+03     -0.8860059917E+02
    0.2980000000E+03     -0.8777110234E+02
    0.2990000000E+03     -0.8692755214E+02
    0.3000000000E+03     -0.8607492037E+02
    0.3010000000E+03     -0.8521471712E+02
    0.3020000000E+03     -0.8434223039E+02
    0.3030000000E+03     -0.8345818251E+02
    0.3040000000E+03     -0.8256295471E+02
    0.3050000000E+03     -0.8165675963E+02
    0.3060000000E+03     -0.8074416368E+02
    0.3070000000E+03     -0.7982084433E+02
    0.3080000000E+03     -0.7888691519E+02
    0.3090000000E+03     -0.7794409805E+02
    0.3100000000E+03     -0.7699414683E+02
    0.3110000000E+03     -0.7603094476E+02
    0.3120000000E+03     -0.7506097470E+02
    0.3130000000E+03     -0.7408172263E+02
    0.3140000000E+03     -0.7309592511E+02
    0.3150000000E+03     -0.7210019588E+02
    0.3160000000E+03     -0.7109948944E+02
    0.3170000000E+03     -0.7009223597E+02
    0.3180000000E+03     -0.6907861230E+02
    0.3190000000E+03     -0.6806024132E+02
    0.3200000000E+03     -0.6703772852E+02
    0.3210000000E+03     -0.6601124612E+02
    0.3220000000E+03     -0.6497508225E+02
    0.3230000000E+03     -0.6393679249E+02
    0.3240000000E+03     -0.6289491712E+02
    0.3250000000E+03     -0.6185111387E+02
    0.3260000000E+03     -0.6080300926E+02
    0.3270000000E+03     -0.5975324520E+02
    0.3280000000E+03     -0.5870019830E+02
    0.3290000000E+03     -0.5764416389E+02
    0.3300000000E+03     -0.5658460453E+02
    0.3310000000E+03     -0.5552483603E+02
    0.3320000000E+03     -0.5446706454E+02
    0.3330000000E+03     -0.5340819130E+02
    0.3340000000E+03     -0.5234894660E+02
    0.3350000000E+03     -0.5129182916E+02
    0.3360000000E+03     -0.5023387022E+02
    0.3370000000E+03     -0.4917540686E+02
    0.3380000000E+03     -0.4812281338E+02
    0.3390000000E+03     -0.4706903721E+02
    0.3400000000E+03     -0.4601931122E+02
    0.3410000000E+03     -0.4497156031E+02
    0.3420000000E+03     -0.4392844090E+02
    0.3430000000E+03     -0.4288765686E+02
    0.3440000000E+03     -0.4185636831E+02
    0.3450000000E+03     -0.4082535882E+02
    0.3460000000E+03     -0.3980094624E+02
    0.3470000000E+03     -0.3878004877E+02
    0.3480000000E+03     -0.3776825724E+02
    0.3490000000E+03     -0.3675907707E+02
    0.3500000000E+03     -0.3576154477E+02
    0.3510000000E+03     -0.3476655428E+02
    0.3520000000E+03     -0.3378209898E+02
    0.3530000000E+03     -0.3280289034E+02
    0.3540000000E+03     -0.3182891024E+02
    0.3550000000E+03     -0.3086786229E+02
    0.3560000000E+03     -0.2991384435E+02
    0.3570000000E+03     -0.2896890788E+02
    0.3580000000E+03     -0.2803675487E+02
    0.3590000000E+03     -0.2710972155E+02
    0.3600000000E+03     -0.2619582136E+02
    0.3610000000E+03     -0.2529428652E+02
    0.3620000000E+03     -0.2440566115E+02
    0.3630000000E+03     -0.2352841866E+02
    0.3640000000E+03     -0.2266216243E+02
    0.3650000000E+03     -0.2181463700E+02
    0.3660000000E+03     -0.2096882031E+02
    0.3670000000E+03     -0.2014130736E+02
    0.3680000000E+03     -0.1933081245E+02
    0.3690000000E+03     -0.1853242925E+02
    0.3700000000E+03     -0.1775333651E+02
    0.3710000000E+03     -0.1698565328E+02
    0.3720000000E+03     -0.1624100157E+02
    0.3730000000E+03     -0.1550178073E+02
    0.3740000000E+03     -0.1478162364E+02
    0.3750000000E+03     -0.1408034388E+02
    0.3760000000E+03     -0.1339770140E+02
    0.3770000000E+03     -0.1272599091E+02
    0.3780000000E+03     -0.1208196700E+02
    0.3790000000E+03     -0.1145239079E+02
    0.3800000000E+03     -0.1084094452E+02
    0.3810000000E+03     -0.1025262852E+02
    0.3820000000E+03     -0.9682322139E+01
    0.3830000000E+03     -0.9127764343E+01
    0.3840000000E+03     -0.8598326128E+01
    0.3850000000E+03     -0.8087619692E+01
    0.3860000000E+03     -0.7614385101E+01
    0.3870000000E+03     -0.7154619295E+01
    0.3880000000E+03     -0.6717220232E+01
    0.3890000000E+03     -0.6303626660E+01
    0.3900000000E+03     -0.5911092480E+01
    0.3910000000E+03     -0.5548596208E+01
    0.3920000000E+03     -0.5212380545E+01
    0.3930000000E+03     -0.4907639134E+01
    0.3940000000E+03     -0.4623635805E+01
    0.3950000000E+03     -0.4359886213E+01
    0.3960000000E+03     -0.4136766529E+01
    0.3970000000E+03     -0.3937684146E+01
    0.3980000000E+03     -0.3759509469E+01
    0.3990000000E+03     -0.3604838759E+01
    0.4000000000E+03     -0.3493438845E+01
    0.4010000000E+03     -0.3405930771E+01
    0.4020000000E+03     -0.3360931586E+01
    0.4030000000E+03     -0.3334214712E+01
    0.4040000000E+03     -0.3351141587E+01
    0.4050000000E+03     -0.3390313355E+01
    0.4060000000E+03     -0.3465055682E+01
    0.4070000000E+03     -0.3573643187E+01
    0.4080000000E+03     -0.3717256747E+01
    0.4090000000E+03     -0.3893157387E+01
    0.4100000000E+03     -0.4108657838E+01
    0.4110000000E+03     -0.4340421604E+01
    0.4120000000E+03     -0.4616608293E+01
    0.4130000000E+03     -0.4941610936E+01
    0.4140000000E+03     -0.5276598660E+01
    0.4150000000E+03     -0.5685145281E+01
    0.4160000000E+03     -0.6128021159E+01
    0.4170000000E+03     -0.6611315622E+01
    0.4180000000E+03     -0.7136533281E+01
    0.4190000000E+03     -0.7691261081E+01
    0.4200000000E+03     -0.8286013320E+01
    0.4210000000E+03     -0.8920161351E+01
    0.4220000000E+03     -0.9599016051E+01
    0.4230000000E+03     -0.1032335560E+02
    0.4240000000E+03     -0.1108693207E+02
    0.4250000000E+03     -0.1189687541E+02
    0.4260000000E+03     -0.1274748659E+02
    0.4270000000E+03     -0.1364968641E+02
    0.4280000000E+03     -0.1460421853E+02
    0.4290000000E+03     -0.1560114012E+02
    0.4300000000E+03     -0.1665546224E+02
    0.4310000000E+03     -0.1775168518E+02
    0.4320000000E+03     -0.1889273707E+02
    0.4330000000E+03     -0.2008717155E+02
    0.4340000000E+03     -0.2132620698E+02
    0.4350000000E+03     -0.2261351758E+02
    0.4360000000E+03     -0.2397683341E+02
    0.4370000000E+03     -0.2538489202E+02
    0.4380000000E+03     -0.2684100949E+02
    0.4390000000E+03     -0.2835324391E+02
    0.4400000000E+03     -0.2992824902E+02
    0.4410000000E+03     -0.3155944287E+02
    0.4420000000E+03     -0.3324166501E+02
    0.4430000000E+03     -0.3497599435E+02
    0.4440000000E+03     -0.3678270788E+02
    0.4450000000E+03     -0.3861847290E+02
    0.4460000000E+03     -0.4051838037E+02
    0.4470000000E+03     -0.4248692435E+02
    0.4480000000E+03     -0.4451877950E+02
    0.4490000000E+03     -0.4660375239E+02
    0.4500000000E+03     -0.4874935702E+02
    0.4510000000E+03     -0.5097943509E+02
    0.4520000000E+03     -0.5326060958E+02
    0.4530000000E+03     -0.5559985692E+02
    0.4540000000E+03     -0.5800703566E+02
    0.4550000000E+03     -0.6048169966E+02
    0.4560000000E+03     -0.6304111283E+02
    0.4570000000E+03     -0.6568846590E+02
    0.4580000000E+03     -0.6838374100E+02
    0.4590000000E+03     -0.7115862445E+02
    0.4600000000E+03     -0.7394700551E+02
    0.4610000000E+03     -0.7685187537E+02
    0.4620000000E+03     -0.7980840781E+02
    0.4630000000E+03     -0.8283223408E+02
    0.4640000000E+03     -0.8590942290E+02
    0.4650000000E+03     -0.8911589281E+02
    0.4660000000E+03     -0.9237098349E+02
    0.4670000000E+03     -0.9569879864E+02
    0.4680000000E+03     -0.9907749803E+02
    0.4690000000E+03     -0.1025350118E+03
    0.4700000000E+03     -0.1061087534E+03
    0.4710000000E+03     -0.1097326242E+03
    0.4720000000E+03     -0.1134550793E+03
    0.4730000000E+03     -0.1172657348E+03
    0.4740000000E+03     -0.1211389548E+03
    0.4750000000E+03     -0.1250966821E+03
    0.4760000000E+03     -0.1291395371E+03
    0.4770000000E+03     -0.1332834312E+03
    0.4780000000E+03     -0.1374884356E+03
    0.4790000000E+03     -0.1417823127E+03
    0.4800000000E+03     -0.1461412473E+03
    0.4810000000E+03     -0.1505809205E+03
    0.4820000000E+03     -0.1551608113E+03
    0.4830000000E+03     -0.1598284992E+03
    0.4840000000E+03     -0.1645952244E+03
    0.4850000000E+03     -0.1694395524E+03
