    0.0000000000E+00     -0.2341226667E+01
    0.1000000000E+01     -0.1870794483E+01
    0.2000000000E+01     -0.2059311556E+01
    0.3000000000E+01     -0.2618937463E+01
    0.4000000000E+01     -0.3431894335E+01
    0.5000000000E+01     -0.4433535199E+01
    0.6000000000E+01     -0.5582854877E+01
    0.7000000000E+01     -0.6851772309E+01
    0.8000000000E+01     -0.8219686229E+01
    0.9000000000E+01     -0.9670709798E+01
    0.1000000000E+02     -0.1119198664E+02
    0.1100000000E+02     -0.1277341491E+02
    0.1200000000E+02     -0.1440673795E+02
    0.1300000000E+02     -0.1608500495E+02
    0.1400000000E+02     -0.1780199042E+02
    0.1500000000E+02     -0.1955227084E+02
    0.1600000000E+02     -0.2133129267E+02
    0.1700000000E+02     -0.2313490413E+02
    0.1800000000E+02     -0.2495939587E+02
    0.1900000000E+02     -0.2680179873E+02
    0.2000000000E+02     -0.2865884035E+02
    0.2100000000E+02     -0.3052756479E+02
    0.2200000000E+02     -0.3240515615E+02
    0.2300000000E+02     -0.3428930556E+02
    0.2400000000E+02     -0.3617799575E+02
    0.2500000000E+02     -0.3806884130E+02
    0.2600000000E+02     -0.3995981620E+02
    0.2700000000E+02     -0.4184894670E+02
    0.2800000000E+02     -0.4373393926E+02
    0.2900000000E+02     -0.4561335358E+02
    0.3000000000E+02     -0.4748499709E+02
    0.3100000000E+02     -0.4934714550E+02
    0.3200000000E+02     -0.5119830667E+02
    0.3300000000E+02     -0.5303660435E+02
    0.3400000000E+02     -0.5486040047E+02
    0.3500000000E+02     -0.5666780252E+02
    0.3600000000E+02     -0.5845729890E+02
    0.3700000000E+02     -0.6022734986E+02
    0.3800000000E+02     -0.6197785763E+02
    0.3900000000E+02     -0.6370647775E+02
    0.4000000000E+02     -0.6541368978E+02
    0.4100000000E+02     -0.6709918954E+02
    0.4200000000E+02     -0.6876332255E+02
    0.4300000000E+02     -0.7040608144E+02
    0.4400000000E+02     -0.7202764235E+02
    0.4500000000E+02     -0.7362955613E+02
    0.4600000000E+02     -0.7521203912E+02
    0.4700000000E+02     -0.7677575128E+02
    0.4800000000E+02     -0.7832056972E+02
    0.4900000000E+02     -0.7984778080E+02
    0.5000000000E+02     -0.8135798024E+02
    0.5100000000E+02     -0.8285140278E+02
    0.5200000000E+02     -0.8432802929E+02
    0.5300000000E+02     -0.8578880277E+02
    0.5400000000E+02     -0.8723349724E+02
    0.5500000000E+02     -0.8866295124E+02
    0.5600000000E+02     -0.9007808268E+02
    0.5700000000E+02     -0.9147815702E+02
    0.5800000000E+02     -0.9286332308E+02
    0.5900000000E+02     -0.9423498490E+02
    0.6000000000E+02     -0.9559238261E+02
    0.6100000000E+02     -0.9693520595E+02
    0.6200000000E+02     -0.9826432166E+02
    0.6300000000E+02     -0.9958005628E+02
    0.6400000000E+02     -0.1008821565E+03
    0.6500000000E+02     -0.1021705703E+03
    0.6600000000E+02     -0.1034453154E+03
    0.6700000000E+02     -0.1047060534E+03
    0.6800000000E+02     -0.1059532899E+03
    0.6900000000E+02     -0.1071866293E+03
    0.7000000000E+02     -0.1084068623E+03
    0.7100000000E+02     -0.1096134248E+03
    0.7200000000E+02     -0.1108068550E+03
    0.7300000000E+02     -0.1119865482E+03
    0.7400000000E+02     -0.1131532416E+03
    0.7500000000E+02     -0.1143062613E+03
    0.7600000000E+02     -0.1154463955E+03
    0.7700000000E+02     -0.1165732548E+03
    0.7800000000E+02     -0.1176866609E+03
    0.7900000000E+02     -0.1187873437E+03
    0.8000000000E+02     -0.1198757987E+03
    0.8100000000E+02     -0.1209518191E+03
    0.8200000000E+02     -0.1220153680E+03
    0.8300000000E+02     -0.1230663723E+03
    0.8400000000E+02     -0.1241063162E+03
    0.8500000000E+02     -0.1251338726E+03
    0.8600000000E+02     -0.1261503249E+03
    0.8700000000E+02     -0.1271552711E+03
    0.8800000000E+02     -0.1281487366E+03
    0.8900000000E+02     -0.1291316631E+03
    0.9000000000E+02     -0.1301029409E+03
    0.9100000000E+02     -0.1310649350E+03
    0.9200000000E+02     -0.1320163895E+03
    0.9300000000E+02     -0.1329579543E+03
    0.9400000000E+02     -0.1338892495E+03
    0.9500000000E+02     -0.1348111059E+03
    0.9600000000E+02     -0.1357235699E+03
    0.9700000000E+02     -0.1366270097E+03
    0.9800000000E+02     -0.1375207895E+03
    0.9900000000E+02     -0.1384058644E+03
    0.1000000000E+03     -0.1392813477E+03
    0.1010000000E+03     -0.1401482149E+03
    0.1020000000E+03     -0.1410064572E+03
    0.1030000000E+03     -0.1418546108E+03
    0.1040000000E+03     -0.1426953970E+03
    0.1050000000E+03     -0.1435273978E+03
    0.1060000000E+03     -0.1443501401E+03
    0.1070000000E+03     -0.1451635501E+03
    0.1080000000E+03     -0.1459688696E+03
    0.1090000000E+03     -0.1467653088E+03
    0.1100000000E+03     -0.1475531599E+03
    0.1110000000E+03     -0.1483313661E+03
    0.1120000000E+03     -0.1491001774E+03
    0.1130000000E+03     -0.1498602552E+03
    0.1140000000E+03     -0.1506116380E+03
    0.1150000000E+03     -0.1513527292E+03
    0.1160000000E+03     -0.1520843752E+03
    0.1170000000E+03     -0.1528072636E+03
    0.1180000000E+03     -0.1535196612E+03
    0.1190000000E+03     -0.1542216064E+03
    0.1200000000E+03     -0.1549137571E+03
    0.1210000000E+03     -0.1555956190E+03
    0.1220000000E+03     -0.1562675638E+03
    0.1230000000E+03     -0.1569279149E+03
    0.1240000000E+03     -0.1575784927E+03
    0.1250000000E+03     -0.1582173906E+03
    0.1260000000E+03     -0.1588448904E+03
    0.1270000000E+03     -0.1594610780E+03
    0.1280000000E+03     -0.1600649348E+03
    0.1290000000E+03     -0.1606566994E+03
    0.1300000000E+03     -0.1612368150E+03
    0.1310000000E+03     -0.1618035608E+03
    0.1320000000E+03     -0.1623577359E+03
    0.1330000000E+03     -0.1628982951E+03
    0.1340000000E+03     -0.1634260272E+03
    0.1350000000E+03     -0.1639404437E+03
    0.1360000000E+03     -0.1644406837E+03
    0.1370000000E+03     -0.1649266942E+03
    0.1380000000E+03     -0.1653987650E+03
    0.1390000000E+03     -0.1658559871E+03
    0.1400000000E+03     -0.1662990809E+03
    0.1410000000E+03     -0.1667274036E+03
    0.1420000000E+03     -0.1671411205E+03
    0.1430000000E+03     -0.1675405978E+03
    0.1440000000E+03     -0.1679254369E+03
    0.1450000000E+03     -0.1682943140E+03
    0.1460000000E+03     -0.1686498582E+03
    0.1470000000E+03     -0.1689900114E+03
    0.1480000000E+03     -0.1693176265E+03
    0.1490000000E+03     -0.1696317896E+03
    0.1500000000E+03     -0.1699332348E+03
    0.1510000000E+03     -0.1702222136E+03
    0.1520000000E+03     -0.1704996767E+03
    0.1530000000E+03     -0.1707656937E+03
    0.1540000000E+03     -0.1710210208E+03
    0.1550000000E+03     -0.1712668900E+03
    0.1560000000E+03     -0.1715028422E+03
    0.1570000000E+03     -0.1717296131E+03
    0.1580000000E+03     -0.1719474904E+03
    0.1590000000E+03     -0.1721572696E+03
    0.1600000000E+03     -0.1723587859E+03
    0.1610000000E+03     -0.1725536500E+03
    0.1620000000E+03     -0.1727408400E+03
    0.1630000000E+03     -0.1729224801E+03
    0.1640000000E+03     -0.1730972252E+03
    0.1650000000E+03     -0.1732655473E+03
    0.1660000000E+03     -0.1734279520E+03
    0.1670000000E+03     -0.1735843736E+03
    0.1680000000E+03     -0.1737348335E+03
    0.1690000000E+03     -0.1738813576E+03
    0.1700000000E+03     -0.1740222921E+03
    0.1710000000E+03     -0.1741585503E+03
    0.1720000000E+03     -0.1742898930E+03
    0.1730000000E+03     -0.1744173736E+03
    0.1740000000E+03     -0.1745405658E+03
    0.1750000000E+03     -0.1746592058E+03
    0.1760000000E+03     -0.1747744574E+03
    0.1770000000E+03     -0.1748845942E+03
    0.1780000000E+03     -0.1749904974E+03
    0.1790000000E+03     -0.1750933721E+03
    0.1800000000E+03     -0.1751918663E+03
    0.1810000000E+03     -0.1752860292E+03
    0.1820000000E+03     -0.1753768903E+03
    0.1830000000E+03     -0.1754640893E+03
    0.1840000000E+03     -0.1755478973E+03
    0.1850000000E+03     -0.1756279727E+03
    0.1860000000E+03     -0.1757046968E+03
    0.1870000000E+03     -0.1757783917E+03
    0.1880000000E+03     -0.1758497821E+03
    0.1890000000E+03     -0.1759170343E+03
    0.1900000000E+03     -0.1759812040E+03
    0.1910000000E+03     -0.1760423241E+03
    0.1920000000E+03     -0.1760992837E+03
    0.1930000000E+03     -0.1761538712E+03
    0.1940000000E+03     -0.1762048897E+03
    0.1950000000E+03     -0.1762522729E+03
    0.1960000000E+03     -0.1762966603E+03
    0.1970000000E+03     -0.1763379757E+03
    0.1980000000E+03     -0.1763764578E+03
    0.1990000000E+03     -0.1764125324E+03
    0.2000000000E+03     -0.1764444042E+03
    0.2010000000E+03     -0.1764734747E+03
    0.2020000000E+03     -0.1764987836E+03
    0.2030000000E+03     -0.1765218330E+03
    0.2040000000E+03     -0.1765416533E+03
    0.2050000000E+03     -0.1765573010E+03
    0.2060000000E+03     -0.1765703397E+03
    0.2070000000E+03     -0.1765791429E+03
    0.2080000000E+03     -0.1765848370E+03
    0.2090000000E+03     -0.1765862203E+03
    0.2100000000E+03     -0.1765849019E+03
    0.2110000000E+03     -0.1765791469E+03
    0.2120000000E+03     -0.1765686112E+03
    0.2130000000E+03     -0.1765550095E+03
    0.2140000000E+03     -0.1765368012E+03
    0.2150000000E+03     -0.1765147473E+03
    0.2160000000E+03     -0.1764879953E+03
    0.2170000000E+03     -0.1764560749E+03
    0.2180000000E+03     -0.1764207743E+03
    0.2190000000E+03     -0.1763792307E+03
    0.2200000000E+03     -0.1763327478E+03
    0.2210000000E+03     -0.1762813090E+03
    0.2220000000E+03     -0.1762245931E+03
    0.2230000000E+03     -0.1761620807E+03
    0.2240000000E+03     -0.1760939576E+03
    0.2250000000E+03     -0.1760197545E+03
    0.2260000000E+03     -0.1759401259E+03
    0.2270000000E+03     -0.1758524312E+03
    0.2280000000E+03     -0.1757598691E+03
    0.2290000000E+03     -0.1756581204E+03
    0.2300000000E+03     -0.1755498895E+03
    0.2310000000E+03     -0.1754334256E+03
    0.2320000000E+03     -0.1753095472E+03
    0.2330000000E+03     -0.1751765045E+03
    0.2340000000E+03     -0.1750332659E+03
    0.2350000000E+03     -0.1748815050E+03
    0.2360000000E+03     -0.1747188456E+03
    0.2370000000E+03     -0.1745438525E+03
    0.2380000000E+03     -0.1743572377E+03
    0.2390000000E+03     -0.1741575392E+03
    0.2400000000E+03     -0.1739441327E+03
    0.2410000000E+03     -0.1737162040E+03
    0.2420000000E+03     -0.1734687730E+03
    0.2430000000E+03     -0.1732095686E+03
    0.2440000000E+03     -0.1729322285E+03
    0.2450000000E+03     -0.1726272530E+03
    0.2460000000E+03     -0.1723129366E+03
    0.2470000000E+03     -0.1719841610E+03
    0.2480000000E+03     -0.1716415634E+03
    0.2490000000E+03     -0.1712821324E+03
    0.2500000000E+03     -0.1709056566E+03
    0.2510000000E+03     -0.1705164905E+03
    0.2520000000E+03     -0.1701129979E+03
    0.2530000000E+03     -0.1696974919E+03
    0.2540000000E+03     -0.1692714161E+03
    0.2550000000E+03     -0.1688318309E+03
    0.2560000000E+03     -0.1683764643E+03
    0.2570000000E+03     -0.1679120480E+03
    0.2580000000E+03     -0.1674377924E+03
    0.2590000000E+03     -0.1669504469E+03
    0.2600000000E+03     -0.1664521775E+03
    0.2610000000E+03     -0.1659430968E+03
    0.2620000000E+03     -0.1654340075E+03
    0.2630000000E+03     -0.1649044197E+03
    0.2640000000E+03     -0.1643641381E+03
    0.2650000000E+03     -0.1638231087E+03
    0.2660000000E+03     -0.1632646049E+03
    0.2670000000E+03     -0.1626969942E+03
    0.2680000000E+03     -0.1621180772E+03
    0.2690000000E+03     -0.1615278294E+03
    0.2700000000E+03     -0.1609287540E+03
    0.2710000000E+03     -0.1603211255E+03
    0.2720000000E+03     -0.1597071808E+03
    0.2730000000E+03     -0.1590812653E+03
    0.2740000000E+03     -0.1584486729E+03
    0.2750000000E+03     -0.1578076323E+03
    0.2760000000E+03     -0.1571571338E+03
    0.2770000000E+03     -0.1564980276E+03
    0.2780000000E+03     -0.1558298002E+03
    0.2790000000E+03     -0.1551539392E+03
    0.2800000000E+03     -0.1544709391E+03
    0.2810000000E+03     -0.1537747658E+03
    0.2820000000E+03     -0.1530749902E+03
    0.2830000000E+03     -0.1523651590E+03
    0.2840000000E+03     -0.1516471282E+03
    0.2850000000E+03     -0.1509212845E+03
    0.2860000000E+03     -0.1501832143E+03
    0.2870000000E+03     -0.1494358150E+03
    0.2880000000E+03     -0.1486806843E+03
    0.2890000000E+03     -0.1479174143E+03
    0.2900000000E+03     -0.1471433520E+03
    0.2910000000E+03     -0.1463608167E+03
    0.2920000000E+03     -0.1455683926E+03
    0.2930000000E+03     -0.1447643535E+03
    0.2940000000E+03     -0.1439508669E+03
    0.2950000000E+03     -0.1431280331E+03
    0.2960000000E+03     -0.1422884957E+03
    0.2970000000E+03     -0.1414386300E+03
    0.2980000000E+03     -0.1405807734E+03
    0.2990000000E+03     -0.1397096356E+03
    0.3000000000E+03     -0.1388234774E+03
    0.3010000000E+03     -0.1379258697E+03
    0.3020000000E+03     -0.1370171472E+03
    0.3030000000E+03     -0.1360952257E+03
    0.3040000000E+03     -0.1351591059E+03
    0.3050000000E+03     -0.1342102039E+03
    0.3060000000E+03     -0.1332538135E+03
    0.3070000000E+03     -0.1322782859E+03
    0.3080000000E+03     -0.1312854260E+03
    0.3090000000E+03     -0.1302861524E+03
    0.3100000000E+03     -0.1292674666E+03
    0.3110000000E+03     -0.1282355858E+03
    0.3120000000E+03     -0.1271914404E+03
    0.3130000000E+03     -0.1261327887E+03
    0.3140000000E+03     -0.1250604436E+03
    0.3150000000E+03     -0.1239760073E+03
    0.3160000000E+03     -0.1228803817E+03
    0.3170000000E+03     -0.1217688628E+03
    0.3180000000E+03     -0.1206501851E+03
    0.3190000000E+03     -0.1195166357E+03
    0.3200000000E+03     -0.1183675072E+03
    0.3210000000E+03     -0.1172158668E+03
    0.3220000000E+03     -0.1160376613E+03
    0.3230000000E+03     -0.1148485850E+03
    0.3240000000E+03     -0.1136431625E+03
    0.3250000000E+03     -0.1124265589E+03
    0.3260000000E+03     -0.1111963211E+03
    0.3270000000E+03     -0.1099448072E+03
    0.3280000000E+03     -0.1086802796E+03
    0.3290000000E+03     -0.1074000414E+03
    0.3300000000E+03     -0.1061051636E+03
    0.3310000000E+03     -0.1047858828E+03
    0.3320000000E+03     -0.1034504404E+03
    0.3330000000E+03     -0.1021011708E+03
    0.3340000000E+03     -0.1007264767E+03
    0.3350000000E+03     -0.9932634964E+02
    0.3360000000E+03     -0.9790764703E+02
    0.3370000000E+03     -0.9646374685E+02
    0.3380000000E+03     -0.9500217921E+02
    0.3390000000E+03     -0.9352739594E+02
    0.3400000000E+03     -0.9205078937E+02
    0.3410000000E+03     -0.9055145259E+02
    0.3420000000E+03     -0.8904346024E+02
    0.3430000000E+03     -0.8753901254E+02
    0.3440000000E+03     -0.8602538019E+02
    0.3450000000E+03     -0.8451483706E+02
    0.3460000000E+03     -0.8300357282E+02
    0.3470000000E+03     -0.8148869847E+02
    0.3480000000E+03     -0.7997938820E+02
    0.3490000000E+03     -0.7846929370E+02
    0.3500000000E+03     -0.7696453244E+02
    0.3510000000E+03     -0.7545006234E+02
    0.3520000000E+03     -0.7393997328E+02
    0.3530000000E+03     -0.7243383405E+02
    0.3540000000E+03     -0.7092287915E+02
    0.3550000000E+03     -0.6942014399E+02
    0.3560000000E+03     -0.6791404357E+02
    0.3570000000E+03     -0.6641238612E+02
    0.3580000000E+03     -0.6491585618E+02
    0.3590000000E+03     -0.6342377106E+02
    0.3600000000E+03     -0.6193562179E+02
    0.3610000000E+03     -0.6045558048E+02
    0.3620000000E+03     -0.5898414877E+02
    0.3630000000E+03     -0.5751791613E+02
    0.3640000000E+03     -0.5605671945E+02
    0.3650000000E+03     -0.5460865781E+02
    0.3660000000E+03     -0.5316865037E+02
    0.3670000000E+03     -0.5173149336E+02
    0.3680000000E+03     -0.5030706923E+02
    0.3690000000E+03     -0.4889221644E+02
    0.3700000000E+03     -0.4748824700E+02
    0.3710000000E+03     -0.4609595145E+02
    0.3720000000E+03     -0.4471576856E+02
    0.3730000000E+03     -0.4334195431E+02
    0.3740000000E+03     -0.4199146710E+02
    0.3750000000E+03     -0.4065021343E+02
    0.3760000000E+03     -0.3932693091E+02
    0.3770000000E+03     -0.3801881080E+02
    0.3780000000E+03     -0.3672534642E+02
    0.3790000000E+03     -0.3544126129E+02
    0.3800000000E+03     -0.3417289749E+02
    0.3810000000E+03     -0.3292349525E+02
    0.3820000000E+03     -0.3168821662E+02
    0.3830000000E+03     -0.3047117958E+02
    0.3840000000E+03     -0.2927366944E+02
    0.3850000000E+03     -0.2809725723E+02
    0.3860000000E+03     -0.2694378762E+02
    0.3870000000E+03     -0.2580929942E+02
    0.3880000000E+03     -0.2469123645E+02
    0.3890000000E+03     -0.2359008606E+02
    0.3900000000E+03     -0.2250666247E+02
    0.3910000000E+03     -0.2145200038E+02
    0.3920000000E+03     -0.2042130316E+02
    0.3930000000E+03     -0.1941534559E+02
    0.3940000000E+03     -0.1843618034E+02
    0.3950000000E+03     -0.1747364069E+02
    0.3960000000E+03     -0.1654395046E+02
    0.3970000000E+03     -0.1563857875E+02
    0.3980000000E+03     -0.1475325380E+02
    0.3990000000E+03     -0.1390220546E+02
    0.4000000000E+03     -0.1307377187E+02
    0.4010000000E+03     -0.1227324616E+02
    0.4020000000E+03     -0.1150994714E+02
    0.4030000000E+03     -0.1077107990E+02
    0.4040000000E+03     -0.1006737493E+02
    0.4050000000E+03     -0.9385148516E+01
    0.4060000000E+03     -0.8742485551E+01
    0.4070000000E+03     -0.8124366598E+01
    0.4080000000E+03     -0.7546957569E+01
    0.4090000000E+03     -0.6993135929E+01
    0.4100000000E+03     -0.6492826562E+01
    0.4110000000E+03     -0.5999895709E+01
    0.4120000000E+03     -0.5554310450E+01
    0.4130000000E+03     -0.5146534882E+01
    0.4140000000E+03     -0.4769306498E+01
    0.4150000000E+03     -0.4424932201E+01
    0.4160000000E+03     -0.4131207547E+01
    0.4170000000E+03     -0.3869418397E+01
    0.4180000000E+03     -0.3654796946E+01
    0.4190000000E+03     -0.3477562974E+01
    0.4200000000E+03     -0.3338547912E+01
    0.4210000000E+03     -0.3249245596E+01
    0.4220000000E+03     -0.3201956330E+01
    0.4230000000E+03     -0.3201560908E+01
    0.4240000000E+03     -0.3234181135E+01
    0.4250000000E+03     -0.3300633720E+01
    0.4260000000E+03     -0.3406799314E+01
    0.4270000000E+03     -0.3566159711E+01
    0.4280000000E+03     -0.3789443427E+01
    0.4290000000E+03     -0.4043268154E+01
    0.4300000000E+03     -0.4360718726E+01
    0.4310000000E+03     -0.4711219307E+01
    0.4320000000E+03     -0.5113572419E+01
    0.4330000000E+03     -0.5573289733E+01
    0.4340000000E+03     -0.6075623468E+01
    0.4350000000E+03     -0.6623316337E+01
    0.4360000000E+03     -0.7238416833E+01
    0.4370000000E+03     -0.7897700899E+01
    0.4380000000E+03     -0.8618253850E+01
    0.4390000000E+03     -0.9376719201E+01
    0.4400000000E+03     -0.1020955654E+02
    0.4410000000E+03     -0.1110379144E+02
    0.4420000000E+03     -0.1202794498E+02
    0.4430000000E+03     -0.1303191502E+02
    0.4440000000E+03     -0.1407662626E+02
    0.4450000000E+03     -0.1518160898E+02
    0.4460000000E+03     -0.1635563528E+02
    0.4470000000E+03     -0.1759434585E+02
    0.4480000000E+03     -0.1890815860E+02
    0.4490000000E+03     -0.2026481045E+02
    0.4500000000E+03     -0.2167837684E+02
    0.4510000000E+03     -0.2318035254E+02
    0.4520000000E+03     -0.2472029831E+02
    0.4530000000E+03     -0.2634970170E+02
    0.4540000000E+03     -0.2804488819E+02
    0.4550000000E+03     -0.2979912958E+02
    0.4560000000E+03     -0.3160443110E+02
    0.4570000000E+03     -0.3351913219E+02
    0.4580000000E+03     -0.3548526291E+02
    0.4590000000E+03     -0.3753681372E+02
    0.4600000000E+03     -0.3962128724E+02
    0.4610000000E+03     -0.4180970017E+02
    0.4620000000E+03     -0.4407223702E+02
    0.4630000000E+03     -0.4641344845E+02
    0.4640000000E+03     -0.4881402696E+02
    0.4650000000E+03     -0.5133232952E+02
    0.4660000000E+03     -0.5391040557E+02
    0.4670000000E+03     -0.5654506698E+02
    0.4680000000E+03     -0.5927019008E+02
    0.4690000000E+03     -0.6206850914E+02
    0.4700000000E+03     -0.6496886983E+02
    0.4710000000E+03     -0.6796197160E+02
    0.4720000000E+03     -0.7102302843E+02
    0.4730000000E+03     -0.7416635641E+02
    0.4740000000E+03     -0.7740969078E+02
    0.4750000000E+03     -0.8071950921E+02
    0.4760000000E+03     -0.8409510329E+02
    0.4770000000E+03     -0.8758986971E+02
    0.4780000000E+03     -0.9118027648E+02
    0.4790000000E+03     -0.9484625674E+02
    0.4800000000E+03     -0.9858675390E+02
    0.4810000000E+03     -0.1024529700E+03
    0.4820000000E+03     -0.1064084651E+03
    0.4830000000E+03     -0.1104743055E+03
    0.4840000000E+03     -0.1146098136E+03
    0.4850000000E+03     -0.1188649490E+03
