    0.0000000000E+00     -0.1693111968E+02
    0.1000000000E+01     -0.1431442891E+02
    0.2000000000E+01     -0.1237195722E+02
    0.3000000000E+01     -0.1081602043E+02
    0.4000000000E+01     -0.9528585555E+01
    0.5000000000E+01     -0.8445178504E+01
    0.6000000000E+01     -0.7525351301E+01
    0.7000000000E+01     -0.6740857252E+01
    0.8000000000E+01     -0.6070983866E+01
    0.9000000000E+01     -0.5499798748E+01
    0.1000000000E+02     -0.5015167060E+01
    0.1100000000E+02     -0.4607265049E+01
    0.1200000000E+02     -0.4267200921E+01
    0.1300000000E+02     -0.3988251432E+01
    0.1400000000E+02     -0.3765130972E+01
    0.1500000000E+02     -0.3592403875E+01
    0.1600000000E+02     -0.3465725720E+01
    0.1700000000E+02     -0.3380778818E+01
    0.1800000000E+02     -0.3334435686E+01
    0.1900000000E+02     -0.3323204844E+01
    0.2000000000E+02     -0.3345024608E+01
    0.2100000000E+02     -0.3397227770E+01
    0.2200000000E+02     -0.3477155577E+01
    0.2300000000E+02     -0.3583049922E+01
    0.2400000000E+02     -0.3713790917E+01
    0.2500000000E+02     -0.3867254770E+01
    0.2600000000E+02     -0.4041194572E+01
    0.2700000000E+02     -0.4234998867E+01
    0.2800000000E+02     -0.4447022702E+01
    0.2900000000E+02     -0.4675818702E+01
    0.3000000000E+02     -0.4920283367E+01
    0.3100000000E+02     -0.5179422984E+01
    0.3200000000E+02     -0.5452162645E+01
    0.3300000000E+02     -0.5737748083E+01
    0.3400000000E+02     -0.6035030785E+01
    0.3500000000E+02     -0.6343281450E+01
    0.3600000000E+02     -0.6661942909E+01
    0.3700000000E+02     -0.6990438286E+01
    0.3800000000E+02     -0.7327868932E+01
    0.3900000000E+02     -0.7673641437E+01
    0.4000000000E+02     -0.8026688649E+01
    0.4100000000E+02     -0.8386908585E+01
    0.4200000000E+02     -0.8753420925E+01
    0.4300000000E+02     -0.9126088973E+01
    0.4400000000E+02     -0.9504187469E+01
    0.4500000000E+02     -0.9887155597E+01
    0.4600000000E+02     -0.1027447664E+02
    0.4700000000E+02     -0.1066641935E+02
    0.4800000000E+02     -0.1106172131E+02
    0.4900000000E+02     -0.1146032855E+02
    0.5000000000E+02     -0.1186220942E+02
    0.5100000000E+02     -0.1226653037E+02
    0.5200000000E+02     -0.1267288727E+02
    0.5300000000E+02     -0.1308126692E+02
    0.5400000000E+02     -0.1349171899E+02
    0.5500000000E+02     -0.1390397902E+02
    0.5600000000E+02     -0.1431685070E+02
    0.5700000000E+02     -0.1473060737E+02
    0.5800000000E+02     -0.1514479870E+02
    0.5900000000E+02     -0.1555960741E+02
    0.6000000000E+02     -0.1597437129E+02
    0.6100000000E+02     -0.1638958956E+02
    0.6200000000E+02     -0.1680407038E+02
    0.6300000000E+02     -0.1721790154E+02
    0.6400000000E+02     -0.1763109740E+02
    0.6500000000E+02     -0.1804405426E+02
    0.6600000000E+02     -0.1845601919E+02
    0.6700000000E+02     -0.1886667678E+02
    0.6800000000E+02     -0.1927618044E+02
    0.6900000000E+02     -0.1968397596E+02
    0.7000000000E+02     -0.2009022096E+02
    0.7100000000E+02     -0.2049407154E+02
    0.7200000000E+02     -0.2089654319E+02
    0.7300000000E+02     -0.2129706367E+02
    0.7400000000E+02     -0.2169497397E+02
    0.7500000000E+02     -0.2209088222E+02
    0.7600000000E+02     -0.2248416640E+02
    0.7700000000E+02     -0.2287541618E+02
    0.7800000000E+02     -0.2326342943E+02
    0.7900000000E+02     -0.2364846943E+02
    0.8000000000E+02     -0.2403039443E+02
    0.8100000000E+02     -0.2440966427E+02
    0.8200000000E+02     -0.2478653310E+02
    0.8300000000E+02     -0.2516016360E+02
    0.8400000000E+02     -0.2553071965E+02
    0.8500000000E+02     -0.2589855742E+02
    0.8600000000E+02     -0.2626218187E+02
    0.8700000000E+02     -0.2662303013E+02
    0.8800000000E+02     -0.2698032267E+02
    0.8900000000E+02     -0.2733460027E+02
    0.9000000000E+02     -0.2768603130E+02
    0.9100000000E+02     -0.2803296366E+02
    0.9200000000E+02     -0.2837582050E+02
    0.9300000000E+02     -0.2871614535E+02
    0.9400000000E+02     -0.2905239194E+02
    0.9500000000E+02     -0.2938454017E+02
    0.9600000000E+02     -0.2971303659E+02
    0.9700000000E+02     -0.3003805652E+02
    0.9800000000E+02     -0.3035873824E+02
    0.9900000000E+02     -0.3067671177E+02
    0.1000000000E+03     -0.3098986918E+02
    0.1010000000E+03     -0.3129927772E+02
    0.1020000000E+03     -0.3160512046E+02
    0.1030000000E+03     -0.3190699202E+02
    0.1040000000E+03     -0.3220566549E+02
    0.1050000000E+03     -0.3249922621E+02
    0.1060000000E+03     -0.3278908127E+02
    0.1070000000E+03     -0.3307501848E+02
    0.1080000000E+03     -0.3335751586E+02
    0.1090000000E+03     -0.3363570790E+02
    0.1100000000E+03     -0.3390897375E+02
    0.1110000000E+03     -0.3417904068E+02
    0.1120000000E+03     -0.3444477980E+02
    0.1130000000E+03     -0.3470662782E+02
    0.1140000000E+03     -0.3496450091E+02
    0.1150000000E+03     -0.3521827236E+02
    0.1160000000E+03     -0.3546770300E+02
    0.1170000000E+03     -0.3571294257E+02
    0.1180000000E+03     -0.3595342110E+02
    0.1190000000E+03     -0.3618940339E+02
    0.1200000000E+03     -0.3642217652E+02
    0.1210000000E+03     -0.3665042268E+02
    0.1220000000E+03     -0.3687346562E+02
    0.1230000000E+03     -0.3709368954E+02
    0.1240000000E+03     -0.3730966611E+02
    0.1250000000E+03     -0.3752099557E+02
    0.1260000000E+03     -0.3772847687E+02
    0.1270000000E+03     -0.3793173569E+02
    0.1280000000E+03     -0.3813082629E+02
    0.1290000000E+03     -0.3832501503E+02
    0.1300000000E+03     -0.3851527584E+02
    0.1310000000E+03     -0.3870143350E+02
    0.1320000000E+03     -0.3888288065E+02
    0.1330000000E+03     -0.3906064870E+02
    0.1340000000E+03     -0.3923432856E+02
    0.1350000000E+03     -0.3940327044E+02
    0.1360000000E+03     -0.3956837943E+02
    0.1370000000E+03     -0.3972820363E+02
    0.1380000000E+03     -0.3988427719E+02
    0.1390000000E+03     -0.4003732972E+02
    0.1400000000E+03     -0.4018512024E+02
    0.1410000000E+03     -0.4032922728E+02
    0.1420000000E+03     -0.4046757722E+02
    0.1430000000E+03     -0.4060359482E+02
    0.1440000000E+03     -0.4073421704E+02
    0.1450000000E+03     -0.4086009148E+02
    0.1460000000E+03     -0.4098291020E+02
    0.1470000000E+03     -0.4110074057E+02
    0.1480000000E+03     -0.4121430248E+02
    0.1490000000E+03     -0.4132418990E+02
    0.1500000000E+03     -0.4143060713E+02
    0.1510000000E+03     -0.4153257615E+02
    0.1520000000E+03     -0.4163125263E+02
    0.1530000000E+03     -0.4172381993E+02
    0.1540000000E+03     -0.4181289883E+02
    0.1550000000E+03     -0.4189712126E+02
    0.1560000000E+03     -0.4197622607E+02
    0.1570000000E+03     -0.4205249103E+02
    0.1580000000E+03     -0.4212549123E+02
    0.1590000000E+03     -0.4219341015E+02
    0.1600000000E+03     -0.4225704140E+02
    0.1610000000E+03     -0.4231716155E+02
    0.1620000000E+03     -0.4237205438E+02
    0.1630000000E+03     -0.4242315274E+02
    0.1640000000E+03     -0.4246980483E+02
    0.1650000000E+03     -0.4251218116E+02
    0.1660000000E+03     -0.4255117457E+02
    0.1670000000E+03     -0.4258514486E+02
    0.1680000000E+03     -0.4261552918E+02
    0.1690000000E+03     -0.4264345655E+02
    0.1700000000E+03     -0.4266585829E+02
    0.1710000000E+03     -0.4268464401E+02
    0.1720000000E+03     -0.4269893859E+02
    0.1730000000E+03     -0.4270871004E+02
    0.1740000000E+03     -0.4271012909E+02
    0.1750000000E+03     -0.4271097593E+02
    0.1760000000E+03     -0.4270727620E+02
    0.1770000000E+03     -0.4269787200E+02
    0.1780000000E+03     -0.4268651893E+02
    0.1790000000E+03     -0.4267042686E+02
    0.1800000000E+03     -0.4265001364E+02
    0.1810000000E+03     -0.4262497535E+02
    0.1820000000E+03     -0.4259636951E+02
    0.1830000000E+03     -0.4256328449E+02
    0.1840000000E+03     -0.4252667583E+02
    0.1850000000E+03     -0.4248664767E+02
    0.1860000000E+03     -0.4244165650E+02
    0.1870000000E+03     -0.4239233016E+02
    0.1880000000E+03     -0.4233833836E+02
    0.1890000000E+03     -0.4228006220E+02
    0.1900000000E+03     -0.4221832110E+02
    0.1910000000E+03     -0.4215160424E+02
    0.1920000000E+03     -0.4207985002E+02
    0.1930000000E+03     -0.4200514950E+02
    0.1940000000E+03     -0.4192611281E+02
    0.1950000000E+03     -0.4184163114E+02
    0.1960000000E+03     -0.4175439479E+02
    0.1970000000E+03     -0.4166258404E+02
    0.1980000000E+03     -0.4156748989E+02
    0.1990000000E+03     -0.4146823097E+02
    0.2000000000E+03     -0.4136559215E+02
    0.2010000000E+03     -0.4125700005E+02
    0.2020000000E+03     -0.4114452352E+02
    0.2030000000E+03     -0.4102825114E+02
    0.2040000000E+03     -0.4090802866E+02
    0.2050000000E+03     -0.4078349999E+02
    0.2060000000E+03     -0.4065499487E+02
    0.2070000000E+03     -0.4052138774E+02
    0.2080000000E+03     -0.4038391176E+02
    0.2090000000E+03     -0.4024239730E+02
    0.2100000000E+03     -0.4009753633E+02
    0.2110000000E+03     -0.3994802751E+02
    0.2120000000E+03     -0.3979453704E+02
    0.2130000000E+03     -0.3963652737E+02
    0.2140000000E+03     -0.3947489006E+02
    0.2150000000E+03     -0.3930875441E+02
    0.2160000000E+03     -0.3914024054E+02
    0.2170000000E+03     -0.3896592664E+02
    0.2180000000E+03     -0.3878916113E+02
    0.2190000000E+03     -0.3860735421E+02
    0.2200000000E+03     -0.3842408198E+02
    0.2210000000E+03     -0.3823420114E+02
    0.2220000000E+03     -0.3804070704E+02
    0.2230000000E+03     -0.3784534453E+02
    0.2240000000E+03     -0.3764320010E+02
    0.2250000000E+03     -0.3743698395E+02
    0.2260000000E+03     -0.3722724431E+02
    0.2270000000E+03     -0.3701454741E+02
    0.2280000000E+03     -0.3679709971E+02
    0.2290000000E+03     -0.3657644730E+02
    0.2300000000E+03     -0.3635146059E+02
    0.2310000000E+03     -0.3612343068E+02
    0.2320000000E+03     -0.3589014100E+02
    0.2330000000E+03     -0.3565327829E+02
    0.2340000000E+03     -0.3541286373E+02
    0.2350000000E+03     -0.3516887277E+02
    0.2360000000E+03     -0.3492116155E+02
    0.2370000000E+03     -0.3467061567E+02
    0.2380000000E+03     -0.3441574736E+02
    0.2390000000E+03     -0.3415836548E+02
    0.2400000000E+03     -0.3389661128E+02
    0.2410000000E+03     -0.3363056999E+02
    0.2420000000E+03     -0.3336200164E+02
    0.2430000000E+03     -0.3308865239E+02
    0.2440000000E+03     -0.3281218113E+02
    0.2450000000E+03     -0.3253159457E+02
    0.2460000000E+03     -0.3224858587E+02
    0.2470000000E+03     -0.3196201344E+02
    0.2480000000E+03     -0.3167181356E+02
    0.2490000000E+03     -0.3137904917E+02
    0.2500000000E+03     -0.3108349160E+02
    0.2510000000E+03     -0.3078403696E+02
    0.2520000000E+03     -0.3048287183E+02
    0.2530000000E+03     -0.3017708708E+02
    0.2540000000E+03     -0.2986891925E+02
    0.2550000000E+03     -0.2955651879E+02
    0.2560000000E+03     -0.2924195359E+02
    0.2570000000E+03     -0.2892444691E+02
    0.2580000000E+03     -0.2860452044E+02
    0.2590000000E+03     -0.2828194444E+02
    0.2600000000E+03     -0.2795574261E+02
    0.2610000000E+03     -0.2762868439E+02
    0.2620000000E+03     -0.2729691675E+02
    0.2630000000E+03     -0.2696380537E+02
    0.2640000000E+03     -0.2662761581E+02
    0.2650000000E+03     -0.2628962765E+02
    0.2660000000E+03     -0.2595095151E+02
    0.2670000000E+03     -0.2560807842E+02
    0.2680000000E+03     -0.2526375236E+02
    0.2690000000E+03     -0.2491770988E+02
    0.2700000000E+03     -0.2456897288E+02
    0.2710000000E+03     -0.2421873929E+02
    0.2720000000E+03     -0.2386728056E+02
    0.2730000000E+03     -0.2351504852E+02
    0.2740000000E+03     -0.2316141366E+02
    0.2750000000E+03     -0.2280538603E+02
    0.2760000000E+03     -0.2244931715E+02
    0.2770000000E+03     -0.2209117437E+02
    0.2780000000E+03     -0.2173203561E+02
    0.2790000000E+03     -0.2137243348E+02
    0.2800000000E+03     -0.2101249367E+02
    0.2810000000E+03     -0.2065279499E+02
    0.2820000000E+03     -0.2029026148E+02
    0.2830000000E+03     -0.1992717007E+02
    0.2840000000E+03     -0.1956657875E+02
    0.2850000000E+03     -0.1920490243E+02
    0.2860000000E+03     -0.1884241909E+02
    0.2870000000E+03     -0.1847862530E+02
    0.2880000000E+03     -0.1811823160E+02
    0.2890000000E+03     -0.1775418459E+02
    0.2900000000E+03     -0.1739373704E+02
    0.2910000000E+03     -0.1703346657E+02
    0.2920000000E+03     -0.1667476221E+02
    0.2930000000E+03     -0.1631642756E+02
    0.2940000000E+03     -0.1595919407E+02
    0.2950000000E+03     -0.1560426336E+02
    0.2960000000E+03     -0.1525128474E+02
    0.2970000000E+03     -0.1490077587E+02
    0.2980000000E+03     -0.1455032151E+02
    0.2990000000E+03     -0.1420211478E+02
    0.3000000000E+03     -0.1385488575E+02
    0.3010000000E+03     -0.1351143508E+02
    0.3020000000E+03     -0.1316802736E+02
    0.3030000000E+03     -0.1283128255E+02
    0.3040000000E+03     -0.1249341172E+02
    0.3050000000E+03     -0.1216169685E+02
    0.3060000000E+03     -0.1183328122E+02
    0.3070000000E+03     -0.1150913888E+02
    0.3080000000E+03     -0.1118697375E+02
    0.3090000000E+03     -0.1086508658E+02
    0.3100000000E+03     -0.1055131757E+02
    0.3110000000E+03     -0.1024535529E+02
    0.3120000000E+03     -0.9941435466E+01
    0.3130000000E+03     -0.9640270467E+01
    0.3140000000E+03     -0.9343659258E+01
    0.3150000000E+03     -0.9053186470E+01
    0.3160000000E+03     -0.8768785918E+01
    0.3170000000E+03     -0.8490059559E+01
    0.3180000000E+03     -0.8214388190E+01
    0.3190000000E+03     -0.7946415507E+01
    0.3200000000E+03     -0.7684830630E+01
    0.3210000000E+03     -0.7428754239E+01
    0.3220000000E+03     -0.7179244751E+01
    0.3230000000E+03     -0.6939217523E+01
    0.3240000000E+03     -0.6704775164E+01
    0.3250000000E+03     -0.6478084760E+01
    0.3260000000E+03     -0.6256645338E+01
    0.3270000000E+03     -0.6042203986E+01
    0.3280000000E+03     -0.5835021944E+01
    0.3290000000E+03     -0.5635556279E+01
    0.3300000000E+03     -0.5445313574E+01
    0.3310000000E+03     -0.5263972122E+01
    0.3320000000E+03     -0.5095168193E+01
    0.3330000000E+03     -0.4931768946E+01
    0.3340000000E+03     -0.4779283802E+01
    0.3350000000E+03     -0.4637468653E+01
    0.3360000000E+03     -0.4502387392E+01
    0.3370000000E+03     -0.4381517870E+01
    0.3380000000E+03     -0.4270531108E+01
    0.3390000000E+03     -0.4170913854E+01
    0.3400000000E+03     -0.4078662549E+01
    0.3410000000E+03     -0.4004108360E+01
    0.3420000000E+03     -0.3938394869E+01
    0.3430000000E+03     -0.3880071651E+01
    0.3440000000E+03     -0.3839380187E+01
    0.3450000000E+03     -0.3805164529E+01
    0.3460000000E+03     -0.3782695223E+01
    0.3470000000E+03     -0.3778453037E+01
    0.3480000000E+03     -0.3785074815E+01
    0.3490000000E+03     -0.3804184380E+01
    0.3500000000E+03     -0.3843145989E+01
    0.3510000000E+03     -0.3890950984E+01
    0.3520000000E+03     -0.3955003824E+01
    0.3530000000E+03     -0.4033098512E+01
    0.3540000000E+03     -0.4129863525E+01
    0.3550000000E+03     -0.4243846350E+01
    0.3560000000E+03     -0.4369371951E+01
    0.3570000000E+03     -0.4510455551E+01
    0.3580000000E+03     -0.4668734254E+01
    0.3590000000E+03     -0.4846360608E+01
    0.3600000000E+03     -0.5031071888E+01
    0.3610000000E+03     -0.5237283560E+01
    0.3620000000E+03     -0.5466950178E+01
    0.3630000000E+03     -0.5709006330E+01
    0.3640000000E+03     -0.5968258447E+01
    0.3650000000E+03     -0.6249037564E+01
    0.3660000000E+03     -0.6546017715E+01
    0.3670000000E+03     -0.6866257737E+01
    0.3680000000E+03     -0.7212397323E+01
    0.3690000000E+03     -0.7578598248E+01
    0.3700000000E+03     -0.7962324639E+01
    0.3710000000E+03     -0.8364802005E+01
    0.3720000000E+03     -0.8783019259E+01
    0.3730000000E+03     -0.9219823457E+01
    0.3740000000E+03     -0.9688302834E+01
    0.3750000000E+03     -0.1018499874E+02
    0.3760000000E+03     -0.1069559320E+02
    0.3770000000E+03     -0.1123416962E+02
    0.3780000000E+03     -0.1179235655E+02
    0.3790000000E+03     -0.1237545175E+02
    0.3800000000E+03     -0.1297407535E+02
    0.3810000000E+03     -0.1360891747E+02
    0.3820000000E+03     -0.1426736070E+02
    0.3830000000E+03     -0.1494667402E+02
    0.3840000000E+03     -0.1565385627E+02
    0.3850000000E+03     -0.1639114749E+02
    0.3860000000E+03     -0.1714733007E+02
    0.3870000000E+03     -0.1793586188E+02
    0.3880000000E+03     -0.1875748503E+02
    0.3890000000E+03     -0.1960693239E+02
    0.3900000000E+03     -0.2046931340E+02
    0.3910000000E+03     -0.2135973565E+02
    0.3920000000E+03     -0.2227889160E+02
    0.3930000000E+03     -0.2323672593E+02
    0.3940000000E+03     -0.2421158084E+02
    0.3950000000E+03     -0.2523654089E+02
    0.3960000000E+03     -0.2628899361E+02
    0.3970000000E+03     -0.2736074342E+02
    0.3980000000E+03     -0.2847025220E+02
    0.3990000000E+03     -0.2960598053E+02
    0.4000000000E+03     -0.3077742574E+02
    0.4010000000E+03     -0.3196975403E+02
    0.4020000000E+03     -0.3319294378E+02
    0.4030000000E+03     -0.3447759488E+02
    0.4040000000E+03     -0.3577953605E+02
    0.4050000000E+03     -0.3710894759E+02
    0.4060000000E+03     -0.3847571118E+02
    0.4070000000E+03     -0.3988481848E+02
    0.4080000000E+03     -0.4132419872E+02
    0.4090000000E+03     -0.4280775990E+02
    0.4100000000E+03     -0.4433063160E+02
    0.4110000000E+03     -0.4588294189E+02
    0.4120000000E+03     -0.4747470080E+02
    0.4130000000E+03     -0.4910865320E+02
    0.4140000000E+03     -0.5075623271E+02
    0.4150000000E+03     -0.5247288338E+02
    0.4160000000E+03     -0.5422220362E+02
    0.4170000000E+03     -0.5602378341E+02
    0.4180000000E+03     -0.5784602074E+02
    0.4190000000E+03     -0.5970809055E+02
    0.4200000000E+03     -0.6162579452E+02
    0.4210000000E+03     -0.6357742816E+02
    0.4220000000E+03     -0.6556021997E+02
    0.4230000000E+03     -0.6761317836E+02
    0.4240000000E+03     -0.6971206740E+02
    0.4250000000E+03     -0.7184751957E+02
    0.4260000000E+03     -0.7403429763E+02
    0.4270000000E+03     -0.7625239454E+02
    0.4280000000E+03     -0.7853296233E+02
    0.4290000000E+03     -0.8085169883E+02
    0.4300000000E+03     -0.8320924656E+02
    0.4310000000E+03     -0.8563242935E+02
    0.4320000000E+03     -0.8807921055E+02
    0.4330000000E+03     -0.9059148043E+02
    0.4340000000E+03     -0.9313449304E+02
    0.4350000000E+03     -0.9572577962E+02
    0.4360000000E+03     -0.9839036533E+02
    0.4370000000E+03     -0.1010984607E+03
    0.4380000000E+03     -0.1038509794E+03
    0.4390000000E+03     -0.1066410471E+03
    0.4400000000E+03     -0.1094976372E+03
    0.4410000000E+03     -0.1124112640E+03
    0.4420000000E+03     -0.1153741689E+03
    0.4430000000E+03     -0.1184130958E+03
    0.4440000000E+03     -0.1214777576E+03
    0.4450000000E+03     -0.1246083982E+03
    0.4460000000E+03     -0.1278109692E+03
    0.4470000000E+03     -0.1310667558E+03
    0.4480000000E+03     -0.1344040639E+03
    0.4490000000E+03     -0.1377610801E+03
    0.4500000000E+03     -0.1411818570E+03
    0.4510000000E+03     -0.1446689258E+03
    0.4520000000E+03     -0.1482348728E+03
    0.4530000000E+03     -0.1518631144E+03
    0.4540000000E+03     -0.1555332283E+03
    0.4550000000E+03     -0.1592524866E+03
    0.4560000000E+03     -0.1630179241E+03
    0.4570000000E+03     -0.1669062611E+03
    0.4580000000E+03     -0.1708162361E+03
    0.4590000000E+03     -0.1747969663E+03
    0.4600000000E+03     -0.1788565988E+03
    0.4610000000E+03     -0.1829558545E+03
    0.4620000000E+03     -0.1871157627E+03
    0.4630000000E+03     -0.1913618664E+03
    0.4640000000E+03     -0.1956797286E+03
    0.4650000000E+03     -0.2000280303E+03
    0.4660000000E+03     -0.2044402821E+03
    0.4670000000E+03     -0.2089724851E+03
    0.4680000000E+03     -0.2135583642E+03
    0.4690000000E+03     -0.2181967599E+03
    0.4700000000E+03     -0.2228915912E+03
    0.4710000000E+03     -0.2277115565E+03
    0.4720000000E+03     -0.2325887346E+03
    0.4730000000E+03     -0.2375697185E+03
    0.4740000000E+03     -0.2425783913E+03
    0.4750000000E+03     -0.2476938225E+03
    0.4760000000E+03     -0.2529071505E+03
    0.4770000000E+03     -0.2581391712E+03
    0.4780000000E+03     -0.2634630468E+03
    0.4790000000E+03     -0.2688717573E+03
    0.4800000000E+03     -0.2743660237E+03
    0.4810000000E+03     -0.2799319572E+03
    0.4820000000E+03     -0.2855940652E+03
    0.4830000000E+03     -0.2912976844E+03
    0.4840000000E+03     -0.2971066935E+03
    0.4850000000E+03     -0.3029973169E+03
