    0.0000000000E+00     -0.1913546515E+01
    0.1000000000E+01     -0.1737322418E+01
    0.2000000000E+01     -0.2217716345E+01
    0.3000000000E+01     -0.3067258139E+01
    0.4000000000E+01     -0.4167938788E+01
    0.5000000000E+01     -0.5454992508E+01
    0.6000000000E+01     -0.6887542901E+01
    0.7000000000E+01     -0.8437054543E+01
    0.8000000000E+01     -0.1008325107E+02
    0.9000000000E+01     -0.1180988281E+02
    0.1000000000E+02     -0.1360458923E+02
    0.1100000000E+02     -0.1545707553E+02
    0.1200000000E+02     -0.1735887937E+02
    0.1300000000E+02     -0.1930271797E+02
    0.1400000000E+02     -0.2128267116E+02
    0.1500000000E+02     -0.2329301872E+02
    0.1600000000E+02     -0.2532913720E+02
    0.1700000000E+02     -0.2738664895E+02
    0.1800000000E+02     -0.2946185593E+02
    0.1900000000E+02     -0.3155130389E+02
    0.2000000000E+02     -0.3365151407E+02
    0.2100000000E+02     -0.3575973263E+02
    0.2200000000E+02     -0.3787290648E+02
    0.2300000000E+02     -0.3998809254E+02
    0.2400000000E+02     -0.4210303960E+02
    0.2500000000E+02     -0.4421495468E+02
    0.2600000000E+02     -0.4632111915E+02
    0.2700000000E+02     -0.4841955488E+02
    0.2800000000E+02     -0.5050737546E+02
    0.2900000000E+02     -0.5258240081E+02
    0.3000000000E+02     -0.5464184983E+02
    0.3100000000E+02     -0.5668369156E+02
    0.3200000000E+02     -0.5870595822E+02
    0.3300000000E+02     -0.6070653056E+02
    0.3400000000E+02     -0.6268385716E+02
    0.3500000000E+02     -0.6463633089E+02
    0.3600000000E+02     -0.6656315035E+02
    0.3700000000E+02     -0.6846368785E+02
    0.3800000000E+02     -0.7033790239E+02
    0.3900000000E+02     -0.7218610233E+02
    0.4000000000E+02     -0.7400848448E+02
    0.4100000000E+02     -0.7580598967E+02
    0.4200000000E+02     -0.7757907141E+02
    0.4300000000E+02     -0.7932893670E+02
    0.4400000000E+02     -0.8105644149E+02
    0.4500000000E+02     -0.8276248739E+02
    0.4600000000E+02     -0.8444832795E+02
    0.4700000000E+02     -0.8611448048E+02
    0.4800000000E+02     -0.8776166120E+02
    0.4900000000E+02     -0.8939082877E+02
    0.5000000000E+02     -0.9100273331E+02
    0.5100000000E+02     -0.9259722900E+02
    0.5200000000E+02     -0.9417548082E+02
    0.5300000000E+02     -0.9573771703E+02
    0.5400000000E+02     -0.9728440638E+02
    0.5500000000E+02     -0.9881536218E+02
    0.5600000000E+02     -0.1003315935E+03
    0.5700000000E+02     -0.1018329221E+03
    0.5800000000E+02     -0.1033193838E+03
    0.5900000000E+02     -0.1047918509E+03
    0.6000000000E+02     -0.1062495000E+03
    0.6100000000E+02     -0.1076926944E+03
    0.6200000000E+02     -0.1091220626E+03
    0.6300000000E+02     -0.1105368501E+03
    0.6400000000E+02     -0.1119374684E+03
    0.6500000000E+02     -0.1133237703E+03
    0.6600000000E+02     -0.1146951797E+03
    0.6700000000E+02     -0.1160521184E+03
    0.6800000000E+02     -0.1173944228E+03
    0.6900000000E+02     -0.1187222169E+03
    0.7000000000E+02     -0.1200353766E+03
    0.7100000000E+02     -0.1213336478E+03
    0.7200000000E+02     -0.1226173502E+03
    0.7300000000E+02     -0.1238860919E+03
    0.7400000000E+02     -0.1251401308E+03
    0.7500000000E+02     -0.1263788453E+03
    0.7600000000E+02     -0.1276029214E+03
    0.7700000000E+02     -0.1288125985E+03
    0.7800000000E+02     -0.1300077141E+03
    0.7900000000E+02     -0.1311886438E+03
    0.8000000000E+02     -0.1323560150E+03
    0.8100000000E+02     -0.1335095745E+03
    0.8200000000E+02     -0.1346498851E+03
    0.8300000000E+02     -0.1357766728E+03
    0.8400000000E+02     -0.1368905537E+03
    0.8500000000E+02     -0.1379928055E+03
    0.8600000000E+02     -0.1390820776E+03
    0.8700000000E+02     -0.1401594330E+03
    0.8800000000E+02     -0.1412257776E+03
    0.8900000000E+02     -0.1422805534E+03
    0.9000000000E+02     -0.1433249488E+03
    0.9100000000E+02     -0.1443580131E+03
    0.9200000000E+02     -0.1453806756E+03
    0.9300000000E+02     -0.1463928751E+03
    0.9400000000E+02     -0.1473951731E+03
    0.9500000000E+02     -0.1483877831E+03
    0.9600000000E+02     -0.1493705610E+03
    0.9700000000E+02     -0.1503440996E+03
    0.9800000000E+02     -0.1513083431E+03
    0.9900000000E+02     -0.1522630332E+03
    0.1000000000E+03     -0.1532085007E+03
    0.1010000000E+03     -0.1541455542E+03
    0.1020000000E+03     -0.1550738670E+03
    0.1030000000E+03     -0.1559937778E+03
    0.1040000000E+03     -0.1569046224E+03
    0.1050000000E+03     -0.1578065812E+03
    0.1060000000E+03     -0.1586997030E+03
    0.1070000000E+03     -0.1595838114E+03
    0.1080000000E+03     -0.1604591861E+03
    0.1090000000E+03     -0.1613256203E+03
    0.1100000000E+03     -0.1621837673E+03
    0.1110000000E+03     -0.1630328120E+03
    0.1120000000E+03     -0.1638726280E+03
    0.1130000000E+03     -0.1647036563E+03
    0.1140000000E+03     -0.1655251269E+03
    0.1150000000E+03     -0.1663370249E+03
    0.1160000000E+03     -0.1671387585E+03
    0.1170000000E+03     -0.1679305784E+03
    0.1180000000E+03     -0.1687125310E+03
    0.1190000000E+03     -0.1694841965E+03
    0.1200000000E+03     -0.1702456115E+03
    0.1210000000E+03     -0.1709960672E+03
    0.1220000000E+03     -0.1717351409E+03
    0.1230000000E+03     -0.1724632452E+03
    0.1240000000E+03     -0.1731795004E+03
    0.1250000000E+03     -0.1738833026E+03
    0.1260000000E+03     -0.1745745848E+03
    0.1270000000E+03     -0.1752536627E+03
    0.1280000000E+03     -0.1759195653E+03
    0.1290000000E+03     -0.1765713836E+03
    0.1300000000E+03     -0.1772097231E+03
    0.1310000000E+03     -0.1778337602E+03
    0.1320000000E+03     -0.1784446207E+03
    0.1330000000E+03     -0.1790405295E+03
    0.1340000000E+03     -0.1796208147E+03
    0.1350000000E+03     -0.1801858409E+03
    0.1360000000E+03     -0.1807340487E+03
    0.1370000000E+03     -0.1812661392E+03
    0.1380000000E+03     -0.1817822539E+03
    0.1390000000E+03     -0.1822812898E+03
    0.1400000000E+03     -0.1827629083E+03
    0.1410000000E+03     -0.1832273377E+03
    0.1420000000E+03     -0.1836739420E+03
    0.1430000000E+03     -0.1841033408E+03
    0.1440000000E+03     -0.1845153243E+03
    0.1450000000E+03     -0.1849104044E+03
    0.1460000000E+03     -0.1852883937E+03
    0.1470000000E+03     -0.1856497865E+03
    0.1480000000E+03     -0.1859954617E+03
    0.1490000000E+03     -0.1863266095E+03
    0.1500000000E+03     -0.1866418112E+03
    0.1510000000E+03     -0.1869435196E+03
    0.1520000000E+03     -0.1872309436E+03
    0.1530000000E+03     -0.1875065689E+03
    0.1540000000E+03     -0.1877716601E+03
    0.1550000000E+03     -0.1880242392E+03
    0.1560000000E+03     -0.1882677742E+03
    0.1570000000E+03     -0.1885015337E+03
    0.1580000000E+03     -0.1887262950E+03
    0.1590000000E+03     -0.1889433686E+03
    0.1600000000E+03     -0.1891519883E+03
    0.1610000000E+03     -0.1893535035E+03
    0.1620000000E+03     -0.1895473615E+03
    0.1630000000E+03     -0.1897352823E+03
    0.1640000000E+03     -0.1899163714E+03
    0.1650000000E+03     -0.1900912110E+03
    0.1660000000E+03     -0.1902596543E+03
    0.1670000000E+03     -0.1904227903E+03
    0.1680000000E+03     -0.1905808005E+03
    0.1690000000E+03     -0.1907335178E+03
    0.1700000000E+03     -0.1908814584E+03
    0.1710000000E+03     -0.1910243041E+03
    0.1720000000E+03     -0.1911628643E+03
    0.1730000000E+03     -0.1912972140E+03
    0.1740000000E+03     -0.1914264622E+03
    0.1750000000E+03     -0.1915518478E+03
    0.1760000000E+03     -0.1916733134E+03
    0.1770000000E+03     -0.1917907842E+03
    0.1780000000E+03     -0.1919040145E+03
    0.1790000000E+03     -0.1920139510E+03
    0.1800000000E+03     -0.1921202675E+03
    0.1810000000E+03     -0.1922216765E+03
    0.1820000000E+03     -0.1923200805E+03
    0.1830000000E+03     -0.1924145765E+03
    0.1840000000E+03     -0.1925058263E+03
    0.1850000000E+03     -0.1925934806E+03
    0.1860000000E+03     -0.1926780770E+03
    0.1870000000E+03     -0.1927595750E+03
    0.1880000000E+03     -0.1928379896E+03
    0.1890000000E+03     -0.1929123457E+03
    0.1900000000E+03     -0.1929840332E+03
    0.1910000000E+03     -0.1930524091E+03
    0.1920000000E+03     -0.1931170352E+03
    0.1930000000E+03     -0.1931790230E+03
    0.1940000000E+03     -0.1932380636E+03
    0.1950000000E+03     -0.1932938054E+03
    0.1960000000E+03     -0.1933458661E+03
    0.1970000000E+03     -0.1933953224E+03
    0.1980000000E+03     -0.1934429818E+03
    0.1990000000E+03     -0.1934863664E+03
    0.2000000000E+03     -0.1935265972E+03
    0.2010000000E+03     -0.1935638287E+03
    0.2020000000E+03     -0.1935989474E+03
    0.2030000000E+03     -0.1936315934E+03
    0.2040000000E+03     -0.1936606123E+03
    0.2050000000E+03     -0.1936861930E+03
    0.2060000000E+03     -0.1937096403E+03
    0.2070000000E+03     -0.1937297941E+03
    0.2080000000E+03     -0.1937465743E+03
    0.2090000000E+03     -0.1937603927E+03
    0.2100000000E+03     -0.1937705964E+03
    0.2110000000E+03     -0.1937780164E+03
    0.2120000000E+03     -0.1937829032E+03
    0.2130000000E+03     -0.1937841706E+03
    0.2140000000E+03     -0.1937821605E+03
    0.2150000000E+03     -0.1937771501E+03
    0.2160000000E+03     -0.1937681566E+03
    0.2170000000E+03     -0.1937559458E+03
    0.2180000000E+03     -0.1937403235E+03
    0.2190000000E+03     -0.1937209161E+03
    0.2200000000E+03     -0.1936988455E+03
    0.2210000000E+03     -0.1936713560E+03
    0.2220000000E+03     -0.1936403663E+03
    0.2230000000E+03     -0.1936065109E+03
    0.2240000000E+03     -0.1935668258E+03
    0.2250000000E+03     -0.1935231625E+03
    0.2260000000E+03     -0.1934743042E+03
    0.2270000000E+03     -0.1934212208E+03
    0.2280000000E+03     -0.1933628899E+03
    0.2290000000E+03     -0.1932992466E+03
    0.2300000000E+03     -0.1932301490E+03
    0.2310000000E+03     -0.1931551618E+03
    0.2320000000E+03     -0.1930743197E+03
    0.2330000000E+03     -0.1929860132E+03
    0.2340000000E+03     -0.1928906599E+03
    0.2350000000E+03     -0.1927871987E+03
    0.2360000000E+03     -0.1926763416E+03
    0.2370000000E+03     -0.1925558972E+03
    0.2380000000E+03     -0.1924246287E+03
    0.2390000000E+03     -0.1922827572E+03
    0.2400000000E+03     -0.1921300975E+03
    0.2410000000E+03     -0.1919642263E+03
    0.2420000000E+03     -0.1917847632E+03
    0.2430000000E+03     -0.1915907188E+03
    0.2440000000E+03     -0.1913806694E+03
    0.2450000000E+03     -0.1911549623E+03
    0.2460000000E+03     -0.1909105033E+03
    0.2470000000E+03     -0.1906492402E+03
    0.2480000000E+03     -0.1903677159E+03
    0.2490000000E+03     -0.1900686674E+03
    0.2500000000E+03     -0.1897509986E+03
    0.2510000000E+03     -0.1894150054E+03
    0.2520000000E+03     -0.1890606062E+03
    0.2530000000E+03     -0.1886857790E+03
    0.2540000000E+03     -0.1882936683E+03
    0.2550000000E+03     -0.1878875405E+03
    0.2560000000E+03     -0.1874650203E+03
    0.2570000000E+03     -0.1870250821E+03
    0.2580000000E+03     -0.1865692990E+03
    0.2590000000E+03     -0.1860980872E+03
    0.2600000000E+03     -0.1856113401E+03
    0.2610000000E+03     -0.1851120022E+03
    0.2620000000E+03     -0.1845989341E+03
    0.2630000000E+03     -0.1840737634E+03
    0.2640000000E+03     -0.1835349172E+03
    0.2650000000E+03     -0.1829845274E+03
    0.2660000000E+03     -0.1824227800E+03
    0.2670000000E+03     -0.1818473607E+03
    0.2680000000E+03     -0.1812634850E+03
    0.2690000000E+03     -0.1806671105E+03
    0.2700000000E+03     -0.1800612625E+03
    0.2710000000E+03     -0.1794435956E+03
    0.2720000000E+03     -0.1788167611E+03
    0.2730000000E+03     -0.1781791171E+03
    0.2740000000E+03     -0.1775325295E+03
    0.2750000000E+03     -0.1768759490E+03
    0.2760000000E+03     -0.1762124694E+03
    0.2770000000E+03     -0.1755380991E+03
    0.2780000000E+03     -0.1748547003E+03
    0.2790000000E+03     -0.1741618026E+03
    0.2800000000E+03     -0.1734594098E+03
    0.2810000000E+03     -0.1727477175E+03
    0.2820000000E+03     -0.1720291478E+03
    0.2830000000E+03     -0.1713021977E+03
    0.2840000000E+03     -0.1705654058E+03
    0.2850000000E+03     -0.1698229133E+03
    0.2860000000E+03     -0.1690701132E+03
    0.2870000000E+03     -0.1683077899E+03
    0.2880000000E+03     -0.1675384927E+03
    0.2890000000E+03     -0.1667600649E+03
    0.2900000000E+03     -0.1659702138E+03
    0.2910000000E+03     -0.1651754862E+03
    0.2920000000E+03     -0.1643674025E+03
    0.2930000000E+03     -0.1635525827E+03
    0.2940000000E+03     -0.1627272776E+03
    0.2950000000E+03     -0.1618899776E+03
    0.2960000000E+03     -0.1610434270E+03
    0.2970000000E+03     -0.1601868508E+03
    0.2980000000E+03     -0.1593205536E+03
    0.2990000000E+03     -0.1584425356E+03
    0.3000000000E+03     -0.1575534770E+03
    0.3010000000E+03     -0.1566525816E+03
    0.3020000000E+03     -0.1557412055E+03
    0.3030000000E+03     -0.1548159041E+03
    0.3040000000E+03     -0.1538799946E+03
    0.3050000000E+03     -0.1529295517E+03
    0.3060000000E+03     -0.1519661390E+03
    0.3070000000E+03     -0.1509897699E+03
    0.3080000000E+03     -0.1500021977E+03
    0.3090000000E+03     -0.1489958717E+03
    0.3100000000E+03     -0.1479783752E+03
    0.3110000000E+03     -0.1469457794E+03
    0.3120000000E+03     -0.1458992107E+03
    0.3130000000E+03     -0.1448394775E+03
    0.3140000000E+03     -0.1437657563E+03
    0.3150000000E+03     -0.1426761829E+03
    0.3160000000E+03     -0.1415751771E+03
    0.3170000000E+03     -0.1404586775E+03
    0.3180000000E+03     -0.1393306382E+03
    0.3190000000E+03     -0.1381870788E+03
    0.3200000000E+03     -0.1370286394E+03
    0.3210000000E+03     -0.1358611269E+03
    0.3220000000E+03     -0.1346795623E+03
    0.3230000000E+03     -0.1334787474E+03
    0.3240000000E+03     -0.1322666119E+03
    0.3250000000E+03     -0.1310366779E+03
    0.3260000000E+03     -0.1297900146E+03
    0.3270000000E+03     -0.1285347924E+03
    0.3280000000E+03     -0.1272591649E+03
    0.3290000000E+03     -0.1259675664E+03
    0.3300000000E+03     -0.1246544507E+03
    0.3310000000E+03     -0.1233259644E+03
    0.3320000000E+03     -0.1219762458E+03
    0.3330000000E+03     -0.1206013348E+03
    0.3340000000E+03     -0.1192112433E+03
    0.3350000000E+03     -0.1178007903E+03
    0.3360000000E+03     -0.1163655163E+03
    0.3370000000E+03     -0.1149086234E+03
    0.3380000000E+03     -0.1134233764E+03
    0.3390000000E+03     -0.1119152840E+03
    0.3400000000E+03     -0.1103879250E+03
    0.3410000000E+03     -0.1088376910E+03
    0.3420000000E+03     -0.1072708079E+03
    0.3430000000E+03     -0.1056844787E+03
    0.3440000000E+03     -0.1040798665E+03
    0.3450000000E+03     -0.1024622116E+03
    0.3460000000E+03     -0.1008318709E+03
    0.3470000000E+03     -0.9919342445E+02
    0.3480000000E+03     -0.9754411868E+02
    0.3490000000E+03     -0.9588332803E+02
    0.3500000000E+03     -0.9421669450E+02
    0.3510000000E+03     -0.9254439152E+02
    0.3520000000E+03     -0.9086771934E+02
    0.3530000000E+03     -0.8919078345E+02
    0.3540000000E+03     -0.8751132712E+02
    0.3550000000E+03     -0.8582775756E+02
    0.3560000000E+03     -0.8414622522E+02
    0.3570000000E+03     -0.8245931525E+02
    0.3580000000E+03     -0.8078037600E+02
    0.3590000000E+03     -0.7910144866E+02
    0.3600000000E+03     -0.7743067751E+02
    0.3610000000E+03     -0.7576095823E+02
    0.3620000000E+03     -0.7409217513E+02
    0.3630000000E+03     -0.7242641210E+02
    0.3640000000E+03     -0.7076278256E+02
    0.3650000000E+03     -0.6910679711E+02
    0.3660000000E+03     -0.6746020291E+02
    0.3670000000E+03     -0.6582031437E+02
    0.3680000000E+03     -0.6419078491E+02
    0.3690000000E+03     -0.6257052989E+02
    0.3700000000E+03     -0.6095706015E+02
    0.3710000000E+03     -0.5935691381E+02
    0.3720000000E+03     -0.5776296690E+02
    0.3730000000E+03     -0.5618090496E+02
    0.3740000000E+03     -0.5461027479E+02
    0.3750000000E+03     -0.5304531051E+02
    0.3760000000E+03     -0.5149861674E+02
    0.3770000000E+03     -0.4996186901E+02
    0.3780000000E+03     -0.4844409683E+02
    0.3790000000E+03     -0.4693623925E+02
    0.3800000000E+03     -0.4544461303E+02
    0.3810000000E+03     -0.4396230917E+02
    0.3820000000E+03     -0.4249471843E+02
    0.3830000000E+03     -0.4105117138E+02
    0.3840000000E+03     -0.3962279878E+02
    0.3850000000E+03     -0.3821710936E+02
    0.3860000000E+03     -0.3682866282E+02
    0.3870000000E+03     -0.3545657618E+02
    0.3880000000E+03     -0.3411038689E+02
    0.3890000000E+03     -0.3278215263E+02
    0.3900000000E+03     -0.3147082066E+02
    0.3910000000E+03     -0.3018583545E+02
    0.3920000000E+03     -0.2892419685E+02
    0.3930000000E+03     -0.2767897867E+02
    0.3940000000E+03     -0.2645381814E+02
    0.3950000000E+03     -0.2525289285E+02
    0.3960000000E+03     -0.2408237876E+02
    0.3970000000E+03     -0.2293616504E+02
    0.3980000000E+03     -0.2180809395E+02
    0.3990000000E+03     -0.2071068072E+02
    0.4000000000E+03     -0.1964576828E+02
    0.4010000000E+03     -0.1859730140E+02
    0.4020000000E+03     -0.1758495585E+02
    0.4030000000E+03     -0.1659294283E+02
    0.4040000000E+03     -0.1563838695E+02
    0.4050000000E+03     -0.1470437913E+02
    0.4060000000E+03     -0.1380502414E+02
    0.4070000000E+03     -0.1293410082E+02
    0.4080000000E+03     -0.1210041322E+02
    0.4090000000E+03     -0.1130250815E+02
    0.4100000000E+03     -0.1052835360E+02
    0.4110000000E+03     -0.9792650965E+01
    0.4120000000E+03     -0.9091293173E+01
    0.4130000000E+03     -0.8418565480E+01
    0.4140000000E+03     -0.7797727533E+01
    0.4150000000E+03     -0.7193577512E+01
    0.4160000000E+03     -0.6636133825E+01
    0.4170000000E+03     -0.6113286810E+01
    0.4180000000E+03     -0.5643228861E+01
    0.4190000000E+03     -0.5191847098E+01
    0.4200000000E+03     -0.4790070154E+01
    0.4210000000E+03     -0.4429294494E+01
    0.4220000000E+03     -0.4111991357E+01
    0.4230000000E+03     -0.3841069120E+01
    0.4240000000E+03     -0.3610643709E+01
    0.4250000000E+03     -0.3430308751E+01
    0.4260000000E+03     -0.3284354182E+01
    0.4270000000E+03     -0.3186312529E+01
    0.4280000000E+03     -0.3136842855E+01
    0.4290000000E+03     -0.3128284803E+01
    0.4300000000E+03     -0.3181229063E+01
    0.4310000000E+03     -0.3282595143E+01
    0.4320000000E+03     -0.3425723318E+01
    0.4330000000E+03     -0.3629185768E+01
    0.4340000000E+03     -0.3884251310E+01
    0.4350000000E+03     -0.4183469534E+01
    0.4360000000E+03     -0.4534262924E+01
    0.4370000000E+03     -0.4931599878E+01
    0.4380000000E+03     -0.5396731977E+01
    0.4390000000E+03     -0.5910736174E+01
    0.4400000000E+03     -0.6473142571E+01
    0.4410000000E+03     -0.7085988081E+01
    0.4420000000E+03     -0.7786268857E+01
    0.4430000000E+03     -0.8525766298E+01
    0.4440000000E+03     -0.9295349685E+01
    0.4450000000E+03     -0.1015594513E+02
    0.4460000000E+03     -0.1109329055E+02
    0.4470000000E+03     -0.1207534519E+02
    0.4480000000E+03     -0.1312334276E+02
    0.4490000000E+03     -0.1422136331E+02
    0.4500000000E+03     -0.1536797218E+02
    0.4510000000E+03     -0.1661736327E+02
    0.4520000000E+03     -0.1794662943E+02
    0.4530000000E+03     -0.1933265996E+02
    0.4540000000E+03     -0.2076569789E+02
    0.4550000000E+03     -0.2227105562E+02
    0.4560000000E+03     -0.2386981770E+02
    0.4570000000E+03     -0.2553237885E+02
    0.4580000000E+03     -0.2724569171E+02
    0.4590000000E+03     -0.2902662464E+02
    0.4600000000E+03     -0.3088470563E+02
    0.4610000000E+03     -0.3282892534E+02
    0.4620000000E+03     -0.3482729289E+02
    0.4630000000E+03     -0.3693346181E+02
    0.4640000000E+03     -0.3912129123E+02
    0.4650000000E+03     -0.4136513954E+02
    0.4660000000E+03     -0.4370384307E+02
    0.4670000000E+03     -0.4610227475E+02
    0.4680000000E+03     -0.4860338143E+02
    0.4690000000E+03     -0.5120229001E+02
    0.4700000000E+03     -0.5384086564E+02
    0.4710000000E+03     -0.5655253399E+02
    0.4720000000E+03     -0.5937984626E+02
    0.4730000000E+03     -0.6225941294E+02
    0.4740000000E+03     -0.6524641202E+02
    0.4750000000E+03     -0.6833909587E+02
    0.4760000000E+03     -0.7146559200E+02
    0.4770000000E+03     -0.7473058459E+02
    0.4780000000E+03     -0.7809269611E+02
    0.4790000000E+03     -0.8157281635E+02
    0.4800000000E+03     -0.8513335885E+02
    0.4810000000E+03     -0.8873699977E+02
    0.4820000000E+03     -0.9229725959E+02
    0.4830000000E+03     -0.9401305643E+02
    0.4840000000E+03     -0.9362541446E+02
    0.4850000000E+03     -0.9787455541E+02
