    0.00000000E+00      -1.172254436584769799E+01
    1.00000000E+00      -9.383696397586009041E+00
    2.00000000E+00      -7.718521700991532342E+00
    3.00000000E+00      -6.439238907123199240E+00
    4.00000000E+00      -5.428192148270300166E+00
    5.00000000E+00      -4.620823324011853472E+00
    6.00000000E+00      -3.976315812958619578E+00
    7.00000000E+00      -3.466688190872064812E+00
    8.00000000E+00      -3.071353125671139939E+00
    9.00000000E+00      -2.774664434423885329E+00
    1.00000000E+01      -2.564207421900919659E+00
    1.10000000E+01      -2.429551477363548262E+00
    1.20000000E+01      -2.362689419003418667E+00
    1.30000000E+01      -2.356918317085347159E+00
    1.40000000E+01      -2.406499665515712483E+00
    1.50000000E+01      -2.506096359161875231E+00
    1.60000000E+01      -2.650866975361696465E+00
    1.70000000E+01      -2.837167704297444804E+00
    1.80000000E+01      -3.061752488656184656E+00
    1.90000000E+01      -3.321484493376902325E+00
    2.00000000E+01      -3.613644380407623036E+00
    2.10000000E+01      -3.935797590581915362E+00
    2.20000000E+01      -4.285496658930769698E+00
    2.30000000E+01      -4.660825714754155413E+00
    2.40000000E+01      -5.059995168173900382E+00
    2.50000000E+01      -5.481234256463340060E+00
    2.60000000E+01      -5.922660444217017428E+00
    2.70000000E+01      -6.383231079491070048E+00
    2.80000000E+01      -6.861701526498636738E+00
    2.90000000E+01      -7.356661931431135670E+00
    3.00000000E+01      -7.867059668811252848E+00
    3.10000000E+01      -8.391845309460750357E+00
    3.20000000E+01      -8.929686019016644494E+00
    3.30000000E+01      -9.479960283549717204E+00
    3.40000000E+01      -1.004181076195671274E+01
    3.50000000E+01      -1.061468688846214725E+01
    3.60000000E+01      -1.119734267406745865E+01
    3.70000000E+01      -1.178887401968821003E+01
    3.80000000E+01      -1.238843282387240841E+01
    3.90000000E+01      -1.299575663107096268E+01
    4.00000000E+01      -1.361064500390200926E+01
    4.10000000E+01      -1.423228621744199707E+01
    4.20000000E+01      -1.486017100262104584E+01
    4.30000000E+01      -1.549367666273026778E+01
    4.40000000E+01      -1.613222921621634853E+01
    4.50000000E+01      -1.677511093933715713E+01
    4.60000000E+01      -1.742240792494847668E+01
    4.70000000E+01      -1.807339773169367803E+01
    4.80000000E+01      -1.872796818735658420E+01
    4.90000000E+01      -1.938510584347530497E+01
    5.00000000E+01      -2.004474065993561638E+01
    5.10000000E+01      -2.070687333243548167E+01
    5.20000000E+01      -2.137092950596123231E+01
    5.30000000E+01      -2.203653301373704565E+01
    5.40000000E+01      -2.270314537808879507E+01
    5.50000000E+01      -2.337077448731868756E+01
    5.60000000E+01      -2.403933823742552889E+01
    5.70000000E+01      -2.470828287285401714E+01
    5.80000000E+01      -2.537747593112870348E+01
    5.90000000E+01      -2.604610870481117857E+01
    6.00000000E+01      -2.671541974815189135E+01
    6.10000000E+01      -2.738400986772611034E+01
    6.20000000E+01      -2.805219602287396086E+01
    6.30000000E+01      -2.871928097708731187E+01
    6.40000000E+01      -2.938557834299861682E+01
    6.50000000E+01      -3.005010844283386362E+01
    6.60000000E+01      -3.071349793840780151E+01
    6.70000000E+01      -3.137533635860889447E+01
    6.80000000E+01      -3.203527959371565714E+01
    6.90000000E+01      -3.269304099707512989E+01
    7.00000000E+01      -3.334906814415587917E+01
    7.10000000E+01      -3.400278907064928546E+01
    7.20000000E+01      -3.465446962025596633E+01
    7.30000000E+01      -3.530366339376776352E+01
    7.40000000E+01      -3.595019158423527017E+01
    7.50000000E+01      -3.659397331001817122E+01
    7.60000000E+01      -3.723488784982471600E+01
    7.70000000E+01      -3.787327177897675767E+01
    7.80000000E+01      -3.850830504093899265E+01
    7.90000000E+01      -3.914019384589626327E+01
    8.00000000E+01      -3.976973680994122162E+01
    8.10000000E+01      -4.039552763365789190E+01
    8.20000000E+01      -4.101802141201331153E+01
    8.30000000E+01      -4.163692413718088403E+01
    8.40000000E+01      -4.225268632947116032E+01
    8.50000000E+01      -4.286470241314380303E+01
    8.60000000E+01      -4.347263265802173748E+01
    8.70000000E+01      -4.407666823063625827E+01
    8.80000000E+01      -4.467724116780443921E+01
    8.90000000E+01      -4.527481752196906939E+01
    9.00000000E+01      -4.586793360189183488E+01
    9.10000000E+01      -4.645802296354084149E+01
    9.20000000E+01      -4.704463072196229234E+01
    9.30000000E+01      -4.762707545124574438E+01
    9.40000000E+01      -4.820525115803464189E+01
    9.50000000E+01      -4.878030909160732165E+01
    9.60000000E+01      -4.935081213648079768E+01
    9.70000000E+01      -4.991759679075910583E+01
    9.80000000E+01      -5.047967129881142512E+01
    9.90000000E+01      -5.103736787317900792E+01
    1.00000000E+02      -5.159077866450532213E+01
    1.01000000E+02      -5.214058861164956227E+01
    1.02000000E+02      -5.268613852589039936E+01
    1.03000000E+02      -5.322818998462169304E+01
    1.04000000E+02      -5.376560543412922755E+01
    1.05000000E+02      -5.429912892571299210E+01
    1.06000000E+02      -5.482756324746294752E+01
    1.07000000E+02      -5.535212107916011348E+01
    1.08000000E+02      -5.587139125336541667E+01
    1.09000000E+02      -5.638645237293674484E+01
    1.10000000E+02      -5.689717673585398927E+01
    1.11000000E+02      -5.740402094070448413E+01
    1.12000000E+02      -5.790624396298660770E+01
    1.13000000E+02      -5.840435775304793253E+01
    1.14000000E+02      -5.889850406470357314E+01
    1.15000000E+02      -5.938820823263957038E+01
    1.16000000E+02      -5.987288448662145868E+01
    1.17000000E+02      -6.035333023388518825E+01
    1.18000000E+02      -6.082931629922821060E+01
    1.19000000E+02      -6.130152296349986329E+01
    1.20000000E+02      -6.176799201202227607E+01
    1.21000000E+02      -6.223187360708250537E+01
    1.22000000E+02      -6.269080732046275273E+01
    1.23000000E+02      -6.314470121758638754E+01
    1.24000000E+02      -6.359485055022521749E+01
    1.25000000E+02      -6.404018639522253409E+01
    1.26000000E+02      -6.448072670847757593E+01
    1.27000000E+02      -6.491836404642670288E+01
    1.28000000E+02      -6.535038605547158852E+01
    1.29000000E+02      -6.577811578270627990E+01
    1.30000000E+02      -6.619972624239160552E+01
    1.31000000E+02      -6.661859489167689219E+01
    1.32000000E+02      -6.703316860534830823E+01
    1.33000000E+02      -6.744280245090483561E+01
    1.34000000E+02      -6.784827437187193766E+01
    1.35000000E+02      -6.824915138753711119E+01
    1.36000000E+02      -6.864528029021455779E+01
    1.37000000E+02      -6.903803109964935913E+01
    1.38000000E+02      -6.942628697241305247E+01
    1.39000000E+02      -6.980985306697546378E+01
    1.40000000E+02      -7.018900695192276373E+01
    1.41000000E+02      -7.056480013421385422E+01
    1.42000000E+02      -7.093486458976401821E+01
    1.43000000E+02      -7.130126263928248420E+01
    1.44000000E+02      -7.166252539754493966E+01
    1.45000000E+02      -7.201932704337521329E+01
    1.46000000E+02      -7.237210946372358933E+01
    1.47000000E+02      -7.271970175887106791E+01
    1.48000000E+02      -7.306359301256595984E+01
    1.49000000E+02      -7.340394265046923294E+01
    1.50000000E+02      -7.373927025199516549E+01
    1.51000000E+02      -7.407041319301931992E+01
    1.52000000E+02      -7.439593384629695549E+01
    1.53000000E+02      -7.471868949318884745E+01
    1.54000000E+02      -7.503634165395631328E+01
    1.55000000E+02      -7.535030109184442892E+01
    1.56000000E+02      -7.566023977036236658E+01
    1.57000000E+02      -7.596563187502904668E+01
    1.58000000E+02      -7.626605542591421738E+01
    1.59000000E+02      -7.656283089314236179E+01
    1.60000000E+02      -7.685543367341740861E+01
    1.61000000E+02      -7.714323075609861746E+01
    1.62000000E+02      -7.742668956127597824E+01
    1.63000000E+02      -7.770526260771437421E+01
    1.64000000E+02      -7.797960759169070855E+01
    1.65000000E+02      -7.825007157940997615E+01
    1.66000000E+02      -7.851583336555047765E+01
    1.67000000E+02      -7.877698365254907742E+01
    1.68000000E+02      -7.903553205570786133E+01
    1.69000000E+02      -7.928825373091383710E+01
    1.70000000E+02      -7.953667422272845045E+01
    1.71000000E+02      -7.978126476407631174E+01
    1.72000000E+02      -8.002174746832459107E+01
    1.73000000E+02      -8.025632745987384453E+01
    1.74000000E+02      -8.048266750276668802E+01
    1.75000000E+02      -8.070982318586318627E+01
    1.76000000E+02      -8.093197491467579141E+01
    1.77000000E+02      -8.114691969967095986E+01
    1.78000000E+02      -8.135999261336981192E+01
    1.79000000E+02      -8.156856491165815726E+01
    1.80000000E+02      -8.177490775222538844E+01
    1.81000000E+02      -8.197435664227812424E+01
    1.82000000E+02      -8.217022704082189932E+01
    1.83000000E+02      -8.236166967899187341E+01
    1.84000000E+02      -8.254847747535093561E+01
    1.85000000E+02      -8.273120380640609994E+01
    1.86000000E+02      -8.291035789838640824E+01
    1.87000000E+02      -8.308586232392697468E+01
    1.88000000E+02      -8.325555297621174589E+01
    1.89000000E+02      -8.342134729428796902E+01
    1.90000000E+02      -8.358265787717535034E+01
    1.91000000E+02      -8.373883707151397005E+01
    1.92000000E+02      -8.389163002446873918E+01
    1.93000000E+02      -8.404020251548497811E+01
    1.94000000E+02      -8.418282296024842992E+01
    1.95000000E+02      -8.432198044779359236E+01
    1.96000000E+02      -8.445642538816316858E+01
    1.97000000E+02      -8.458740450423790946E+01
    1.98000000E+02      -8.471217461564226880E+01
    1.99000000E+02      -8.483374938676713839E+01
    2.00000000E+02      -8.495080811931400433E+01
    2.01000000E+02      -8.506275787698685065E+01
    2.02000000E+02      -8.517184170224352613E+01
    2.03000000E+02      -8.527567450451313391E+01
    2.04000000E+02      -8.537550496571346059E+01
    2.05000000E+02      -8.547059923299237028E+01
    2.06000000E+02      -8.556158255674525037E+01
    2.07000000E+02      -8.564858462410627737E+01
    2.08000000E+02      -8.573149234224690929E+01
    2.09000000E+02      -8.580943061579598918E+01
    2.10000000E+02      -8.588284128420635000E+01
    2.11000000E+02      -8.595168092363162771E+01
    2.12000000E+02      -8.601711096224023834E+01
    2.13000000E+02      -8.607956179353057280E+01
    2.14000000E+02      -8.613573914841397539E+01
    2.15000000E+02      -8.618778095469458833E+01
    2.16000000E+02      -8.623582134564055934E+01
    2.17000000E+02      -8.628049310325293675E+01
    2.18000000E+02      -8.632143160915582314E+01
    2.19000000E+02      -8.635775583405627742E+01
    2.20000000E+02      -8.639044299005179539E+01
    2.21000000E+02      -8.641757677617131606E+01
    2.22000000E+02      -8.644085168587623969E+01
    2.23000000E+02      -8.646030096039756074E+01
    2.24000000E+02      -8.647510057809411421E+01
    2.25000000E+02      -8.648603823762967124E+01
    2.26000000E+02      -8.649201437207518950E+01
    2.27000000E+02      -8.649360151803701058E+01
    2.28000000E+02      -8.649204227030857339E+01
    2.29000000E+02      -8.648636684036462441E+01
    2.30000000E+02      -8.647687415294929281E+01
    2.31000000E+02      -8.646331479102953210E+01
    2.32000000E+02      -8.644657151103599801E+01
    2.33000000E+02      -8.642512360802500382E+01
    2.34000000E+02      -8.639909146102725401E+01
    2.35000000E+02      -8.636880024131967559E+01
    2.36000000E+02      -8.633551479485466018E+01
    2.37000000E+02      -8.629756683884768620E+01
    2.38000000E+02      -8.625552258762179747E+01
    2.39000000E+02      -8.620812989380790725E+01
    2.40000000E+02      -8.615828488376571670E+01
    2.41000000E+02      -8.610455697524010077E+01
    2.42000000E+02      -8.604766153433008924E+01
    2.43000000E+02      -8.598644603165446654E+01
    2.44000000E+02      -8.592203407064660325E+01
    2.45000000E+02      -8.585373567073254719E+01
    2.46000000E+02      -8.578154829359262123E+01
    2.47000000E+02      -8.570469830399959221E+01
    2.48000000E+02      -8.562315148702471390E+01
    2.49000000E+02      -8.553991043735875621E+01
    2.50000000E+02      -8.545450219307674899E+01
    2.51000000E+02      -8.536417613113879099E+01
    2.52000000E+02      -8.527055025688021317E+01
    2.53000000E+02      -8.517192564001886979E+01
    2.54000000E+02      -8.507127780495791569E+01
    2.55000000E+02      -8.496830274751989975E+01
    2.56000000E+02      -8.485989866201414600E+01
    2.57000000E+02      -8.474962073080821767E+01
    2.58000000E+02      -8.463562443601547614E+01
    2.59000000E+02      -8.451950390013514891E+01
    2.60000000E+02      -8.440012770593746438E+01
    2.61000000E+02      -8.427790979371054902E+01
    2.62000000E+02      -8.415152876666395798E+01
    2.63000000E+02      -8.402196580991729036E+01
    2.64000000E+02      -8.389204755640237465E+01
    2.65000000E+02      -8.375920577468930617E+01
    2.66000000E+02      -8.362260734039007559E+01
    2.67000000E+02      -8.348388350317834750E+01
    2.68000000E+02      -8.334101939462705388E+01
    2.69000000E+02      -8.319905080954193011E+01
    2.70000000E+02      -8.305279418947755232E+01
    2.71000000E+02      -8.290337508665977850E+01
    2.72000000E+02      -8.275377079127936497E+01
    2.73000000E+02      -8.260250327531828418E+01
    2.74000000E+02      -8.244883271521537438E+01
    2.75000000E+02      -8.229298483562304511E+01
    2.76000000E+02      -8.213553819228543773E+01
    2.77000000E+02      -8.197768224152385130E+01
    2.78000000E+02      -8.181767410766913429E+01
    2.79000000E+02      -8.165687740762366786E+01
    2.80000000E+02      -8.149447544133870736E+01
    2.81000000E+02      -8.132926091719998851E+01
    2.82000000E+02      -8.116529519232570067E+01
    2.83000000E+02      -8.100063275388090744E+01
    2.84000000E+02      -8.083354753610326782E+01
    2.85000000E+02      -8.066525770519508853E+01
    2.86000000E+02      -8.050035428563712969E+01
    2.87000000E+02      -8.033305720314963594E+01
    2.88000000E+02      -8.016635955386443868E+01
    2.89000000E+02      -7.999875590932204261E+01
    2.90000000E+02      -7.983091406366436615E+01
    2.91000000E+02      -7.966258221893220082E+01
    2.92000000E+02      -7.949664796591385141E+01
    2.93000000E+02      -7.932992052734478250E+01
    2.94000000E+02      -7.916406242391674652E+01
    2.95000000E+02      -7.899981897539107933E+01
    2.96000000E+02      -7.883632976078077093E+01
    2.97000000E+02      -7.867606998915432825E+01
    2.98000000E+02      -7.851645741919635668E+01
    2.99000000E+02      -7.835591527009962931E+01
    3.00000000E+02      -7.819906213209613099E+01
    3.01000000E+02      -7.804356624587087765E+01
    3.02000000E+02      -7.789399828045277729E+01
    3.03000000E+02      -7.774779708805142775E+01
    3.04000000E+02      -7.760233300347461238E+01
    3.05000000E+02      -7.745649602898045316E+01
    3.06000000E+02      -7.731758501642032400E+01
    3.07000000E+02      -7.718351203092022672E+01
    3.08000000E+02      -7.704949342301695481E+01
    3.09000000E+02      -7.692068970697580710E+01
    3.10000000E+02      -7.679083532868533268E+01
    3.11000000E+02      -7.666652464708893433E+01
    3.12000000E+02      -7.654770459589197173E+01
    3.13000000E+02      -7.643307512794270053E+01
    3.14000000E+02      -7.632393923430352345E+01
    3.15000000E+02      -7.621592369005664125E+01
    3.16000000E+02      -7.611273283446787730E+01
    3.17000000E+02      -7.601473708153351083E+01
    3.18000000E+02      -7.592262263578011527E+01
    3.19000000E+02      -7.583554948010130659E+01
    3.20000000E+02      -7.575680205068199768E+01
    3.21000000E+02      -7.568572906572951808E+01
    3.22000000E+02      -7.561841844330190554E+01
    3.23000000E+02      -7.555900068050830498E+01
    3.24000000E+02      -7.550588274263425603E+01
    3.25000000E+02      -7.545845734309985176E+01
    3.26000000E+02      -7.542140240111037031E+01
    3.27000000E+02      -7.538942047795860901E+01
    3.28000000E+02      -7.536844733013420239E+01
    3.29000000E+02      -7.535270174714385405E+01
    3.30000000E+02      -7.534306631219222083E+01
    3.31000000E+02      -7.534289551275431052E+01
    3.32000000E+02      -7.535032924805416599E+01
    3.33000000E+02      -7.536606596811323300E+01
    3.34000000E+02      -7.538993297592385545E+01
    3.35000000E+02      -7.542600040073155299E+01
    3.36000000E+02      -7.546863564737721219E+01
    3.37000000E+02      -7.552304456504641905E+01
    3.38000000E+02      -7.559275010489507451E+01
    3.39000000E+02      -7.566496408247037664E+01
    3.40000000E+02      -7.575213072850017682E+01
    3.41000000E+02      -7.585152616054399743E+01
    3.42000000E+02      -7.595856999541281596E+01
    3.43000000E+02      -7.607969905511124864E+01
    3.44000000E+02      -7.621473078365086451E+01
    3.45000000E+02      -7.635857777372582689E+01
    3.46000000E+02      -7.651476477254762187E+01
    3.47000000E+02      -7.668370009707867041E+01
    3.48000000E+02      -7.686102152690871492E+01
    3.49000000E+02      -7.705953023331819907E+01
    3.50000000E+02      -7.726545886211677328E+01
    3.51000000E+02      -7.748925263928829565E+01
    3.52000000E+02      -7.772881762013419404E+01
    3.53000000E+02      -7.798306500707401767E+01
    3.54000000E+02      -7.825294829747288361E+01
    3.55000000E+02      -7.853713193238361612E+01
    3.56000000E+02      -7.883259232603593603E+01
    3.57000000E+02      -7.915242361631824508E+01
    3.58000000E+02      -7.948372805053948298E+01
    3.59000000E+02      -7.983012553658916488E+01
    3.60000000E+02      -8.019075888004734054E+01
    3.61000000E+02      -8.057307554018332496E+01
    3.62000000E+02      -8.096896211691780820E+01
    3.63000000E+02      -8.137244234681709543E+01
    3.64000000E+02      -8.180743325204237237E+01
    3.65000000E+02      -8.225819333065881267E+01
    3.66000000E+02      -8.272293535927890673E+01
    3.67000000E+02      -8.320866153184904590E+01
    3.68000000E+02      -8.372971186815409794E+01
    3.69000000E+02      -8.425389609095289245E+01
    3.70000000E+02      -8.480297961347385183E+01
    3.71000000E+02      -8.537224079138248101E+01
    3.72000000E+02      -8.596287036156861916E+01
    3.73000000E+02      -8.657237793394013181E+01
    3.74000000E+02      -8.719926317530332938E+01
    3.75000000E+02      -8.786043413244767919E+01
    3.76000000E+02      -8.853396293921976223E+01
    3.77000000E+02      -8.924151148722155824E+01
    3.78000000E+02      -8.997147323312817946E+01
    3.79000000E+02      -9.071714673964886799E+01
    3.80000000E+02      -9.148118694946749940E+01
    3.81000000E+02      -9.228196970681308642E+01
    3.82000000E+02      -9.309865896106346383E+01
    3.83000000E+02      -9.394732578266992107E+01
    3.84000000E+02      -9.481882077996267810E+01
    3.85000000E+02      -9.572174353600128427E+01
    3.86000000E+02      -9.663820007471947804E+01
    3.87000000E+02      -9.758475077087639704E+01
    3.88000000E+02      -9.856184403068034783E+01
    3.89000000E+02      -9.956240726570247546E+01
    3.90000000E+02      -1.005971327384991838E+02
    3.91000000E+02      -1.016578872500045492E+02
    3.92000000E+02      -1.027527651403157307E+02
    3.93000000E+02      -1.038784300399070872E+02
    3.94000000E+02      -1.050208597460819675E+02
    3.95000000E+02      -1.062041344962140812E+02
    3.96000000E+02      -1.074220478821603848E+02
    3.97000000E+02      -1.086615704701340093E+02
    3.98000000E+02      -1.099260766560269786E+02
    3.99000000E+02      -1.112187283745093538E+02
    4.00000000E+02      -1.125577932072861387E+02
    4.01000000E+02      -1.139170126405602588E+02
    4.02000000E+02      -1.153225939653871848E+02
    4.03000000E+02      -1.167504250046855105E+02
    4.04000000E+02      -1.182143614243774010E+02
    4.05000000E+02      -1.197280914246162666E+02
    4.06000000E+02      -1.212704088178521289E+02
    4.07000000E+02      -1.228483440618088736E+02
    4.08000000E+02      -1.244581898369884385E+02
    4.09000000E+02      -1.261005981395079090E+02
    4.10000000E+02      -1.277889009214064373E+02
    4.11000000E+02      -1.295099664407840407E+02
    4.12000000E+02      -1.312718724033853448E+02
    4.13000000E+02      -1.330694898700399733E+02
    4.14000000E+02      -1.349083381922042406E+02
    4.15000000E+02      -1.367716771734936572E+02
    4.16000000E+02      -1.386783768686524070E+02
    4.17000000E+02      -1.406324776544293798E+02
    4.18000000E+02      -1.426181690295285023E+02
    4.19000000E+02      -1.446644944155646897E+02
    4.20000000E+02      -1.467380487316346205E+02
    4.21000000E+02      -1.488517597520782090E+02
    4.22000000E+02      -1.509980747758469022E+02
    4.23000000E+02      -1.532057724360434747E+02
    4.24000000E+02      -1.554616850435791946E+02
    4.25000000E+02      -1.577646744375175274E+02
    4.26000000E+02      -1.601039377379289306E+02
    4.27000000E+02      -1.624843086086271740E+02
    4.28000000E+02      -1.649284918967692590E+02
    4.29000000E+02      -1.674157918033248222E+02
    4.30000000E+02      -1.699366943936853147E+02
    4.31000000E+02      -1.725238769494986570E+02
    4.32000000E+02      -1.751462189106328822E+02
    4.33000000E+02      -1.778308530555164850E+02
    4.34000000E+02      -1.805431335911212898E+02
    4.35000000E+02      -1.833212297468504346E+02
    4.36000000E+02      -1.861591113398841060E+02
    4.37000000E+02      -1.890304331414459682E+02
    4.38000000E+02      -1.919479995177185572E+02
    4.39000000E+02      -1.949293120776361263E+02
    4.40000000E+02      -1.979794470740540362E+02
    4.41000000E+02      -2.010618997070065177E+02
    4.42000000E+02      -2.042025199558644033E+02
    4.43000000E+02      -2.074037031999847329E+02
    4.44000000E+02      -2.106455351228883899E+02
    4.45000000E+02      -2.139811066792404688E+02
    4.46000000E+02      -2.173346306381805277E+02
    4.47000000E+02      -2.207375377629010416E+02
    4.48000000E+02      -2.242000158548413253E+02
    4.49000000E+02      -2.277127599989122189E+02
    4.50000000E+02      -2.313358555881364680E+02
    4.51000000E+02      -2.349691491390636600E+02
    4.52000000E+02      -2.386649696173204518E+02
    4.53000000E+02      -2.424424242729379273E+02
    4.54000000E+02      -2.462811359463317729E+02
    4.55000000E+02      -2.501840127332194186E+02
    4.56000000E+02      -2.541292693720257319E+02
    4.57000000E+02      -2.581467686773335686E+02
    4.58000000E+02      -2.622501951966492584E+02
    4.59000000E+02      -2.663811284222697964E+02
    4.60000000E+02      -2.705973169704025736E+02
    4.61000000E+02      -2.748711862599535038E+02
    4.62000000E+02      -2.792240309927670410E+02
    4.63000000E+02      -2.836290529592020562E+02
    4.64000000E+02      -2.881063271484395614E+02
    4.65000000E+02      -2.926358266396505883E+02
    4.66000000E+02      -2.972523047312220683E+02
    4.67000000E+02      -3.019497074967308095E+02
    4.68000000E+02      -3.067135759762546172E+02
    4.69000000E+02      -3.115551163952855518E+02
    4.70000000E+02      -3.164559194075932851E+02
    4.71000000E+02      -3.213904995120188346E+02
    4.72000000E+02      -3.264391952918900301E+02
    4.73000000E+02      -3.315336252258217087E+02
    4.74000000E+02      -3.367375774824118366E+02
    4.75000000E+02      -3.420136844779422631E+02
    4.76000000E+02      -3.473743852882703891E+02
    4.77000000E+02      -3.528148132979927709E+02
    4.78000000E+02      -3.583308362288458397E+02
    4.79000000E+02      -3.638885710558911910E+02
    4.80000000E+02      -3.695397068004181733E+02
    4.81000000E+02      -3.752885680988488843E+02
    4.82000000E+02      -3.810844825425243130E+02
    4.83000000E+02      -3.869814483228197446E+02
    4.84000000E+02      -3.929659536525664976E+02
    4.85000000E+02      -3.990155207322036972E+02
    4.86000000E+02      -4.051557325411645820E+02
    4.87000000E+02      -4.113721423585025718E+02
    4.88000000E+02      -4.176873568988463035E+02
    4.89000000E+02      -4.240882284760533025E+02
    4.90000000E+02      -4.305733043735904744E+02
    4.91000000E+02      -4.371592498233599713E+02
    4.92000000E+02      -4.437826179320050528E+02
    4.93000000E+02      -4.505332860986760011E+02
    4.94000000E+02      -4.574185099753609052E+02
    4.95000000E+02      -4.643264925859926393E+02
    4.96000000E+02      -4.713235653637034943E+02
    4.97000000E+02      -4.784444120287021747E+02
    4.98000000E+02      -4.856533081138564398E+02
    4.99000000E+02      -4.929299410058243325E+02
    5.00000000E+02      -5.003252947039960077E+02
    5.01000000E+02      -5.077913339559977999E+02
    5.02000000E+02      -5.153414271891175531E+02
    5.03000000E+02      -5.230532837443112157E+02
    5.04000000E+02      -5.308712809880322538E+02
    5.05000000E+02      -5.387031021833478235E+02
    5.06000000E+02      -5.463553312847449206E+02
    5.07000000E+02      -5.521232767396664940E+02
    5.08000000E+02      -5.623672200495435618E+02
    5.09000000E+02      -5.702779202771431528E+02
    5.10000000E+02      -5.794818226381263457E+02
