    0.0000000000E+00     -0.1773158154E+01
    0.1000000000E+01     -0.1716960518E+01
    0.2000000000E+01     -0.2316628471E+01
    0.3000000000E+01     -0.3284302758E+01
    0.4000000000E+01     -0.4502180713E+01
    0.5000000000E+01     -0.5905554466E+01
    0.6000000000E+01     -0.7453373534E+01
    0.7000000000E+01     -0.9117511255E+01
    0.8000000000E+01     -0.1087730629E+02
    0.9000000000E+01     -0.1271674047E+02
    0.1000000000E+02     -0.1462289234E+02
    0.1100000000E+02     -0.1658558102E+02
    0.1200000000E+02     -0.1859641014E+02
    0.1300000000E+02     -0.2064836018E+02
    0.1400000000E+02     -0.2273505383E+02
    0.1500000000E+02     -0.2485096203E+02
    0.1600000000E+02     -0.2699124042E+02
    0.1700000000E+02     -0.2915163038E+02
    0.1800000000E+02     -0.3132815172E+02
    0.1900000000E+02     -0.3351755720E+02
    0.2000000000E+02     -0.3571630212E+02
    0.2100000000E+02     -0.3792106315E+02
    0.2200000000E+02     -0.4012856509E+02
    0.2300000000E+02     -0.4233605760E+02
    0.2400000000E+02     -0.4454092303E+02
    0.2500000000E+02     -0.4674020126E+02
    0.2600000000E+02     -0.4893122882E+02
    0.2700000000E+02     -0.5111111733E+02
    0.2800000000E+02     -0.5327708985E+02
    0.2900000000E+02     -0.5542651710E+02
    0.3000000000E+02     -0.5755672449E+02
    0.3100000000E+02     -0.5966513455E+02
    0.3200000000E+02     -0.6175001280E+02
    0.3300000000E+02     -0.6380922589E+02
    0.3400000000E+02     -0.6584136120E+02
    0.3500000000E+02     -0.6784534113E+02
    0.3600000000E+02     -0.6982091525E+02
    0.3700000000E+02     -0.7176777465E+02
    0.3800000000E+02     -0.7368662599E+02
    0.3900000000E+02     -0.7557743515E+02
    0.4000000000E+02     -0.7744153579E+02
    0.4100000000E+02     -0.7928012425E+02
    0.4200000000E+02     -0.8109436824E+02
    0.4300000000E+02     -0.8288481130E+02
    0.4400000000E+02     -0.8465299699E+02
    0.4500000000E+02     -0.8640051009E+02
    0.4600000000E+02     -0.8812763830E+02
    0.4700000000E+02     -0.8983535071E+02
    0.4800000000E+02     -0.9152443264E+02
    0.4900000000E+02     -0.9319501583E+02
    0.5000000000E+02     -0.9484845111E+02
    0.5100000000E+02     -0.9648541495E+02
    0.5200000000E+02     -0.9810569471E+02
    0.5300000000E+02     -0.9970986279E+02
    0.5400000000E+02     -0.1012982466E+03
    0.5500000000E+02     -0.1028715075E+03
    0.5600000000E+02     -0.1044303080E+03
    0.5700000000E+02     -0.1059738906E+03
    0.5800000000E+02     -0.1075022804E+03
    0.5900000000E+02     -0.1090167415E+03
    0.6000000000E+02     -0.1105162994E+03
    0.6100000000E+02     -0.1120007987E+03
    0.6200000000E+02     -0.1134710997E+03
    0.6300000000E+02     -0.1149267593E+03
    0.6400000000E+02     -0.1163678340E+03
    0.6500000000E+02     -0.1177940200E+03
    0.6600000000E+02     -0.1192051797E+03
    0.6700000000E+02     -0.1206013646E+03
    0.6800000000E+02     -0.1219821200E+03
    0.6900000000E+02     -0.1233475644E+03
    0.7000000000E+02     -0.1246980235E+03
    0.7100000000E+02     -0.1260329748E+03
    0.7200000000E+02     -0.1273523731E+03
    0.7300000000E+02     -0.1286563965E+03
    0.7400000000E+02     -0.1299450296E+03
    0.7500000000E+02     -0.1312182853E+03
    0.7600000000E+02     -0.1324763248E+03
    0.7700000000E+02     -0.1337191377E+03
    0.7800000000E+02     -0.1349463130E+03
    0.7900000000E+02     -0.1361592804E+03
    0.8000000000E+02     -0.1373580459E+03
    0.8100000000E+02     -0.1385424696E+03
    0.8200000000E+02     -0.1397131632E+03
    0.8300000000E+02     -0.1408703727E+03
    0.8400000000E+02     -0.1420148516E+03
    0.8500000000E+02     -0.1431462534E+03
    0.8600000000E+02     -0.1442652779E+03
    0.8700000000E+02     -0.1453721030E+03
    0.8800000000E+02     -0.1464671626E+03
    0.8900000000E+02     -0.1475510727E+03
    0.9000000000E+02     -0.1486231023E+03
    0.9100000000E+02     -0.1496855515E+03
    0.9200000000E+02     -0.1507370157E+03
    0.9300000000E+02     -0.1517782335E+03
    0.9400000000E+02     -0.1528092828E+03
    0.9500000000E+02     -0.1538306908E+03
    0.9600000000E+02     -0.1548425679E+03
    0.9700000000E+02     -0.1558452482E+03
    0.9800000000E+02     -0.1568380896E+03
    0.9900000000E+02     -0.1578221226E+03
    0.1000000000E+03     -0.1587970022E+03
    0.1010000000E+03     -0.1597632447E+03
    0.1020000000E+03     -0.1607203834E+03
    0.1030000000E+03     -0.1616687208E+03
    0.1040000000E+03     -0.1626085255E+03
    0.1050000000E+03     -0.1635393761E+03
    0.1060000000E+03     -0.1644617853E+03
    0.1070000000E+03     -0.1653753395E+03
    0.1080000000E+03     -0.1662800789E+03
    0.1090000000E+03     -0.1671755242E+03
    0.1100000000E+03     -0.1680626578E+03
    0.1110000000E+03     -0.1689407924E+03
    0.1120000000E+03     -0.1698093653E+03
    0.1130000000E+03     -0.1706688161E+03
    0.1140000000E+03     -0.1715190546E+03
    0.1150000000E+03     -0.1723597060E+03
    0.1160000000E+03     -0.1731904045E+03
    0.1170000000E+03     -0.1740124551E+03
    0.1180000000E+03     -0.1748233384E+03
    0.1190000000E+03     -0.1756235689E+03
    0.1200000000E+03     -0.1764133056E+03
    0.1210000000E+03     -0.1771923563E+03
    0.1220000000E+03     -0.1779602696E+03
    0.1230000000E+03     -0.1787158832E+03
    0.1240000000E+03     -0.1794600643E+03
    0.1250000000E+03     -0.1801918314E+03
    0.1260000000E+03     -0.1809105889E+03
    0.1270000000E+03     -0.1816159541E+03
    0.1280000000E+03     -0.1823074910E+03
    0.1290000000E+03     -0.1829851601E+03
    0.1300000000E+03     -0.1836483807E+03
    0.1310000000E+03     -0.1842971365E+03
    0.1320000000E+03     -0.1849306335E+03
    0.1330000000E+03     -0.1855484563E+03
    0.1340000000E+03     -0.1861505328E+03
    0.1350000000E+03     -0.1867365611E+03
    0.1360000000E+03     -0.1873058136E+03
    0.1370000000E+03     -0.1878574631E+03
    0.1380000000E+03     -0.1883915306E+03
    0.1390000000E+03     -0.1889078486E+03
    0.1400000000E+03     -0.1894062065E+03
    0.1410000000E+03     -0.1898859985E+03
    0.1420000000E+03     -0.1903477235E+03
    0.1430000000E+03     -0.1907908130E+03
    0.1440000000E+03     -0.1912146782E+03
    0.1450000000E+03     -0.1916196915E+03
    0.1460000000E+03     -0.1920065606E+03
    0.1470000000E+03     -0.1923756576E+03
    0.1480000000E+03     -0.1927286853E+03
    0.1490000000E+03     -0.1930652573E+03
    0.1500000000E+03     -0.1933865234E+03
    0.1510000000E+03     -0.1936927259E+03
    0.1520000000E+03     -0.1939855340E+03
    0.1530000000E+03     -0.1942655279E+03
    0.1540000000E+03     -0.1945337261E+03
    0.1550000000E+03     -0.1947910688E+03
    0.1560000000E+03     -0.1950378729E+03
    0.1570000000E+03     -0.1952747695E+03
    0.1580000000E+03     -0.1955024695E+03
    0.1590000000E+03     -0.1957218574E+03
    0.1600000000E+03     -0.1959328133E+03
    0.1610000000E+03     -0.1961364123E+03
    0.1620000000E+03     -0.1963327961E+03
    0.1630000000E+03     -0.1965228593E+03
    0.1640000000E+03     -0.1967062410E+03
    0.1650000000E+03     -0.1968833256E+03
    0.1660000000E+03     -0.1970551176E+03
    0.1670000000E+03     -0.1972211603E+03
    0.1680000000E+03     -0.1973821322E+03
    0.1690000000E+03     -0.1975381674E+03
    0.1700000000E+03     -0.1976890653E+03
    0.1710000000E+03     -0.1978352561E+03
    0.1720000000E+03     -0.1979764546E+03
    0.1730000000E+03     -0.1981136549E+03
    0.1740000000E+03     -0.1982462557E+03
    0.1750000000E+03     -0.1983750618E+03
    0.1760000000E+03     -0.1984993704E+03
    0.1770000000E+03     -0.1986193846E+03
    0.1780000000E+03     -0.1987355649E+03
    0.1790000000E+03     -0.1988482942E+03
    0.1800000000E+03     -0.1989566215E+03
    0.1810000000E+03     -0.1990613206E+03
    0.1820000000E+03     -0.1991623909E+03
    0.1830000000E+03     -0.1992605640E+03
    0.1840000000E+03     -0.1993545924E+03
    0.1850000000E+03     -0.1994454706E+03
    0.1860000000E+03     -0.1995325855E+03
    0.1870000000E+03     -0.1996167064E+03
    0.1880000000E+03     -0.1996977362E+03
    0.1890000000E+03     -0.1997751537E+03
    0.1900000000E+03     -0.1998496495E+03
    0.1910000000E+03     -0.1999210707E+03
    0.1920000000E+03     -0.1999891896E+03
    0.1930000000E+03     -0.2000542329E+03
    0.1940000000E+03     -0.2001161486E+03
    0.1950000000E+03     -0.2001747163E+03
    0.1960000000E+03     -0.2002305889E+03
    0.1970000000E+03     -0.2002833274E+03
    0.1980000000E+03     -0.2003328994E+03
    0.1990000000E+03     -0.2003802068E+03
    0.2000000000E+03     -0.2004240987E+03
    0.2010000000E+03     -0.2004651627E+03
    0.2020000000E+03     -0.2005030572E+03
    0.2030000000E+03     -0.2005382108E+03
    0.2040000000E+03     -0.2005708395E+03
    0.2050000000E+03     -0.2005997008E+03
    0.2060000000E+03     -0.2006266101E+03
    0.2070000000E+03     -0.2006493890E+03
    0.2080000000E+03     -0.2006698866E+03
    0.2090000000E+03     -0.2006872959E+03
    0.2100000000E+03     -0.2007020062E+03
    0.2110000000E+03     -0.2007134911E+03
    0.2120000000E+03     -0.2007213378E+03
    0.2130000000E+03     -0.2007270592E+03
    0.2140000000E+03     -0.2007291181E+03
    0.2150000000E+03     -0.2007282069E+03
    0.2160000000E+03     -0.2007242115E+03
    0.2170000000E+03     -0.2007165960E+03
    0.2180000000E+03     -0.2007061122E+03
    0.2190000000E+03     -0.2006921654E+03
    0.2200000000E+03     -0.2006747849E+03
    0.2210000000E+03     -0.2006539678E+03
    0.2220000000E+03     -0.2006297278E+03
    0.2230000000E+03     -0.2006016712E+03
    0.2240000000E+03     -0.2005697787E+03
    0.2250000000E+03     -0.2005340657E+03
    0.2260000000E+03     -0.2004942978E+03
    0.2270000000E+03     -0.2004500001E+03
    0.2280000000E+03     -0.2004014468E+03
    0.2290000000E+03     -0.2003479971E+03
    0.2300000000E+03     -0.2002896874E+03
    0.2310000000E+03     -0.2002269013E+03
    0.2320000000E+03     -0.2001577384E+03
    0.2330000000E+03     -0.2000825866E+03
    0.2340000000E+03     -0.2000015621E+03
    0.2350000000E+03     -0.1999137297E+03
    0.2360000000E+03     -0.1998182288E+03
    0.2370000000E+03     -0.1997155374E+03
    0.2380000000E+03     -0.1996045730E+03
    0.2390000000E+03     -0.1994838134E+03
    0.2400000000E+03     -0.1993531753E+03
    0.2410000000E+03     -0.1992120414E+03
    0.2420000000E+03     -0.1990584630E+03
    0.2430000000E+03     -0.1988914563E+03
    0.2440000000E+03     -0.1987088571E+03
    0.2450000000E+03     -0.1985086790E+03
    0.2460000000E+03     -0.1982935295E+03
    0.2470000000E+03     -0.1980609050E+03
    0.2480000000E+03     -0.1978120608E+03
    0.2490000000E+03     -0.1975438699E+03
    0.2500000000E+03     -0.1972556506E+03
    0.2510000000E+03     -0.1969473384E+03
    0.2520000000E+03     -0.1966181100E+03
    0.2530000000E+03     -0.1962703793E+03
    0.2540000000E+03     -0.1959030712E+03
    0.2550000000E+03     -0.1955150978E+03
    0.2560000000E+03     -0.1951081207E+03
    0.2570000000E+03     -0.1946840270E+03
    0.2580000000E+03     -0.1942425973E+03
    0.2590000000E+03     -0.1937846304E+03
    0.2600000000E+03     -0.1933093980E+03
    0.2610000000E+03     -0.1928175899E+03
    0.2620000000E+03     -0.1923140204E+03
    0.2630000000E+03     -0.1917923975E+03
    0.2640000000E+03     -0.1912575174E+03
    0.2650000000E+03     -0.1907104491E+03
    0.2660000000E+03     -0.1901500811E+03
    0.2670000000E+03     -0.1895761437E+03
    0.2680000000E+03     -0.1889884358E+03
    0.2690000000E+03     -0.1883884596E+03
    0.2700000000E+03     -0.1877782567E+03
    0.2710000000E+03     -0.1871557016E+03
    0.2720000000E+03     -0.1865236669E+03
    0.2730000000E+03     -0.1858805699E+03
    0.2740000000E+03     -0.1852275457E+03
    0.2750000000E+03     -0.1845657382E+03
    0.2760000000E+03     -0.1838944040E+03
    0.2770000000E+03     -0.1832125006E+03
    0.2780000000E+03     -0.1825212657E+03
    0.2790000000E+03     -0.1818207379E+03
    0.2800000000E+03     -0.1811130468E+03
    0.2810000000E+03     -0.1803937443E+03
    0.2820000000E+03     -0.1796678787E+03
    0.2830000000E+03     -0.1789324044E+03
    0.2840000000E+03     -0.1781893965E+03
    0.2850000000E+03     -0.1774383966E+03
    0.2860000000E+03     -0.1766777007E+03
    0.2870000000E+03     -0.1759076263E+03
    0.2880000000E+03     -0.1751286500E+03
    0.2890000000E+03     -0.1743407087E+03
    0.2900000000E+03     -0.1735459813E+03
    0.2910000000E+03     -0.1727419890E+03
    0.2920000000E+03     -0.1719287054E+03
    0.2930000000E+03     -0.1711061114E+03
    0.2940000000E+03     -0.1702751685E+03
    0.2950000000E+03     -0.1694331571E+03
    0.2960000000E+03     -0.1685817772E+03
    0.2970000000E+03     -0.1677196188E+03
    0.2980000000E+03     -0.1668479204E+03
    0.2990000000E+03     -0.1659659791E+03
    0.3000000000E+03     -0.1650724107E+03
    0.3010000000E+03     -0.1641677554E+03
    0.3020000000E+03     -0.1632521370E+03
    0.3030000000E+03     -0.1623260253E+03
    0.3040000000E+03     -0.1613883476E+03
    0.3050000000E+03     -0.1604368042E+03
    0.3060000000E+03     -0.1594748459E+03
    0.3070000000E+03     -0.1584981632E+03
    0.3080000000E+03     -0.1575070329E+03
    0.3090000000E+03     -0.1565050669E+03
    0.3100000000E+03     -0.1554854902E+03
    0.3110000000E+03     -0.1544542457E+03
    0.3120000000E+03     -0.1534084527E+03
    0.3130000000E+03     -0.1523493413E+03
    0.3140000000E+03     -0.1512752862E+03
    0.3150000000E+03     -0.1501851813E+03
    0.3160000000E+03     -0.1490816611E+03
    0.3170000000E+03     -0.1479635156E+03
    0.3180000000E+03     -0.1468303226E+03
    0.3190000000E+03     -0.1456835472E+03
    0.3200000000E+03     -0.1445213451E+03
    0.3210000000E+03     -0.1433444676E+03
    0.3220000000E+03     -0.1421527342E+03
    0.3230000000E+03     -0.1409475829E+03
    0.3240000000E+03     -0.1397273993E+03
    0.3250000000E+03     -0.1384909242E+03
    0.3260000000E+03     -0.1372431721E+03
    0.3270000000E+03     -0.1359740205E+03
    0.3280000000E+03     -0.1346919447E+03
    0.3290000000E+03     -0.1333967861E+03
    0.3300000000E+03     -0.1320832308E+03
    0.3310000000E+03     -0.1307495587E+03
    0.3320000000E+03     -0.1294019173E+03
    0.3330000000E+03     -0.1280353578E+03
    0.3340000000E+03     -0.1266481881E+03
    0.3350000000E+03     -0.1252398750E+03
    0.3360000000E+03     -0.1238126645E+03
    0.3370000000E+03     -0.1223587922E+03
    0.3380000000E+03     -0.1208816681E+03
    0.3390000000E+03     -0.1193826122E+03
    0.3400000000E+03     -0.1178599398E+03
    0.3410000000E+03     -0.1163107155E+03
    0.3420000000E+03     -0.1147363713E+03
    0.3430000000E+03     -0.1131400013E+03
    0.3440000000E+03     -0.1115157542E+03
    0.3450000000E+03     -0.1098750741E+03
    0.3460000000E+03     -0.1082151491E+03
    0.3470000000E+03     -0.1065348315E+03
    0.3480000000E+03     -0.1048455063E+03
    0.3490000000E+03     -0.1031410936E+03
    0.3500000000E+03     -0.1014284971E+03
    0.3510000000E+03     -0.9970303357E+02
    0.3520000000E+03     -0.9797160100E+02
    0.3530000000E+03     -0.9623715148E+02
    0.3540000000E+03     -0.9449300083E+02
    0.3550000000E+03     -0.9275004365E+02
    0.3560000000E+03     -0.9099850862E+02
    0.3570000000E+03     -0.8924717043E+02
    0.3580000000E+03     -0.8749605645E+02
    0.3590000000E+03     -0.8574589957E+02
    0.3600000000E+03     -0.8399572278E+02
    0.3610000000E+03     -0.8224814676E+02
    0.3620000000E+03     -0.8050356247E+02
    0.3630000000E+03     -0.7876451019E+02
    0.3640000000E+03     -0.7702453629E+02
    0.3650000000E+03     -0.7529433891E+02
    0.3660000000E+03     -0.7357069411E+02
    0.3670000000E+03     -0.7185013587E+02
    0.3680000000E+03     -0.7013712725E+02
    0.3690000000E+03     -0.6843066063E+02
    0.3700000000E+03     -0.6673244385E+02
    0.3710000000E+03     -0.6504378147E+02
    0.3720000000E+03     -0.6336270841E+02
    0.3730000000E+03     -0.6169044869E+02
    0.3740000000E+03     -0.6003704931E+02
    0.3750000000E+03     -0.5839233676E+02
    0.3760000000E+03     -0.5675976408E+02
    0.3770000000E+03     -0.5514333206E+02
    0.3780000000E+03     -0.5353583527E+02
    0.3790000000E+03     -0.5193734272E+02
    0.3800000000E+03     -0.5035509173E+02
    0.3810000000E+03     -0.4878950438E+02
    0.3820000000E+03     -0.4723462662E+02
    0.3830000000E+03     -0.4569883403E+02
    0.3840000000E+03     -0.4417909312E+02
    0.3850000000E+03     -0.4267851385E+02
    0.3860000000E+03     -0.4119460401E+02
    0.3870000000E+03     -0.3973432216E+02
    0.3880000000E+03     -0.3828387599E+02
    0.3890000000E+03     -0.3685233883E+02
    0.3900000000E+03     -0.3543571208E+02
    0.3910000000E+03     -0.3404653321E+02
    0.3920000000E+03     -0.3267963096E+02
    0.3930000000E+03     -0.3133322980E+02
    0.3940000000E+03     -0.3001555082E+02
    0.3950000000E+03     -0.2871223358E+02
    0.3960000000E+03     -0.2744116966E+02
    0.3970000000E+03     -0.2619148267E+02
    0.3980000000E+03     -0.2496633637E+02
    0.3990000000E+03     -0.2377324601E+02
    0.4000000000E+03     -0.2259655213E+02
    0.4010000000E+03     -0.2144946909E+02
    0.4020000000E+03     -0.2033555566E+02
    0.4030000000E+03     -0.1925014752E+02
    0.4040000000E+03     -0.1819490490E+02
    0.4050000000E+03     -0.1716158224E+02
    0.4060000000E+03     -0.1616775611E+02
    0.4070000000E+03     -0.1519101656E+02
    0.4080000000E+03     -0.1425834723E+02
    0.4090000000E+03     -0.1335129582E+02
    0.4100000000E+03     -0.1249657478E+02
    0.4110000000E+03     -0.1165353721E+02
    0.4120000000E+03     -0.1085166627E+02
    0.4130000000E+03     -0.1008292109E+02
    0.4140000000E+03     -0.9344583304E+01
    0.4150000000E+03     -0.8640072137E+01
    0.4160000000E+03     -0.7986155734E+01
    0.4170000000E+03     -0.7362202964E+01
    0.4180000000E+03     -0.6782431391E+01
    0.4190000000E+03     -0.6247579357E+01
    0.4200000000E+03     -0.5748391378E+01
    0.4210000000E+03     -0.5294839089E+01
    0.4220000000E+03     -0.4885188231E+01
    0.4230000000E+03     -0.4530345654E+01
    0.4240000000E+03     -0.4199785951E+01
    0.4250000000E+03     -0.3900573914E+01
    0.4260000000E+03     -0.3642115297E+01
    0.4270000000E+03     -0.3436518680E+01
    0.4280000000E+03     -0.3298035469E+01
    0.4290000000E+03     -0.3189330641E+01
    0.4300000000E+03     -0.3139967292E+01
    0.4310000000E+03     -0.3128302856E+01
    0.4320000000E+03     -0.3169208200E+01
    0.4330000000E+03     -0.3254834453E+01
    0.4340000000E+03     -0.3391549745E+01
    0.4350000000E+03     -0.3582396565E+01
    0.4360000000E+03     -0.3824177785E+01
    0.4370000000E+03     -0.4117941681E+01
    0.4380000000E+03     -0.4472047867E+01
    0.4390000000E+03     -0.4871362730E+01
    0.4400000000E+03     -0.5332118781E+01
    0.4410000000E+03     -0.5865146496E+01
    0.4420000000E+03     -0.6421273367E+01
    0.4430000000E+03     -0.7064008880E+01
    0.4440000000E+03     -0.7733528855E+01
    0.4450000000E+03     -0.8480390944E+01
    0.4460000000E+03     -0.9290428128E+01
    0.4470000000E+03     -0.1016863454E+02
    0.4480000000E+03     -0.1112301265E+02
    0.4490000000E+03     -0.1212575561E+02
    0.4500000000E+03     -0.1318514638E+02
    0.4510000000E+03     -0.1432129223E+02
    0.4520000000E+03     -0.1550102717E+02
    0.4530000000E+03     -0.1677041570E+02
    0.4540000000E+03     -0.1811303149E+02
    0.4550000000E+03     -0.1951155846E+02
    0.4560000000E+03     -0.2095333993E+02
    0.4570000000E+03     -0.2251067623E+02
    0.4580000000E+03     -0.2411426851E+02
    0.4590000000E+03     -0.2580845559E+02
    0.4600000000E+03     -0.2754745006E+02
    0.4610000000E+03     -0.2938851488E+02
    0.4620000000E+03     -0.3130759207E+02
    0.4630000000E+03     -0.3331063735E+02
    0.4640000000E+03     -0.3537133966E+02
    0.4650000000E+03     -0.3754820253E+02
    0.4660000000E+03     -0.3977977404E+02
    0.4670000000E+03     -0.4207964669E+02
    0.4680000000E+03     -0.4447470287E+02
    0.4690000000E+03     -0.4693431038E+02
    0.4700000000E+03     -0.4949681929E+02
    0.4710000000E+03     -0.5217887301E+02
    0.4720000000E+03     -0.5490524432E+02
    0.4730000000E+03     -0.5772133725E+02
    0.4740000000E+03     -0.6063169939E+02
    0.4750000000E+03     -0.6362120457E+02
    0.4760000000E+03     -0.6667549488E+02
    0.4770000000E+03     -0.6984220095E+02
    0.4780000000E+03     -0.7311705318E+02
    0.4790000000E+03     -0.7647065741E+02
    0.4800000000E+03     -0.7991085170E+02
    0.4810000000E+03     -0.8346974747E+02
    0.4820000000E+03     -0.8711655772E+02
    0.4830000000E+03     -0.9087602550E+02
    0.4840000000E+03     -0.9469781190E+02
    0.4850000000E+03     -0.9863507812E+02
