    0.00000000E+00      -6.198794692718409038E+01
    1.00000000E+00      -5.894886679538510776E+01
    2.00000000E+00      -5.658612614833734966E+01
    3.00000000E+00      -5.461204984002731777E+01
    4.00000000E+00      -5.290861725025795437E+01
    5.00000000E+00      -5.141136487537048794E+01
    6.00000000E+00      -5.007983163335345722E+01
    7.00000000E+00      -4.888577920534633137E+01
    8.00000000E+00      -4.780846379660986400E+01
    9.00000000E+00      -4.683200954237006641E+01
    1.00000000E+01      -4.594423449003122784E+01
    1.10000000E+01      -4.513534292914889789E+01
    1.20000000E+01      -4.439642935582421757E+01
    1.30000000E+01      -4.372080210187457538E+01
    1.40000000E+01      -4.310311270841382481E+01
    1.50000000E+01      -4.253802044280789829E+01
    1.60000000E+01      -4.202114395015858150E+01
    1.70000000E+01      -4.154807972499154545E+01
    1.80000000E+01      -4.111580200829528309E+01
    1.90000000E+01      -4.072085409202598072E+01
    2.00000000E+01      -4.036102004312895275E+01
    2.10000000E+01      -4.003380826079271770E+01
    2.20000000E+01      -3.973649315872214771E+01
    2.30000000E+01      -3.946726500206612087E+01
    2.40000000E+01      -3.922508851029895283E+01
    2.50000000E+01      -3.900768044182084537E+01
    2.60000000E+01      -3.881294261627815700E+01
    2.70000000E+01      -3.864024744519017673E+01
    2.80000000E+01      -3.848795037307761646E+01
    2.90000000E+01      -3.835463220589779354E+01
    3.00000000E+01      -3.823921751194618679E+01
    3.10000000E+01      -3.814052192830465771E+01
    3.20000000E+01      -3.805763444268129803E+01
    3.30000000E+01      -3.798970964514635540E+01
    3.40000000E+01      -3.793576992639325596E+01
    3.50000000E+01      -3.789489160069249607E+01
    3.60000000E+01      -3.786672413685344196E+01
    3.70000000E+01      -3.785044003241680599E+01
    3.80000000E+01      -3.784530477561973072E+01
    3.90000000E+01      -3.785051841624997593E+01
    4.00000000E+01      -3.786527410858295895E+01
    4.10000000E+01      -3.788937971332095600E+01
    4.20000000E+01      -3.792192278766058422E+01
    4.30000000E+01      -3.796273505651377178E+01
    4.40000000E+01      -3.801124506407402492E+01
    4.50000000E+01      -3.806660379433058239E+01
    4.60000000E+01      -3.812868225910685993E+01
    4.70000000E+01      -3.819730252736233211E+01
    4.80000000E+01      -3.827177433260701633E+01
    4.90000000E+01      -3.835141361840985752E+01
    5.00000000E+01      -3.843644941934369541E+01
    5.10000000E+01      -3.852617818453334309E+01
    5.20000000E+01      -3.861990467050097919E+01
    5.30000000E+01      -3.871786343269966579E+01
    5.40000000E+01      -3.882009561323545910E+01
    5.50000000E+01      -3.892605993487857319E+01
    5.60000000E+01      -3.903505505212567783E+01
    5.70000000E+01      -3.914690893479608036E+01
    5.80000000E+01      -3.926111824774168468E+01
    5.90000000E+01      -3.937794075497411228E+01
    6.00000000E+01      -3.949687623568795658E+01
    6.10000000E+01      -3.961829497256301380E+01
    6.20000000E+01      -3.974127050452850796E+01
    6.30000000E+01      -3.986539319121263958E+01
    6.40000000E+01      -3.999107729234717823E+01
    6.50000000E+01      -4.011830241196773983E+01
    6.60000000E+01      -4.024670891799949146E+01
    6.70000000E+01      -4.037603092157267071E+01
    6.80000000E+01      -4.050593698360942341E+01
    6.90000000E+01      -4.063640491255544163E+01
    7.00000000E+01      -4.076733656563781238E+01
    7.10000000E+01      -4.089778442271970249E+01
    7.20000000E+01      -4.102873572670839764E+01
    7.30000000E+01      -4.115952767395399547E+01
    7.40000000E+01      -4.129010060393236614E+01
    7.50000000E+01      -4.142044284158371426E+01
    7.60000000E+01      -4.155007371642611957E+01
    7.70000000E+01      -4.167960174345396496E+01
    7.80000000E+01      -4.180802164562962986E+01
    7.90000000E+01      -4.193543166630886532E+01
    8.00000000E+01      -4.206199973040245510E+01
    8.10000000E+01      -4.218727179580353237E+01
    8.20000000E+01      -4.231174742766641117E+01
    8.30000000E+01      -4.243503306769751049E+01
    8.40000000E+01      -4.255730408393763042E+01
    8.50000000E+01      -4.267794488706611133E+01
    8.60000000E+01      -4.279708678611539341E+01
    8.70000000E+01      -4.291490752958677746E+01
    8.80000000E+01      -4.303114858978413082E+01
    8.90000000E+01      -4.314581701123140789E+01
    9.00000000E+01      -4.325899988376520611E+01
    9.10000000E+01      -4.337028199397943951E+01
    9.20000000E+01      -4.347936398872159458E+01
    9.30000000E+01      -4.358670420535825230E+01
    9.40000000E+01      -4.369184104689382053E+01
    9.50000000E+01      -4.379462610893867947E+01
    9.60000000E+01      -4.389567883648894764E+01
    9.70000000E+01      -4.399456110187791325E+01
    9.80000000E+01      -4.409098225050590969E+01
    9.90000000E+01      -4.418572240659020878E+01
    1.00000000E+02      -4.427797792443059421E+01
    1.01000000E+02      -4.436745992639087177E+01
    1.02000000E+02      -4.445486619659684635E+01
    1.03000000E+02      -4.453980928995631672E+01
    1.04000000E+02      -4.462276497819446064E+01
    1.05000000E+02      -4.470301450380109287E+01
    1.06000000E+02      -4.478023514860294796E+01
    1.07000000E+02      -4.485524402522467113E+01
    1.08000000E+02      -4.492828626894377209E+01
    1.09000000E+02      -4.499830426984451748E+01
    1.10000000E+02      -4.506519377195261455E+01
    1.11000000E+02      -4.512968082689665295E+01
    1.12000000E+02      -4.519201497324727512E+01
    1.13000000E+02      -4.525174929165266491E+01
    1.14000000E+02      -4.530859156289123035E+01
    1.15000000E+02      -4.536250143834374882E+01
    1.16000000E+02      -4.541352019422672726E+01
    1.17000000E+02      -4.546187591143868900E+01
    1.18000000E+02      -4.550709280707858539E+01
    1.19000000E+02      -4.554946299605988003E+01
    1.20000000E+02      -4.558919386156819797E+01
    1.21000000E+02      -4.562557768785379864E+01
    1.22000000E+02      -4.565876260363481975E+01
    1.23000000E+02      -4.568981537186525799E+01
    1.24000000E+02      -4.571779517048023678E+01
    1.25000000E+02      -4.574273817949913479E+01
    1.26000000E+02      -4.576479279586099125E+01
    1.27000000E+02      -4.578405741938374973E+01
    1.28000000E+02      -4.579987620898507572E+01
    1.29000000E+02      -4.581269209050558544E+01
    1.30000000E+02      -4.582289590650223232E+01
    1.31000000E+02      -4.582932452821157909E+01
    1.32000000E+02      -4.583357121386550403E+01
    1.33000000E+02      -4.583452621438525654E+01
    1.34000000E+02      -4.583222974800489879E+01
    1.35000000E+02      -4.582657283508203960E+01
    1.36000000E+02      -4.581800384410642124E+01
    1.37000000E+02      -4.580621432849191166E+01
    1.38000000E+02      -4.579113771730087734E+01
    1.39000000E+02      -4.577367689424179531E+01
    1.40000000E+02      -4.575260940902851559E+01
    1.41000000E+02      -4.572834061049841381E+01
    1.42000000E+02      -4.570122568645499683E+01
    1.43000000E+02      -4.567087437548659778E+01
    1.44000000E+02      -4.563739595525883175E+01
    1.45000000E+02      -4.560095481165669895E+01
    1.46000000E+02      -4.556191203334353901E+01
    1.47000000E+02      -4.551931672506950832E+01
    1.48000000E+02      -4.547288184204123951E+01
    1.49000000E+02      -4.542357382141970135E+01
    1.50000000E+02      -4.537205975093863941E+01
    1.51000000E+02      -4.531676530056618191E+01
    1.52000000E+02      -4.525821545683763958E+01
    1.53000000E+02      -4.519613417946718670E+01
    1.54000000E+02      -4.513090062850140072E+01
    1.55000000E+02      -4.506215505638144947E+01
    1.56000000E+02      -4.499067186155341602E+01
    1.57000000E+02      -4.491621469669960476E+01
    1.58000000E+02      -4.483849860691450573E+01
    1.59000000E+02      -4.475755849816821552E+01
    1.60000000E+02      -4.467389162593506313E+01
    1.61000000E+02      -4.458664200418613888E+01
    1.62000000E+02      -4.449549138137124515E+01
    1.63000000E+02      -4.440180177577756382E+01
    1.64000000E+02      -4.430497028642319179E+01
    1.65000000E+02      -4.420500846543334461E+01
    1.66000000E+02      -4.410192563348434902E+01
    1.67000000E+02      -4.399544713982366062E+01
    1.68000000E+02      -4.388617688753627277E+01
    1.69000000E+02      -4.377431741320513225E+01
    1.70000000E+02      -4.365905498304389454E+01
    1.71000000E+02      -4.354020682685993648E+01
    1.72000000E+02      -4.341723485999725796E+01
    1.73000000E+02      -4.329255539887569881E+01
    1.74000000E+02      -4.316470172592423893E+01
    1.75000000E+02      -4.303294001855872608E+01
    1.76000000E+02      -4.289801175110958553E+01
    1.77000000E+02      -4.276065065302871204E+01
    1.78000000E+02      -4.261921163239501453E+01
    1.79000000E+02      -4.247466738485716320E+01
    1.80000000E+02      -4.232709610798381306E+01
    1.81000000E+02      -4.217588092350386120E+01
    1.82000000E+02      -4.202203397789023853E+01
    1.83000000E+02      -4.186474221908472515E+01
    1.84000000E+02      -4.170458225124500728E+01
    1.85000000E+02      -4.154143004828117824E+01
    1.86000000E+02      -4.137577756085418201E+01
    1.87000000E+02      -4.120627755635403133E+01
    1.88000000E+02      -4.103377123885773159E+01
    1.89000000E+02      -4.085868126862667538E+01
    1.90000000E+02      -4.068030226939342953E+01
    1.91000000E+02      -4.049882865660809017E+01
    1.92000000E+02      -4.031375957616590000E+01
    1.93000000E+02      -4.012556645982883907E+01
    1.94000000E+02      -3.993521562927387691E+01
    1.95000000E+02      -3.974138268046997524E+01
    1.96000000E+02      -3.954490771108292080E+01
    1.97000000E+02      -3.934536129572413898E+01
    1.98000000E+02      -3.914290960096739269E+01
    1.99000000E+02      -3.893739540838621593E+01
    2.00000000E+02      -3.872866712846778370E+01
    2.01000000E+02      -3.851713679322026707E+01
    2.02000000E+02      -3.830213461779974438E+01
    2.03000000E+02      -3.808475044333361126E+01
    2.04000000E+02      -3.786402206831596828E+01
    2.05000000E+02      -3.764053307809852100E+01
    2.06000000E+02      -3.741441386901758648E+01
    2.07000000E+02      -3.718493903391979671E+01
    2.08000000E+02      -3.695240801908992267E+01
    2.09000000E+02      -3.671715622358940578E+01
    2.10000000E+02      -3.647932324149631000E+01
    2.11000000E+02      -3.623797228523515201E+01
    2.12000000E+02      -3.599361759387873150E+01
    2.13000000E+02      -3.574685380571506954E+01
    2.14000000E+02      -3.549705785476587749E+01
    2.15000000E+02      -3.524480527230523563E+01
    2.16000000E+02      -3.499101125040076710E+01
    2.17000000E+02      -3.473334724047206379E+01
    2.18000000E+02      -3.447315785625003315E+01
    2.19000000E+02      -3.420986344628952480E+01
    2.20000000E+02      -3.394416161590240932E+01
    2.21000000E+02      -3.367546562814138866E+01
    2.22000000E+02      -3.340502802246235348E+01
    2.23000000E+02      -3.313216912710092998E+01
    2.24000000E+02      -3.285675381832741238E+01
    2.25000000E+02      -3.257841194012187458E+01
    2.26000000E+02      -3.229759709873221851E+01
    2.27000000E+02      -3.201542082020066715E+01
    2.28000000E+02      -3.172985831984303928E+01
    2.29000000E+02      -3.144246840440653301E+01
    2.30000000E+02      -3.115184874423764683E+01
    2.31000000E+02      -3.085917202346943355E+01
    2.32000000E+02      -3.056432906501911617E+01
    2.33000000E+02      -3.026783121340893246E+01
    2.34000000E+02      -2.996893381291054226E+01
    2.35000000E+02      -2.966838559844516254E+01
    2.36000000E+02      -2.936554818936608768E+01
    2.37000000E+02      -2.906018555128000713E+01
    2.38000000E+02      -2.875249862634561993E+01
    2.39000000E+02      -2.844369277694247700E+01
    2.40000000E+02      -2.813285727017544247E+01
    2.41000000E+02      -2.781912811436675526E+01
    2.42000000E+02      -2.750457067751310802E+01
    2.43000000E+02      -2.718796641715787388E+01
    2.44000000E+02      -2.686998179518602825E+01
    2.45000000E+02      -2.655005929955266453E+01
    2.46000000E+02      -2.622834355720303989E+01
    2.47000000E+02      -2.590404057838939167E+01
    2.48000000E+02      -2.557834400572799183E+01
    2.49000000E+02      -2.525214274936340786E+01
    2.50000000E+02      -2.492467847802661396E+01
    2.51000000E+02      -2.459540124573729969E+01
    2.52000000E+02      -2.426506667547844387E+01
    2.53000000E+02      -2.393330949136041141E+01
    2.54000000E+02      -2.360109740459345318E+01
    2.55000000E+02      -2.326738330685518719E+01
    2.56000000E+02      -2.293243013658545948E+01
    2.57000000E+02      -2.259753177278660274E+01
    2.58000000E+02      -2.226050781049750782E+01
    2.59000000E+02      -2.192360857465289570E+01
    2.60000000E+02      -2.158546218984745479E+01
    2.61000000E+02      -2.124784307890556789E+01
    2.62000000E+02      -2.090842047297380901E+01
    2.63000000E+02      -2.056981412657521702E+01
    2.64000000E+02      -2.022986249589346386E+01
    2.65000000E+02      -1.988964828439973331E+01
    2.66000000E+02      -1.955063552373074032E+01
    2.67000000E+02      -1.920996483006499744E+01
    2.68000000E+02      -1.886996469237826801E+01
    2.69000000E+02      -1.852966325693748928E+01
    2.70000000E+02      -1.818939390742205120E+01
    2.71000000E+02      -1.784991480373762585E+01
    2.72000000E+02      -1.751102489569209553E+01
    2.73000000E+02      -1.717358946763895489E+01
    2.74000000E+02      -1.683600178697131611E+01
    2.75000000E+02      -1.649913807549499012E+01
    2.76000000E+02      -1.616323044114731289E+01
    2.77000000E+02      -1.582858666741274156E+01
    2.78000000E+02      -1.549492695518754282E+01
    2.79000000E+02      -1.516302693598888673E+01
    2.80000000E+02      -1.483271718733928957E+01
    2.81000000E+02      -1.450293921642921724E+01
    2.82000000E+02      -1.417488182299755373E+01
    2.83000000E+02      -1.384743074663899698E+01
    2.84000000E+02      -1.352406744622610368E+01
    2.85000000E+02      -1.320261017196796693E+01
    2.86000000E+02      -1.288324030824921884E+01
    2.87000000E+02      -1.256545035877249994E+01
    2.88000000E+02      -1.224955775552414217E+01
    2.89000000E+02      -1.193567739763282098E+01
    2.90000000E+02      -1.162541356273911752E+01
    2.91000000E+02      -1.131798778065465250E+01
    2.92000000E+02      -1.101366955750606813E+01
    2.93000000E+02      -1.071227044948361673E+01
    2.94000000E+02      -1.041346417703650751E+01
    2.95000000E+02      -1.011903005802057542E+01
    2.96000000E+02      -9.828359715277178665E+00
    2.97000000E+02      -9.541932690525277039E+00
    2.98000000E+02      -9.260032269740326782E+00
    2.99000000E+02      -8.980073734754546066E+00
    3.00000000E+02      -8.704742453629000565E+00
    3.01000000E+02      -8.433896757298930069E+00
    3.02000000E+02      -8.165809847051127335E+00
    3.03000000E+02      -7.903212196761591812E+00
    3.04000000E+02      -7.643622144693358322E+00
    3.05000000E+02      -7.391346953445895096E+00
    3.06000000E+02      -7.145753010744078537E+00
    3.07000000E+02      -6.905122782671673676E+00
    3.08000000E+02      -6.668794352197869202E+00
    3.09000000E+02      -6.436274431282503983E+00
    3.10000000E+02      -6.212402388090117356E+00
    3.11000000E+02      -5.996260273838265320E+00
    3.12000000E+02      -5.785487904781325241E+00
    3.13000000E+02      -5.581457811975701233E+00
    3.14000000E+02      -5.382970332735999008E+00
    3.15000000E+02      -5.191819075131638428E+00
    3.16000000E+02      -5.008807908380253693E+00
    3.17000000E+02      -4.832983139538987061E+00
    3.18000000E+02      -4.663475758964045426E+00
    3.19000000E+02      -4.502619869643671890E+00
    3.20000000E+02      -4.349255732828600785E+00
    3.21000000E+02      -4.206483497852309128E+00
    3.22000000E+02      -4.070665347957833191E+00
    3.23000000E+02      -3.944460380459054338E+00
    3.24000000E+02      -3.825004633152707445E+00
    3.25000000E+02      -3.714798919493182527E+00
    3.26000000E+02      -3.613242026055081713E+00
    3.27000000E+02      -3.520850315326674806E+00
    3.28000000E+02      -3.434083252781852114E+00
    3.29000000E+02      -3.361888985717519152E+00
    3.30000000E+02      -3.300132583463414537E+00
    3.31000000E+02      -3.246118962401374208E+00
    3.32000000E+02      -3.207019868874772417E+00
    3.33000000E+02      -3.172901667291148531E+00
    3.34000000E+02      -3.155635278308614122E+00
    3.35000000E+02      -3.148276343578322756E+00
    3.36000000E+02      -3.152703009182437288E+00
    3.37000000E+02      -3.170272841686232912E+00
    3.38000000E+02      -3.199081111335976946E+00
    3.39000000E+02      -3.242940894896014559E+00
    3.40000000E+02      -3.293355691814645159E+00
    3.41000000E+02      -3.364077485734446871E+00
    3.42000000E+02      -3.442527744555695879E+00
    3.43000000E+02      -3.532030574614032137E+00
    3.44000000E+02      -3.640283316010459291E+00
    3.45000000E+02      -3.755947261685355532E+00
    3.46000000E+02      -3.887514162445290911E+00
    3.47000000E+02      -4.037528704488499542E+00
    3.48000000E+02      -4.200064751887543579E+00
    3.49000000E+02      -4.376540351295693299E+00
    3.50000000E+02      -4.569655641550047775E+00
    3.51000000E+02      -4.779747478300555130E+00
    3.52000000E+02      -5.005482431137783905E+00
    3.53000000E+02      -5.248927116030676743E+00
    3.54000000E+02      -5.508276406312210938E+00
    3.55000000E+02      -5.786612458163721939E+00
    3.56000000E+02      -6.080929796779377838E+00
    3.57000000E+02      -6.389649394536240479E+00
    3.58000000E+02      -6.716898705446942230E+00
    3.59000000E+02      -7.064681075149996659E+00
    3.60000000E+02      -7.422669071340783020E+00
    3.61000000E+02      -7.804829727494938751E+00
    3.62000000E+02      -8.205058574313147446E+00
    3.63000000E+02      -8.623801588648779770E+00
    3.64000000E+02      -9.061257246518357178E+00
    3.65000000E+02      -9.520606591934187790E+00
    3.66000000E+02      -9.998613491291029831E+00
    3.67000000E+02      -1.049969368764184274E+01
    3.68000000E+02      -1.102592910044811525E+01
    3.69000000E+02      -1.157258700170539178E+01
    3.70000000E+02      -1.214167041667722025E+01
    3.71000000E+02      -1.272849884220383920E+01
    3.72000000E+02      -1.333025589548967638E+01
    3.73000000E+02      -1.395404056423328676E+01
    3.74000000E+02      -1.460972161554716386E+01
    3.75000000E+02      -1.529204979502580919E+01
    3.76000000E+02      -1.599637880885027208E+01
    3.77000000E+02      -1.672879591547869182E+01
    3.78000000E+02      -1.748183339425347782E+01
    3.79000000E+02      -1.825437536799334026E+01
    3.80000000E+02      -1.904962401055716015E+01
    3.81000000E+02      -1.987712448799036480E+01
    3.82000000E+02      -2.073085894026778675E+01
    3.83000000E+02      -2.160417922177337147E+01
    3.84000000E+02      -2.250488260724566913E+01
    3.85000000E+02      -2.344321785085819698E+01
    3.86000000E+02      -2.440388043561004139E+01
    3.87000000E+02      -2.539111225270651317E+01
    3.88000000E+02      -2.640903357007525898E+01
    3.89000000E+02      -2.745503009819410778E+01
    3.90000000E+02      -2.852753811293266750E+01
    3.91000000E+02      -2.962466959991477466E+01
    3.92000000E+02      -3.073921426349304653E+01
    3.93000000E+02      -3.190155316107891537E+01
    3.94000000E+02      -3.308719385378979183E+01
    3.95000000E+02      -3.431359704920075870E+01
    3.96000000E+02      -3.556529605724833942E+01
    3.97000000E+02      -3.684956434705279804E+01
    3.98000000E+02      -3.815977928006075359E+01
    3.99000000E+02      -3.950211899691246487E+01
    4.00000000E+02      -4.087902504541896320E+01
    4.01000000E+02      -4.228291644864700771E+01
    4.02000000E+02      -4.371486010366104580E+01
    4.03000000E+02      -4.520460776948355175E+01
    4.04000000E+02      -4.671740064361117817E+01
    4.05000000E+02      -4.826009872519396282E+01
    4.06000000E+02      -4.983401108869336582E+01
    4.07000000E+02      -5.145049154722116924E+01
    4.08000000E+02      -5.310347459056399799E+01
    4.09000000E+02      -5.479714087360523678E+01
    4.10000000E+02      -5.652282868661902882E+01
    4.11000000E+02      -5.829390772023223377E+01
    4.12000000E+02      -6.009869551994822956E+01
    4.13000000E+02      -6.194097188451312519E+01
    4.14000000E+02      -6.380882549249552227E+01
    4.15000000E+02      -6.572689679973743182E+01
    4.16000000E+02      -6.768780301102421504E+01
    4.17000000E+02      -6.969409960844538432E+01
    4.18000000E+02      -7.173007762395761233E+01
    4.19000000E+02      -7.380768316947839480E+01
    4.20000000E+02      -7.592897955291888934E+01
    4.21000000E+02      -7.809132259675286036E+01
    4.22000000E+02      -8.029298723452708941E+01
    4.23000000E+02      -8.254872329496762973E+01
    4.24000000E+02      -8.485348116197607737E+01
    4.25000000E+02      -8.720019222759626132E+01
    4.26000000E+02      -8.959855500944874507E+01
    4.27000000E+02      -9.202324154191634875E+01
    4.28000000E+02      -9.450897805356405001E+01
    4.29000000E+02      -9.704160617255590182E+01
    4.30000000E+02      -9.961127464809439402E+01
    4.31000000E+02      -1.022305801469924234E+02
    4.32000000E+02      -1.048882911760451577E+02
    4.33000000E+02      -1.076016235869469426E+02
    4.34000000E+02      -1.103609355349185250E+02
    4.35000000E+02      -1.131617433909418367E+02
    4.36000000E+02      -1.160303070727827333E+02
    4.37000000E+02      -1.189455911625268243E+02
    4.38000000E+02      -1.218919040110053800E+02
    4.39000000E+02      -1.248848422911109708E+02
    4.40000000E+02      -1.279448096785785935E+02
    4.41000000E+02      -1.310607352364899896E+02
    4.42000000E+02      -1.342210306745114110E+02
    4.43000000E+02      -1.374484014395715974E+02
    4.44000000E+02      -1.407200375381948732E+02
    4.45000000E+02      -1.440514296736659787E+02
    4.46000000E+02      -1.474539127756001733E+02
    4.47000000E+02      -1.509107232872488282E+02
    4.48000000E+02      -1.544315367896201394E+02
    4.49000000E+02      -1.579943962391557477E+02
    4.50000000E+02      -1.616061497252526067E+02
    4.51000000E+02      -1.652893566113056920E+02
    4.52000000E+02      -1.690269725654365800E+02
    4.53000000E+02      -1.728465188402774118E+02
    4.54000000E+02      -1.767039284255447171E+02
    4.55000000E+02      -1.806131733801307462E+02
    4.56000000E+02      -1.845619722005071424E+02
    4.57000000E+02      -1.886286387141885541E+02
    4.58000000E+02      -1.927266719188632749E+02
    4.59000000E+02      -1.968881782960238240E+02
    4.60000000E+02      -2.011257043738009713E+02
    4.61000000E+02      -2.054064573269428990E+02
    4.62000000E+02      -2.097498772326948426E+02
    4.63000000E+02      -2.141697606664242528E+02
    4.64000000E+02      -2.186535074111165784E+02
    4.65000000E+02      -2.231818303126933358E+02
    4.66000000E+02      -2.277725986871959947E+02
    4.67000000E+02      -2.324633712206127427E+02
    4.68000000E+02      -2.372132735323252462E+02
    4.69000000E+02      -2.420253945622684739E+02
    4.70000000E+02      -2.468850286375822805E+02
    4.71000000E+02      -2.518571012947799943E+02
    4.72000000E+02      -2.569086379926743575E+02
    4.73000000E+02      -2.620359105315151282E+02
    4.74000000E+02      -2.672040501121523448E+02
    4.75000000E+02      -2.724702890548946925E+02
    4.76000000E+02      -2.778262156393470832E+02
    4.77000000E+02      -2.832157580103817054E+02
    4.78000000E+02      -2.886929899897518226E+02
    4.79000000E+02      -2.942460188601257869E+02
    4.80000000E+02      -2.998790998939516612E+02
    4.81000000E+02      -3.055923738662245341E+02
    4.82000000E+02      -3.113747293684723445E+02
    4.83000000E+02      -3.172362586852254935E+02
    4.84000000E+02      -3.231594204340221950E+02
    4.85000000E+02      -3.291781590689065524E+02
    4.86000000E+02      -3.352670211155059405E+02
    4.87000000E+02      -3.414153495501818725E+02
    4.88000000E+02      -3.477040517885329791E+02
    4.89000000E+02      -3.540261467356326648E+02
    4.90000000E+02      -3.604402580704631873E+02
    4.91000000E+02      -3.669135664027276107E+02
    4.92000000E+02      -3.735093560028913089E+02
    4.93000000E+02      -3.801979229707362720E+02
    4.94000000E+02      -3.869804948266687461E+02
    4.95000000E+02      -3.938258627351465293E+02
    4.96000000E+02      -4.007828408848586150E+02
    4.97000000E+02      -4.077728991802873679E+02
    4.98000000E+02      -4.148578239936473437E+02
    4.99000000E+02      -4.220667291205468246E+02
    5.00000000E+02      -4.293589688014330932E+02
    5.01000000E+02      -4.367653072435500690E+02
    5.02000000E+02      -4.442229587357583114E+02
    5.03000000E+02      -4.517763365913274356E+02
    5.04000000E+02      -4.594480184424760409E+02
    5.05000000E+02      -4.672043467383923598E+02
    5.06000000E+02      -4.750776236984970637E+02
    5.07000000E+02      -4.830238389294686385E+02
    5.08000000E+02      -4.910633999850692817E+02
    5.09000000E+02      -4.991878829706552096E+02
    5.10000000E+02      -5.073886485990228721E+02
