    0.0000000000E+00     -0.1489991017E+02
    0.1000000000E+01     -0.1240101328E+02
    0.2000000000E+01     -0.1057535525E+02
    0.3000000000E+01     -0.9135158904E+01
    0.4000000000E+01     -0.7962758688E+01
    0.5000000000E+01     -0.6993607746E+01
    0.6000000000E+01     -0.6186892556E+01
    0.7000000000E+01     -0.5514610536E+01
    0.8000000000E+01     -0.4956190708E+01
    0.9000000000E+01     -0.4495975056E+01
    0.1000000000E+02     -0.4121549985E+01
    0.1100000000E+02     -0.3822506596E+01
    0.1200000000E+02     -0.3590808423E+01
    0.1300000000E+02     -0.3419755486E+01
    0.1400000000E+02     -0.3303608036E+01
    0.1500000000E+02     -0.3237021845E+01
    0.1600000000E+02     -0.3215178794E+01
    0.1700000000E+02     -0.3234433214E+01
    0.1800000000E+02     -0.3291508380E+01
    0.1900000000E+02     -0.3383281440E+01
    0.2000000000E+02     -0.3507055695E+01
    0.2100000000E+02     -0.3660362980E+01
    0.2200000000E+02     -0.3840788639E+01
    0.2300000000E+02     -0.4046389204E+01
    0.2400000000E+02     -0.4275364631E+01
    0.2500000000E+02     -0.4525978974E+01
    0.2600000000E+02     -0.4796350923E+01
    0.2700000000E+02     -0.5085392624E+01
    0.2800000000E+02     -0.5391891943E+01
    0.2900000000E+02     -0.5714424335E+01
    0.3000000000E+02     -0.6051928937E+01
    0.3100000000E+02     -0.6403366929E+01
    0.3200000000E+02     -0.6767411004E+01
    0.3300000000E+02     -0.7143435676E+01
    0.3400000000E+02     -0.7530584430E+01
    0.3500000000E+02     -0.7928289530E+01
    0.3600000000E+02     -0.8335321185E+01
    0.3700000000E+02     -0.8750780381E+01
    0.3800000000E+02     -0.9173823006E+01
    0.3900000000E+02     -0.9604160041E+01
    0.4000000000E+02     -0.1004160451E+02
    0.4100000000E+02     -0.1048532766E+02
    0.4200000000E+02     -0.1093485506E+02
    0.4300000000E+02     -0.1138953789E+02
    0.4400000000E+02     -0.1184880157E+02
    0.4500000000E+02     -0.1231192537E+02
    0.4600000000E+02     -0.1277903725E+02
    0.4700000000E+02     -0.1324937270E+02
    0.4800000000E+02     -0.1372282923E+02
    0.4900000000E+02     -0.1419839292E+02
    0.5000000000E+02     -0.1467598466E+02
    0.5100000000E+02     -0.1515565189E+02
    0.5200000000E+02     -0.1563678682E+02
    0.5300000000E+02     -0.1611906414E+02
    0.5400000000E+02     -0.1660186501E+02
    0.5500000000E+02     -0.1708528648E+02
    0.5600000000E+02     -0.1756916913E+02
    0.5700000000E+02     -0.1805295815E+02
    0.5800000000E+02     -0.1853658945E+02
    0.5900000000E+02     -0.1901919581E+02
    0.6000000000E+02     -0.1950203838E+02
    0.6100000000E+02     -0.1998371949E+02
    0.6200000000E+02     -0.2046453272E+02
    0.6300000000E+02     -0.2094376616E+02
    0.6400000000E+02     -0.2142184207E+02
    0.6500000000E+02     -0.2189767767E+02
    0.6600000000E+02     -0.2237189418E+02
    0.6700000000E+02     -0.2284421449E+02
    0.6800000000E+02     -0.2331407836E+02
    0.6900000000E+02     -0.2378143921E+02
    0.7000000000E+02     -0.2424657629E+02
    0.7100000000E+02     -0.2470898573E+02
    0.7200000000E+02     -0.2516888202E+02
    0.7300000000E+02     -0.2562584268E+02
    0.7400000000E+02     -0.2607970747E+02
    0.7500000000E+02     -0.2653039920E+02
    0.7600000000E+02     -0.2697779542E+02
    0.7700000000E+02     -0.2742231244E+02
    0.7800000000E+02     -0.2786296814E+02
    0.7900000000E+02     -0.2830006006E+02
    0.8000000000E+02     -0.2873445889E+02
    0.8100000000E+02     -0.2916466995E+02
    0.8200000000E+02     -0.2959116465E+02
    0.8300000000E+02     -0.3001368340E+02
    0.8400000000E+02     -0.3043273426E+02
    0.8500000000E+02     -0.3084761078E+02
    0.8600000000E+02     -0.3125799933E+02
    0.8700000000E+02     -0.3166409123E+02
    0.8800000000E+02     -0.3206641162E+02
    0.8900000000E+02     -0.3246539969E+02
    0.9000000000E+02     -0.3285955439E+02
    0.9100000000E+02     -0.3325029141E+02
    0.9200000000E+02     -0.3363722643E+02
    0.9300000000E+02     -0.3401962547E+02
    0.9400000000E+02     -0.3439750215E+02
    0.9500000000E+02     -0.3477191649E+02
    0.9600000000E+02     -0.3514132546E+02
    0.9700000000E+02     -0.3550666284E+02
    0.9800000000E+02     -0.3586713546E+02
    0.9900000000E+02     -0.3622281399E+02
    0.1000000000E+03     -0.3657404608E+02
    0.1010000000E+03     -0.3692137024E+02
    0.1020000000E+03     -0.3726396945E+02
    0.1030000000E+03     -0.3760302231E+02
    0.1040000000E+03     -0.3793702667E+02
    0.1050000000E+03     -0.3826683895E+02
    0.1060000000E+03     -0.3859123265E+02
    0.1070000000E+03     -0.3891152441E+02
    0.1080000000E+03     -0.3922630397E+02
    0.1090000000E+03     -0.3953641606E+02
    0.1100000000E+03     -0.3984195848E+02
    0.1110000000E+03     -0.4014345204E+02
    0.1120000000E+03     -0.4044009567E+02
    0.1130000000E+03     -0.4073234456E+02
    0.1140000000E+03     -0.4102045388E+02
    0.1150000000E+03     -0.4130375080E+02
    0.1160000000E+03     -0.4158169398E+02
    0.1170000000E+03     -0.4185512907E+02
    0.1180000000E+03     -0.4212399271E+02
    0.1190000000E+03     -0.4238885209E+02
    0.1200000000E+03     -0.4264766465E+02
    0.1210000000E+03     -0.4290381454E+02
    0.1220000000E+03     -0.4315462353E+02
    0.1230000000E+03     -0.4340014374E+02
    0.1240000000E+03     -0.4364174216E+02
    0.1250000000E+03     -0.4387841050E+02
    0.1260000000E+03     -0.4411004368E+02
    0.1270000000E+03     -0.4433867095E+02
    0.1280000000E+03     -0.4456119663E+02
    0.1290000000E+03     -0.4477939056E+02
    0.1300000000E+03     -0.4499112470E+02
    0.1310000000E+03     -0.4520007366E+02
    0.1320000000E+03     -0.4540446047E+02
    0.1330000000E+03     -0.4560367256E+02
    0.1340000000E+03     -0.4579845126E+02
    0.1350000000E+03     -0.4598854824E+02
    0.1360000000E+03     -0.4617363240E+02
    0.1370000000E+03     -0.4635507606E+02
    0.1380000000E+03     -0.4653189643E+02
    0.1390000000E+03     -0.4670388259E+02
    0.1400000000E+03     -0.4687129361E+02
    0.1410000000E+03     -0.4703508769E+02
    0.1420000000E+03     -0.4719302601E+02
    0.1430000000E+03     -0.4734717218E+02
    0.1440000000E+03     -0.4749577945E+02
    0.1450000000E+03     -0.4763985132E+02
    0.1460000000E+03     -0.4777973664E+02
    0.1470000000E+03     -0.4791420182E+02
    0.1480000000E+03     -0.4804466390E+02
    0.1490000000E+03     -0.4817157821E+02
    0.1500000000E+03     -0.4829335855E+02
    0.1510000000E+03     -0.4841075631E+02
    0.1520000000E+03     -0.4852231102E+02
    0.1530000000E+03     -0.4863102833E+02
    0.1540000000E+03     -0.4873440166E+02
    0.1550000000E+03     -0.4883421512E+02
    0.1560000000E+03     -0.4892960339E+02
    0.1570000000E+03     -0.4902016721E+02
    0.1580000000E+03     -0.4910563388E+02
    0.1590000000E+03     -0.4918739240E+02
    0.1600000000E+03     -0.4926474727E+02
    0.1610000000E+03     -0.4933714747E+02
    0.1620000000E+03     -0.4940495564E+02
    0.1630000000E+03     -0.4946767546E+02
    0.1640000000E+03     -0.4952606071E+02
    0.1650000000E+03     -0.4958033528E+02
    0.1660000000E+03     -0.4962971280E+02
    0.1670000000E+03     -0.4967428869E+02
    0.1680000000E+03     -0.4971643504E+02
    0.1690000000E+03     -0.4975236173E+02
    0.1700000000E+03     -0.4978380338E+02
    0.1710000000E+03     -0.4981129204E+02
    0.1720000000E+03     -0.4983458552E+02
    0.1730000000E+03     -0.4985168101E+02
    0.1740000000E+03     -0.4985992983E+02
    0.1750000000E+03     -0.4986940603E+02
    0.1760000000E+03     -0.4987353752E+02
    0.1770000000E+03     -0.4987011438E+02
    0.1780000000E+03     -0.4986492646E+02
    0.1790000000E+03     -0.4985495879E+02
    0.1800000000E+03     -0.4984271019E+02
    0.1810000000E+03     -0.4982318992E+02
    0.1820000000E+03     -0.4980000731E+02
    0.1830000000E+03     -0.4977229205E+02
    0.1840000000E+03     -0.4973967163E+02
    0.1850000000E+03     -0.4970288380E+02
    0.1860000000E+03     -0.4966246545E+02
    0.1870000000E+03     -0.4961812799E+02
    0.1880000000E+03     -0.4956767232E+02
    0.1890000000E+03     -0.4951313220E+02
    0.1900000000E+03     -0.4945391027E+02
    0.1910000000E+03     -0.4938924225E+02
    0.1920000000E+03     -0.4932123853E+02
    0.1930000000E+03     -0.4924875252E+02
    0.1940000000E+03     -0.4917006950E+02
    0.1950000000E+03     -0.4908778338E+02
    0.1960000000E+03     -0.4900026202E+02
    0.1970000000E+03     -0.4890931445E+02
    0.1980000000E+03     -0.4881181370E+02
    0.1990000000E+03     -0.4871101907E+02
    0.2000000000E+03     -0.4860537778E+02
    0.2010000000E+03     -0.4849440076E+02
    0.2020000000E+03     -0.4838066139E+02
    0.2030000000E+03     -0.4826130771E+02
    0.2040000000E+03     -0.4813763310E+02
    0.2050000000E+03     -0.4800914138E+02
    0.2060000000E+03     -0.4787623495E+02
    0.2070000000E+03     -0.4773924756E+02
    0.2080000000E+03     -0.4759798770E+02
    0.2090000000E+03     -0.4745149016E+02
    0.2100000000E+03     -0.4730016779E+02
    0.2110000000E+03     -0.4714425330E+02
    0.2120000000E+03     -0.4698470086E+02
    0.2130000000E+03     -0.4682210314E+02
    0.2140000000E+03     -0.4665277316E+02
    0.2150000000E+03     -0.4647927561E+02
    0.2160000000E+03     -0.4630164039E+02
    0.2170000000E+03     -0.4612042031E+02
    0.2180000000E+03     -0.4593524548E+02
    0.2190000000E+03     -0.4574529660E+02
    0.2200000000E+03     -0.4555150855E+02
    0.2210000000E+03     -0.4535179481E+02
    0.2220000000E+03     -0.4514803523E+02
    0.2230000000E+03     -0.4494041623E+02
    0.2240000000E+03     -0.4472763078E+02
    0.2250000000E+03     -0.4451103759E+02
    0.2260000000E+03     -0.4428892986E+02
    0.2270000000E+03     -0.4406225323E+02
    0.2280000000E+03     -0.4383225388E+02
    0.2290000000E+03     -0.4359787241E+02
    0.2300000000E+03     -0.4335953517E+02
    0.2310000000E+03     -0.4311669226E+02
    0.2320000000E+03     -0.4287053702E+02
    0.2330000000E+03     -0.4261941842E+02
    0.2340000000E+03     -0.4236333440E+02
    0.2350000000E+03     -0.4210287501E+02
    0.2360000000E+03     -0.4183893086E+02
    0.2370000000E+03     -0.4157007800E+02
    0.2380000000E+03     -0.4129690276E+02
    0.2390000000E+03     -0.4101775183E+02
    0.2400000000E+03     -0.4073612763E+02
    0.2410000000E+03     -0.4044994576E+02
    0.2420000000E+03     -0.4016103434E+02
    0.2430000000E+03     -0.3986720125E+02
    0.2440000000E+03     -0.3956984530E+02
    0.2450000000E+03     -0.3926808380E+02
    0.2460000000E+03     -0.3896207411E+02
    0.2470000000E+03     -0.3865139286E+02
    0.2480000000E+03     -0.3833528655E+02
    0.2490000000E+03     -0.3801723711E+02
    0.2500000000E+03     -0.3769711303E+02
    0.2510000000E+03     -0.3737125254E+02
    0.2520000000E+03     -0.3704168466E+02
    0.2530000000E+03     -0.3670668641E+02
    0.2540000000E+03     -0.3636934055E+02
    0.2550000000E+03     -0.3602950485E+02
    0.2560000000E+03     -0.3568351824E+02
    0.2570000000E+03     -0.3533578616E+02
    0.2580000000E+03     -0.3498348719E+02
    0.2590000000E+03     -0.3462900387E+02
    0.2600000000E+03     -0.3427051683E+02
    0.2610000000E+03     -0.3390897993E+02
    0.2620000000E+03     -0.3354249700E+02
    0.2630000000E+03     -0.3317254850E+02
    0.2640000000E+03     -0.3280191089E+02
    0.2650000000E+03     -0.3242807825E+02
    0.2660000000E+03     -0.3205029420E+02
    0.2670000000E+03     -0.3166967613E+02
    0.2680000000E+03     -0.3128408825E+02
    0.2690000000E+03     -0.3089893580E+02
    0.2700000000E+03     -0.3050920900E+02
    0.2710000000E+03     -0.3011556907E+02
    0.2720000000E+03     -0.2972194404E+02
    0.2730000000E+03     -0.2932580271E+02
    0.2740000000E+03     -0.2892666118E+02
    0.2750000000E+03     -0.2852485286E+02
    0.2760000000E+03     -0.2812106188E+02
    0.2770000000E+03     -0.2771643553E+02
    0.2780000000E+03     -0.2730930882E+02
    0.2790000000E+03     -0.2690070455E+02
    0.2800000000E+03     -0.2649007382E+02
    0.2810000000E+03     -0.2607608327E+02
    0.2820000000E+03     -0.2566283119E+02
    0.2830000000E+03     -0.2524830723E+02
    0.2840000000E+03     -0.2483090671E+02
    0.2850000000E+03     -0.2441172466E+02
    0.2860000000E+03     -0.2399586837E+02
    0.2870000000E+03     -0.2357673012E+02
    0.2880000000E+03     -0.2315777037E+02
    0.2890000000E+03     -0.2273758365E+02
    0.2900000000E+03     -0.2231655110E+02
    0.2910000000E+03     -0.2189418950E+02
    0.2920000000E+03     -0.2147420158E+02
    0.2930000000E+03     -0.2105294709E+02
    0.2940000000E+03     -0.2063215417E+02
    0.2950000000E+03     -0.2021262304E+02
    0.2960000000E+03     -0.1979326332E+02
    0.2970000000E+03     -0.1937702781E+02
    0.2980000000E+03     -0.1896085764E+02
    0.2990000000E+03     -0.1854340072E+02
    0.3000000000E+03     -0.1812933541E+02
    0.3010000000E+03     -0.1771612211E+02
    0.3020000000E+03     -0.1730823915E+02
    0.3030000000E+03     -0.1690378739E+02
    0.3040000000E+03     -0.1649904361E+02
    0.3050000000E+03     -0.1609390937E+02
    0.3060000000E+03     -0.1569588969E+02
    0.3070000000E+03     -0.1530220581E+02
    0.3080000000E+03     -0.1490756545E+02
    0.3090000000E+03     -0.1451789302E+02
    0.3100000000E+03     -0.1412665709E+02
    0.3110000000E+03     -0.1374065216E+02
    0.3120000000E+03     -0.1335979472E+02
    0.3130000000E+03     -0.1298255580E+02
    0.3140000000E+03     -0.1261073285E+02
    0.3150000000E+03     -0.1223970025E+02
    0.3160000000E+03     -0.1187293312E+02
    0.3170000000E+03     -0.1151071995E+02
    0.3180000000E+03     -0.1115371948E+02
    0.3190000000E+03     -0.1080198157E+02
    0.3200000000E+03     -0.1045804212E+02
    0.3210000000E+03     -0.1012118486E+02
    0.3220000000E+03     -0.9787901865E+01
    0.3230000000E+03     -0.9461787263E+01
    0.3240000000E+03     -0.9141865414E+01
    0.3250000000E+03     -0.8827188824E+01
    0.3260000000E+03     -0.8522600623E+01
    0.3270000000E+03     -0.8222626301E+01
    0.3280000000E+03     -0.7933366737E+01
    0.3290000000E+03     -0.7648854679E+01
    0.3300000000E+03     -0.7369988865E+01
    0.3310000000E+03     -0.7100488529E+01
    0.3320000000E+03     -0.6838101275E+01
    0.3330000000E+03     -0.6583787735E+01
    0.3340000000E+03     -0.6336986973E+01
    0.3350000000E+03     -0.6102141264E+01
    0.3360000000E+03     -0.5873115743E+01
    0.3370000000E+03     -0.5655834361E+01
    0.3380000000E+03     -0.5454053150E+01
    0.3390000000E+03     -0.5254021928E+01
    0.3400000000E+03     -0.5068791398E+01
    0.3410000000E+03     -0.4895092353E+01
    0.3420000000E+03     -0.4728974917E+01
    0.3430000000E+03     -0.4576507219E+01
    0.3440000000E+03     -0.4437349953E+01
    0.3450000000E+03     -0.4307429106E+01
    0.3460000000E+03     -0.4189728760E+01
    0.3470000000E+03     -0.4083856739E+01
    0.3480000000E+03     -0.3985929138E+01
    0.3490000000E+03     -0.3908854996E+01
    0.3500000000E+03     -0.3839383350E+01
    0.3510000000E+03     -0.3786894455E+01
    0.3520000000E+03     -0.3749781249E+01
    0.3530000000E+03     -0.3726747601E+01
    0.3540000000E+03     -0.3720064660E+01
    0.3550000000E+03     -0.3726741083E+01
    0.3560000000E+03     -0.3744930864E+01
    0.3570000000E+03     -0.3787388233E+01
    0.3580000000E+03     -0.3840667753E+01
    0.3590000000E+03     -0.3908516911E+01
    0.3600000000E+03     -0.3989785321E+01
    0.3610000000E+03     -0.4093654044E+01
    0.3620000000E+03     -0.4210564001E+01
    0.3630000000E+03     -0.4334411958E+01
    0.3640000000E+03     -0.4489774178E+01
    0.3650000000E+03     -0.4660999338E+01
    0.3660000000E+03     -0.4845485624E+01
    0.3670000000E+03     -0.5051267148E+01
    0.3680000000E+03     -0.5291347755E+01
    0.3690000000E+03     -0.5534479335E+01
    0.3700000000E+03     -0.5802220801E+01
    0.3710000000E+03     -0.6089943851E+01
    0.3720000000E+03     -0.6399170664E+01
    0.3730000000E+03     -0.6727665976E+01
    0.3740000000E+03     -0.7072555728E+01
    0.3750000000E+03     -0.7451068198E+01
    0.3760000000E+03     -0.7841951886E+01
    0.3770000000E+03     -0.8267712640E+01
    0.3780000000E+03     -0.8715042152E+01
    0.3790000000E+03     -0.9177667555E+01
    0.3800000000E+03     -0.9659122758E+01
    0.3810000000E+03     -0.1017641919E+02
    0.3820000000E+03     -0.1070918760E+02
    0.3830000000E+03     -0.1127432022E+02
    0.3840000000E+03     -0.1186115067E+02
    0.3850000000E+03     -0.1248001625E+02
    0.3860000000E+03     -0.1311204977E+02
    0.3870000000E+03     -0.1377425972E+02
    0.3880000000E+03     -0.1446586160E+02
    0.3890000000E+03     -0.1518169460E+02
    0.3900000000E+03     -0.1593191240E+02
    0.3910000000E+03     -0.1670801673E+02
    0.3920000000E+03     -0.1751751540E+02
    0.3930000000E+03     -0.1835832372E+02
    0.3940000000E+03     -0.1921424364E+02
    0.3950000000E+03     -0.2011076096E+02
    0.3960000000E+03     -0.2104373377E+02
    0.3970000000E+03     -0.2199763012E+02
    0.3980000000E+03     -0.2297580011E+02
    0.3990000000E+03     -0.2398251176E+02
    0.4000000000E+03     -0.2503559845E+02
    0.4010000000E+03     -0.2610777079E+02
    0.4020000000E+03     -0.2722766032E+02
    0.4030000000E+03     -0.2836961811E+02
    0.4040000000E+03     -0.2954698294E+02
    0.4050000000E+03     -0.3077431862E+02
    0.4060000000E+03     -0.3202925956E+02
    0.4070000000E+03     -0.3332066086E+02
    0.4080000000E+03     -0.3464414551E+02
    0.4090000000E+03     -0.3599904724E+02
    0.4100000000E+03     -0.3740092233E+02
    0.4110000000E+03     -0.3883561788E+02
    0.4120000000E+03     -0.4031037065E+02
    0.4130000000E+03     -0.4182016405E+02
    0.4140000000E+03     -0.4337156783E+02
    0.4150000000E+03     -0.4494715221E+02
    0.4160000000E+03     -0.4656584205E+02
    0.4170000000E+03     -0.4823448353E+02
    0.4180000000E+03     -0.4993263700E+02
    0.4190000000E+03     -0.5169179285E+02
    0.4200000000E+03     -0.5347728180E+02
    0.4210000000E+03     -0.5530538267E+02
    0.4220000000E+03     -0.5716521430E+02
    0.4230000000E+03     -0.5908659281E+02
    0.4240000000E+03     -0.6105416501E+02
    0.4250000000E+03     -0.6306990371E+02
    0.4260000000E+03     -0.6512284886E+02
    0.4270000000E+03     -0.6721684682E+02
    0.4280000000E+03     -0.6937590081E+02
    0.4290000000E+03     -0.7157632113E+02
    0.4300000000E+03     -0.7380893813E+02
    0.4310000000E+03     -0.7611024066E+02
    0.4320000000E+03     -0.7844521206E+02
    0.4330000000E+03     -0.8084333337E+02
    0.4340000000E+03     -0.8327123059E+02
    0.4350000000E+03     -0.8576239556E+02
    0.4360000000E+03     -0.8831369844E+02
    0.4370000000E+03     -0.9089767270E+02
    0.4380000000E+03     -0.9352832441E+02
    0.4390000000E+03     -0.9622385944E+02
    0.4400000000E+03     -0.9898912539E+02
    0.4410000000E+03     -0.1017853678E+03
    0.4420000000E+03     -0.1046386942E+03
    0.4430000000E+03     -0.1075561089E+03
    0.4440000000E+03     -0.1105127371E+03
    0.4450000000E+03     -0.1135631067E+03
    0.4460000000E+03     -0.1166326801E+03
    0.4470000000E+03     -0.1197494830E+03
    0.4480000000E+03     -0.1229277609E+03
    0.4490000000E+03     -0.1261555653E+03
    0.4500000000E+03     -0.1294989281E+03
    0.4510000000E+03     -0.1328462522E+03
    0.4520000000E+03     -0.1362610411E+03
    0.4530000000E+03     -0.1397561586E+03
    0.4540000000E+03     -0.1433110836E+03
    0.4550000000E+03     -0.1469296200E+03
    0.4560000000E+03     -0.1505930462E+03
    0.4570000000E+03     -0.1543282395E+03
    0.4580000000E+03     -0.1581472739E+03
    0.4590000000E+03     -0.1619937314E+03
    0.4600000000E+03     -0.1659284467E+03
    0.4610000000E+03     -0.1699226241E+03
    0.4620000000E+03     -0.1739938753E+03
    0.4630000000E+03     -0.1781184560E+03
    0.4640000000E+03     -0.1823155780E+03
    0.4650000000E+03     -0.1865672147E+03
    0.4660000000E+03     -0.1909029140E+03
    0.4670000000E+03     -0.1953218690E+03
    0.4680000000E+03     -0.1998071238E+03
    0.4690000000E+03     -0.2043675709E+03
    0.4700000000E+03     -0.2089918174E+03
    0.4710000000E+03     -0.2136493406E+03
    0.4720000000E+03     -0.2184226249E+03
    0.4730000000E+03     -0.2232398506E+03
    0.4740000000E+03     -0.2281637930E+03
    0.4750000000E+03     -0.2331626336E+03
    0.4760000000E+03     -0.2382470678E+03
    0.4770000000E+03     -0.2434113417E+03
    0.4780000000E+03     -0.2486493207E+03
    0.4790000000E+03     -0.2539300559E+03
    0.4800000000E+03     -0.2593080615E+03
    0.4810000000E+03     -0.2647841239E+03
    0.4820000000E+03     -0.2703054764E+03
    0.4830000000E+03     -0.2759290384E+03
    0.4840000000E+03     -0.2816383847E+03
    0.4850000000E+03     -0.2874203956E+03
