    0.00000000E+00      -1.251427371594865596E-09
    1.00000000E+00      -6.057412531426027182E-04
    2.00000000E+00      -4.127024325073499339E-02
    3.00000000E+00      -1.222617741335331604E-01
    4.00000000E+00      -2.438279654165122490E-01
    5.00000000E+00      -4.061514031052257390E-01
    6.00000000E+00      -6.099772212527309057E-01
    7.00000000E+00      -8.549708295489852894E-01
    8.00000000E+00      -1.142107421160604819E+00
    9.00000000E+00      -1.471424686659200010E+00
    1.00000000E+01      -1.843155881246798522E+00
    1.10000000E+01      -2.257927441404385061E+00
    1.20000000E+01      -2.716847316880794061E+00
    1.30000000E+01      -3.218957721989152532E+00
    1.40000000E+01      -3.766236289216887911E+00
    1.50000000E+01      -4.358728852350790106E+00
    1.60000000E+01      -4.996540509419403975E+00
    1.70000000E+01      -5.680724306884187058E+00
    1.80000000E+01      -6.410378692828473390E+00
    1.90000000E+01      -7.189544821330159152E+00
    2.00000000E+01      -8.016558590956861963E+00
    2.10000000E+01      -8.894084613445741638E+00
    2.20000000E+01      -9.821372375424431311E+00
    2.30000000E+01      -1.079978725576688703E+01
    2.40000000E+01      -1.182977959573372573E+01
    2.50000000E+01      -1.291323473573112324E+01
    2.60000000E+01      -1.405023548129020128E+01
    2.70000000E+01      -1.524295712405796621E+01
    2.80000000E+01      -1.649312473483905706E+01
    2.90000000E+01      -1.780463644237715926E+01
    3.00000000E+01      -1.917799297978285722E+01
    3.10000000E+01      -2.061450149745064664E+01
    3.20000000E+01      -2.211829054100235226E+01
    3.30000000E+01      -2.369475195931477174E+01
    3.40000000E+01      -2.534460471386228164E+01
    3.50000000E+01      -2.706872164907304068E+01
    3.60000000E+01      -2.886945538204167860E+01
    3.70000000E+01      -3.074504186274720041E+01
    3.80000000E+01      -3.270294372638281288E+01
    3.90000000E+01      -3.473683018313420234E+01
    4.00000000E+01      -3.684791593257614295E+01
    4.10000000E+01      -3.904163656027003526E+01
    4.20000000E+01      -4.131435263993989793E+01
    4.30000000E+01      -4.366571084630732003E+01
    4.40000000E+01      -4.609495183179978994E+01
    4.50000000E+01      -4.860424317684692141E+01
    4.60000000E+01      -5.119719646180101336E+01
    4.70000000E+01      -5.386447280914126168E+01
    4.80000000E+01      -5.661247839595216647E+01
    4.90000000E+01      -5.943760045692852145E+01
    5.00000000E+01      -6.233652786520906375E+01
    5.10000000E+01      -6.531624260428725393E+01
    5.20000000E+01      -6.835790194160927058E+01
    5.30000000E+01      -7.147487863592323265E+01
    5.40000000E+01      -7.465533837033035525E+01
    5.50000000E+01      -7.790102652304631192E+01
    5.60000000E+01      -8.120964218600147433E+01
    5.70000000E+01      -8.457072748109476379E+01
    5.80000000E+01      -8.798556072804831274E+01
    5.90000000E+01      -9.145036458052936723E+01
    6.00000000E+01      -9.496471795592606213E+01
    6.10000000E+01      -9.852057755302121222E+01
    6.20000000E+01      -1.021160634965481222E+02
    6.30000000E+01      -1.057534448382666596E+02
    6.40000000E+01      -1.094270498404384853E+02
    6.50000000E+01      -1.131225518382548216E+02
    6.60000000E+01      -1.168531522229882285E+02
    6.70000000E+01      -1.206228559332380428E+02
    6.80000000E+01      -1.243975856866186405E+02
    6.90000000E+01      -1.282032684153327864E+02
    7.00000000E+01      -1.320257979039688507E+02
    7.10000000E+01      -1.358795621475619555E+02
    7.20000000E+01      -1.397432021959843951E+02
    7.30000000E+01      -1.436286544534849554E+02
    7.40000000E+01      -1.475291636194242528E+02
    7.50000000E+01      -1.514524476275271354E+02
    7.60000000E+01      -1.553975478800061865E+02
    7.70000000E+01      -1.593684292853620263E+02
    7.80000000E+01      -1.633548127638908340E+02
    7.90000000E+01      -1.673514442973229848E+02
    8.00000000E+01      -1.713662462111494733E+02
    8.10000000E+01      -1.753972177499279042E+02
    8.20000000E+01      -1.794614461377567523E+02
    8.30000000E+01      -1.835308734210169064E+02
    8.40000000E+01      -1.876193800887856469E+02
    8.50000000E+01      -1.917213214760637356E+02
    8.60000000E+01      -1.958324350223647912E+02
    8.70000000E+01      -1.999627146664363693E+02
    8.80000000E+01      -2.041118489545604007E+02
    8.90000000E+01      -2.082665581324617108E+02
    9.00000000E+01      -2.124321540408153624E+02
    9.10000000E+01      -2.166149963017774951E+02
    9.20000000E+01      -2.208185006875599754E+02
    9.30000000E+01      -2.250238667314991972E+02
    9.40000000E+01      -2.292525429046259831E+02
    9.50000000E+01      -2.334709172553538963E+02
    9.60000000E+01      -2.377118979828415206E+02
    9.70000000E+01      -2.419552918223446625E+02
    9.80000000E+01      -2.462100650381066487E+02
    9.90000000E+01      -2.504744126002300106E+02
    1.00000000E+02      -2.547683526501246263E+02
    1.01000000E+02      -2.590525657327243607E+02
    1.02000000E+02      -2.633411779650145945E+02
    1.03000000E+02      -2.676459408106148885E+02
    1.04000000E+02      -2.719623094500242360E+02
    1.05000000E+02      -2.762834582005909851E+02
    1.06000000E+02      -2.806193209764892913E+02
    1.07000000E+02      -2.849570063887175593E+02
    1.08000000E+02      -2.893112097974799326E+02
    1.09000000E+02      -2.936486479612630092E+02
    1.10000000E+02      -2.980033219941858533E+02
    1.11000000E+02      -3.023814327291626114E+02
    1.12000000E+02      -3.067754305270160557E+02
    1.13000000E+02      -3.111652759006209408E+02
    1.14000000E+02      -3.155807947978939865E+02
    1.15000000E+02      -3.199969077389135919E+02
    1.16000000E+02      -3.244203847755171637E+02
    1.17000000E+02      -3.288656641834857055E+02
    1.18000000E+02      -3.333387585059307412E+02
    1.19000000E+02      -3.378141399372702836E+02
    1.20000000E+02      -3.423045626130021901E+02
    1.21000000E+02      -3.468082350164248737E+02
    1.22000000E+02      -3.513144971237712753E+02
    1.23000000E+02      -3.558374056824347917E+02
    1.24000000E+02      -3.603871872352567607E+02
    1.25000000E+02      -3.649604791501136560E+02
    1.26000000E+02      -3.695540761021386515E+02
    1.27000000E+02      -3.741532478047784025E+02
    1.28000000E+02      -3.787899100573715714E+02
    1.29000000E+02      -3.834721999117764426E+02
    1.30000000E+02      -3.881521494603264273E+02
    1.31000000E+02      -3.928513900830644161E+02
    1.32000000E+02      -3.975941240305473912E+02
    1.33000000E+02      -4.023575688975811318E+02
    1.34000000E+02      -4.071433268554653750E+02
    1.35000000E+02      -4.119505005264636566E+02
    1.36000000E+02      -4.167938437074376452E+02
    1.37000000E+02      -4.216497157635430995E+02
    1.38000000E+02      -4.265359397619449737E+02
    1.39000000E+02      -4.314586222477146293E+02
    1.40000000E+02      -4.364386090038760813E+02
    1.41000000E+02      -4.414265283258421277E+02
    1.42000000E+02      -4.464523626263044207E+02
    1.43000000E+02      -4.514826088170118510E+02
    1.44000000E+02      -4.565495447365683503E+02
    1.45000000E+02      -4.616828779771583413E+02
    1.46000000E+02      -4.668173382045654307E+02
    1.47000000E+02      -4.720079237640049996E+02
    1.48000000E+02      -4.771770877279971046E+02
    1.49000000E+02      -4.823961233725553939E+02
    1.50000000E+02      -4.876505237920848685E+02
    1.51000000E+02      -4.929448702806412257E+02
    1.52000000E+02      -4.982907740227949489E+02
    1.53000000E+02      -5.036354665394667336E+02
    1.54000000E+02      -5.089949926602632786E+02
    1.55000000E+02      -5.143951284677518743E+02
    1.56000000E+02      -5.197755306977378496E+02
    1.57000000E+02      -5.251715264113258854E+02
    1.58000000E+02      -5.305773039403129587E+02
    1.59000000E+02      -5.360069884670683678E+02
    1.60000000E+02      -5.414500697659555044E+02
    1.61000000E+02      -5.468862217961741408E+02
    1.62000000E+02      -5.523260472439787918E+02
    1.63000000E+02      -5.578104907592514792E+02
    1.64000000E+02      -5.632730880482404245E+02
    1.65000000E+02      -5.687209860516845765E+02
    1.66000000E+02      -5.741817087415956848E+02
    1.67000000E+02      -5.796470895230936549E+02
    1.68000000E+02      -5.851188262859650422E+02
    1.69000000E+02      -5.905891555962371058E+02
    1.70000000E+02      -5.960530121117622002E+02
    1.71000000E+02      -6.015240172418189104E+02
    1.72000000E+02      -6.069605891589490057E+02
    1.73000000E+02      -6.123909205398413178E+02
    1.74000000E+02      -6.178243698951928309E+02
    1.75000000E+02      -6.232493249378476321E+02
    1.76000000E+02      -6.286735189634800918E+02
    1.77000000E+02      -6.340855096279437930E+02
    1.78000000E+02      -6.394934738678193753E+02
    1.79000000E+02      -6.448922671489417553E+02
    1.80000000E+02      -6.502931413868336676E+02
    1.81000000E+02      -6.556840586316375266E+02
    1.82000000E+02      -6.610587713692866600E+02
    1.83000000E+02      -6.664227409959312354E+02
    1.84000000E+02      -6.717661003564644489E+02
    1.85000000E+02      -6.770961706277312260E+02
    1.86000000E+02      -6.824230060709569443E+02
    1.87000000E+02      -6.877251754105891450E+02
    1.88000000E+02      -6.930145364396003060E+02
    1.89000000E+02      -6.982670583327881104E+02
    1.90000000E+02      -7.035165737001134403E+02
    1.91000000E+02      -7.087387958186282049E+02
    1.92000000E+02      -7.139212165247345183E+02
    1.93000000E+02      -7.191068057686106840E+02
    1.94000000E+02      -7.242790940747563582E+02
    1.95000000E+02      -7.294275415904157853E+02
    1.96000000E+02      -7.345580694939735622E+02
    1.97000000E+02      -7.396449176032974719E+02
    1.98000000E+02      -7.447203973831792609E+02
    1.99000000E+02      -7.497792375032477139E+02
    2.00000000E+02      -7.548249693161378673E+02
    2.01000000E+02      -7.598451263036495220E+02
    2.02000000E+02      -7.648462098347204119E+02
    2.03000000E+02      -7.698094770156171762E+02
    2.04000000E+02      -7.747679703165349565E+02
    2.05000000E+02      -7.797049658261239529E+02
    2.06000000E+02      -7.846452247533318314E+02
    2.07000000E+02      -7.895744200489507421E+02
    2.08000000E+02      -7.944900421106335671E+02
    2.09000000E+02      -7.993741600266699834E+02
    2.10000000E+02      -8.042351742954222118E+02
    2.11000000E+02      -8.091050349565414308E+02
    2.12000000E+02      -8.139688247348606183E+02
    2.13000000E+02      -8.188361744205797095E+02
    2.14000000E+02      -8.237032731818017055E+02
    2.15000000E+02      -8.285819505982224200E+02
    2.16000000E+02      -8.334477903262700238E+02
    2.17000000E+02      -8.383301084933441416E+02
    2.18000000E+02      -8.432154440515205351E+02
    2.19000000E+02      -8.481317902850919381E+02
    2.20000000E+02      -8.530644633357342173E+02
    2.21000000E+02      -8.579969115984085875E+02
    2.22000000E+02      -8.629528536682209960E+02
    2.23000000E+02      -8.679423100811654876E+02
    2.24000000E+02      -8.729121067250853230E+02
    2.25000000E+02      -8.779671842896177623E+02
    2.26000000E+02      -8.830441306253333096E+02
    2.27000000E+02      -8.881610363848321867E+02
    2.28000000E+02      -8.933102062349717016E+02
    2.29000000E+02      -8.984773868649772339E+02
    2.30000000E+02      -9.036776766652719743E+02
    2.31000000E+02      -9.088850300940557645E+02
    2.32000000E+02      -9.141000385933293728E+02
    2.33000000E+02      -9.193674674590938594E+02
    2.34000000E+02      -9.246912716456490671E+02
    2.35000000E+02      -9.300327280152268941E+02
    2.36000000E+02      -9.354503604852834542E+02
    2.37000000E+02      -9.408493273034800950E+02
    2.38000000E+02      -9.462275375274966791E+02
    2.39000000E+02      -9.516422349673011922E+02
    2.40000000E+02      -9.571177621325514338E+02
    2.41000000E+02      -9.625263623374330564E+02
    2.42000000E+02      -9.679741965107750730E+02
    2.43000000E+02      -9.734542829984220589E+02
    2.44000000E+02      -9.789779490652206277E+02
    2.45000000E+02      -9.844524540838888242E+02
    2.46000000E+02      -9.900180761412475476E+02
    2.47000000E+02      -9.955782588009451501E+02
    2.48000000E+02      -1.001179123350726513E+03
    2.49000000E+02      -1.006817764970167445E+03
    2.50000000E+02      -1.012489992053189781E+03
    2.51000000E+02      -1.018146161912484786E+03
    2.52000000E+02      -1.023902792215454610E+03
    2.53000000E+02      -1.029601729196037923E+03
    2.54000000E+02      -1.035307320778136273E+03
    2.55000000E+02      -1.041038677908966747E+03
    2.56000000E+02      -1.046780651865388791E+03
    2.57000000E+02      -1.052546522670560080E+03
    2.58000000E+02      -1.058378940243857869E+03
    2.59000000E+02      -1.064169791477817853E+03
    2.60000000E+02      -1.069974242354799571E+03
    2.61000000E+02      -1.075796095988369871E+03
    2.62000000E+02      -1.081690786675384516E+03
    2.63000000E+02      -1.087535861536380253E+03
    2.64000000E+02      -1.093350281969135722E+03
    2.65000000E+02      -1.099222903566061404E+03
    2.66000000E+02      -1.105039165770391492E+03
    2.67000000E+02      -1.110865824028856196E+03
    2.68000000E+02      -1.116684733014351878E+03
    2.69000000E+02      -1.122531334033568100E+03
    2.70000000E+02      -1.128353417121282973E+03
    2.71000000E+02      -1.134192831786924216E+03
    2.72000000E+02      -1.140020170856923869E+03
    2.73000000E+02      -1.145808895574282815E+03
    2.74000000E+02      -1.151694698815319043E+03
    2.75000000E+02      -1.157548971195721151E+03
    2.76000000E+02      -1.163437848820410636E+03
    2.77000000E+02      -1.169323423749488256E+03
    2.78000000E+02      -1.175095374141544198E+03
    2.79000000E+02      -1.180961999215975538E+03
    2.80000000E+02      -1.186796091638471808E+03
    2.81000000E+02      -1.192618671232820134E+03
    2.82000000E+02      -1.198526836003318749E+03
    2.83000000E+02      -1.204347064190957553E+03
    2.84000000E+02      -1.210205464811221646E+03
    2.85000000E+02      -1.216119033894503900E+03
    2.86000000E+02      -1.222034972398397258E+03
    2.87000000E+02      -1.227898294374462239E+03
    2.88000000E+02      -1.233830087129763342E+03
    2.89000000E+02      -1.239767180869244839E+03
    2.90000000E+02      -1.245680478628915807E+03
    2.91000000E+02      -1.251575475680282580E+03
    2.92000000E+02      -1.257556517788887504E+03
    2.93000000E+02      -1.263566124984635280E+03
    2.94000000E+02      -1.269616170416374189E+03
    2.95000000E+02      -1.275697790430284840E+03
    2.96000000E+02      -1.281829210529689590E+03
    2.97000000E+02      -1.287931069835402013E+03
    2.98000000E+02      -1.294105211948099168E+03
    2.99000000E+02      -1.300323064276535661E+03
    3.00000000E+02      -1.306588138154998887E+03
    3.01000000E+02      -1.312932879782065356E+03
    3.02000000E+02      -1.319305889566674523E+03
    3.03000000E+02      -1.325767203684339620E+03
    3.04000000E+02      -1.332300280086776183E+03
    3.05000000E+02      -1.338870643754447883E+03
    3.06000000E+02      -1.345318323998126289E+03
    3.07000000E+02      -1.352062222134960393E+03
    3.08000000E+02      -1.358891316983193974E+03
    3.09000000E+02      -1.365735983380569451E+03
    3.10000000E+02      -1.372752467029062245E+03
    3.11000000E+02      -1.379829162032412569E+03
    3.12000000E+02      -1.387067506037201383E+03
    3.13000000E+02      -1.394405003176851096E+03
    3.14000000E+02      -1.401800056565394698E+03
    3.15000000E+02      -1.409321234267164982E+03
    3.16000000E+02      -1.416911964529976103E+03
    3.17000000E+02      -1.424558245260153853E+03
    3.18000000E+02      -1.432164634252048927E+03
    3.19000000E+02      -1.440035573294555434E+03
    3.20000000E+02      -1.447972964672899252E+03
    3.21000000E+02      -1.455893445718809744E+03
    3.22000000E+02      -1.463964607087833429E+03
    3.23000000E+02      -1.472061513299318904E+03
    3.24000000E+02      -1.480239271354766970E+03
    3.25000000E+02      -1.488507431036670823E+03
    3.26000000E+02      -1.496793710781077607E+03
    3.27000000E+02      -1.505162213004708974E+03
    3.28000000E+02      -1.513650460601206760E+03
    3.29000000E+02      -1.522160782631016446E+03
    3.30000000E+02      -1.530663014659706278E+03
    3.31000000E+02      -1.539273553725191960E+03
    3.32000000E+02      -1.547892994707307025E+03
    3.33000000E+02      -1.556626787251407677E+03
    3.34000000E+02      -1.565378477066314645E+03
    3.35000000E+02      -1.574131587422890334E+03
    3.36000000E+02      -1.582915954799238534E+03
    3.37000000E+02      -1.591763086291290165E+03
    3.38000000E+02      -1.600721532415207548E+03
    3.39000000E+02      -1.609707057117933800E+03
    3.40000000E+02      -1.618710784362883714E+03
    3.41000000E+02      -1.627821001481270287E+03
    3.42000000E+02      -1.637017866619011329E+03
    3.43000000E+02      -1.646233180000035645E+03
    3.44000000E+02      -1.655566582572060724E+03
    3.45000000E+02      -1.664966650870428566E+03
    3.46000000E+02      -1.674507000966430496E+03
    3.47000000E+02      -1.683991296832889930E+03
    3.48000000E+02      -1.693557200370185456E+03
    3.49000000E+02      -1.703135856385682928E+03
    3.50000000E+02      -1.712723961379688262E+03
    3.51000000E+02      -1.722374188552399573E+03
    3.52000000E+02      -1.732047645608198764E+03
    3.53000000E+02      -1.741694094695429158E+03
    3.54000000E+02      -1.751429094121752769E+03
    3.55000000E+02      -1.761181985707095009E+03
    3.56000000E+02      -1.771001395678516474E+03
    3.57000000E+02      -1.780797119539316782E+03
    3.58000000E+02      -1.790654115518275830E+03
    3.59000000E+02      -1.800548676994535072E+03
    3.60000000E+02      -1.810380743341403559E+03
    3.61000000E+02      -1.820329599530547512E+03
    3.62000000E+02      -1.830363259241212290E+03
    3.63000000E+02      -1.840264251379130428E+03
    3.64000000E+02      -1.850262545967756068E+03
    3.65000000E+02      -1.860386410519368837E+03
    3.66000000E+02      -1.870446507501533006E+03
    3.67000000E+02      -1.880506499015906456E+03
    3.68000000E+02      -1.890656675262207273E+03
    3.69000000E+02      -1.900739867038982766E+03
    3.70000000E+02      -1.910911721170890132E+03
    3.71000000E+02      -1.921134492839432824E+03
    3.72000000E+02      -1.931363065470311994E+03
    3.73000000E+02      -1.941675977023316136E+03
    3.74000000E+02      -1.951909638209324385E+03
    3.75000000E+02      -1.962229615121552342E+03
    3.76000000E+02      -1.972503877727957843E+03
    3.77000000E+02      -1.982887925386947018E+03
    3.78000000E+02      -1.993229698761029340E+03
    3.79000000E+02      -2.003625376500880975E+03
    3.80000000E+02      -2.014009355190448105E+03
    3.81000000E+02      -2.024497260049812212E+03
    3.82000000E+02      -2.034874799226967525E+03
    3.83000000E+02      -2.045322543186134226E+03
    3.84000000E+02      -2.055805439754889449E+03
    3.85000000E+02      -2.066329170955683821E+03
    3.86000000E+02      -2.076904347193006743E+03
    3.87000000E+02      -2.087457179096124491E+03
    3.88000000E+02      -2.098040199410037530E+03
    3.89000000E+02      -2.108562483547361353E+03
    3.90000000E+02      -2.119212079510018611E+03
    3.91000000E+02      -2.129793720441498863E+03
    3.92000000E+02      -2.140465170376157857E+03
    3.93000000E+02      -2.151204009147272245E+03
    3.94000000E+02      -2.161814849594321004E+03
    3.95000000E+02      -2.172517061312853457E+03
    3.96000000E+02      -2.183238761235796119E+03
    3.97000000E+02      -2.193973147993644488E+03
    3.98000000E+02      -2.204671538544117993E+03
    3.99000000E+02      -2.215322634774031940E+03
    4.00000000E+02      -2.226162348522088905E+03
    4.01000000E+02      -2.236965636679678028E+03
    4.02000000E+02      -2.247714280934848375E+03
    4.03000000E+02      -2.258547848352812252E+03
    4.04000000E+02      -2.269274031076965457E+03
    4.05000000E+02      -2.280168012447557430E+03
    4.06000000E+02      -2.290962373161506093E+03
    4.07000000E+02      -2.301738229878950733E+03
    4.08000000E+02      -2.312620947560456898E+03
    4.09000000E+02      -2.323431492577124118E+03
    4.10000000E+02      -2.334385809308236730E+03
    4.11000000E+02      -2.345222587645304884E+03
    4.12000000E+02      -2.356110549730625280E+03
    4.13000000E+02      -2.366955321174674737E+03
    4.14000000E+02      -2.377830842661111092E+03
    4.15000000E+02      -2.388770885826703307E+03
    4.16000000E+02      -2.399630838237173066E+03
    4.17000000E+02      -2.410634887464947496E+03
    4.18000000E+02      -2.421586844368347556E+03
    4.19000000E+02      -2.432539729467217967E+03
    4.20000000E+02      -2.443396059021861674E+03
    4.21000000E+02      -2.454402166658932856E+03
    4.22000000E+02      -2.465559339154089685E+03
    4.23000000E+02      -2.476323207577958783E+03
    4.24000000E+02      -2.487097920845279077E+03
    4.25000000E+02      -2.498026987883426955E+03
    4.26000000E+02      -2.508973784641464135E+03
    4.27000000E+02      -2.519967989884287363E+03
    4.28000000E+02      -2.530868235008317242E+03
    4.29000000E+02      -2.541886331220001466E+03
    4.30000000E+02      -2.552833658564569305E+03
    4.31000000E+02      -2.563758928191547966E+03
    4.32000000E+02      -2.574679411444797552E+03
    4.33000000E+02      -2.585618090448111161E+03
    4.34000000E+02      -2.596610992245433408E+03
    4.35000000E+02      -2.607538067484431849E+03
    4.36000000E+02      -2.618464478033958585E+03
    4.37000000E+02      -2.629373992919461671E+03
    4.38000000E+02      -2.640164327542279352E+03
    4.39000000E+02      -2.651025285182676271E+03
    4.40000000E+02      -2.662041149975691042E+03
    4.41000000E+02      -2.672941042270534581E+03
    4.42000000E+02      -2.683838044171168349E+03
    4.43000000E+02      -2.694683788480338080E+03
    4.44000000E+02      -2.705618233778103331E+03
    4.45000000E+02      -2.716516161937408015E+03
    4.46000000E+02      -2.727445292112768584E+03
    4.47000000E+02      -2.738158887131656684E+03
    4.48000000E+02      -2.748851375935208125E+03
    4.49000000E+02      -2.759810174533135523E+03
    4.50000000E+02      -2.770590125738691768E+03
    4.51000000E+02      -2.781362016736798068E+03
    4.52000000E+02      -2.792118539835006231E+03
    4.53000000E+02      -2.802861531680317057E+03
    4.54000000E+02      -2.813597913907040493E+03
    4.55000000E+02      -2.824182780776321124E+03
    4.56000000E+02      -2.835074562401248386E+03
    4.57000000E+02      -2.846080965498535988E+03
    4.58000000E+02      -2.856354765365361800E+03
    4.59000000E+02      -2.867143923438260572E+03
    4.60000000E+02      -2.877713346344443380E+03
    4.61000000E+02      -2.888372367146810575E+03
    4.62000000E+02      -2.898929325196199898E+03
    4.63000000E+02      -2.909402818229897548E+03
    4.64000000E+02      -2.920038333627057000E+03
    4.65000000E+02      -2.930480918645418569E+03
    4.66000000E+02      -2.941310972116819357E+03
    4.67000000E+02      -2.951726572312710232E+03
    4.68000000E+02      -2.962167326070290983E+03
    4.69000000E+02      -2.972559236140756184E+03
    4.70000000E+02      -2.983001035779031554E+03
    4.71000000E+02      -2.993439550550024251E+03
    4.72000000E+02      -3.004003150812767672E+03
    4.73000000E+02      -3.014412198845036073E+03
    4.74000000E+02      -3.024405701858474458E+03
    4.75000000E+02      -3.034634091922703647E+03
    4.76000000E+02      -3.045028659626792432E+03
    4.77000000E+02      -3.055161876211322578E+03
    4.78000000E+02      -3.065400409195636712E+03
    4.79000000E+02      -3.075543375897540955E+03
    4.80000000E+02      -3.085640441109887433E+03
    4.81000000E+02      -3.095774707401425985E+03
    4.82000000E+02      -3.105471791815739834E+03
    4.83000000E+02      -3.115532496803761205E+03
    4.84000000E+02      -3.125582576919076928E+03
    4.85000000E+02      -3.135475664400350070E+03
    4.86000000E+02      -3.145643975665670951E+03
    4.87000000E+02      -3.155459550518958167E+03
    4.88000000E+02      -3.165593828225033576E+03
    4.89000000E+02      -3.170589884248867747E+03
    4.90000000E+02      -3.167927453364594840E+03
    4.91000000E+02      -3.181216654723859392E+03
    4.92000000E+02      -3.202507396091750707E+03
    4.93000000E+02      -3.214303528049953457E+03
    4.94000000E+02      -3.225824395264929990E+03
    4.95000000E+02      -3.241415139720367733E+03
    4.96000000E+02      -3.251602462975395611E+03
    4.97000000E+02      -3.260780773635735386E+03
    4.98000000E+02      -3.269151838968624361E+03
    4.99000000E+02      -3.278639975866957684E+03
    5.00000000E+02      -3.287968671846552752E+03
    5.01000000E+02      -3.297242959668452386E+03
    5.02000000E+02      -3.305505016546914703E+03
    5.03000000E+02      -3.314672310760186519E+03
    5.04000000E+02      -3.323915931693656603E+03
    5.05000000E+02      -3.337155568129761377E+03
    5.06000000E+02      -3.386195222860387730E+03
    5.07000000E+02      -3.810095277672167867E+03
    5.08000000E+02      -3.738542361297935713E+03
    5.09000000E+02      -3.480453090805909596E+03
    5.10000000E+02      -3.382180734031921020E+03
