    0.0000000000E+00     -0.4354502020E+01
    0.1000000000E+01     -0.3111554436E+01
    0.2000000000E+01     -0.2533202980E+01
    0.3000000000E+01     -0.2331603558E+01
    0.4000000000E+01     -0.2388775744E+01
    0.5000000000E+01     -0.2640282319E+01
    0.6000000000E+01     -0.3045532807E+01
    0.7000000000E+01     -0.3576190648E+01
    0.8000000000E+01     -0.4211431805E+01
    0.9000000000E+01     -0.4935750204E+01
    0.1000000000E+02     -0.5736718396E+01
    0.1100000000E+02     -0.6604220207E+01
    0.1200000000E+02     -0.7529926478E+01
    0.1300000000E+02     -0.8506749613E+01
    0.1400000000E+02     -0.9528795978E+01
    0.1500000000E+02     -0.1059090568E+02
    0.1600000000E+02     -0.1168849492E+02
    0.1700000000E+02     -0.1281769192E+02
    0.1800000000E+02     -0.1397526240E+02
    0.1900000000E+02     -0.1515777821E+02
    0.2000000000E+02     -0.1636237282E+02
    0.2100000000E+02     -0.1758650945E+02
    0.2200000000E+02     -0.1882812616E+02
    0.2300000000E+02     -0.2008484711E+02
    0.2400000000E+02     -0.2135498168E+02
    0.2500000000E+02     -0.2263631088E+02
    0.2600000000E+02     -0.2392729662E+02
    0.2700000000E+02     -0.2522676369E+02
    0.2800000000E+02     -0.2653292773E+02
    0.2900000000E+02     -0.2784439055E+02
    0.3000000000E+02     -0.2915974811E+02
    0.3100000000E+02     -0.3047786670E+02
    0.3200000000E+02     -0.3179790416E+02
    0.3300000000E+02     -0.3311848014E+02
    0.3400000000E+02     -0.3443880248E+02
    0.3500000000E+02     -0.3575752428E+02
    0.3600000000E+02     -0.3707408033E+02
    0.3700000000E+02     -0.3838740143E+02
    0.3800000000E+02     -0.3969661053E+02
    0.3900000000E+02     -0.4100084060E+02
    0.4000000000E+02     -0.4229922730E+02
    0.4100000000E+02     -0.4359104778E+02
    0.4200000000E+02     -0.4487580836E+02
    0.4300000000E+02     -0.4615254130E+02
    0.4400000000E+02     -0.4742095127E+02
    0.4500000000E+02     -0.4868062682E+02
    0.4600000000E+02     -0.4993096070E+02
    0.4700000000E+02     -0.5117126537E+02
    0.4800000000E+02     -0.5240118019E+02
    0.4900000000E+02     -0.5362049378E+02
    0.5000000000E+02     -0.5482888162E+02
    0.5100000000E+02     -0.5602632478E+02
    0.5200000000E+02     -0.5721224948E+02
    0.5300000000E+02     -0.5838645173E+02
    0.5400000000E+02     -0.5954890445E+02
    0.5500000000E+02     -0.6069953028E+02
    0.5600000000E+02     -0.6183816215E+02
    0.5700000000E+02     -0.6296517866E+02
    0.5800000000E+02     -0.6408017931E+02
    0.5900000000E+02     -0.6518322870E+02
    0.6000000000E+02     -0.6627409604E+02
    0.6100000000E+02     -0.6735321160E+02
    0.6200000000E+02     -0.6842077419E+02
    0.6300000000E+02     -0.6947645276E+02
    0.6400000000E+02     -0.7052084186E+02
    0.6500000000E+02     -0.7155386173E+02
    0.6600000000E+02     -0.7257550543E+02
    0.6700000000E+02     -0.7358577887E+02
    0.6800000000E+02     -0.7458493175E+02
    0.6900000000E+02     -0.7557318133E+02
    0.7000000000E+02     -0.7655044432E+02
    0.7100000000E+02     -0.7751682401E+02
    0.7200000000E+02     -0.7847251063E+02
    0.7300000000E+02     -0.7941754068E+02
    0.7400000000E+02     -0.8035169114E+02
    0.7500000000E+02     -0.8127538763E+02
    0.7600000000E+02     -0.8218851571E+02
    0.7700000000E+02     -0.8309120154E+02
    0.7800000000E+02     -0.8398403905E+02
    0.7900000000E+02     -0.8486683070E+02
    0.8000000000E+02     -0.8573913400E+02
    0.8100000000E+02     -0.8660105156E+02
    0.8200000000E+02     -0.8745282728E+02
    0.8300000000E+02     -0.8829492951E+02
    0.8400000000E+02     -0.8912790562E+02
    0.8500000000E+02     -0.8995123511E+02
    0.8600000000E+02     -0.9076435643E+02
    0.8700000000E+02     -0.9156818862E+02
    0.8800000000E+02     -0.9236254586E+02
    0.8900000000E+02     -0.9314731395E+02
    0.9000000000E+02     -0.9392293035E+02
    0.9100000000E+02     -0.9468939723E+02
    0.9200000000E+02     -0.9544743376E+02
    0.9300000000E+02     -0.9619596119E+02
    0.9400000000E+02     -0.9693560341E+02
    0.9500000000E+02     -0.9766642998E+02
    0.9600000000E+02     -0.9838882588E+02
    0.9700000000E+02     -0.9910218866E+02
    0.9800000000E+02     -0.9980753852E+02
    0.9900000000E+02     -0.1005044983E+03
    0.1000000000E+03     -0.1011933082E+03
    0.1010000000E+03     -0.1018727406E+03
    0.1020000000E+03     -0.1025441632E+03
    0.1030000000E+03     -0.1032074916E+03
    0.1040000000E+03     -0.1038623560E+03
    0.1050000000E+03     -0.1045085726E+03
    0.1060000000E+03     -0.1051467134E+03
    0.1070000000E+03     -0.1057772312E+03
    0.1080000000E+03     -0.1063992883E+03
    0.1090000000E+03     -0.1070129947E+03
    0.1100000000E+03     -0.1076187006E+03
    0.1110000000E+03     -0.1082161586E+03
    0.1120000000E+03     -0.1088054354E+03
    0.1130000000E+03     -0.1093870819E+03
    0.1140000000E+03     -0.1099602635E+03
    0.1150000000E+03     -0.1105255717E+03
    0.1160000000E+03     -0.1110824939E+03
    0.1170000000E+03     -0.1116310736E+03
    0.1180000000E+03     -0.1121714070E+03
    0.1190000000E+03     -0.1127031242E+03
    0.1200000000E+03     -0.1132270804E+03
    0.1210000000E+03     -0.1137421647E+03
    0.1220000000E+03     -0.1142489454E+03
    0.1230000000E+03     -0.1147480304E+03
    0.1240000000E+03     -0.1152382358E+03
    0.1250000000E+03     -0.1157209697E+03
    0.1260000000E+03     -0.1161941205E+03
    0.1270000000E+03     -0.1166583909E+03
    0.1280000000E+03     -0.1171143317E+03
    0.1290000000E+03     -0.1175626508E+03
    0.1300000000E+03     -0.1180011757E+03
    0.1310000000E+03     -0.1184310654E+03
    0.1320000000E+03     -0.1188519752E+03
    0.1330000000E+03     -0.1192646221E+03
    0.1340000000E+03     -0.1196679027E+03
    0.1350000000E+03     -0.1200627539E+03
    0.1360000000E+03     -0.1204483110E+03
    0.1370000000E+03     -0.1208249349E+03
    0.1380000000E+03     -0.1211926861E+03
    0.1390000000E+03     -0.1215507754E+03
    0.1400000000E+03     -0.1219003635E+03
    0.1410000000E+03     -0.1222408980E+03
    0.1420000000E+03     -0.1225719714E+03
    0.1430000000E+03     -0.1228935241E+03
    0.1440000000E+03     -0.1232062280E+03
    0.1450000000E+03     -0.1235100905E+03
    0.1460000000E+03     -0.1238055500E+03
    0.1470000000E+03     -0.1240918323E+03
    0.1480000000E+03     -0.1243692831E+03
    0.1490000000E+03     -0.1246379846E+03
    0.1500000000E+03     -0.1248985197E+03
    0.1510000000E+03     -0.1251497336E+03
    0.1520000000E+03     -0.1253885326E+03
    0.1530000000E+03     -0.1256232617E+03
    0.1540000000E+03     -0.1258500082E+03
    0.1550000000E+03     -0.1260670151E+03
    0.1560000000E+03     -0.1262781399E+03
    0.1570000000E+03     -0.1264822910E+03
    0.1580000000E+03     -0.1266789858E+03
    0.1590000000E+03     -0.1268685889E+03
    0.1600000000E+03     -0.1270505470E+03
    0.1610000000E+03     -0.1272264475E+03
    0.1620000000E+03     -0.1273950966E+03
    0.1630000000E+03     -0.1275575721E+03
    0.1640000000E+03     -0.1277141456E+03
    0.1650000000E+03     -0.1278646758E+03
    0.1660000000E+03     -0.1280092022E+03
    0.1670000000E+03     -0.1281481397E+03
    0.1680000000E+03     -0.1282810971E+03
    0.1690000000E+03     -0.1284082510E+03
    0.1700000000E+03     -0.1285303555E+03
    0.1710000000E+03     -0.1286474973E+03
    0.1720000000E+03     -0.1287592041E+03
    0.1730000000E+03     -0.1288654164E+03
    0.1740000000E+03     -0.1289666027E+03
    0.1750000000E+03     -0.1290635376E+03
    0.1760000000E+03     -0.1291551461E+03
    0.1770000000E+03     -0.1292424405E+03
    0.1780000000E+03     -0.1293251910E+03
    0.1790000000E+03     -0.1294037800E+03
    0.1800000000E+03     -0.1294778763E+03
    0.1810000000E+03     -0.1295475581E+03
    0.1820000000E+03     -0.1296129414E+03
    0.1830000000E+03     -0.1296732898E+03
    0.1840000000E+03     -0.1297300655E+03
    0.1850000000E+03     -0.1297824727E+03
    0.1860000000E+03     -0.1298298868E+03
    0.1870000000E+03     -0.1298730044E+03
    0.1880000000E+03     -0.1299122360E+03
    0.1890000000E+03     -0.1299477082E+03
    0.1900000000E+03     -0.1299777675E+03
    0.1910000000E+03     -0.1300041910E+03
    0.1920000000E+03     -0.1300254364E+03
    0.1930000000E+03     -0.1300430771E+03
    0.1940000000E+03     -0.1300561947E+03
    0.1950000000E+03     -0.1300642610E+03
    0.1960000000E+03     -0.1300675337E+03
    0.1970000000E+03     -0.1300670340E+03
    0.1980000000E+03     -0.1300607335E+03
    0.1990000000E+03     -0.1300507303E+03
    0.2000000000E+03     -0.1300348805E+03
    0.2010000000E+03     -0.1300131828E+03
    0.2020000000E+03     -0.1299871602E+03
    0.2030000000E+03     -0.1299556865E+03
    0.2040000000E+03     -0.1299186908E+03
    0.2050000000E+03     -0.1298762105E+03
    0.2060000000E+03     -0.1298278763E+03
    0.2070000000E+03     -0.1297731912E+03
    0.2080000000E+03     -0.1297128652E+03
    0.2090000000E+03     -0.1296461632E+03
    0.2100000000E+03     -0.1295723344E+03
    0.2110000000E+03     -0.1294916876E+03
    0.2120000000E+03     -0.1294042935E+03
    0.2130000000E+03     -0.1293096778E+03
    0.2140000000E+03     -0.1292072871E+03
    0.2150000000E+03     -0.1290979371E+03
    0.2160000000E+03     -0.1289807527E+03
    0.2170000000E+03     -0.1288562490E+03
    0.2180000000E+03     -0.1287235380E+03
    0.2190000000E+03     -0.1285828402E+03
    0.2200000000E+03     -0.1284331775E+03
    0.2210000000E+03     -0.1282750884E+03
    0.2220000000E+03     -0.1281089148E+03
    0.2230000000E+03     -0.1279348382E+03
    0.2240000000E+03     -0.1277497133E+03
    0.2250000000E+03     -0.1275579099E+03
    0.2260000000E+03     -0.1273556360E+03
    0.2270000000E+03     -0.1271473813E+03
    0.2280000000E+03     -0.1269276831E+03
    0.2290000000E+03     -0.1266984427E+03
    0.2300000000E+03     -0.1264612242E+03
    0.2310000000E+03     -0.1262158439E+03
    0.2320000000E+03     -0.1259618262E+03
    0.2330000000E+03     -0.1256988281E+03
    0.2340000000E+03     -0.1254275512E+03
    0.2350000000E+03     -0.1251457752E+03
    0.2360000000E+03     -0.1248554894E+03
    0.2370000000E+03     -0.1245572148E+03
    0.2380000000E+03     -0.1242507894E+03
    0.2390000000E+03     -0.1239364897E+03
    0.2400000000E+03     -0.1236120308E+03
    0.2410000000E+03     -0.1232800691E+03
    0.2420000000E+03     -0.1229384957E+03
    0.2430000000E+03     -0.1225881100E+03
    0.2440000000E+03     -0.1222297185E+03
    0.2450000000E+03     -0.1218662834E+03
    0.2460000000E+03     -0.1214915969E+03
    0.2470000000E+03     -0.1211077428E+03
    0.2480000000E+03     -0.1207155274E+03
    0.2490000000E+03     -0.1203162920E+03
    0.2500000000E+03     -0.1199081154E+03
    0.2510000000E+03     -0.1194916881E+03
    0.2520000000E+03     -0.1190662969E+03
    0.2530000000E+03     -0.1186339149E+03
    0.2540000000E+03     -0.1181931855E+03
    0.2550000000E+03     -0.1177446335E+03
    0.2560000000E+03     -0.1172878644E+03
    0.2570000000E+03     -0.1168250008E+03
    0.2580000000E+03     -0.1163539788E+03
    0.2590000000E+03     -0.1158739678E+03
    0.2600000000E+03     -0.1153863625E+03
    0.2610000000E+03     -0.1148922746E+03
    0.2620000000E+03     -0.1143904731E+03
    0.2630000000E+03     -0.1138792708E+03
    0.2640000000E+03     -0.1133604945E+03
    0.2650000000E+03     -0.1128355401E+03
    0.2660000000E+03     -0.1123009143E+03
    0.2670000000E+03     -0.1117575215E+03
    0.2680000000E+03     -0.1112050971E+03
    0.2690000000E+03     -0.1106453583E+03
    0.2700000000E+03     -0.1100765405E+03
    0.2710000000E+03     -0.1094998611E+03
    0.2720000000E+03     -0.1089164646E+03
    0.2730000000E+03     -0.1083219498E+03
    0.2740000000E+03     -0.1077202770E+03
    0.2750000000E+03     -0.1071097437E+03
    0.2760000000E+03     -0.1064896233E+03
    0.2770000000E+03     -0.1058628824E+03
    0.2780000000E+03     -0.1052272427E+03
    0.2790000000E+03     -0.1045811179E+03
    0.2800000000E+03     -0.1039256036E+03
    0.2810000000E+03     -0.1032610625E+03
    0.2820000000E+03     -0.1025869653E+03
    0.2830000000E+03     -0.1019036176E+03
    0.2840000000E+03     -0.1012128468E+03
    0.2850000000E+03     -0.1005120676E+03
    0.2860000000E+03     -0.9980181998E+02
    0.2870000000E+03     -0.9908035722E+02
    0.2880000000E+03     -0.9834918016E+02
    0.2890000000E+03     -0.9760844041E+02
    0.2900000000E+03     -0.9685656984E+02
    0.2910000000E+03     -0.9609729574E+02
    0.2920000000E+03     -0.9532619948E+02
    0.2930000000E+03     -0.9454511399E+02
    0.2940000000E+03     -0.9375261986E+02
    0.2950000000E+03     -0.9294843451E+02
    0.2960000000E+03     -0.9213870719E+02
    0.2970000000E+03     -0.9131585369E+02
    0.2980000000E+03     -0.9048102276E+02
    0.2990000000E+03     -0.8963535186E+02
    0.3000000000E+03     -0.8878051114E+02
    0.3010000000E+03     -0.8791233370E+02
    0.3020000000E+03     -0.8703627446E+02
    0.3030000000E+03     -0.8614392978E+02
    0.3040000000E+03     -0.8524367519E+02
    0.3050000000E+03     -0.8433209763E+02
    0.3060000000E+03     -0.8341003652E+02
    0.3070000000E+03     -0.8248071694E+02
    0.3080000000E+03     -0.8154046263E+02
    0.3090000000E+03     -0.8058893280E+02
    0.3100000000E+03     -0.7962798199E+02
    0.3110000000E+03     -0.7866095729E+02
    0.3120000000E+03     -0.7768193477E+02
    0.3130000000E+03     -0.7669338872E+02
    0.3140000000E+03     -0.7569668319E+02
    0.3150000000E+03     -0.7468961010E+02
    0.3160000000E+03     -0.7367747227E+02
    0.3170000000E+03     -0.7265940675E+02
    0.3180000000E+03     -0.7163422842E+02
    0.3190000000E+03     -0.7060174109E+02
    0.3200000000E+03     -0.6956060349E+02
    0.3210000000E+03     -0.6851894629E+02
    0.3220000000E+03     -0.6747086097E+02
    0.3230000000E+03     -0.6641443119E+02
    0.3240000000E+03     -0.6535868492E+02
    0.3250000000E+03     -0.6429604334E+02
    0.3260000000E+03     -0.6322981081E+02
    0.3270000000E+03     -0.6216133888E+02
    0.3280000000E+03     -0.6108820399E+02
    0.3290000000E+03     -0.6001095992E+02
    0.3300000000E+03     -0.5893211217E+02
    0.3310000000E+03     -0.5785313931E+02
    0.3320000000E+03     -0.5677258644E+02
    0.3330000000E+03     -0.5569048055E+02
    0.3340000000E+03     -0.5460960667E+02
    0.3350000000E+03     -0.5352617941E+02
    0.3360000000E+03     -0.5244428852E+02
    0.3370000000E+03     -0.5136135858E+02
    0.3380000000E+03     -0.5027984667E+02
    0.3390000000E+03     -0.4919997129E+02
    0.3400000000E+03     -0.4812128788E+02
    0.3410000000E+03     -0.4704760156E+02
    0.3420000000E+03     -0.4597654844E+02
    0.3430000000E+03     -0.4490790585E+02
    0.3440000000E+03     -0.4384302786E+02
    0.3450000000E+03     -0.4278309535E+02
    0.3460000000E+03     -0.4173260014E+02
    0.3470000000E+03     -0.4068711819E+02
    0.3480000000E+03     -0.3964517732E+02
    0.3490000000E+03     -0.3861332796E+02
    0.3500000000E+03     -0.3758522939E+02
    0.3510000000E+03     -0.3656174406E+02
    0.3520000000E+03     -0.3555027495E+02
    0.3530000000E+03     -0.3454223151E+02
    0.3540000000E+03     -0.3354423061E+02
    0.3550000000E+03     -0.3255548756E+02
    0.3560000000E+03     -0.3157403908E+02
    0.3570000000E+03     -0.3060197399E+02
    0.3580000000E+03     -0.2963579585E+02
    0.3590000000E+03     -0.2868453969E+02
    0.3600000000E+03     -0.2774422134E+02
    0.3610000000E+03     -0.2681146752E+02
    0.3620000000E+03     -0.2588528985E+02
    0.3630000000E+03     -0.2497221166E+02
    0.3640000000E+03     -0.2407422341E+02
    0.3650000000E+03     -0.2318841657E+02
    0.3660000000E+03     -0.2231543658E+02
    0.3670000000E+03     -0.2145620930E+02
    0.3680000000E+03     -0.2061382510E+02
    0.3690000000E+03     -0.1978318328E+02
    0.3700000000E+03     -0.1896682268E+02
    0.3710000000E+03     -0.1816602715E+02
    0.3720000000E+03     -0.1737877655E+02
    0.3730000000E+03     -0.1660643914E+02
    0.3740000000E+03     -0.1585875391E+02
    0.3750000000E+03     -0.1512044883E+02
    0.3760000000E+03     -0.1440080084E+02
    0.3770000000E+03     -0.1370098533E+02
    0.3780000000E+03     -0.1301975878E+02
    0.3790000000E+03     -0.1235726083E+02
    0.3800000000E+03     -0.1171225227E+02
    0.3810000000E+03     -0.1108912197E+02
    0.3820000000E+03     -0.1048921988E+02
    0.3830000000E+03     -0.9906830707E+01
    0.3840000000E+03     -0.9343470404E+01
    0.3850000000E+03     -0.8803454699E+01
    0.3860000000E+03     -0.8285001361E+01
    0.3870000000E+03     -0.7791526868E+01
    0.3880000000E+03     -0.7321569737E+01
    0.3890000000E+03     -0.6870391955E+01
    0.3900000000E+03     -0.6444523350E+01
    0.3910000000E+03     -0.6042329071E+01
    0.3920000000E+03     -0.5666273802E+01
    0.3930000000E+03     -0.5319126643E+01
    0.3940000000E+03     -0.5001993049E+01
    0.3950000000E+03     -0.4708276993E+01
    0.3960000000E+03     -0.4436285597E+01
    0.3970000000E+03     -0.4198771647E+01
    0.3980000000E+03     -0.3979469658E+01
    0.3990000000E+03     -0.3795705785E+01
    0.4000000000E+03     -0.3633042894E+01
    0.4010000000E+03     -0.3504240993E+01
    0.4020000000E+03     -0.3412805566E+01
    0.4030000000E+03     -0.3354500352E+01
    0.4040000000E+03     -0.3328905182E+01
    0.4050000000E+03     -0.3332290073E+01
    0.4060000000E+03     -0.3365855454E+01
    0.4070000000E+03     -0.3437727704E+01
    0.4080000000E+03     -0.3539451318E+01
    0.4090000000E+03     -0.3668444897E+01
    0.4100000000E+03     -0.3838823325E+01
    0.4110000000E+03     -0.4059428859E+01
    0.4120000000E+03     -0.4301156031E+01
    0.4130000000E+03     -0.4583200680E+01
    0.4140000000E+03     -0.4904129660E+01
    0.4150000000E+03     -0.5262194648E+01
    0.4160000000E+03     -0.5668034728E+01
    0.4170000000E+03     -0.6105430086E+01
    0.4180000000E+03     -0.6590864798E+01
    0.4190000000E+03     -0.7087900226E+01
    0.4200000000E+03     -0.7638191561E+01
    0.4210000000E+03     -0.8245827309E+01
    0.4220000000E+03     -0.8873398065E+01
    0.4230000000E+03     -0.9544436625E+01
    0.4240000000E+03     -0.1027340429E+02
    0.4250000000E+03     -0.1105685440E+02
    0.4260000000E+03     -0.1187605663E+02
    0.4270000000E+03     -0.1273437906E+02
    0.4280000000E+03     -0.1364719195E+02
    0.4290000000E+03     -0.1459794458E+02
    0.4300000000E+03     -0.1561589842E+02
    0.4310000000E+03     -0.1667102873E+02
    0.4320000000E+03     -0.1777279849E+02
    0.4330000000E+03     -0.1892954578E+02
    0.4340000000E+03     -0.2013025823E+02
    0.4350000000E+03     -0.2138693629E+02
    0.4360000000E+03     -0.2270841812E+02
    0.4370000000E+03     -0.2407381655E+02
    0.4380000000E+03     -0.2549906649E+02
    0.4390000000E+03     -0.2696691745E+02
    0.4400000000E+03     -0.2848377107E+02
    0.4410000000E+03     -0.3007214770E+02
    0.4420000000E+03     -0.3171745378E+02
    0.4430000000E+03     -0.3341089230E+02
    0.4440000000E+03     -0.3517394825E+02
    0.4450000000E+03     -0.3698115135E+02
    0.4460000000E+03     -0.3885827750E+02
    0.4470000000E+03     -0.4076549141E+02
    0.4480000000E+03     -0.4276024478E+02
    0.4490000000E+03     -0.4481532416E+02
    0.4500000000E+03     -0.4691702624E+02
    0.4510000000E+03     -0.4907746966E+02
    0.4520000000E+03     -0.5132300647E+02
    0.4530000000E+03     -0.5361931067E+02
    0.4540000000E+03     -0.5599991552E+02
    0.4550000000E+03     -0.5843899715E+02
    0.4560000000E+03     -0.6094213943E+02
    0.4570000000E+03     -0.6354084755E+02
    0.4580000000E+03     -0.6616401923E+02
    0.4590000000E+03     -0.6887467459E+02
    0.4600000000E+03     -0.7166557689E+02
    0.4610000000E+03     -0.7451431458E+02
    0.4620000000E+03     -0.7741941693E+02
    0.4630000000E+03     -0.8041053577E+02
    0.4640000000E+03     -0.8347371962E+02
    0.4650000000E+03     -0.8661457995E+02
    0.4660000000E+03     -0.8979264459E+02
    0.4670000000E+03     -0.9309630174E+02
    0.4680000000E+03     -0.9644879990E+02
    0.4690000000E+03     -0.9991434040E+02
    0.4700000000E+03     -0.1034440336E+03
    0.4710000000E+03     -0.1070508061E+03
    0.4720000000E+03     -0.1107612529E+03
    0.4730000000E+03     -0.1145367340E+03
    0.4740000000E+03     -0.1183855770E+03
    0.4750000000E+03     -0.1222962140E+03
    0.4760000000E+03     -0.1263462421E+03
    0.4770000000E+03     -0.1304509290E+03
    0.4780000000E+03     -0.1346592529E+03
    0.4790000000E+03     -0.1389124434E+03
    0.4800000000E+03     -0.1432547433E+03
    0.4810000000E+03     -0.1477198009E+03
    0.4820000000E+03     -0.1522756779E+03
    0.4830000000E+03     -0.1569306073E+03
    0.4840000000E+03     -0.1616306244E+03
    0.4850000000E+03     -0.1664474972E+03
