    0.00000000E+00       2.468742249903820599E-10
    1.00000000E+00      -6.057397546768933470E-04
    2.00000000E+00      -3.529113125891192304E-02
    3.00000000E+00      -1.040776044283864554E-01
    4.00000000E+00      -2.069901716895076738E-01
    5.00000000E+00      -3.441216564440712222E-01
    6.00000000E+00      -5.151086201422740984E-01
    7.00000000E+00      -7.203970527249643485E-01
    8.00000000E+00      -9.598199564185160293E-01
    9.00000000E+00      -1.233584437811155787E+00
    1.00000000E+01      -1.541578269638553822E+00
    1.10000000E+01      -1.883932975232750495E+00
    1.20000000E+01      -2.260850217921155814E+00
    1.30000000E+01      -2.671528799510220598E+00
    1.40000000E+01      -3.116155968011470101E+00
    1.50000000E+01      -3.595911127572774646E+00
    1.60000000E+01      -4.110009220202671898E+00
    1.70000000E+01      -4.658241283352767326E+00
    1.80000000E+01      -5.240856469071083268E+00
    1.90000000E+01      -5.858347600998873084E+00
    2.00000000E+01      -6.509457159240522373E+00
    2.10000000E+01      -7.196212988645671160E+00
    2.20000000E+01      -7.915905171472541468E+00
    2.30000000E+01      -8.670284960152855547E+00
    2.40000000E+01      -9.460731278900848196E+00
    2.50000000E+01      -1.028477085276110259E+01
    2.60000000E+01      -1.114195236103067543E+01
    2.70000000E+01      -1.203512685222876399E+01
    2.80000000E+01      -1.296177199645508438E+01
    2.90000000E+01      -1.392432112890870144E+01
    3.00000000E+01      -1.492066291214225515E+01
    3.10000000E+01      -1.595126160197221310E+01
    3.20000000E+01      -1.701754464530942812E+01
    3.30000000E+01      -1.811724539350605312E+01
    3.40000000E+01      -1.925206391168322284E+01
    3.50000000E+01      -2.041889650639828346E+01
    3.60000000E+01      -2.162080929555696684E+01
    3.70000000E+01      -2.285659140513470788E+01
    3.80000000E+01      -2.413049181419003730E+01
    3.90000000E+01      -2.543926369573409829E+01
    4.00000000E+01      -2.677886225970760847E+01
    4.10000000E+01      -2.815595535899541346E+01
    4.20000000E+01      -2.956381930754321274E+01
    4.30000000E+01      -3.100838543361777511E+01
    4.40000000E+01      -3.248783553107648459E+01
    4.50000000E+01      -3.400153056321738632E+01
    4.60000000E+01      -3.554823644580920927E+01
    4.70000000E+01      -3.712745779982441263E+01
    4.80000000E+01      -3.873972408746851670E+01
    4.90000000E+01      -4.038746918264610031E+01
    5.00000000E+01      -4.207262978586231839E+01
    5.10000000E+01      -4.378941021161085700E+01
    5.20000000E+01      -4.553893650205418453E+01
    5.30000000E+01      -4.732232989288331737E+01
    5.40000000E+01      -4.914220165473852830E+01
    5.50000000E+01      -5.098983374578028815E+01
    5.60000000E+01      -5.287688156306228393E+01
    5.70000000E+01      -5.480429725539681840E+01
    5.80000000E+01      -5.675693783053111474E+01
    5.90000000E+01      -5.874923943842088647E+01
    6.00000000E+01      -6.076591931463667606E+01
    6.10000000E+01      -6.281851501634241686E+01
    6.20000000E+01      -6.490802609311845117E+01
    6.30000000E+01      -6.703096709108172035E+01
    6.40000000E+01      -6.918157969852200040E+01
    6.50000000E+01      -7.137515173608449004E+01
    6.60000000E+01      -7.359775353383633956E+01
    6.70000000E+01      -7.584673403048998352E+01
    6.80000000E+01      -7.813429226895641477E+01
    6.90000000E+01      -8.045532633691743740E+01
    7.00000000E+01      -8.280179317032286690E+01
    7.10000000E+01      -8.517956321646664719E+01
    7.20000000E+01      -8.759234200926528047E+01
    7.30000000E+01      -9.003669607457490542E+01
    7.40000000E+01      -9.250866532244313589E+01
    7.50000000E+01      -9.501219924895205793E+01
    7.60000000E+01      -9.755085740580436493E+01
    7.70000000E+01      -1.001132739032846928E+02
    7.80000000E+01      -1.027124277713854781E+02
    7.90000000E+01      -1.053434556019057027E+02
    8.00000000E+01      -1.079947209767963159E+02
    8.10000000E+01      -1.106762066440765011E+02
    8.20000000E+01      -1.133878218228210812E+02
    8.30000000E+01      -1.161318433396756973E+02
    8.40000000E+01      -1.189012932142886712E+02
    8.50000000E+01      -1.216986612740199689E+02
    8.60000000E+01      -1.245305854856715086E+02
    8.70000000E+01      -1.273986333473363857E+02
    8.80000000E+01      -1.302840650322349347E+02
    8.90000000E+01      -1.331893555062847554E+02
    9.00000000E+01      -1.361339398809775503E+02
    9.10000000E+01      -1.391039041344745328E+02
    9.20000000E+01      -1.420924151263293425E+02
    9.30000000E+01      -1.451083074214284352E+02
    9.40000000E+01      -1.481576225747683111E+02
    9.50000000E+01      -1.512131899284213432E+02
    9.60000000E+01      -1.543129159576501479E+02
    9.70000000E+01      -1.574418163095365344E+02
    9.80000000E+01      -1.605957492942127374E+02
    9.90000000E+01      -1.637739803953386399E+02
    1.00000000E+02      -1.669804966166511804E+02
    1.01000000E+02      -1.701991905443771884E+02
    1.02000000E+02      -1.734460750927601111E+02
    1.03000000E+02      -1.767087210934250834E+02
    1.04000000E+02      -1.800069224439362188E+02
    1.05000000E+02      -1.833204228532931666E+02
    1.06000000E+02      -1.866700866003784540E+02
    1.07000000E+02      -1.900346837808469900E+02
    1.08000000E+02      -1.934292479529058255E+02
    1.09000000E+02      -1.968534424495310304E+02
    1.10000000E+02      -2.003015223353213514E+02
    1.11000000E+02      -2.037604432565540264E+02
    1.12000000E+02      -2.072481835229805256E+02
    1.13000000E+02      -2.107497646490119223E+02
    1.14000000E+02      -2.142731543806380614E+02
    1.15000000E+02      -2.178214505595005903E+02
    1.16000000E+02      -2.214029905505781244E+02
    1.17000000E+02      -2.250045400626722767E+02
    1.18000000E+02      -2.286179487236531713E+02
    1.19000000E+02      -2.322533691236612867E+02
    1.20000000E+02      -2.359294938478496988E+02
    1.21000000E+02      -2.395965698724953654E+02
    1.22000000E+02      -2.432943344967566190E+02
    1.23000000E+02      -2.470202499129195530E+02
    1.24000000E+02      -2.507501231162168551E+02
    1.25000000E+02      -2.545147638100329459E+02
    1.26000000E+02      -2.582972532699909607E+02
    1.27000000E+02      -2.620827505063384706E+02
    1.28000000E+02      -2.659076250974130744E+02
    1.29000000E+02      -2.697504314412221902E+02
    1.30000000E+02      -2.736314495741416977E+02
    1.31000000E+02      -2.774979223682271368E+02
    1.32000000E+02      -2.813918421203443359E+02
    1.33000000E+02      -2.853168080620757792E+02
    1.34000000E+02      -2.892630381697922530E+02
    1.35000000E+02      -2.932223291078689726E+02
    1.36000000E+02      -2.972029941160235467E+02
    1.37000000E+02      -3.011921255066395133E+02
    1.38000000E+02      -3.052005211055388827E+02
    1.39000000E+02      -3.092288126347116304E+02
    1.40000000E+02      -3.132738979790137819E+02
    1.41000000E+02      -3.173263718791754400E+02
    1.42000000E+02      -3.214071311600528134E+02
    1.43000000E+02      -3.254983191146361605E+02
    1.44000000E+02      -3.296235008698977254E+02
    1.45000000E+02      -3.337597628497501319E+02
    1.46000000E+02      -3.379013086477229990E+02
    1.47000000E+02      -3.420759013627762215E+02
    1.48000000E+02      -3.462681754252635073E+02
    1.49000000E+02      -3.504622613163969618E+02
    1.50000000E+02      -3.546858002439539632E+02
    1.51000000E+02      -3.589153377432326124E+02
    1.52000000E+02      -3.631851103997350947E+02
    1.53000000E+02      -3.674477904472332739E+02
    1.54000000E+02      -3.717462333526164002E+02
    1.55000000E+02      -3.760355363071062129E+02
    1.56000000E+02      -3.803370014484598869E+02
    1.57000000E+02      -3.846785260933997961E+02
    1.58000000E+02      -3.890252473085802194E+02
    1.59000000E+02      -3.933831917677653109E+02
    1.60000000E+02      -3.977611800477634461E+02
    1.61000000E+02      -4.021548944751884846E+02
    1.62000000E+02      -4.065721181043450088E+02
    1.63000000E+02      -4.110038794599586254E+02
    1.64000000E+02      -4.154611134106480677E+02
    1.65000000E+02      -4.199283364895450177E+02
    1.66000000E+02      -4.244208005646300990E+02
    1.67000000E+02      -4.289307924523923248E+02
    1.68000000E+02      -4.334337658025042401E+02
    1.69000000E+02      -4.379738082358794600E+02
    1.70000000E+02      -4.425235053348055771E+02
    1.71000000E+02      -4.470843691605459753E+02
    1.72000000E+02      -4.516443328240670780E+02
    1.73000000E+02      -4.562561646965646105E+02
    1.74000000E+02      -4.609818299440389637E+02
    1.75000000E+02      -4.655975611975750326E+02
    1.76000000E+02      -4.702386895827044100E+02
    1.77000000E+02      -4.749579584944353883E+02
    1.78000000E+02      -4.796365251664096832E+02
    1.79000000E+02      -4.843378665327722956E+02
    1.80000000E+02      -4.890301445077043354E+02
    1.81000000E+02      -4.937838893636048851E+02
    1.82000000E+02      -4.985333375092832284E+02
    1.83000000E+02      -5.033005685919988537E+02
    1.84000000E+02      -5.080898950504224558E+02
    1.85000000E+02      -5.128868331220278378E+02
    1.86000000E+02      -5.176926193244444221E+02
    1.87000000E+02      -5.224922739053904479E+02
    1.88000000E+02      -5.273437324310252734E+02
    1.89000000E+02      -5.322108220089116912E+02
    1.90000000E+02      -5.370912572960019133E+02
    1.91000000E+02      -5.420011928273961530E+02
    1.92000000E+02      -5.469217063603086899E+02
    1.93000000E+02      -5.518504023114955999E+02
    1.94000000E+02      -5.568098653042834485E+02
    1.95000000E+02      -5.617955381379852042E+02
    1.96000000E+02      -5.667859576627133720E+02
    1.97000000E+02      -5.717879465129258278E+02
    1.98000000E+02      -5.768277455203028694E+02
    1.99000000E+02      -5.818676939104452686E+02
    2.00000000E+02      -5.869278944462639629E+02
    2.01000000E+02      -5.920244977282559375E+02
    2.02000000E+02      -5.971190231725936428E+02
    2.03000000E+02      -6.022450807131644979E+02
    2.04000000E+02      -6.073822292486602237E+02
    2.05000000E+02      -6.125431098729704900E+02
    2.06000000E+02      -6.177308463126735205E+02
    2.07000000E+02      -6.229348082377061928E+02
    2.08000000E+02      -6.281507933757361570E+02
    2.09000000E+02      -6.333953390719998424E+02
    2.10000000E+02      -6.386625278293399788E+02
    2.11000000E+02      -6.439593905889828420E+02
    2.12000000E+02      -6.492666079171040110E+02
    2.13000000E+02      -6.545711920725434538E+02
    2.14000000E+02      -6.599365439632420021E+02
    2.15000000E+02      -6.653249371382557911E+02
    2.16000000E+02      -6.707191509832964584E+02
    2.17000000E+02      -6.761323608647167021E+02
    2.18000000E+02      -6.815646666705952157E+02
    2.19000000E+02      -6.870147531217844517E+02
    2.20000000E+02      -6.924845235958318881E+02
    2.21000000E+02      -6.979944777031168996E+02
    2.22000000E+02      -7.035271771275956780E+02
    2.23000000E+02      -7.090751776513047844E+02
    2.24000000E+02      -7.146397455483606791E+02
    2.25000000E+02      -7.202435805733912275E+02
    2.26000000E+02      -7.258646651717140230E+02
    2.27000000E+02      -7.315184557417856013E+02
    2.28000000E+02      -7.371803152723632593E+02
    2.29000000E+02      -7.428713199159165015E+02
    2.30000000E+02      -7.485862296835562120E+02
    2.31000000E+02      -7.543397463247906671E+02
    2.32000000E+02      -7.601019235014750848E+02
    2.33000000E+02      -7.658894839899721774E+02
    2.34000000E+02      -7.717097852348401830E+02
    2.35000000E+02      -7.775568750079933125E+02
    2.36000000E+02      -7.834236984407561977E+02
    2.37000000E+02      -7.893178539365108008E+02
    2.38000000E+02      -7.952476030472766979E+02
    2.39000000E+02      -8.012198532626566703E+02
    2.40000000E+02      -8.071894143243680446E+02
    2.41000000E+02      -8.131972927344950222E+02
    2.42000000E+02      -8.192244302776043696E+02
    2.43000000E+02      -8.252850108354964505E+02
    2.44000000E+02      -8.313640064997593981E+02
    2.45000000E+02      -8.374906442283290744E+02
    2.46000000E+02      -8.436346328049612566E+02
    2.47000000E+02      -8.498291935387483136E+02
    2.48000000E+02      -8.560495537646820594E+02
    2.49000000E+02      -8.622692312476870029E+02
    2.50000000E+02      -8.685260049039598016E+02
    2.51000000E+02      -8.748168767615261459E+02
    2.52000000E+02      -8.811282586354409432E+02
    2.53000000E+02      -8.874857511524396614E+02
    2.54000000E+02      -8.938732148164326645E+02
    2.55000000E+02      -9.002680970806454752E+02
    2.56000000E+02      -9.067172279923602218E+02
    2.57000000E+02      -9.131856316975295158E+02
    2.58000000E+02      -9.196944432029483778E+02
    2.59000000E+02      -9.262255592446119863E+02
    2.60000000E+02      -9.327950907388071755E+02
    2.61000000E+02      -9.393824433156960367E+02
    2.62000000E+02      -9.460031310233127897E+02
    2.63000000E+02      -9.526785608437053270E+02
    2.64000000E+02      -9.593563553916989122E+02
    2.65000000E+02      -9.660791516699694057E+02
    2.66000000E+02      -9.728385408033798285E+02
    2.67000000E+02      -9.796163858299836420E+02
    2.68000000E+02      -9.864540015327077072E+02
    2.69000000E+02      -9.932922185236841415E+02
    2.70000000E+02      -1.000174056399385790E+03
    2.71000000E+02      -1.007110688505704957E+03
    2.72000000E+02      -1.014044992763799996E+03
    2.73000000E+02      -1.021027824499618305E+03
    2.74000000E+02      -1.028030234004292652E+03
    2.75000000E+02      -1.035083891212430899E+03
    2.76000000E+02      -1.042162367270867435E+03
    2.77000000E+02      -1.049248217850853052E+03
    2.78000000E+02      -1.056401835402494271E+03
    2.79000000E+02      -1.063579439125960562E+03
    2.80000000E+02      -1.070796274444072424E+03
    2.81000000E+02      -1.078060029738869162E+03
    2.82000000E+02      -1.085317128968577890E+03
    2.83000000E+02      -1.092627899474802234E+03
    2.84000000E+02      -1.099974910106971038E+03
    2.85000000E+02      -1.107356324304736518E+03
    2.86000000E+02      -1.114741795055956572E+03
    2.87000000E+02      -1.122190031411541440E+03
    2.88000000E+02      -1.129663375410653316E+03
    2.89000000E+02      -1.137176391544627677E+03
    2.90000000E+02      -1.144732074628095688E+03
    2.91000000E+02      -1.152352964747480655E+03
    2.92000000E+02      -1.159940388066067953E+03
    2.93000000E+02      -1.167594939913860799E+03
    2.94000000E+02      -1.175285237508799128E+03
    2.95000000E+02      -1.183005003123429560E+03
    2.96000000E+02      -1.190758814020253340E+03
    2.97000000E+02      -1.198539618500251436E+03
    2.98000000E+02      -1.206346446919258597E+03
    2.99000000E+02      -1.214215379794161890E+03
    3.00000000E+02      -1.222102034323520911E+03
    3.01000000E+02      -1.230018442170403887E+03
    3.02000000E+02      -1.237928988845790627E+03
    3.03000000E+02      -1.245843198479131388E+03
    3.04000000E+02      -1.253860106885364075E+03
    3.05000000E+02      -1.261896530442449603E+03
    3.06000000E+02      -1.269948163193677829E+03
    3.07000000E+02      -1.278012166531300409E+03
    3.08000000E+02      -1.286140933168817355E+03
    3.09000000E+02      -1.294302977276114689E+03
    3.10000000E+02      -1.302504909842450161E+03
    3.11000000E+02      -1.310738768226750835E+03
    3.12000000E+02      -1.318961625425959483E+03
    3.13000000E+02      -1.327257877765733156E+03
    3.14000000E+02      -1.335567206037995447E+03
    3.15000000E+02      -1.343905593954322512E+03
    3.16000000E+02      -1.352297303320075116E+03
    3.17000000E+02      -1.360734530586781375E+03
    3.18000000E+02      -1.369176230022815616E+03
    3.19000000E+02      -1.377649697575011942E+03
    3.20000000E+02      -1.386132947683902785E+03
    3.21000000E+02      -1.394658653512143019E+03
    3.22000000E+02      -1.403218193739941853E+03
    3.23000000E+02      -1.411788435445690311E+03
    3.24000000E+02      -1.420376205844732795E+03
    3.25000000E+02      -1.429029960746898723E+03
    3.26000000E+02      -1.437663459882471898E+03
    3.27000000E+02      -1.446326168259587348E+03
    3.28000000E+02      -1.455014836528636351E+03
    3.29000000E+02      -1.463769201007285119E+03
    3.30000000E+02      -1.472546709457249790E+03
    3.31000000E+02      -1.481341820304707653E+03
    3.32000000E+02      -1.490165901937172521E+03
    3.33000000E+02      -1.499029369533829367E+03
    3.34000000E+02      -1.507952928497656558E+03
    3.35000000E+02      -1.516852007514062734E+03
    3.36000000E+02      -1.525815820408568925E+03
    3.37000000E+02      -1.534770168453160068E+03
    3.38000000E+02      -1.543739814986400688E+03
    3.39000000E+02      -1.552759975619431771E+03
    3.40000000E+02      -1.561768596802205138E+03
    3.41000000E+02      -1.570838903515193579E+03
    3.42000000E+02      -1.579931804054604299E+03
    3.43000000E+02      -1.589015193675526461E+03
    3.44000000E+02      -1.598135503390966505E+03
    3.45000000E+02      -1.607285879122312508E+03
    3.46000000E+02      -1.616469654864326458E+03
    3.47000000E+02      -1.625689082227071140E+03
    3.48000000E+02      -1.634945247469943297E+03
    3.49000000E+02      -1.644190357427233721E+03
    3.50000000E+02      -1.653486467963381529E+03
    3.51000000E+02      -1.662797148154001206E+03
    3.52000000E+02      -1.672121144185921366E+03
    3.53000000E+02      -1.681504322346489971E+03
    3.54000000E+02      -1.690817873438717925E+03
    3.55000000E+02      -1.700215887608087996E+03
    3.56000000E+02      -1.709605271809708256E+03
    3.57000000E+02      -1.718953265882969390E+03
    3.58000000E+02      -1.728409520325930544E+03
    3.59000000E+02      -1.737939619635109693E+03
    3.60000000E+02      -1.747450064817947123E+03
    3.61000000E+02      -1.756909806427601325E+03
    3.62000000E+02      -1.766488255567925989E+03
    3.63000000E+02      -1.776082738789645873E+03
    3.64000000E+02      -1.785614734736665241E+03
    3.65000000E+02      -1.795203578169299135E+03
    3.66000000E+02      -1.804862420200491897E+03
    3.67000000E+02      -1.814486155339554671E+03
    3.68000000E+02      -1.824046819828634852E+03
    3.69000000E+02      -1.833754873595848494E+03
    3.70000000E+02      -1.843451451931237898E+03
    3.71000000E+02      -1.853203539125773659E+03
    3.72000000E+02      -1.862954639389638487E+03
    3.73000000E+02      -1.872681904209741788E+03
    3.74000000E+02      -1.882453962649084133E+03
    3.75000000E+02      -1.892227114471141704E+03
    3.76000000E+02      -1.902074177741017593E+03
    3.77000000E+02      -1.911778110544441461E+03
    3.78000000E+02      -1.921512311884444898E+03
    3.79000000E+02      -1.931376265739003884E+03
    3.80000000E+02      -1.941174740385523592E+03
    3.81000000E+02      -1.951007279496662477E+03
    3.82000000E+02      -1.960885708380603774E+03
    3.83000000E+02      -1.970709402336132143E+03
    3.84000000E+02      -1.980660166415063486E+03
    3.85000000E+02      -1.990601761897368760E+03
    3.86000000E+02      -2.000602621536025936E+03
    3.87000000E+02      -2.010496837460910228E+03
    3.88000000E+02      -2.020509476994675651E+03
    3.89000000E+02      -2.030429500688652524E+03
    3.90000000E+02      -2.040346925770112648E+03
    3.91000000E+02      -2.050318309804319142E+03
    3.92000000E+02      -2.060209720573035611E+03
    3.93000000E+02      -2.070214259511590171E+03
    3.94000000E+02      -2.080293054876868155E+03
    3.95000000E+02      -2.090399031046628807E+03
    3.96000000E+02      -2.100340684610281187E+03
    3.97000000E+02      -2.110387734737237224E+03
    3.98000000E+02      -2.120478992725706121E+03
    3.99000000E+02      -2.130612819600367857E+03
    4.00000000E+02      -2.140609142918960970E+03
    4.01000000E+02      -2.150733959644379865E+03
    4.02000000E+02      -2.160697850123404351E+03
    4.03000000E+02      -2.170724707314183888E+03
    4.04000000E+02      -2.180800141633132625E+03
    4.05000000E+02      -2.190740239879823093E+03
    4.06000000E+02      -2.200875557708160159E+03
    4.07000000E+02      -2.211016486590999648E+03
    4.08000000E+02      -2.221108935333198133E+03
    4.09000000E+02      -2.231316755072215528E+03
    4.10000000E+02      -2.241356350881145772E+03
    4.11000000E+02      -2.251376673871396633E+03
    4.12000000E+02      -2.261459285948091747E+03
    4.13000000E+02      -2.271544656779847173E+03
    4.14000000E+02      -2.281670996193565770E+03
    4.15000000E+02      -2.291902956382357388E+03
    4.16000000E+02      -2.302100130952506333E+03
    4.17000000E+02      -2.312073600681084827E+03
    4.18000000E+02      -2.322226650668689217E+03
    4.19000000E+02      -2.332256292715552263E+03
    4.20000000E+02      -2.342458022833548512E+03
    4.21000000E+02      -2.352512135667328494E+03
    4.22000000E+02      -2.362715015995777321E+03
    4.23000000E+02      -2.372833327828015172E+03
    4.24000000E+02      -2.382829068100401855E+03
    4.25000000E+02      -2.392898356979244454E+03
    4.26000000E+02      -2.402985978008315669E+03
    4.27000000E+02      -2.413133419261926974E+03
    4.28000000E+02      -2.423020366824914163E+03
    4.29000000E+02      -2.433139812375667134E+03
    4.30000000E+02      -2.443318530942065991E+03
    4.31000000E+02      -2.453274100455281314E+03
    4.32000000E+02      -2.463515014193847037E+03
    4.33000000E+02      -2.473400445990005210E+03
    4.34000000E+02      -2.483443830803197670E+03
    4.35000000E+02      -2.493351916859786343E+03
    4.36000000E+02      -2.503359938145496471E+03
    4.37000000E+02      -2.513555430052254906E+03
    4.38000000E+02      -2.523542748851653414E+03
    4.39000000E+02      -2.533392683871873942E+03
    4.40000000E+02      -2.543329717781700310E+03
    4.41000000E+02      -2.553373978456008444E+03
    4.42000000E+02      -2.563377703817415750E+03
    4.43000000E+02      -2.573150495868820144E+03
    4.44000000E+02      -2.583189108900149222E+03
    4.45000000E+02      -2.592953978641422509E+03
    4.46000000E+02      -2.602856592518749039E+03
    4.47000000E+02      -2.612841465673467155E+03
    4.48000000E+02      -2.622745687873986753E+03
    4.49000000E+02      -2.632736391590163294E+03
    4.50000000E+02      -2.642118582817019615E+03
    4.51000000E+02      -2.652124309622029614E+03
    4.52000000E+02      -2.661890011654196769E+03
    4.53000000E+02      -2.671552255909471569E+03
    4.54000000E+02      -2.681282324992103895E+03
    4.55000000E+02      -2.690972862823327432E+03
    4.56000000E+02      -2.700863355019120718E+03
    4.57000000E+02      -2.710508162258204720E+03
    4.58000000E+02      -2.720056353115478942E+03
    4.59000000E+02      -2.730077067838265975E+03
    4.60000000E+02      -2.739633260548105227E+03
    4.61000000E+02      -2.749208451458153377E+03
    4.62000000E+02      -2.758589586880450042E+03
    4.63000000E+02      -2.768047286337677633E+03
    4.64000000E+02      -2.777627831022967257E+03
    4.65000000E+02      -2.787016407954301485E+03
    4.66000000E+02      -2.796526225378194795E+03
    4.67000000E+02      -2.805975410492260380E+03
    4.68000000E+02      -2.815468941256926428E+03
    4.69000000E+02      -2.824836641093028447E+03
    4.70000000E+02      -2.833975431887239665E+03
    4.71000000E+02      -2.843609350477036514E+03
    4.72000000E+02      -2.852667197282517009E+03
    4.73000000E+02      -2.862142414210220522E+03
    4.74000000E+02      -2.871294963980291868E+03
    4.75000000E+02      -2.880572082530091848E+03
    4.76000000E+02      -2.889556941709807688E+03
    4.77000000E+02      -2.898527237846414209E+03
    4.78000000E+02      -2.907717085080287234E+03
    4.79000000E+02      -2.917115717073921587E+03
    4.80000000E+02      -2.925980886786681367E+03
    4.81000000E+02      -2.934775745591882696E+03
    4.82000000E+02      -2.943941599297622815E+03
    4.83000000E+02      -2.952806087660059347E+03
    4.84000000E+02      -2.961754387051211779E+03
    4.85000000E+02      -2.970694842906284066E+03
    4.86000000E+02      -2.979655717340703177E+03
    4.87000000E+02      -2.988038617656179667E+03
    4.88000000E+02      -2.996519713823807251E+03
    4.89000000E+02      -3.005230311108215574E+03
    4.90000000E+02      -3.013753697030697367E+03
    4.91000000E+02      -3.022244859569033451E+03
    4.92000000E+02      -3.031254771255381002E+03
    4.93000000E+02      -3.039810254154677750E+03
    4.94000000E+02      -3.047918267980853670E+03
    4.95000000E+02      -3.056280507137367749E+03
    4.96000000E+02      -3.064501521121643236E+03
    4.97000000E+02      -3.072689937607462525E+03
    4.98000000E+02      -3.080477358195745182E+03
    4.99000000E+02      -3.088810904532506356E+03
    5.00000000E+02      -3.096913158886553902E+03
    5.01000000E+02      -3.105202683837009317E+03
    5.02000000E+02      -3.113456221236212514E+03
    5.03000000E+02      -3.121048372935971656E+03
    5.04000000E+02      -3.128640094537094228E+03
    5.05000000E+02      -3.136597622299697832E+03
    5.06000000E+02      -3.143139820408141532E+03
    5.07000000E+02      -3.140406972322263755E+03
    5.08000000E+02      -3.155694078642874956E+03
    5.09000000E+02      -3.164491856044929591E+03
    5.10000000E+02      -3.174910597479351964E+03
