    0.00000000E+00      -7.850875150712736234E-10
    1.00000000E+00      -6.057407867723255774E-04
    2.00000000E+00      -4.583279177120980208E-02
    3.00000000E+00      -1.362129768424931164E-01
    4.00000000E+00      -2.723555990875974331E-01
    5.00000000E+00      -4.552564016014363224E-01
    6.00000000E+00      -6.855696299168043684E-01
    7.00000000E+00      -9.640581453664723854E-01
    8.00000000E+00      -1.292041460312960854E+00
    9.00000000E+00      -1.670126822808752243E+00
    1.00000000E+01      -2.100124339065815970E+00
    1.10000000E+01      -2.582835983855669593E+00
    1.20000000E+01      -3.120782967832574251E+00
    1.30000000E+01      -3.715129152415066471E+00
    1.40000000E+01      -4.367297870305165475E+00
    1.50000000E+01      -5.080793990603417853E+00
    1.60000000E+01      -5.857862806757527352E+00
    1.70000000E+01      -6.701485764521365240E+00
    1.80000000E+01      -7.613817875102483868E+00
    1.90000000E+01      -8.601785499874367247E+00
    2.00000000E+01      -9.668560429083925101E+00
    2.10000000E+01      -1.081845607227475625E+01
    2.20000000E+01      -1.205875485301862682E+01
    2.30000000E+01      -1.339722441156868626E+01
    2.40000000E+01      -1.484272305407870363E+01
    2.50000000E+01      -1.640228926597717418E+01
    2.60000000E+01      -1.808818431469649113E+01
    2.70000000E+01      -1.991100182938237140E+01
    2.80000000E+01      -2.188375571563028643E+01
    2.90000000E+01      -2.402371464971588466E+01
    3.00000000E+01      -2.633882782554201185E+01
    3.10000000E+01      -2.884563123074462965E+01
    3.20000000E+01      -3.155126035107718963E+01
    3.30000000E+01      -3.446047962313650714E+01
    3.40000000E+01      -3.756397310699207992E+01
    3.50000000E+01      -4.085282099058122185E+01
    3.60000000E+01      -4.430785232907396676E+01
    3.70000000E+01      -4.790050884448226043E+01
    3.80000000E+01      -5.161180638619885030E+01
    3.90000000E+01      -5.540333240693848893E+01
    4.00000000E+01      -5.924835436598459637E+01
    4.10000000E+01      -6.313651892593088633E+01
    4.20000000E+01      -6.704257786907328409E+01
    4.30000000E+01      -7.096777708830404663E+01
    4.40000000E+01      -7.488650778331475522E+01
    4.50000000E+01      -7.880754838271150220E+01
    4.60000000E+01      -8.272443401484542846E+01
    4.70000000E+01      -8.663312740755645791E+01
    4.80000000E+01      -9.053637323491420830E+01
    4.90000000E+01      -9.443572758731806971E+01
    5.00000000E+01      -9.833262982404903596E+01
    5.10000000E+01      -1.022325888999821473E+02
    5.20000000E+01      -1.061290160623811971E+02
    5.30000000E+01      -1.100294734344151948E+02
    5.40000000E+01      -1.139319929597113514E+02
    5.50000000E+01      -1.178319985280068067E+02
    5.60000000E+01      -1.217503349504804646E+02
    5.70000000E+01      -1.256711793992872117E+02
    5.80000000E+01      -1.295894518116374456E+02
    5.90000000E+01      -1.335366730985933827E+02
    6.00000000E+01      -1.374875542106901776E+02
    6.10000000E+01      -1.414526065186028063E+02
    6.20000000E+01      -1.454375395679589928E+02
    6.30000000E+01      -1.494367037167403396E+02
    6.40000000E+01      -1.534418829539972648E+02
    6.50000000E+01      -1.574765999239607481E+02
    6.60000000E+01      -1.615284056878576848E+02
    6.70000000E+01      -1.656042441533841156E+02
    6.80000000E+01      -1.696998648616158789E+02
    6.90000000E+01      -1.738329199651384442E+02
    7.00000000E+01      -1.779828326440767796E+02
    7.10000000E+01      -1.821602198915754798E+02
    7.20000000E+01      -1.863848051625927837E+02
    7.30000000E+01      -1.906399604514374460E+02
    7.40000000E+01      -1.949256268282185829E+02
    7.50000000E+01      -1.992349240421692684E+02
    7.60000000E+01      -2.035757514539245676E+02
    7.70000000E+01      -2.079368495190207113E+02
    7.80000000E+01      -2.123384922831534141E+02
    7.90000000E+01      -2.167535900021669590E+02
    8.00000000E+01      -2.212009363241671167E+02
    8.10000000E+01      -2.256701982674850342E+02
    8.20000000E+01      -2.301562154819527564E+02
    8.30000000E+01      -2.346645076768741660E+02
    8.40000000E+01      -2.391894386239134747E+02
    8.50000000E+01      -2.437311105609880144E+02
    8.60000000E+01      -2.482774745577285103E+02
    8.70000000E+01      -2.528400458858343711E+02
    8.80000000E+01      -2.574027349613305091E+02
    8.90000000E+01      -2.619753108377432227E+02
    9.00000000E+01      -2.665543622404702546E+02
    9.10000000E+01      -2.711476778351805024E+02
    9.20000000E+01      -2.757501572192056187E+02
    9.30000000E+01      -2.803506770357840878E+02
    9.40000000E+01      -2.849481820821578140E+02
    9.50000000E+01      -2.895432619615971817E+02
    9.60000000E+01      -2.941477124268052421E+02
    9.70000000E+01      -2.987448004145557547E+02
    9.80000000E+01      -3.033471019678898983E+02
    9.90000000E+01      -3.079408409788841823E+02
    1.00000000E+02      -3.125371930219951651E+02
    1.01000000E+02      -3.171289898274177403E+02
    1.02000000E+02      -3.217171480168974540E+02
    1.03000000E+02      -3.263168352647265920E+02
    1.04000000E+02      -3.309162801399268119E+02
    1.05000000E+02      -3.355106639843492076E+02
    1.06000000E+02      -3.401059944458880864E+02
    1.07000000E+02      -3.446949362179143463E+02
    1.08000000E+02      -3.492844836848050818E+02
    1.09000000E+02      -3.538572968985601506E+02
    1.10000000E+02      -3.584555864640993832E+02
    1.11000000E+02      -3.630444572737789031E+02
    1.12000000E+02      -3.676296357355616919E+02
    1.13000000E+02      -3.722128622201710186E+02
    1.14000000E+02      -3.768008889890405726E+02
    1.15000000E+02      -3.813930735085489232E+02
    1.16000000E+02      -3.859864675555336362E+02
    1.17000000E+02      -3.905807325618593495E+02
    1.18000000E+02      -3.951816121901152883E+02
    1.19000000E+02      -3.997851379449725755E+02
    1.20000000E+02      -4.044045083957614679E+02
    1.21000000E+02      -4.090291631683678588E+02
    1.22000000E+02      -4.136608146369869701E+02
    1.23000000E+02      -4.183127702395383949E+02
    1.24000000E+02      -4.229775485511213446E+02
    1.25000000E+02      -4.276605522094316711E+02
    1.26000000E+02      -4.323499351647615185E+02
    1.27000000E+02      -4.370852075806742505E+02
    1.28000000E+02      -4.418368418879149431E+02
    1.29000000E+02      -4.466126758595200954E+02
    1.30000000E+02      -4.514237755663621101E+02
    1.31000000E+02      -4.562513865276459910E+02
    1.32000000E+02      -4.611298865223261600E+02
    1.33000000E+02      -4.660516360263368369E+02
    1.34000000E+02      -4.710040090317165777E+02
    1.35000000E+02      -4.760102656139074497E+02
    1.36000000E+02      -4.810310319215077470E+02
    1.37000000E+02      -4.861047552133406953E+02
    1.38000000E+02      -4.912320166769957268E+02
    1.39000000E+02      -4.964041908037340818E+02
    1.40000000E+02      -5.016339638844938236E+02
    1.41000000E+02      -5.069151758967550450E+02
    1.42000000E+02      -5.122437107184441629E+02
    1.43000000E+02      -5.176418321549531356E+02
    1.44000000E+02      -5.230868546364665690E+02
    1.45000000E+02      -5.286083860454814385E+02
    1.46000000E+02      -5.341753705353553414E+02
    1.47000000E+02      -5.397869978695962345E+02
    1.48000000E+02      -5.454679106404128106E+02
    1.49000000E+02      -5.511961512364771352E+02
    1.50000000E+02      -5.569469589870977870E+02
    1.51000000E+02      -5.627479796766383515E+02
    1.52000000E+02      -5.685766166180110304E+02
    1.53000000E+02      -5.744071915320278094E+02
    1.54000000E+02      -5.802685501324008328E+02
    1.55000000E+02      -5.861193551147066501E+02
    1.56000000E+02      -5.920010237673745905E+02
    1.57000000E+02      -5.978913571804896492E+02
    1.58000000E+02      -6.037790198711309131E+02
    1.59000000E+02      -6.096787742663432255E+02
    1.60000000E+02      -6.155850010381632273E+02
    1.61000000E+02      -6.215016245051183432E+02
    1.62000000E+02      -6.274079624028227045E+02
    1.63000000E+02      -6.333406035621246701E+02
    1.64000000E+02      -6.392684512186856409E+02
    1.65000000E+02      -6.451730584160400213E+02
    1.66000000E+02      -6.510884718729721499E+02
    1.67000000E+02      -6.570037622245936291E+02
    1.68000000E+02      -6.629192978531264089E+02
    1.69000000E+02      -6.688247033738916798E+02
    1.70000000E+02      -6.747333991354571481E+02
    1.71000000E+02      -6.806336725059381934E+02
    1.72000000E+02      -6.865397904652581929E+02
    1.73000000E+02      -6.924502653486724739E+02
    1.74000000E+02      -6.983415380007727435E+02
    1.75000000E+02      -7.042471181980554320E+02
    1.76000000E+02      -7.101522228177627767E+02
    1.77000000E+02      -7.160489923212553549E+02
    1.78000000E+02      -7.219629170538091785E+02
    1.79000000E+02      -7.278609932153249247E+02
    1.80000000E+02      -7.337512586447155627E+02
    1.81000000E+02      -7.396400231621255443E+02
    1.82000000E+02      -7.455410176459563445E+02
    1.83000000E+02      -7.514216278810035874E+02
    1.84000000E+02      -7.573106354824149093E+02
    1.85000000E+02      -7.631931496654588045E+02
    1.86000000E+02      -7.690841215431228193E+02
    1.87000000E+02      -7.749738904897640168E+02
    1.88000000E+02      -7.808582184093402248E+02
    1.89000000E+02      -7.867207520978317916E+02
    1.90000000E+02      -7.925951259884977844E+02
    1.91000000E+02      -7.984704797322101513E+02
    1.92000000E+02      -8.043332721301158017E+02
    1.93000000E+02      -8.102046779584961769E+02
    1.94000000E+02      -8.160701071340772614E+02
    1.95000000E+02      -8.219375318071670335E+02
    1.96000000E+02      -8.277892155352383270E+02
    1.97000000E+02      -8.336474516334092186E+02
    1.98000000E+02      -8.395127670447982382E+02
    1.99000000E+02      -8.453436548031668281E+02
    2.00000000E+02      -8.511714998789720994E+02
    2.01000000E+02      -8.569817956486685944E+02
    2.02000000E+02      -8.627974430364229192E+02
    2.03000000E+02      -8.686419470950877439E+02
    2.04000000E+02      -8.744619119521298671E+02
    2.05000000E+02      -8.802758720600868401E+02
    2.06000000E+02      -8.860859684028864649E+02
    2.07000000E+02      -8.918876753047547936E+02
    2.08000000E+02      -8.976878244199201617E+02
    2.09000000E+02      -9.034732647862052772E+02
    2.10000000E+02      -9.092372806581755640E+02
    2.11000000E+02      -9.150029915021686975E+02
    2.12000000E+02      -9.207767104451918385E+02
    2.13000000E+02      -9.265340701103314132E+02
    2.14000000E+02      -9.322637290693678551E+02
    2.15000000E+02      -9.380099524641609605E+02
    2.16000000E+02      -9.437406798625747797E+02
    2.17000000E+02      -9.494549272742719950E+02
    2.18000000E+02      -9.551583003484001893E+02
    2.19000000E+02      -9.608517960755489185E+02
    2.20000000E+02      -9.665783356034780809E+02
    2.21000000E+02      -9.722335620187941458E+02
    2.22000000E+02      -9.778952757484757967E+02
    2.23000000E+02      -9.835719496888395952E+02
    2.24000000E+02      -9.891962089199496404E+02
    2.25000000E+02      -9.948119052684196504E+02
    2.26000000E+02      -1.000389476235735856E+03
    2.27000000E+02      -1.005966007473400168E+03
    2.28000000E+02      -1.011493247837634044E+03
    2.29000000E+02      -1.017001786080425518E+03
    2.30000000E+02      -1.022472868084791116E+03
    2.31000000E+02      -1.027921211866167141E+03
    2.32000000E+02      -1.033318161497894835E+03
    2.33000000E+02      -1.038652497026921992E+03
    2.34000000E+02      -1.043932898926141206E+03
    2.35000000E+02      -1.049159599237289513E+03
    2.36000000E+02      -1.054333409846149152E+03
    2.37000000E+02      -1.059427178564536007E+03
    2.38000000E+02      -1.064448283788729896E+03
    2.39000000E+02      -1.069384975106296224E+03
    2.40000000E+02      -1.074238402340633911E+03
    2.41000000E+02      -1.079000097581461887E+03
    2.42000000E+02      -1.083681477472875940E+03
    2.43000000E+02      -1.088269309013887550E+03
    2.44000000E+02      -1.092774900221698999E+03
    2.45000000E+02      -1.097280032912718525E+03
    2.46000000E+02      -1.101672455028941158E+03
    2.47000000E+02      -1.106131950458771371E+03
    2.48000000E+02      -1.110554195858253479E+03
    2.49000000E+02      -1.115064654789061024E+03
    2.50000000E+02      -1.119626914346119520E+03
    2.51000000E+02      -1.124323549991388063E+03
    2.52000000E+02      -1.129148200944659038E+03
    2.53000000E+02      -1.134044553375946634E+03
    2.54000000E+02      -1.139068004343323082E+03
    2.55000000E+02      -1.144270008578647321E+03
    2.56000000E+02      -1.149560522175228471E+03
    2.57000000E+02      -1.154940675110161465E+03
    2.58000000E+02      -1.160399007407832869E+03
    2.59000000E+02      -1.166007341567805270E+03
    2.60000000E+02      -1.171662062169380079E+03
    2.61000000E+02      -1.177436358310852484E+03
    2.62000000E+02      -1.183281690043133949E+03
    2.63000000E+02      -1.189219583947546198E+03
    2.64000000E+02      -1.195158503137855860E+03
    2.65000000E+02      -1.201168079373203909E+03
    2.66000000E+02      -1.207215370967515355E+03
    2.67000000E+02      -1.213326840818238679E+03
    2.68000000E+02      -1.219517069274292680E+03
    2.69000000E+02      -1.225713954967580321E+03
    2.70000000E+02      -1.231967305895773279E+03
    2.71000000E+02      -1.238204793755411629E+03
    2.72000000E+02      -1.244529497279702809E+03
    2.73000000E+02      -1.250834947865496588E+03
    2.74000000E+02      -1.257170683199508630E+03
    2.75000000E+02      -1.263502832393666267E+03
    2.76000000E+02      -1.269895582830992225E+03
    2.77000000E+02      -1.276275143493632868E+03
    2.78000000E+02      -1.282596882162597922E+03
    2.79000000E+02      -1.288996967453174875E+03
    2.80000000E+02      -1.295412050306989386E+03
    2.81000000E+02      -1.301739170437721441E+03
    2.82000000E+02      -1.308135194203845913E+03
    2.83000000E+02      -1.314579294474893686E+03
    2.84000000E+02      -1.321005466599264764E+03
    2.85000000E+02      -1.327445122580223142E+03
    2.86000000E+02      -1.333829241751953305E+03
    2.87000000E+02      -1.340214916781478678E+03
    2.88000000E+02      -1.346626075415900232E+03
    2.89000000E+02      -1.353003674210164718E+03
    2.90000000E+02      -1.359359122025342003E+03
    2.91000000E+02      -1.365756936842309187E+03
    2.92000000E+02      -1.372033674501224596E+03
    2.93000000E+02      -1.378334856348479661E+03
    2.94000000E+02      -1.384603724473085094E+03
    2.95000000E+02      -1.390820605368673569E+03
    2.96000000E+02      -1.397059226212193607E+03
    2.97000000E+02      -1.403300890591130155E+03
    2.98000000E+02      -1.409523963827770785E+03
    2.99000000E+02      -1.415691915853556566E+03
    3.00000000E+02      -1.421839940375699371E+03
    3.01000000E+02      -1.427959156128628820E+03
    3.02000000E+02      -1.434086045819845822E+03
    3.03000000E+02      -1.440178074874045706E+03
    3.04000000E+02      -1.446264365688279213E+03
    3.05000000E+02      -1.452350455796364258E+03
    3.06000000E+02      -1.458374639931960701E+03
    3.07000000E+02      -1.464417549804962619E+03
    3.08000000E+02      -1.470478320501626513E+03
    3.09000000E+02      -1.476533115146816272E+03
    3.10000000E+02      -1.482666785024557612E+03
    3.11000000E+02      -1.488810131976413686E+03
    3.12000000E+02      -1.494979715015411784E+03
    3.13000000E+02      -1.501213404147158144E+03
    3.14000000E+02      -1.507428657543157897E+03
    3.15000000E+02      -1.513698578519069997E+03
    3.16000000E+02      -1.520085881560793496E+03
    3.17000000E+02      -1.526465752632349904E+03
    3.18000000E+02      -1.532922673806016974E+03
    3.19000000E+02      -1.539371923095211969E+03
    3.20000000E+02      -1.545787285206133674E+03
    3.21000000E+02      -1.552356282830669443E+03
    3.22000000E+02      -1.558931881634152887E+03
    3.23000000E+02      -1.565349281841325137E+03
    3.24000000E+02      -1.571875110459175630E+03
    3.25000000E+02      -1.578356679887267092E+03
    3.26000000E+02      -1.584782138981066964E+03
    3.27000000E+02      -1.591310728983859008E+03
    3.28000000E+02      -1.597671631152185000E+03
    3.29000000E+02      -1.603991727409810665E+03
    3.30000000E+02      -1.610096163522818642E+03
    3.31000000E+02      -1.616300781904812993E+03
    3.32000000E+02      -1.622364109240782454E+03
    3.33000000E+02      -1.628110197444996402E+03
    3.34000000E+02      -1.633885924121106655E+03
    3.35000000E+02      -1.639611645578906064E+03
    3.36000000E+02      -1.645145142989445958E+03
    3.37000000E+02      -1.650783932890395590E+03
    3.38000000E+02      -1.656356931548363718E+03
    3.39000000E+02      -1.662031909967452521E+03
    3.40000000E+02      -1.667989178312054719E+03
    3.41000000E+02      -1.674182862621953973E+03
    3.42000000E+02      -1.680800621662747290E+03
    3.43000000E+02      -1.687890572925003653E+03
    3.44000000E+02      -1.695256256785491132E+03
    3.45000000E+02      -1.703078920127460151E+03
    3.46000000E+02      -1.711245902141619808E+03
    3.47000000E+02      -1.719676328906069102E+03
    3.48000000E+02      -1.728384787411865545E+03
    3.49000000E+02      -1.737345244495420047E+03
    3.50000000E+02      -1.746401217103015370E+03
    3.51000000E+02      -1.755610880452637502E+03
    3.52000000E+02      -1.764926975801716253E+03
    3.53000000E+02      -1.774341082496533090E+03
    3.54000000E+02      -1.783820031533768997E+03
    3.55000000E+02      -1.793385240620553759E+03
    3.56000000E+02      -1.803029849697658392E+03
    3.57000000E+02      -1.812674785658836299E+03
    3.58000000E+02      -1.822450028578278989E+03
    3.59000000E+02      -1.832244205498361453E+03
    3.60000000E+02      -1.842147223553047979E+03
    3.61000000E+02      -1.852091132204125643E+03
    3.62000000E+02      -1.862038565655906496E+03
    3.63000000E+02      -1.872072226693731409E+03
    3.64000000E+02      -1.882117809861470278E+03
    3.65000000E+02      -1.892237108719652497E+03
    3.66000000E+02      -1.902390019990510382E+03
    3.67000000E+02      -1.912569967487790791E+03
    3.68000000E+02      -1.922782063242278582E+03
    3.69000000E+02      -1.933061527400043815E+03
    3.70000000E+02      -1.943333398803822320E+03
    3.71000000E+02      -1.953707822988140151E+03
    3.72000000E+02      -1.964120466761795342E+03
    3.73000000E+02      -1.974462811462849686E+03
    3.74000000E+02      -1.984905644142875190E+03
    3.75000000E+02      -1.995396301109347405E+03
    3.76000000E+02      -2.005931900503746647E+03
    3.77000000E+02      -2.016480665085673536E+03
    3.78000000E+02      -2.027092805528654935E+03
    3.79000000E+02      -2.037670600569193539E+03
    3.80000000E+02      -2.048288221838076424E+03
    3.81000000E+02      -2.058951541436105799E+03
    3.82000000E+02      -2.069612209266142600E+03
    3.83000000E+02      -2.080359915362053471E+03
    3.84000000E+02      -2.091054414967716639E+03
    3.85000000E+02      -2.101838169278701116E+03
    3.86000000E+02      -2.112629319287933868E+03
    3.87000000E+02      -2.123457366341970555E+03
    3.88000000E+02      -2.134277889754892840E+03
    3.89000000E+02      -2.145177834814686321E+03
    3.90000000E+02      -2.156033702488325162E+03
    3.91000000E+02      -2.166907363266130233E+03
    3.92000000E+02      -2.177825823950559425E+03
    3.93000000E+02      -2.188814704398637787E+03
    3.94000000E+02      -2.199748832847954873E+03
    3.95000000E+02      -2.210705767257849402E+03
    3.96000000E+02      -2.221735267049018603E+03
    3.97000000E+02      -2.232739340669013927E+03
    3.98000000E+02      -2.243797222120702827E+03
    3.99000000E+02      -2.254845790910725100E+03
    4.00000000E+02      -2.265903555044551467E+03
    4.01000000E+02      -2.277018595016388645E+03
    4.02000000E+02      -2.288126732344810080E+03
    4.03000000E+02      -2.299299581125909299E+03
    4.04000000E+02      -2.310457380358037426E+03
    4.05000000E+02      -2.321615477093056143E+03
    4.06000000E+02      -2.332777655694203077E+03
    4.07000000E+02      -2.343921975452321021E+03
    4.08000000E+02      -2.355099691635078671E+03
    4.09000000E+02      -2.366348408777165787E+03
    4.10000000E+02      -2.377527142141946570E+03
    4.11000000E+02      -2.388757801190281498E+03
    4.12000000E+02      -2.399965447321540069E+03
    4.13000000E+02      -2.411223214938721412E+03
    4.14000000E+02      -2.422467267397218166E+03
    4.15000000E+02      -2.433774539702941183E+03
    4.16000000E+02      -2.445067675040269933E+03
    4.17000000E+02      -2.456363572464502795E+03
    4.18000000E+02      -2.467723221075522815E+03
    4.19000000E+02      -2.479070410443313904E+03
    4.20000000E+02      -2.490324440897555178E+03
    4.21000000E+02      -2.501665176700384109E+03
    4.22000000E+02      -2.512817598662734326E+03
    4.23000000E+02      -2.524199104373664795E+03
    4.24000000E+02      -2.535554465394113322E+03
    4.25000000E+02      -2.546939488433659790E+03
    4.26000000E+02      -2.558261837719339383E+03
    4.27000000E+02      -2.569599314364449128E+03
    4.28000000E+02      -2.581025736056556980E+03
    4.29000000E+02      -2.592402628541799004E+03
    4.30000000E+02      -2.603745185589321409E+03
    4.31000000E+02      -2.615083738737611384E+03
    4.32000000E+02      -2.626458498206456170E+03
    4.33000000E+02      -2.637893973724927946E+03
    4.34000000E+02      -2.649256739384254161E+03
    4.35000000E+02      -2.660634633054454753E+03
    4.36000000E+02      -2.671873700521012779E+03
    4.37000000E+02      -2.683186201721337511E+03
    4.38000000E+02      -2.694568659736303289E+03
    4.39000000E+02      -2.705916030602683350E+03
    4.40000000E+02      -2.717197677304757235E+03
    4.41000000E+02      -2.728567611388401019E+03
    4.42000000E+02      -2.739936198605392747E+03
    4.43000000E+02      -2.751242602266998801E+03
    4.44000000E+02      -2.762630064541204774E+03
    4.45000000E+02      -2.773894543536328456E+03
    4.46000000E+02      -2.785200312657275845E+03
    4.47000000E+02      -2.796377222840243121E+03
    4.48000000E+02      -2.807723993385899121E+03
    4.49000000E+02      -2.819001969627737253E+03
    4.50000000E+02      -2.830410830272931889E+03
    4.51000000E+02      -2.841591864351340519E+03
    4.52000000E+02      -2.852754757185012295E+03
    4.53000000E+02      -2.863987294242850112E+03
    4.54000000E+02      -2.875290001353439038E+03
    4.55000000E+02      -2.886525750660263839E+03
    4.56000000E+02      -2.897648735298616884E+03
    4.57000000E+02      -2.908818660822274524E+03
    4.58000000E+02      -2.919814545845769317E+03
    4.59000000E+02      -2.931075459963169124E+03
    4.60000000E+02      -2.942343469882022873E+03
    4.61000000E+02      -2.953411841075435404E+03
    4.62000000E+02      -2.964350166435189749E+03
    4.63000000E+02      -2.975563306854437542E+03
    4.64000000E+02      -2.986633372334783871E+03
    4.65000000E+02      -2.997561871822282228E+03
    4.66000000E+02      -3.008719078318604261E+03
    4.67000000E+02      -3.019444195390272398E+03
    4.68000000E+02      -3.030438174296513353E+03
    4.69000000E+02      -3.041290095576404383E+03
    4.70000000E+02      -3.052432123415535898E+03
    4.71000000E+02      -3.063250094432709375E+03
    4.72000000E+02      -3.074122918075111556E+03
    4.73000000E+02      -3.084861036751622578E+03
    4.74000000E+02      -3.095744767735454843E+03
    4.75000000E+02      -3.106585184283769195E+03
    4.76000000E+02      -3.117187158502808416E+03
    4.77000000E+02      -3.127809829468330918E+03
    4.78000000E+02      -3.138646226826138445E+03
    4.79000000E+02      -3.149594411223568841E+03
    4.80000000E+02      -3.160038292770003409E+03
    4.81000000E+02      -3.170398490649758060E+03
    4.82000000E+02      -3.149444779693614691E+03
    4.83000000E+02      -3.121645181702449918E+03
    4.84000000E+02      -3.098984682017588057E+03
    4.85000000E+02      -3.352285681926980033E+03
    4.86000000E+02      -3.376636595088697504E+03
    4.87000000E+02      -3.395233199131718720E+03
    4.88000000E+02      -3.238505325429374352E+03
    4.89000000E+02      -3.236377984483493492E+03
    4.90000000E+02      -3.270203853305720259E+03
    4.91000000E+02      -3.273136291468486888E+03
    4.92000000E+02      -3.141258878000662662E+03
    4.93000000E+02      -3.337902732912130887E+03
    4.94000000E+02      -3.426088245378872671E+03
    4.95000000E+02      -3.503002750066967565E+03
    4.96000000E+02      -3.515369371993787354E+03
    4.97000000E+02      -3.524851907298507285E+03
    4.98000000E+02      -3.536824742480748682E+03
    4.99000000E+02      -3.549468218491412699E+03
    5.00000000E+02      -3.562839116431816365E+03
    5.01000000E+02      -3.572392426990612876E+03
    5.02000000E+02      -3.561228417900027125E+03
    5.03000000E+02      -3.574576043086693971E+03
    5.04000000E+02      -3.586382227850466734E+03
    5.05000000E+02      -3.594637048348609824E+03
    5.06000000E+02      -3.610849803505087039E+03
    5.07000000E+02      -3.683652762608835474E+03
    5.08000000E+02      -3.685393989820790011E+03
    5.09000000E+02      -3.670447960129065905E+03
    5.10000000E+02      -3.675411142396362266E+03
