    0.0000000000E+00     -0.6167825493E+01
    0.1000000000E+01     -0.4542748904E+01
    0.2000000000E+01     -0.3584710194E+01
    0.3000000000E+01     -0.3006280992E+01
    0.4000000000E+01     -0.2689666474E+01
    0.5000000000E+01     -0.2570064867E+01
    0.6000000000E+01     -0.2606841954E+01
    0.7000000000E+01     -0.2771798139E+01
    0.8000000000E+01     -0.3044457156E+01
    0.9000000000E+01     -0.3408864640E+01
    0.1000000000E+02     -0.3852372969E+01
    0.1100000000E+02     -0.4365452145E+01
    0.1200000000E+02     -0.4939971365E+01
    0.1300000000E+02     -0.5568468622E+01
    0.1400000000E+02     -0.6244988741E+01
    0.1500000000E+02     -0.6964602754E+01
    0.1600000000E+02     -0.7722862268E+01
    0.1700000000E+02     -0.8515746998E+01
    0.1800000000E+02     -0.9339817007E+01
    0.1900000000E+02     -0.1019211998E+02
    0.2000000000E+02     -0.1106986142E+02
    0.2100000000E+02     -0.1197025306E+02
    0.2200000000E+02     -0.1289121896E+02
    0.2300000000E+02     -0.1383104643E+02
    0.2400000000E+02     -0.1478736461E+02
    0.2500000000E+02     -0.1575835399E+02
    0.2600000000E+02     -0.1674267425E+02
    0.2700000000E+02     -0.1773887153E+02
    0.2800000000E+02     -0.1874527106E+02
    0.2900000000E+02     -0.1976076341E+02
    0.3000000000E+02     -0.2078403067E+02
    0.3100000000E+02     -0.2181401728E+02
    0.3200000000E+02     -0.2284980237E+02
    0.3300000000E+02     -0.2389024371E+02
    0.3400000000E+02     -0.2493456156E+02
    0.3500000000E+02     -0.2598178090E+02
    0.3600000000E+02     -0.2703107797E+02
    0.3700000000E+02     -0.2808177596E+02
    0.3800000000E+02     -0.2913290117E+02
    0.3900000000E+02     -0.3018401058E+02
    0.4000000000E+02     -0.3123446884E+02
    0.4100000000E+02     -0.3228355020E+02
    0.4200000000E+02     -0.3333007359E+02
    0.4300000000E+02     -0.3437349076E+02
    0.4400000000E+02     -0.3541428239E+02
    0.4500000000E+02     -0.3645120253E+02
    0.4600000000E+02     -0.3748368966E+02
    0.4700000000E+02     -0.3851175116E+02
    0.4800000000E+02     -0.3953468523E+02
    0.4900000000E+02     -0.4055191580E+02
    0.5000000000E+02     -0.4156300425E+02
    0.5100000000E+02     -0.4256769538E+02
    0.5200000000E+02     -0.4356602152E+02
    0.5300000000E+02     -0.4455764178E+02
    0.5400000000E+02     -0.4554221534E+02
    0.5500000000E+02     -0.4651899689E+02
    0.5600000000E+02     -0.4748831480E+02
    0.5700000000E+02     -0.4845001196E+02
    0.5800000000E+02     -0.4940303564E+02
    0.5900000000E+02     -0.5034776198E+02
    0.6000000000E+02     -0.5128422524E+02
    0.6100000000E+02     -0.5221213109E+02
    0.6200000000E+02     -0.5313133313E+02
    0.6300000000E+02     -0.5404207451E+02
    0.6400000000E+02     -0.5494369873E+02
    0.6500000000E+02     -0.5583653101E+02
    0.6600000000E+02     -0.5672049725E+02
    0.6700000000E+02     -0.5759570674E+02
    0.6800000000E+02     -0.5846169902E+02
    0.6900000000E+02     -0.5931864403E+02
    0.7000000000E+02     -0.6016651712E+02
    0.7100000000E+02     -0.6100556647E+02
    0.7200000000E+02     -0.6183539158E+02
    0.7300000000E+02     -0.6265635152E+02
    0.7400000000E+02     -0.6346851385E+02
    0.7500000000E+02     -0.6427147673E+02
    0.7600000000E+02     -0.6506543618E+02
    0.7700000000E+02     -0.6585072239E+02
    0.7800000000E+02     -0.6662651997E+02
    0.7900000000E+02     -0.6739326520E+02
    0.8000000000E+02     -0.6815200922E+02
    0.8100000000E+02     -0.6890221428E+02
    0.8200000000E+02     -0.6964324440E+02
    0.8300000000E+02     -0.7037596248E+02
    0.8400000000E+02     -0.7109985421E+02
    0.8500000000E+02     -0.7181548871E+02
    0.8600000000E+02     -0.7252282705E+02
    0.8700000000E+02     -0.7322150187E+02
    0.8800000000E+02     -0.7391145077E+02
    0.8900000000E+02     -0.7459365645E+02
    0.9000000000E+02     -0.7526733229E+02
    0.9100000000E+02     -0.7593266988E+02
    0.9200000000E+02     -0.7659015875E+02
    0.9300000000E+02     -0.7723892845E+02
    0.9400000000E+02     -0.7788047388E+02
    0.9500000000E+02     -0.7851401370E+02
    0.9600000000E+02     -0.7913933272E+02
    0.9700000000E+02     -0.7975631219E+02
    0.9800000000E+02     -0.8036552330E+02
    0.9900000000E+02     -0.8096780397E+02
    0.1000000000E+03     -0.8156172255E+02
    0.1010000000E+03     -0.8214806396E+02
    0.1020000000E+03     -0.8272760401E+02
    0.1030000000E+03     -0.8329852696E+02
    0.1040000000E+03     -0.8386226024E+02
    0.1050000000E+03     -0.8441866952E+02
    0.1060000000E+03     -0.8496673893E+02
    0.1070000000E+03     -0.8550798856E+02
    0.1080000000E+03     -0.8604163645E+02
    0.1090000000E+03     -0.8656757092E+02
    0.1100000000E+03     -0.8708719343E+02
    0.1110000000E+03     -0.8759889603E+02
    0.1120000000E+03     -0.8810335126E+02
    0.1130000000E+03     -0.8859994624E+02
    0.1140000000E+03     -0.8908973407E+02
    0.1150000000E+03     -0.8957197710E+02
    0.1160000000E+03     -0.9004643471E+02
    0.1170000000E+03     -0.9051375455E+02
    0.1180000000E+03     -0.9097473079E+02
    0.1190000000E+03     -0.9142701620E+02
    0.1200000000E+03     -0.9187359248E+02
    0.1210000000E+03     -0.9231135606E+02
    0.1220000000E+03     -0.9274278101E+02
    0.1230000000E+03     -0.9316659925E+02
    0.1240000000E+03     -0.9358294058E+02
    0.1250000000E+03     -0.9399225617E+02
    0.1260000000E+03     -0.9439356620E+02
    0.1270000000E+03     -0.9478808658E+02
    0.1280000000E+03     -0.9517513646E+02
    0.1290000000E+03     -0.9555487789E+02
    0.1300000000E+03     -0.9592749742E+02
    0.1310000000E+03     -0.9629309185E+02
    0.1320000000E+03     -0.9665094221E+02
    0.1330000000E+03     -0.9700208595E+02
    0.1340000000E+03     -0.9734555928E+02
    0.1350000000E+03     -0.9768215429E+02
    0.1360000000E+03     -0.9801091638E+02
    0.1370000000E+03     -0.9833294256E+02
    0.1380000000E+03     -0.9864716223E+02
    0.1390000000E+03     -0.9895428779E+02
    0.1400000000E+03     -0.9925462336E+02
    0.1410000000E+03     -0.9954732327E+02
    0.1420000000E+03     -0.9983272323E+02
    0.1430000000E+03     -0.1001104784E+03
    0.1440000000E+03     -0.1003819609E+03
    0.1450000000E+03     -0.1006458050E+03
    0.1460000000E+03     -0.1009029567E+03
    0.1470000000E+03     -0.1011528559E+03
    0.1480000000E+03     -0.1013956391E+03
    0.1490000000E+03     -0.1016311125E+03
    0.1500000000E+03     -0.1018602281E+03
    0.1510000000E+03     -0.1020825148E+03
    0.1520000000E+03     -0.1022997936E+03
    0.1530000000E+03     -0.1025085680E+03
    0.1540000000E+03     -0.1027101846E+03
    0.1550000000E+03     -0.1029072602E+03
    0.1560000000E+03     -0.1030955696E+03
    0.1570000000E+03     -0.1032778431E+03
    0.1580000000E+03     -0.1034536862E+03
    0.1590000000E+03     -0.1036227715E+03
    0.1600000000E+03     -0.1037861048E+03
    0.1610000000E+03     -0.1039427661E+03
    0.1620000000E+03     -0.1040932541E+03
    0.1630000000E+03     -0.1042377114E+03
    0.1640000000E+03     -0.1043769661E+03
    0.1650000000E+03     -0.1045099061E+03
    0.1660000000E+03     -0.1046368959E+03
    0.1670000000E+03     -0.1047581553E+03
    0.1680000000E+03     -0.1048736209E+03
    0.1690000000E+03     -0.1049837606E+03
    0.1700000000E+03     -0.1050885519E+03
    0.1710000000E+03     -0.1051879995E+03
    0.1720000000E+03     -0.1052810403E+03
    0.1730000000E+03     -0.1053698606E+03
    0.1740000000E+03     -0.1054522184E+03
    0.1750000000E+03     -0.1055295757E+03
    0.1760000000E+03     -0.1056019127E+03
    0.1770000000E+03     -0.1056693420E+03
    0.1780000000E+03     -0.1057308676E+03
    0.1790000000E+03     -0.1057882487E+03
    0.1800000000E+03     -0.1058401782E+03
    0.1810000000E+03     -0.1058866041E+03
    0.1820000000E+03     -0.1059279328E+03
    0.1830000000E+03     -0.1059639342E+03
    0.1840000000E+03     -0.1059946140E+03
    0.1850000000E+03     -0.1060207907E+03
    0.1860000000E+03     -0.1060407470E+03
    0.1870000000E+03     -0.1060565061E+03
    0.1880000000E+03     -0.1060668694E+03
    0.1890000000E+03     -0.1060718291E+03
    0.1900000000E+03     -0.1060702657E+03
    0.1910000000E+03     -0.1060646339E+03
    0.1920000000E+03     -0.1060517532E+03
    0.1930000000E+03     -0.1060347871E+03
    0.1940000000E+03     -0.1060118977E+03
    0.1950000000E+03     -0.1059833050E+03
    0.1960000000E+03     -0.1059500116E+03
    0.1970000000E+03     -0.1059111485E+03
    0.1980000000E+03     -0.1058655369E+03
    0.1990000000E+03     -0.1058155377E+03
    0.2000000000E+03     -0.1057584677E+03
    0.2010000000E+03     -0.1056944700E+03
    0.2020000000E+03     -0.1056254069E+03
    0.2030000000E+03     -0.1055500320E+03
    0.2040000000E+03     -0.1054680655E+03
    0.2050000000E+03     -0.1053799243E+03
    0.2060000000E+03     -0.1052855564E+03
    0.2070000000E+03     -0.1051843923E+03
    0.2080000000E+03     -0.1050768318E+03
    0.2090000000E+03     -0.1049627843E+03
    0.2100000000E+03     -0.1048416400E+03
    0.2110000000E+03     -0.1047140519E+03
    0.2120000000E+03     -0.1045803530E+03
    0.2130000000E+03     -0.1044394342E+03
    0.2140000000E+03     -0.1042912782E+03
    0.2150000000E+03     -0.1041364973E+03
    0.2160000000E+03     -0.1039740691E+03
    0.2170000000E+03     -0.1038049722E+03
    0.2180000000E+03     -0.1036287178E+03
    0.2190000000E+03     -0.1034455209E+03
    0.2200000000E+03     -0.1032566651E+03
    0.2210000000E+03     -0.1030597913E+03
    0.2220000000E+03     -0.1028551893E+03
    0.2230000000E+03     -0.1026499287E+03
    0.2240000000E+03     -0.1024310121E+03
    0.2250000000E+03     -0.1022065149E+03
    0.2260000000E+03     -0.1019732480E+03
    0.2270000000E+03     -0.1017346259E+03
    0.2280000000E+03     -0.1014888637E+03
    0.2290000000E+03     -0.1012345394E+03
    0.2300000000E+03     -0.1009728825E+03
    0.2310000000E+03     -0.1007050242E+03
    0.2320000000E+03     -0.1004298309E+03
    0.2330000000E+03     -0.1001479178E+03
    0.2340000000E+03     -0.9985574247E+02
    0.2350000000E+03     -0.9955996327E+02
    0.2360000000E+03     -0.9925550179E+02
    0.2370000000E+03     -0.9894601868E+02
    0.2380000000E+03     -0.9862975163E+02
    0.2390000000E+03     -0.9830415900E+02
    0.2400000000E+03     -0.9797143223E+02
    0.2410000000E+03     -0.9763274594E+02
    0.2420000000E+03     -0.9728535091E+02
    0.2430000000E+03     -0.9693118667E+02
    0.2440000000E+03     -0.9657159703E+02
    0.2450000000E+03     -0.9620176501E+02
    0.2460000000E+03     -0.9582660244E+02
    0.2470000000E+03     -0.9544383280E+02
    0.2480000000E+03     -0.9505467304E+02
    0.2490000000E+03     -0.9465850122E+02
    0.2500000000E+03     -0.9425624453E+02
    0.2510000000E+03     -0.9384429739E+02
    0.2520000000E+03     -0.9342667439E+02
    0.2530000000E+03     -0.9300304561E+02
    0.2540000000E+03     -0.9257067080E+02
    0.2550000000E+03     -0.9213253205E+02
    0.2560000000E+03     -0.9168498712E+02
    0.2570000000E+03     -0.9123206184E+02
    0.2580000000E+03     -0.9077035328E+02
    0.2590000000E+03     -0.9030160336E+02
    0.2600000000E+03     -0.8982639895E+02
    0.2610000000E+03     -0.8934343657E+02
    0.2620000000E+03     -0.8885427545E+02
    0.2630000000E+03     -0.8835412123E+02
    0.2640000000E+03     -0.8784713824E+02
    0.2650000000E+03     -0.8733518076E+02
    0.2660000000E+03     -0.8681447558E+02
    0.2670000000E+03     -0.8628496131E+02
    0.2680000000E+03     -0.8574873730E+02
    0.2690000000E+03     -0.8520451640E+02
    0.2700000000E+03     -0.8465103839E+02
    0.2710000000E+03     -0.8409092573E+02
    0.2720000000E+03     -0.8352199495E+02
    0.2730000000E+03     -0.8294472926E+02
    0.2740000000E+03     -0.8235994457E+02
    0.2750000000E+03     -0.8176466242E+02
    0.2760000000E+03     -0.8116415403E+02
    0.2770000000E+03     -0.8055384634E+02
    0.2780000000E+03     -0.7993417348E+02
    0.2790000000E+03     -0.7930932027E+02
    0.2800000000E+03     -0.7867574593E+02
    0.2810000000E+03     -0.7803215770E+02
    0.2820000000E+03     -0.7738163845E+02
    0.2830000000E+03     -0.7672356680E+02
    0.2840000000E+03     -0.7605674319E+02
    0.2850000000E+03     -0.7538219602E+02
    0.2860000000E+03     -0.7469946176E+02
    0.2870000000E+03     -0.7400698429E+02
    0.2880000000E+03     -0.7330820127E+02
    0.2890000000E+03     -0.7260006190E+02
    0.2900000000E+03     -0.7188416554E+02
    0.2910000000E+03     -0.7115926370E+02
    0.2920000000E+03     -0.7042613457E+02
    0.2930000000E+03     -0.6968554267E+02
    0.2940000000E+03     -0.6893611026E+02
    0.2950000000E+03     -0.6817852359E+02
    0.2960000000E+03     -0.6741728100E+02
    0.2970000000E+03     -0.6664839481E+02
    0.2980000000E+03     -0.6587127937E+02
    0.2990000000E+03     -0.6508849190E+02
    0.3000000000E+03     -0.6429512997E+02
    0.3010000000E+03     -0.6349927658E+02
    0.3020000000E+03     -0.6269516984E+02
    0.3030000000E+03     -0.6188521655E+02
    0.3040000000E+03     -0.6106862451E+02
    0.3050000000E+03     -0.6024569279E+02
    0.3060000000E+03     -0.5941750571E+02
    0.3070000000E+03     -0.5858586703E+02
    0.3080000000E+03     -0.5775120569E+02
    0.3090000000E+03     -0.5691338265E+02
    0.3100000000E+03     -0.5606682113E+02
    0.3110000000E+03     -0.5521798189E+02
    0.3120000000E+03     -0.5436396863E+02
    0.3130000000E+03     -0.5351082591E+02
    0.3140000000E+03     -0.5265041111E+02
    0.3150000000E+03     -0.5178820314E+02
    0.3160000000E+03     -0.5092221097E+02
    0.3170000000E+03     -0.5005603187E+02
    0.3180000000E+03     -0.4918963063E+02
    0.3190000000E+03     -0.4832017546E+02
    0.3200000000E+03     -0.4744942944E+02
    0.3210000000E+03     -0.4657696987E+02
    0.3220000000E+03     -0.4570415616E+02
    0.3230000000E+03     -0.4483088189E+02
    0.3240000000E+03     -0.4395365825E+02
    0.3250000000E+03     -0.4308183807E+02
    0.3260000000E+03     -0.4220998272E+02
    0.3270000000E+03     -0.4133818309E+02
    0.3280000000E+03     -0.4047007835E+02
    0.3290000000E+03     -0.3960311023E+02
    0.3300000000E+03     -0.3873216616E+02
    0.3310000000E+03     -0.3786638952E+02
    0.3320000000E+03     -0.3700212559E+02
    0.3330000000E+03     -0.3614275034E+02
    0.3340000000E+03     -0.3528842862E+02
    0.3350000000E+03     -0.3443220391E+02
    0.3360000000E+03     -0.3358293985E+02
    0.3370000000E+03     -0.3273818855E+02
    0.3380000000E+03     -0.3189967366E+02
    0.3390000000E+03     -0.3106180465E+02
    0.3400000000E+03     -0.3023213007E+02
    0.3410000000E+03     -0.2940828366E+02
    0.3420000000E+03     -0.2859140163E+02
    0.3430000000E+03     -0.2777910292E+02
    0.3440000000E+03     -0.2697209423E+02
    0.3450000000E+03     -0.2617277092E+02
    0.3460000000E+03     -0.2538068932E+02
    0.3470000000E+03     -0.2459960188E+02
    0.3480000000E+03     -0.2382071992E+02
    0.3490000000E+03     -0.2305771212E+02
    0.3500000000E+03     -0.2230072466E+02
    0.3510000000E+03     -0.2155096063E+02
    0.3520000000E+03     -0.2080962858E+02
    0.3530000000E+03     -0.2007454544E+02
    0.3540000000E+03     -0.1935138531E+02
    0.3550000000E+03     -0.1864034769E+02
    0.3560000000E+03     -0.1794168767E+02
    0.3570000000E+03     -0.1725133084E+02
    0.3580000000E+03     -0.1657545635E+02
    0.3590000000E+03     -0.1591346184E+02
    0.3600000000E+03     -0.1526040908E+02
    0.3610000000E+03     -0.1462437626E+02
    0.3620000000E+03     -0.1399908880E+02
    0.3630000000E+03     -0.1338959122E+02
    0.3640000000E+03     -0.1278718799E+02
    0.3650000000E+03     -0.1220386666E+02
    0.3660000000E+03     -0.1163937549E+02
    0.3670000000E+03     -0.1108770050E+02
    0.3680000000E+03     -0.1055383409E+02
    0.3690000000E+03     -0.1003161483E+02
    0.3700000000E+03     -0.9528335396E+01
    0.3710000000E+03     -0.9039346672E+01
    0.3720000000E+03     -0.8564980637E+01
    0.3730000000E+03     -0.8105076079E+01
    0.3740000000E+03     -0.7672406836E+01
    0.3750000000E+03     -0.7256383902E+01
    0.3760000000E+03     -0.6853976920E+01
    0.3770000000E+03     -0.6471450879E+01
    0.3780000000E+03     -0.6108634651E+01
    0.3790000000E+03     -0.5771687153E+01
    0.3800000000E+03     -0.5448608742E+01
    0.3810000000E+03     -0.5157136396E+01
    0.3820000000E+03     -0.4879482677E+01
    0.3830000000E+03     -0.4618578974E+01
    0.3840000000E+03     -0.4389841726E+01
    0.3850000000E+03     -0.4185488486E+01
    0.3860000000E+03     -0.4006317212E+01
    0.3870000000E+03     -0.3847769593E+01
    0.3880000000E+03     -0.3715276470E+01
    0.3890000000E+03     -0.3611761886E+01
    0.3900000000E+03     -0.3522496460E+01
    0.3910000000E+03     -0.3453248008E+01
    0.3920000000E+03     -0.3421574879E+01
    0.3930000000E+03     -0.3421582810E+01
    0.3940000000E+03     -0.3432682114E+01
    0.3950000000E+03     -0.3483159184E+01
    0.3960000000E+03     -0.3563721563E+01
    0.3970000000E+03     -0.3671753044E+01
    0.3980000000E+03     -0.3807104111E+01
    0.3990000000E+03     -0.3968095705E+01
    0.4000000000E+03     -0.4164643419E+01
    0.4010000000E+03     -0.4392767347E+01
    0.4020000000E+03     -0.4657332319E+01
    0.4030000000E+03     -0.4944073640E+01
    0.4040000000E+03     -0.5273766658E+01
    0.4050000000E+03     -0.5629540918E+01
    0.4060000000E+03     -0.6019821743E+01
    0.4070000000E+03     -0.6439501547E+01
    0.4080000000E+03     -0.6900726240E+01
    0.4090000000E+03     -0.7391453889E+01
    0.4100000000E+03     -0.7916349084E+01
    0.4110000000E+03     -0.8481182434E+01
    0.4120000000E+03     -0.9090483001E+01
    0.4130000000E+03     -0.9735525618E+01
    0.4140000000E+03     -0.1040402084E+02
    0.4150000000E+03     -0.1112849067E+02
    0.4160000000E+03     -0.1186789247E+02
    0.4170000000E+03     -0.1266657858E+02
    0.4180000000E+03     -0.1350022641E+02
    0.4190000000E+03     -0.1437205139E+02
    0.4200000000E+03     -0.1529465584E+02
    0.4210000000E+03     -0.1625343894E+02
    0.4220000000E+03     -0.1725308498E+02
    0.4230000000E+03     -0.1830227759E+02
    0.4240000000E+03     -0.1937611006E+02
    0.4250000000E+03     -0.2050848569E+02
    0.4260000000E+03     -0.2168311332E+02
    0.4270000000E+03     -0.2290604695E+02
    0.4280000000E+03     -0.2418547052E+02
    0.4290000000E+03     -0.2550436971E+02
    0.4300000000E+03     -0.2687531659E+02
    0.4310000000E+03     -0.2829575069E+02
    0.4320000000E+03     -0.2978105975E+02
    0.4330000000E+03     -0.3131097103E+02
    0.4340000000E+03     -0.3287954568E+02
    0.4350000000E+03     -0.3449753231E+02
    0.4360000000E+03     -0.3616388287E+02
    0.4370000000E+03     -0.3789037866E+02
    0.4380000000E+03     -0.3964467466E+02
    0.4390000000E+03     -0.4148390604E+02
    0.4400000000E+03     -0.4338130079E+02
    0.4410000000E+03     -0.4532854794E+02
    0.4420000000E+03     -0.4732827829E+02
    0.4430000000E+03     -0.4938117005E+02
    0.4440000000E+03     -0.5151054643E+02
    0.4450000000E+03     -0.5366674833E+02
    0.4460000000E+03     -0.5589426245E+02
    0.4470000000E+03     -0.5817688116E+02
    0.4480000000E+03     -0.6051104661E+02
    0.4490000000E+03     -0.6292480526E+02
    0.4500000000E+03     -0.6538958881E+02
    0.4510000000E+03     -0.6791583326E+02
    0.4520000000E+03     -0.7052228679E+02
    0.4530000000E+03     -0.7319225006E+02
    0.4540000000E+03     -0.7589303605E+02
    0.4550000000E+03     -0.7867113227E+02
    0.4560000000E+03     -0.8153897752E+02
    0.4570000000E+03     -0.8442114839E+02
    0.4580000000E+03     -0.8740743797E+02
    0.4590000000E+03     -0.9047824484E+02
    0.4600000000E+03     -0.9360377990E+02
    0.4610000000E+03     -0.9676719035E+02
    0.4620000000E+03     -0.1000137106E+03
    0.4630000000E+03     -0.1033165466E+03
    0.4640000000E+03     -0.1067299289E+03
    0.4650000000E+03     -0.1102100793E+03
    0.4660000000E+03     -0.1137187453E+03
    0.4670000000E+03     -0.1173341355E+03
    0.4680000000E+03     -0.1210216931E+03
    0.4690000000E+03     -0.1247946539E+03
    0.4700000000E+03     -0.1286484406E+03
    0.4710000000E+03     -0.1325609868E+03
    0.4720000000E+03     -0.1365531223E+03
    0.4730000000E+03     -0.1406350630E+03
    0.4740000000E+03     -0.1448041501E+03
    0.4750000000E+03     -0.1490333570E+03
    0.4760000000E+03     -0.1533566973E+03
    0.4770000000E+03     -0.1577573210E+03
    0.4780000000E+03     -0.1623059344E+03
    0.4790000000E+03     -0.1668918494E+03
    0.4800000000E+03     -0.1715284893E+03
    0.4810000000E+03     -0.1762906581E+03
    0.4820000000E+03     -0.1811456580E+03
    0.4830000000E+03     -0.1860746246E+03
    0.4840000000E+03     -0.1910903435E+03
    0.4850000000E+03     -0.1961416923E+03
