    0.00000000E+00      -2.162308355547986949E+00
    1.00000000E+00      -1.424416505579040537E+00
    2.00000000E+00      -1.349981908603149483E+00
    3.00000000E+00      -1.651111327283013130E+00
    4.00000000E+00      -2.210011319910529792E+00
    5.00000000E+00      -2.962121768377722120E+00
    6.00000000E+00      -3.866467038810435852E+00
    7.00000000E+00      -4.894957484279723658E+00
    8.00000000E+00      -6.027098902943828662E+00
    9.00000000E+00      -7.247112873664002919E+00
    1.00000000E+01      -8.542382581748563908E+00
    1.10000000E+01      -9.902660068937359839E+00
    1.20000000E+01      -1.131984143259406927E+01
    1.30000000E+01      -1.278720217008932458E+01
    1.40000000E+01      -1.429834368596649519E+01
    1.50000000E+01      -1.584798992403167439E+01
    1.60000000E+01      -1.743210612960111661E+01
    1.70000000E+01      -1.904634615445839785E+01
    1.80000000E+01      -2.068744287664022607E+01
    1.90000000E+01      -2.235218778495046621E+01
    2.00000000E+01      -2.403770177568522826E+01
    2.10000000E+01      -2.574121813171014850E+01
    2.20000000E+01      -2.746036807274659708E+01
    2.30000000E+01      -2.919313362948533808E+01
    2.40000000E+01      -3.093764273866482739E+01
    2.50000000E+01      -3.269206745219135968E+01
    2.60000000E+01      -3.445468114513069935E+01
    2.70000000E+01      -3.622358900108675783E+01
    2.80000000E+01      -3.799721385532185280E+01
    2.90000000E+01      -3.977471200856754052E+01
    3.00000000E+01      -4.155408924602826204E+01
    3.10000000E+01      -4.333450578341372506E+01
    3.20000000E+01      -4.511470184824585061E+01
    3.30000000E+01      -4.689360702011409643E+01
    3.40000000E+01      -4.867044102712471698E+01
    3.50000000E+01      -5.044333807687299753E+01
    3.60000000E+01      -5.221139262585867158E+01
    3.70000000E+01      -5.397314237861947817E+01
    3.80000000E+01      -5.572846852738231149E+01
    3.90000000E+01      -5.747551229838219200E+01
    4.00000000E+01      -5.921429429826613244E+01
    4.10000000E+01      -6.094322919039196762E+01
    4.20000000E+01      -6.266234528553987815E+01
    4.30000000E+01      -6.437075644214721137E+01
    4.40000000E+01      -6.606736855074788650E+01
    4.50000000E+01      -6.775279582990853555E+01
    4.60000000E+01      -6.942638919851535206E+01
    4.70000000E+01      -7.108742694858457867E+01
    4.80000000E+01      -7.273578629444611465E+01
    4.90000000E+01      -7.437142786101114211E+01
    5.00000000E+01      -7.599466736487894991E+01
    5.10000000E+01      -7.760426080475528465E+01
    5.20000000E+01      -7.920073435736932765E+01
    5.30000000E+01      -8.078437722650934916E+01
    5.40000000E+01      -8.235426633118706263E+01
    5.50000000E+01      -8.391111910323317602E+01
    5.60000000E+01      -8.545466784180254649E+01
    5.70000000E+01      -8.698485300077820170E+01
    5.80000000E+01      -8.850168211118372597E+01
    5.90000000E+01      -9.000638823989513071E+01
    6.00000000E+01      -9.149788545812563711E+01
    6.10000000E+01      -9.297644815816394726E+01
    6.20000000E+01      -9.444219650384704323E+01
    6.30000000E+01      -9.589584426113808036E+01
    6.40000000E+01      -9.733723637456361644E+01
    6.50000000E+01      -9.876622112306151280E+01
    6.60000000E+01      -1.001832989835872638E+02
    6.70000000E+01      -1.015883646545023282E+02
    6.80000000E+01      -1.029815940465757365E+02
    6.90000000E+01      -1.043636022385232707E+02
    7.00000000E+01      -1.057339698921402658E+02
    7.10000000E+01      -1.070926315281082850E+02
    7.20000000E+01      -1.084403591425341062E+02
    7.30000000E+01      -1.097765732621462291E+02
    7.40000000E+01      -1.111018084066433573E+02
    7.50000000E+01      -1.124150912987076651E+02
    7.60000000E+01      -1.137178770692532623E+02
    7.70000000E+01      -1.150097093879282681E+02
    7.80000000E+01      -1.162910605652848233E+02
    7.90000000E+01      -1.175617292800140774E+02
    8.00000000E+01      -1.188216134974915974E+02
    8.10000000E+01      -1.200716978655816263E+02
    8.20000000E+01      -1.213112080249681810E+02
    8.30000000E+01      -1.225399742211281762E+02
    8.40000000E+01      -1.237591130923808294E+02
    8.50000000E+01      -1.249680848885597868E+02
    8.60000000E+01      -1.261674445469959380E+02
    8.70000000E+01      -1.273563862535063151E+02
    8.80000000E+01      -1.285351962190304391E+02
    8.90000000E+01      -1.297038837138368024E+02
    9.00000000E+01      -1.308633886706063265E+02
    9.10000000E+01      -1.320138414852533231E+02
    9.20000000E+01      -1.331548620710215971E+02
    9.30000000E+01      -1.342867828866708066E+02
    9.40000000E+01      -1.354087305244154038E+02
    9.50000000E+01      -1.365223348027627424E+02
    9.60000000E+01      -1.376264676906846205E+02
    9.70000000E+01      -1.387217189923228204E+02
    9.80000000E+01      -1.398083579789651765E+02
    9.90000000E+01      -1.408861833776879564E+02
    1.00000000E+02      -1.419558743247013979E+02
    1.01000000E+02      -1.430165902044516031E+02
    1.02000000E+02      -1.440689762616945870E+02
    1.03000000E+02      -1.451114741964390475E+02
    1.04000000E+02      -1.461475131701278940E+02
    1.05000000E+02      -1.471747732281343986E+02
    1.06000000E+02      -1.481930423633873204E+02
    1.07000000E+02      -1.492024595251257040E+02
    1.08000000E+02      -1.502039272717208576E+02
    1.09000000E+02      -1.511973430490013186E+02
    1.10000000E+02      -1.521818734160021620E+02
    1.11000000E+02      -1.531577639165604694E+02
    1.12000000E+02      -1.541260097595202012E+02
    1.13000000E+02      -1.550857632868116696E+02
    1.14000000E+02      -1.560370728418617716E+02
    1.15000000E+02      -1.569796142968823176E+02
    1.16000000E+02      -1.579137606332785424E+02
    1.17000000E+02      -1.588386382898004001E+02
    1.18000000E+02      -1.597548629283098478E+02
    1.19000000E+02      -1.606621293138429962E+02
    1.20000000E+02      -1.615604080486061491E+02
    1.21000000E+02      -1.624507214531019770E+02
    1.22000000E+02      -1.633318960250596490E+02
    1.23000000E+02      -1.642044552071726855E+02
    1.24000000E+02      -1.650692037109526780E+02
    1.25000000E+02      -1.659238190329467386E+02
    1.26000000E+02      -1.667694611659223654E+02
    1.27000000E+02      -1.676056472125180505E+02
    1.28000000E+02      -1.684323592271955192E+02
    1.29000000E+02      -1.692494800455003485E+02
    1.30000000E+02      -1.700592933491695646E+02
    1.31000000E+02      -1.708576074710997261E+02
    1.32000000E+02      -1.716465382916919395E+02
    1.33000000E+02      -1.724254445815001588E+02
    1.34000000E+02      -1.731958483965260882E+02
    1.35000000E+02      -1.739567273740956068E+02
    1.36000000E+02      -1.747063347190103002E+02
    1.37000000E+02      -1.754462414190472543E+02
    1.38000000E+02      -1.761762684632101070E+02
    1.39000000E+02      -1.768966537731882624E+02
    1.40000000E+02      -1.776064049876710840E+02
    1.41000000E+02      -1.783068881579217475E+02
    1.42000000E+02      -1.789967068442617517E+02
    1.43000000E+02      -1.796771675495963052E+02
    1.44000000E+02      -1.803473053474860706E+02
    1.45000000E+02      -1.810067655510917746E+02
    1.46000000E+02      -1.816569452136297684E+02
    1.47000000E+02      -1.822966029359501761E+02
    1.48000000E+02      -1.829262495478448898E+02
    1.49000000E+02      -1.835470732688679334E+02
    1.50000000E+02      -1.841586735656726148E+02
    1.51000000E+02      -1.847609604127189584E+02
    1.52000000E+02      -1.853497497537007064E+02
    1.53000000E+02      -1.859341436180236258E+02
    1.54000000E+02      -1.865091957158417415E+02
    1.55000000E+02      -1.870751555716103383E+02
    1.56000000E+02      -1.876344466864372578E+02
    1.57000000E+02      -1.881859143127055347E+02
    1.58000000E+02      -1.887290895927414738E+02
    1.59000000E+02      -1.892648853808184128E+02
    1.60000000E+02      -1.897932416693490438E+02
    1.61000000E+02      -1.903153543546920616E+02
    1.62000000E+02      -1.908301779755690575E+02
    1.63000000E+02      -1.913392563210925061E+02
    1.64000000E+02      -1.918414589468572728E+02
    1.65000000E+02      -1.923377328648473110E+02
    1.66000000E+02      -1.928274023291139372E+02
    1.67000000E+02      -1.933110699446530987E+02
    1.68000000E+02      -1.937884615989002839E+02
    1.69000000E+02      -1.942616066525349368E+02
    1.70000000E+02      -1.947291905293947991E+02
    1.71000000E+02      -1.951926968065506287E+02
    1.72000000E+02      -1.956492602547930062E+02
    1.73000000E+02      -1.961019184790036149E+02
    1.74000000E+02      -1.965504783039338861E+02
    1.75000000E+02      -1.969936883398747511E+02
    1.76000000E+02      -1.974334556438386414E+02
    1.77000000E+02      -1.978679564466417276E+02
    1.78000000E+02      -1.982975494099789273E+02
    1.79000000E+02      -1.987238895072784715E+02
    1.80000000E+02      -1.991453487033556655E+02
    1.81000000E+02      -1.995622090666854263E+02
    1.82000000E+02      -1.999756765907347642E+02
    1.83000000E+02      -2.003846401834577762E+02
    1.84000000E+02      -2.007895503847518910E+02
    1.85000000E+02      -2.011902407818831477E+02
    1.86000000E+02      -2.015871417715513587E+02
    1.87000000E+02      -2.019801449497587953E+02
    1.88000000E+02      -2.023706064677514576E+02
    1.89000000E+02      -2.027568966445812464E+02
    1.90000000E+02      -2.031380750168588918E+02
    1.91000000E+02      -2.035167079053187251E+02
    1.92000000E+02      -2.038915014079372838E+02
    1.93000000E+02      -2.042614518961470083E+02
    1.94000000E+02      -2.046266191445008360E+02
    1.95000000E+02      -2.049882061469376993E+02
    1.96000000E+02      -2.053454930223067265E+02
    1.97000000E+02      -2.056977615802149728E+02
    1.98000000E+02      -2.060465283893115327E+02
    1.99000000E+02      -2.063924450981264442E+02
    2.00000000E+02      -2.067326654613259223E+02
    2.01000000E+02      -2.070685672802917168E+02
    2.02000000E+02      -2.073993010477404084E+02
    2.03000000E+02      -2.077261820380060442E+02
    2.04000000E+02      -2.080480355765446063E+02
    2.05000000E+02      -2.083645475296486609E+02
    2.06000000E+02      -2.086757155976499405E+02
    2.07000000E+02      -2.089814313430522077E+02
    2.08000000E+02      -2.092810630180008218E+02
    2.09000000E+02      -2.095751440498986256E+02
    2.10000000E+02      -2.098637364637231428E+02
    2.11000000E+02      -2.101457933745820981E+02
    2.12000000E+02      -2.104202969979794204E+02
    2.13000000E+02      -2.106890369306326818E+02
    2.14000000E+02      -2.109506216784190826E+02
    2.15000000E+02      -2.112057267809993562E+02
    2.16000000E+02      -2.114524037669886809E+02
    2.17000000E+02      -2.116913706892061953E+02
    2.18000000E+02      -2.119226555506590728E+02
    2.19000000E+02      -2.121445676671116587E+02
    2.20000000E+02      -2.123587797156194199E+02
    2.21000000E+02      -2.125651675669193708E+02
    2.22000000E+02      -2.127616536337716013E+02
    2.23000000E+02      -2.129482924261662617E+02
    2.24000000E+02      -2.131285007888052121E+02
    2.25000000E+02      -2.133004779483432856E+02
    2.26000000E+02      -2.134648890864461634E+02
    2.27000000E+02      -2.136163702972823728E+02
    2.28000000E+02      -2.137621073475581568E+02
    2.29000000E+02      -2.138961990313379999E+02
    2.30000000E+02      -2.140227106846993763E+02
    2.31000000E+02      -2.141376312652552940E+02
    2.32000000E+02      -2.142463890058404274E+02
    2.33000000E+02      -2.143452775163875401E+02
    2.34000000E+02      -2.144327300327547334E+02
    2.35000000E+02      -2.145117085071230747E+02
    2.36000000E+02      -2.145827897742107950E+02
    2.37000000E+02      -2.146417166269800134E+02
    2.38000000E+02      -2.146903793903599933E+02
    2.39000000E+02      -2.147303325809022851E+02
    2.40000000E+02      -2.147598677790208228E+02
    2.41000000E+02      -2.147779782703562148E+02
    2.42000000E+02      -2.147795058300668813E+02
    2.43000000E+02      -2.147800916067623973E+02
    2.44000000E+02      -2.147696014603550054E+02
    2.45000000E+02      -2.147408446931346759E+02
    2.46000000E+02      -2.147089937645775706E+02
    2.47000000E+02      -2.146676677812190235E+02
    2.48000000E+02      -2.146191996472022936E+02
    2.49000000E+02      -2.145599059194043718E+02
    2.50000000E+02      -2.144910795943994515E+02
    2.51000000E+02      -2.144156251570509255E+02
    2.52000000E+02      -2.143319075302985937E+02
    2.53000000E+02      -2.142385156919314966E+02
    2.54000000E+02      -2.141386302373554997E+02
    2.55000000E+02      -2.140304705910218388E+02
    2.56000000E+02      -2.139112258106885918E+02
    2.57000000E+02      -2.137847610371370308E+02
    2.58000000E+02      -2.136521019964545474E+02
    2.59000000E+02      -2.135089247313278236E+02
    2.60000000E+02      -2.133588664062387750E+02
    2.61000000E+02      -2.131993580636169270E+02
    2.62000000E+02      -2.130382013087925941E+02
    2.63000000E+02      -2.128650996319899775E+02
    2.64000000E+02      -2.126821733134981685E+02
    2.65000000E+02      -2.124975352209710024E+02
    2.66000000E+02      -2.122978420832493782E+02
    2.67000000E+02      -2.120908613094777309E+02
    2.68000000E+02      -2.118773135178905420E+02
    2.69000000E+02      -2.116525871695318699E+02
    2.70000000E+02      -2.114192124349480935E+02
    2.71000000E+02      -2.111755446364238367E+02
    2.72000000E+02      -2.109270849562433057E+02
    2.73000000E+02      -2.106689689953179538E+02
    2.74000000E+02      -2.104034369233829409E+02
    2.75000000E+02      -2.101289550346388921E+02
    2.76000000E+02      -2.098443200882008739E+02
    2.77000000E+02      -2.095520193512618050E+02
    2.78000000E+02      -2.092490252298136681E+02
    2.79000000E+02      -2.089392536789943904E+02
    2.80000000E+02      -2.086188422238171540E+02
    2.81000000E+02      -2.082869791032114506E+02
    2.82000000E+02      -2.079484100522656433E+02
    2.83000000E+02      -2.076039386378667757E+02
    2.84000000E+02      -2.072476091508121669E+02
    2.85000000E+02      -2.068845609946708635E+02
    2.86000000E+02      -2.065091813672749765E+02
    2.87000000E+02      -2.061245369418008693E+02
    2.88000000E+02      -2.057285123915478096E+02
    2.89000000E+02      -2.053249211959025331E+02
    2.90000000E+02      -2.049101523933765918E+02
    2.91000000E+02      -2.044848407376973398E+02
    2.92000000E+02      -2.040497818800920129E+02
    2.93000000E+02      -2.036020847432498329E+02
    2.94000000E+02      -2.031463624359291487E+02
    2.95000000E+02      -2.026847392952601865E+02
    2.96000000E+02      -2.022012319312613897E+02
    2.97000000E+02      -2.017089320691136152E+02
    2.98000000E+02      -2.012091116355565816E+02
    2.99000000E+02      -2.006917378540799461E+02
    3.00000000E+02      -2.001649818600687638E+02
    3.01000000E+02      -1.996277984583118439E+02
    3.02000000E+02      -1.990777396175378442E+02
    3.03000000E+02      -1.985130227986789748E+02
    3.04000000E+02      -1.979352501756345362E+02
    3.05000000E+02      -1.973457590683080696E+02
    3.06000000E+02      -1.967504719380355880E+02
    3.07000000E+02      -1.961393071970503286E+02
    3.08000000E+02      -1.955134699484749206E+02
    3.09000000E+02      -1.948795127534956180E+02
    3.10000000E+02      -1.942338067344805665E+02
    3.11000000E+02      -1.935721168250144899E+02
    3.12000000E+02      -1.929018138214430280E+02
    3.13000000E+02      -1.922182632956371151E+02
    3.14000000E+02      -1.915263390260349468E+02
    3.15000000E+02      -1.908227278962565094E+02
    3.16000000E+02      -1.901110939849583872E+02
    3.17000000E+02      -1.893897086970807493E+02
    3.18000000E+02      -1.886614221554898165E+02
    3.19000000E+02      -1.879255374616893448E+02
    3.20000000E+02      -1.871816183443713442E+02
    3.21000000E+02      -1.864354818474218689E+02
    3.22000000E+02      -1.856711698814012550E+02
    3.23000000E+02      -1.849026597786412083E+02
    3.24000000E+02      -1.841269441043093309E+02
    3.25000000E+02      -1.833468184524515152E+02
    3.26000000E+02      -1.825590523780390129E+02
    3.27000000E+02      -1.817655917338395000E+02
    3.28000000E+02      -1.809672372859619998E+02
    3.29000000E+02      -1.801605664337236874E+02
    3.30000000E+02      -1.793480916681416772E+02
    3.31000000E+02      -1.785305513727778077E+02
    3.32000000E+02      -1.777112040593471818E+02
    3.33000000E+02      -1.768879209358544529E+02
    3.34000000E+02      -1.760590530393944562E+02
    3.35000000E+02      -1.752269083339321867E+02
    3.36000000E+02      -1.743910768822367743E+02
    3.37000000E+02      -1.735496327932757765E+02
    3.38000000E+02      -1.727108872020450860E+02
    3.39000000E+02      -1.718688425479174100E+02
    3.40000000E+02      -1.710307608501004495E+02
    3.41000000E+02      -1.701912980580070496E+02
    3.42000000E+02      -1.693545123017226786E+02
    3.43000000E+02      -1.685221718418012813E+02
    3.44000000E+02      -1.676976035399545424E+02
    3.45000000E+02      -1.668745474907170490E+02
    3.46000000E+02      -1.660570668788693354E+02
    3.47000000E+02      -1.652433206771799803E+02
    3.48000000E+02      -1.644370941382200897E+02
    3.49000000E+02      -1.636334514749302969E+02
    3.50000000E+02      -1.628413051779914156E+02
    3.51000000E+02      -1.620481615918522209E+02
    3.52000000E+02      -1.612642096559700065E+02
    3.53000000E+02      -1.604842568645087511E+02
    3.54000000E+02      -1.597075144887619160E+02
    3.55000000E+02      -1.589443787229663201E+02
    3.56000000E+02      -1.581850524432208829E+02
    3.57000000E+02      -1.574336298670220629E+02
    3.58000000E+02      -1.566932215753892876E+02
    3.59000000E+02      -1.559569467674425312E+02
    3.60000000E+02      -1.552335912084506333E+02
    3.61000000E+02      -1.545212606726397269E+02
    3.62000000E+02      -1.538215184429261342E+02
    3.63000000E+02      -1.531292274177373827E+02
    3.64000000E+02      -1.524481017912455343E+02
    3.65000000E+02      -1.517850451571700603E+02
    3.66000000E+02      -1.511235630241987735E+02
    3.67000000E+02      -1.504766882858072847E+02
    3.68000000E+02      -1.498470597849061221E+02
    3.69000000E+02      -1.492282631377290443E+02
    3.70000000E+02      -1.486282241659189083E+02
    3.71000000E+02      -1.480381972587035477E+02
    3.72000000E+02      -1.474705219154545546E+02
    3.73000000E+02      -1.469054556595926613E+02
    3.74000000E+02      -1.463616393269455500E+02
    3.75000000E+02      -1.458343007491036758E+02
    3.76000000E+02      -1.453259361111974783E+02
    3.77000000E+02      -1.448281925024182044E+02
    3.78000000E+02      -1.443577868257832222E+02
    3.79000000E+02      -1.438989866436874934E+02
    3.80000000E+02      -1.434576802300705083E+02
    3.81000000E+02      -1.430386898381236449E+02
    3.82000000E+02      -1.426372032646156356E+02
    3.83000000E+02      -1.422505179331471652E+02
    3.84000000E+02      -1.418876219534265317E+02
    3.85000000E+02      -1.415444403149137713E+02
    3.86000000E+02      -1.412369143456287190E+02
    3.87000000E+02      -1.409424701873628862E+02
    3.88000000E+02      -1.406691268789997764E+02
    3.89000000E+02      -1.404189930898553200E+02
    3.90000000E+02      -1.401881266358957134E+02
    3.91000000E+02      -1.399877594730766930E+02
    3.92000000E+02      -1.398138518976463445E+02
    3.93000000E+02      -1.396708494493338719E+02
    3.94000000E+02      -1.395472197694886916E+02
    3.95000000E+02      -1.394432828848200359E+02
    3.96000000E+02      -1.393784226044496961E+02
    3.97000000E+02      -1.393394815557819300E+02
    3.98000000E+02      -1.393169336183761686E+02
    3.99000000E+02      -1.393216466462306187E+02
    4.00000000E+02      -1.393678177141534604E+02
    4.01000000E+02      -1.394377038962972790E+02
    4.02000000E+02      -1.395483267216311276E+02
    4.03000000E+02      -1.396778929214758307E+02
    4.04000000E+02      -1.398502449283093654E+02
    4.05000000E+02      -1.400453202235928245E+02
    4.06000000E+02      -1.402736121986360729E+02
    4.07000000E+02      -1.405380488895295628E+02
    4.08000000E+02      -1.408371901425250314E+02
    4.09000000E+02      -1.411654767144188725E+02
    4.10000000E+02      -1.415371824627925150E+02
    4.11000000E+02      -1.419196543199775249E+02
    4.12000000E+02      -1.423512066381351531E+02
    4.13000000E+02      -1.428269681428625688E+02
    4.14000000E+02      -1.433181831541421332E+02
    4.15000000E+02      -1.438750450692438960E+02
    4.16000000E+02      -1.444704793871912614E+02
    4.17000000E+02      -1.451033792731302299E+02
    4.18000000E+02      -1.457809090713105604E+02
    4.19000000E+02      -1.464858460882512361E+02
    4.20000000E+02      -1.472323861117308468E+02
    4.21000000E+02      -1.480207065291885726E+02
    4.22000000E+02      -1.488506560348157279E+02
    4.23000000E+02      -1.497281161953994513E+02
    4.24000000E+02      -1.506444617343201742E+02
    4.25000000E+02      -1.516034445948150449E+02
    4.26000000E+02      -1.526043340502489798E+02
    4.27000000E+02      -1.536556940689167448E+02
    4.28000000E+02      -1.547617583404478125E+02
    4.29000000E+02      -1.559091004707567834E+02
    4.30000000E+02      -1.571159074921576746E+02
    4.31000000E+02      -1.583593256278379329E+02
    4.32000000E+02      -1.596495639351612397E+02
    4.33000000E+02      -1.609974383099304021E+02
    4.34000000E+02      -1.623877699921556257E+02
    4.35000000E+02      -1.638238138673311539E+02
    4.36000000E+02      -1.653412764680522002E+02
    4.37000000E+02      -1.668977474007822082E+02
    4.38000000E+02      -1.685063791359841332E+02
    4.39000000E+02      -1.701659061981897310E+02
    4.40000000E+02      -1.718957409508127228E+02
    4.41000000E+02      -1.736804481714331985E+02
    4.42000000E+02      -1.755078061942310512E+02
    4.43000000E+02      -1.773933062993289411E+02
    4.44000000E+02      -1.793546042450304583E+02
    4.45000000E+02      -1.813384353780254230E+02
    4.46000000E+02      -1.833941780212751098E+02
    4.47000000E+02      -1.855196342380201884E+02
    4.48000000E+02      -1.877051866750532270E+02
    4.49000000E+02      -1.899421101932946101E+02
    4.50000000E+02      -1.922402042680020884E+02
    4.51000000E+02      -1.946283492539493807E+02
    4.52000000E+02      -1.970642840710185908E+02
    4.53000000E+02      -1.995616731092283942E+02
    4.54000000E+02      -2.021246723220517367E+02
    4.55000000E+02      -2.047567294364978068E+02
    4.56000000E+02      -2.074710863645138659E+02
    4.57000000E+02      -2.102699053011435524E+02
    4.58000000E+02      -2.131283361455259353E+02
    4.59000000E+02      -2.160593477841300398E+02
    4.60000000E+02      -2.190047131739972599E+02
    4.61000000E+02      -2.220725310702525519E+02
    4.62000000E+02      -2.251908534163792126E+02
    4.63000000E+02      -2.283757244198183969E+02
    4.64000000E+02      -2.316198699506764740E+02
    4.65000000E+02      -2.349966599601736732E+02
    4.66000000E+02      -2.384169228856169127E+02
    4.67000000E+02      -2.419102312520096518E+02
    4.68000000E+02      -2.454552300110642307E+02
    4.69000000E+02      -2.490876649777471528E+02
    4.70000000E+02      -2.528286379526086591E+02
    4.71000000E+02      -2.566260097251922048E+02
    4.72000000E+02      -2.605212840228757045E+02
    4.73000000E+02      -2.645005730506215400E+02
    4.74000000E+02      -2.685575063548000685E+02
    4.75000000E+02      -2.726862012882899649E+02
    4.76000000E+02      -2.768996309031915075E+02
    4.77000000E+02      -2.812216143097445524E+02
    4.78000000E+02      -2.856096687175283364E+02
    4.79000000E+02      -2.900783219183046526E+02
    4.80000000E+02      -2.946205030873367718E+02
    4.81000000E+02      -2.992506739092474959E+02
    4.82000000E+02      -3.040081037583710781E+02
    4.83000000E+02      -3.088607392488463006E+02
    4.84000000E+02      -3.138123070474663905E+02
    4.85000000E+02      -3.188482489863360456E+02
    4.86000000E+02      -3.239697257378554127E+02
    4.87000000E+02      -3.291737929750649414E+02
    4.88000000E+02      -3.328732847988555363E+02
    4.89000000E+02      -3.388861482360350124E+02
    4.90000000E+02      -3.458343827963523722E+02
    4.91000000E+02      -3.525324164072932831E+02
    4.92000000E+02      -3.579812422332303754E+02
    4.93000000E+02      -3.635350342661092213E+02
    4.94000000E+02      -3.687713597990056655E+02
    4.95000000E+02      -3.742792772918889455E+02
    4.96000000E+02      -3.797756826482197425E+02
    4.97000000E+02      -3.854401025157910112E+02
    4.98000000E+02      -3.912194664734249159E+02
    4.99000000E+02      -3.971069476752724654E+02
    5.00000000E+02      -4.034805477847527868E+02
    5.01000000E+02      -4.103190011550156555E+02
    5.02000000E+02      -4.173782731368389136E+02
    5.03000000E+02      -4.241118203571947447E+02
    5.04000000E+02      -4.305365250104056827E+02
    5.05000000E+02      -4.372371617812147520E+02
    5.06000000E+02      -4.434359969019839696E+02
    5.07000000E+02      -4.330629169212604097E+02
    5.08000000E+02      -4.378379776801863841E+02
    5.09000000E+02      -4.629262059040317467E+02
    5.10000000E+02      -4.712996455270746878E+02
