    0.00000000E+00      -3.607387240005654405E+01
    1.00000000E+00      -3.303488893581551622E+01
    2.00000000E+00      -3.067275888992470811E+01
    3.00000000E+00      -2.869984848571938585E+01
    4.00000000E+00      -2.699823350979012559E+01
    5.00000000E+00      -2.550348682476204942E+01
    6.00000000E+00      -2.417500538898629259E+01
    7.00000000E+00      -2.298455901218575548E+01
    8.00000000E+00      -2.191144580913704942E+01
    9.00000000E+00      -2.093986721111458849E+01
    1.00000000E+01      -2.005746800972146104E+01
    1.10000000E+01      -1.925452025009316515E+01
    1.20000000E+01      -1.852227909637612413E+01
    1.30000000E+01      -1.785400683952492784E+01
    1.40000000E+01      -1.724411375595254015E+01
    1.50000000E+01      -1.668741233421486925E+01
    1.60000000E+01      -1.617945928646248888E+01
    1.70000000E+01      -1.571605367733162950E+01
    1.80000000E+01      -1.529402906967324327E+01
    1.90000000E+01      -1.490988762451333116E+01
    2.00000000E+01      -1.456155355049294542E+01
    2.10000000E+01      -1.424642939640206407E+01
    2.20000000E+01      -1.396189446521920274E+01
    2.30000000E+01      -1.370602912975472520E+01
    2.40000000E+01      -1.347755057884377550E+01
    2.50000000E+01      -1.327452416492623399E+01
    2.60000000E+01      -1.309483213497323106E+01
    2.70000000E+01      -1.293767685962838243E+01
    2.80000000E+01      -1.280148596836251329E+01
    2.90000000E+01      -1.268492348266762804E+01
    3.00000000E+01      -1.258688194824379991E+01
    3.10000000E+01      -1.250618608070534776E+01
    3.20000000E+01      -1.244194002224129747E+01
    3.30000000E+01      -1.239327080322426866E+01
    3.40000000E+01      -1.235918338371438097E+01
    3.50000000E+01      -1.233878631664437364E+01
    3.60000000E+01      -1.233160896373910020E+01
    3.70000000E+01      -1.233685762954873155E+01
    3.80000000E+01      -1.235385079456490587E+01
    3.90000000E+01      -1.238176686836403917E+01
    4.00000000E+01      -1.241986949516457628E+01
    4.10000000E+01      -1.246792991233986925E+01
    4.20000000E+01      -1.252501363826912950E+01
    4.30000000E+01      -1.259094054771584581E+01
    4.40000000E+01      -1.266519172264260362E+01
    4.50000000E+01      -1.274679811073464464E+01
    4.60000000E+01      -1.283587308002633165E+01
    4.70000000E+01      -1.293187708927315782E+01
    4.80000000E+01      -1.303440566135567735E+01
    4.90000000E+01      -1.314288301540535997E+01
    5.00000000E+01      -1.325722355915230821E+01
    5.10000000E+01      -1.337678809238595079E+01
    5.20000000E+01      -1.350107879711312364E+01
    5.30000000E+01      -1.363018853737038683E+01
    5.40000000E+01      -1.376404197288674425E+01
    5.50000000E+01      -1.390207703186196397E+01
    5.60000000E+01      -1.404383726192635606E+01
    5.70000000E+01      -1.418911953045052599E+01
    5.80000000E+01      -1.433746178222817491E+01
    5.90000000E+01      -1.448884232116860460E+01
    6.00000000E+01      -1.464288623405617784E+01
    6.10000000E+01      -1.479990274978798936E+01
    6.20000000E+01      -1.495908804012459825E+01
    6.30000000E+01      -1.512018842769784044E+01
    6.40000000E+01      -1.528326816631478380E+01
    6.50000000E+01      -1.544810278488320421E+01
    6.60000000E+01      -1.561481363845986436E+01
    6.70000000E+01      -1.578309614730996202E+01
    6.80000000E+01      -1.595248229576272081E+01
    6.90000000E+01      -1.612301714492959093E+01
    7.00000000E+01      -1.629449410511178087E+01
    7.10000000E+01      -1.646617908550423692E+01
    7.20000000E+01      -1.663889200760048936E+01
    7.30000000E+01      -1.681195969654244493E+01
    7.40000000E+01      -1.698535807205361436E+01
    7.50000000E+01      -1.715891773773354601E+01
    7.60000000E+01      -1.733224732948464464E+01
    7.70000000E+01      -1.750585968567055772E+01
    7.80000000E+01      -1.767912299705666612E+01
    7.90000000E+01      -1.785206062866372179E+01
    8.00000000E+01      -1.802459485603493761E+01
    8.10000000E+01      -1.819644029213112901E+01
    8.20000000E+01      -1.836781675888222765E+01
    8.30000000E+01      -1.853844673706215929E+01
    8.40000000E+01      -1.870850939823311876E+01
    8.50000000E+01      -1.887756557537240099E+01
    8.60000000E+01      -1.904564828945321153E+01
    8.70000000E+01      -1.921281118465584825E+01
    8.80000000E+01      -1.937898070884865831E+01
    8.90000000E+01      -1.954401333404702257E+01
    9.00000000E+01      -1.970801777912301134E+01
    9.10000000E+01      -1.987063772751015733E+01
    9.20000000E+01      -2.003167517257851671E+01
    9.30000000E+01      -2.019128091407937120E+01
    9.40000000E+01      -2.034910340381783556E+01
    9.50000000E+01      -2.050526089740914415E+01
    9.60000000E+01      -2.066013653350991319E+01
    9.70000000E+01      -2.081331045700234483E+01
    9.80000000E+01      -2.096461827827614854E+01
    9.90000000E+01      -2.111445899082345079E+01
    1.00000000E+02      -2.126233537269753526E+01
    1.01000000E+02      -2.140789337230843614E+01
    1.02000000E+02      -2.155175836158913683E+01
    1.03000000E+02      -2.169367833210152696E+01
    1.04000000E+02      -2.183388109279793809E+01
    1.05000000E+02      -2.197206850124520372E+01
    1.06000000E+02      -2.210747904850167345E+01
    1.07000000E+02      -2.224113125873726915E+01
    1.08000000E+02      -2.237290747238320421E+01
    1.09000000E+02      -2.250234229637307237E+01
    1.10000000E+02      -2.262925167156380724E+01
    1.11000000E+02      -2.275415332389992784E+01
    1.12000000E+02      -2.287719447685402940E+01
    1.13000000E+02      -2.299797458721322130E+01
    1.14000000E+02      -2.311613984180611681E+01
    1.15000000E+02      -2.323189885688942979E+01
    1.16000000E+02      -2.334528977943581651E+01
    1.17000000E+02      -2.345624227596444200E+01
    1.18000000E+02      -2.356468350959939073E+01
    1.19000000E+02      -2.367067713810128282E+01
    1.20000000E+02      -2.377440936638039659E+01
    1.21000000E+02      -2.387524612022561143E+01
    1.22000000E+02      -2.397334332538765977E+01
    1.23000000E+02      -2.406936760021370958E+01
    1.24000000E+02      -2.416273112369698595E+01
    1.25000000E+02      -2.425358851028603624E+01
    1.26000000E+02      -2.434179110599679063E+01
    1.27000000E+02      -2.442779667450112413E+01
    1.28000000E+02      -2.451064915729683946E+01
    1.29000000E+02      -2.459091765953225206E+01
    1.30000000E+02      -2.466859455181283067E+01
    1.31000000E+02      -2.474332101417702745E+01
    1.32000000E+02      -2.481603820396584581E+01
    1.33000000E+02      -2.488572676254433702E+01
    1.34000000E+02      -2.495274455619973253E+01
    1.35000000E+02      -2.501656336857003282E+01
    1.36000000E+02      -2.507781608177346300E+01
    1.37000000E+02      -2.513675232006234239E+01
    1.38000000E+02      -2.519240076614541124E+01
    1.39000000E+02      -2.524586780143899034E+01
    1.40000000E+02      -2.529634542537850450E+01
    1.41000000E+02      -2.534381039215249132E+01
    1.42000000E+02      -2.538882966114205431E+01
    1.43000000E+02      -2.543087644649666856E+01
    1.44000000E+02      -2.547020478321236681E+01
    1.45000000E+02      -2.550690622402352403E+01
    1.46000000E+02      -2.554115493370217393E+01
    1.47000000E+02      -2.557253427578133653E+01
    1.48000000E+02      -2.560063452793282579E+01
    1.49000000E+02      -2.562564666343850206E+01
    1.50000000E+02      -2.564871699882668565E+01
    1.51000000E+02      -2.566839118076485704E+01
    1.52000000E+02      -2.568503923488778184E+01
    1.53000000E+02      -2.569882268978280138E+01
    1.54000000E+02      -2.570992596222085069E+01
    1.55000000E+02      -2.571773488594216417E+01
    1.56000000E+02      -2.572325379921120714E+01
    1.57000000E+02      -2.572584219051522325E+01
    1.58000000E+02      -2.572540099693459581E+01
    1.59000000E+02      -2.572223801685494493E+01
    1.60000000E+02      -2.571657128406685899E+01
    1.61000000E+02      -2.570782549453896593E+01
    1.62000000E+02      -2.569555194450539659E+01
    1.63000000E+02      -2.568098254276436876E+01
    1.64000000E+02      -2.566371114326638292E+01
    1.65000000E+02      -2.564352352691811632E+01
    1.66000000E+02      -2.562040574623269151E+01
    1.67000000E+02      -2.559466381145638536E+01
    1.68000000E+02      -2.556612880302590440E+01
    1.69000000E+02      -2.553507633281869005E+01
    1.70000000E+02      -2.550113017631692003E+01
    1.71000000E+02      -2.546386272979897569E+01
    1.72000000E+02      -2.542319328857583116E+01
    1.73000000E+02      -2.538073821140450548E+01
    1.74000000E+02      -2.533584339691323351E+01
    1.75000000E+02      -2.528727336002511095E+01
    1.76000000E+02      -2.523592419696969102E+01
    1.77000000E+02      -2.518247873855752061E+01
    1.78000000E+02      -2.512535471988839220E+01
    1.79000000E+02      -2.506546111179513048E+01
    1.80000000E+02      -2.500302965713662218E+01
    1.81000000E+02      -2.493718965126198839E+01
    1.82000000E+02      -2.486881144119423936E+01
    1.83000000E+02      -2.479746742321175645E+01
    1.84000000E+02      -2.472362549377602647E+01
    1.85000000E+02      -2.464690978599709581E+01
    1.86000000E+02      -2.456813950611275743E+01
    1.87000000E+02      -2.448579521251839708E+01
    1.88000000E+02      -2.440086348129433702E+01
    1.89000000E+02      -2.431366713119668077E+01
    1.90000000E+02      -2.422353286815804552E+01
    1.91000000E+02      -2.413091166092080186E+01
    1.92000000E+02      -2.403529770446938585E+01
    1.93000000E+02      -2.393660194946450304E+01
    1.94000000E+02      -2.383573515487832140E+01
    1.95000000E+02      -2.373213572574776720E+01
    1.96000000E+02      -2.362610299659890245E+01
    1.97000000E+02      -2.351733191085976671E+01
    1.98000000E+02      -2.340585990024727892E+01
    1.99000000E+02      -2.329180057121438097E+01
    2.00000000E+02      -2.317481453491372179E+01
    2.01000000E+02      -2.305575759483498643E+01
    2.02000000E+02      -2.293358404709023546E+01
    2.03000000E+02      -2.280922229362649034E+01
    2.04000000E+02      -2.268189652038735460E+01
    2.05000000E+02      -2.255229444576424669E+01
    2.06000000E+02      -2.242045362068337511E+01
    2.07000000E+02      -2.228584833217782091E+01
    2.08000000E+02      -2.214841241909188341E+01
    2.09000000E+02      -2.200876112056893419E+01
    2.10000000E+02      -2.186667211128396104E+01
    2.11000000E+02      -2.172160680366677354E+01
    2.12000000E+02      -2.157408578468483995E+01
    2.13000000E+02      -2.142441935611886095E+01
    2.14000000E+02      -2.127226657940072130E+01
    2.15000000E+02      -2.111808319164437364E+01
    2.16000000E+02      -2.096260089946908067E+01
    2.17000000E+02      -2.080371828151864122E+01
    2.18000000E+02      -2.064274711681527208E+01
    2.19000000E+02      -2.047929437233132433E+01
    2.20000000E+02      -2.031318898273629259E+01
    2.21000000E+02      -2.014509744716805528E+01
    2.22000000E+02      -1.997566731048745226E+01
    2.23000000E+02      -1.980358762813729356E+01
    2.24000000E+02      -1.962990434242409776E+01
    2.25000000E+02      -1.945393378807229112E+01
    2.26000000E+02      -1.927601964546364854E+01
    2.27000000E+02      -1.909656400753182481E+01
    2.28000000E+02      -1.891449780536812852E+01
    2.29000000E+02      -1.873112852646035265E+01
    2.30000000E+02      -1.854499025417489122E+01
    2.31000000E+02      -1.835728700233620714E+01
    2.32000000E+02      -1.816782100273293565E+01
    2.33000000E+02      -1.797711677623910020E+01
    2.34000000E+02      -1.778469700885933946E+01
    2.35000000E+02      -1.759089489055794786E+01
    2.36000000E+02      -1.739534862114113878E+01
    2.37000000E+02      -1.719763619972390245E+01
    2.38000000E+02      -1.699814183784646104E+01
    2.39000000E+02      -1.679800720287484239E+01
    2.40000000E+02      -1.659631974769753526E+01
    2.41000000E+02      -1.639229650570077013E+01
    2.42000000E+02      -1.618761761261147569E+01
    2.43000000E+02      -1.598177630973977159E+01
    2.44000000E+02      -1.577494342399758409E+01
    2.45000000E+02      -1.556694288326424669E+01
    2.46000000E+02      -1.535753400398415636E+01
    2.47000000E+02      -1.514605314804238390E+01
    2.48000000E+02      -1.493397612644356798E+01
    2.49000000E+02      -1.472167081905526231E+01
    2.50000000E+02      -1.450859041286629747E+01
    2.51000000E+02      -1.429425461364907335E+01
    2.52000000E+02      -1.407916624618691515E+01
    2.53000000E+02      -1.386333556247872423E+01
    2.54000000E+02      -1.364722330642861436E+01
    2.55000000E+02      -1.343060214592141222E+01
    2.56000000E+02      -1.321318764759224962E+01
    2.57000000E+02      -1.299644203258675645E+01
    2.58000000E+02      -1.277792282177132677E+01
    2.59000000E+02      -1.255996067596596788E+01
    2.60000000E+02      -1.234180421901864122E+01
    2.61000000E+02      -1.212400050235909532E+01
    2.62000000E+02      -1.190547342373055528E+01
    2.63000000E+02      -1.168828077388924669E+01
    2.64000000E+02      -1.147066981865090440E+01
    2.65000000E+02      -1.125285310817879747E+01
    2.66000000E+02      -1.103606612754983018E+01
    2.67000000E+02      -1.081882722450417589E+01
    2.68000000E+02      -1.060283382011574815E+01
    2.69000000E+02      -1.038746626449746202E+01
    2.70000000E+02      -1.017262823654336046E+01
    2.71000000E+02      -9.959107590448084579E+00
    2.72000000E+02      -9.746895027887049423E+00
    2.73000000E+02      -9.536176396142664657E+00
    2.74000000E+02      -9.326016855966273056E+00
    2.75000000E+02      -9.117542100679102646E+00
    2.76000000E+02      -8.911030603181544052E+00
    2.77000000E+02      -8.705738139878931747E+00
    2.78000000E+02      -8.502426100503626571E+00
    2.79000000E+02      -8.300763560067835556E+00
    2.80000000E+02      -8.101167274247828232E+00
    2.81000000E+02      -7.903208089601220898E+00
    2.82000000E+02      -7.707623792421045117E+00
    2.83000000E+02      -7.513278198968591504E+00
    2.84000000E+02      -7.322145415078820996E+00
    2.85000000E+02      -7.134248805772485547E+00
    2.86000000E+02      -6.948434782754602246E+00
    2.87000000E+02      -6.765935374032678418E+00
    2.88000000E+02      -6.585713935624780468E+00
    2.89000000E+02      -6.408321810495080761E+00
    2.90000000E+02      -6.234688473474206738E+00
    2.91000000E+02      -6.063456249963464550E+00
    2.92000000E+02      -5.896938157808008008E+00
    2.93000000E+02      -5.733714891206445508E+00
    2.94000000E+02      -5.573782277833642773E+00
    2.95000000E+02      -5.419042659532251172E+00
    2.96000000E+02      -5.267719698678674511E+00
    2.97000000E+02      -5.121267867814721875E+00
    2.98000000E+02      -4.980606032144250683E+00
    2.99000000E+02      -4.842396927606286816E+00
    3.00000000E+02      -4.709635210763635449E+00
    3.01000000E+02      -4.581634593736352734E+00
    3.02000000E+02      -4.457444859277429394E+00
    3.03000000E+02      -4.338350606691064648E+00
    3.04000000E+02      -4.224020314943017773E+00
    3.05000000E+02      -4.116243077050866894E+00
    3.06000000E+02      -4.015402866136255078E+00
    3.07000000E+02      -3.920073462258996777E+00
    3.08000000E+02      -3.830259156953515820E+00
    3.09000000E+02      -3.745695663224878125E+00
    3.10000000E+02      -3.669784379731836133E+00
    3.11000000E+02      -3.600577426683130078E+00
    3.12000000E+02      -3.539019180070581250E+00
    3.13000000E+02      -3.484249425660791211E+00
    3.14000000E+02      -3.436341715585412793E+00
    3.15000000E+02      -3.396708679925622754E+00
    3.16000000E+02      -3.363852096330346875E+00
    3.17000000E+02      -3.338032913934411816E+00
    3.18000000E+02      -3.320177865754785351E+00
    3.19000000E+02      -3.311063481103601269E+00
    3.20000000E+02      -3.310918761026086621E+00
    3.21000000E+02      -3.321057987939538769E+00
    3.22000000E+02      -3.337447596322717480E+00
    3.23000000E+02      -3.363359165918054394E+00
    3.24000000E+02      -3.398814273606958203E+00
    3.25000000E+02      -3.443394137155237011E+00
    3.26000000E+02      -3.497146917115869336E+00
    3.27000000E+02      -3.561191750299157910E+00
    3.28000000E+02      -3.632130933534326367E+00
    3.29000000E+02      -3.718047929536523633E+00
    3.30000000E+02      -3.815333796273889355E+00
    3.31000000E+02      -3.919960571061792187E+00
    3.32000000E+02      -4.038360429536523633E+00
    3.33000000E+02      -4.163831067811670117E+00
    3.34000000E+02      -4.306062293779077343E+00
    3.35000000E+02      -4.458883596193017773E+00
    3.36000000E+02      -4.624111963044824414E+00
    3.37000000E+02      -4.801744533311548047E+00
    3.38000000E+02      -4.991697741281213574E+00
    3.39000000E+02      -5.196513248216333203E+00
    3.40000000E+02      -5.410833311807336621E+00
    3.41000000E+02      -5.643073273431482129E+00
    3.42000000E+02      -5.885652733575525097E+00
    3.43000000E+02      -6.138979626428308300E+00
    3.44000000E+02      -6.410580707322778515E+00
    3.45000000E+02      -6.692076874505700879E+00
    3.46000000E+02      -6.988637877237024121E+00
    3.47000000E+02      -7.303229761850061230E+00
    3.48000000E+02      -7.632119251023950390E+00
    3.49000000E+02      -7.974761439096154980E+00
    3.50000000E+02      -8.333846283685389267E+00
    3.51000000E+02      -8.710737062226954208E+00
    3.52000000E+02      -9.103535724412623154E+00
    3.53000000E+02      -9.513112021218958603E+00
    3.54000000E+02      -9.939547253381434189E+00
    3.55000000E+02      -1.038629109932107042E+01
    3.56000000E+02      -1.084957106186074327E+01
    3.57000000E+02      -1.132836730552834581E+01
    3.58000000E+02      -1.182407243324441026E+01
    3.59000000E+02      -1.233989591671151231E+01
    3.60000000E+02      -1.286870093418282579E+01
    3.61000000E+02      -1.342267246318978380E+01
    3.62000000E+02      -1.399382979942483018E+01
    3.63000000E+02      -1.458339388443154405E+01
    3.64000000E+02      -1.519320292545479845E+01
    3.65000000E+02      -1.582492096496743272E+01
    3.66000000E+02      -1.647735173774880479E+01
    3.67000000E+02      -1.715027601791543077E+01
    3.68000000E+02      -1.784855420662087511E+01
    3.69000000E+02      -1.856607086731118272E+01
    3.70000000E+02      -1.930555601192635606E+01
    3.71000000E+02      -2.006589980198067735E+01
    3.72000000E+02      -2.084341533256692003E+01
    3.73000000E+02      -2.164499909950417589E+01
    3.74000000E+02      -2.247541887832802843E+01
    3.75000000E+02      -2.333200903011483263E+01
    3.76000000E+02      -2.421115632129830431E+01
    3.77000000E+02      -2.511819262577218126E+01
    3.78000000E+02      -2.604529101921242784E+01
    3.79000000E+02      -2.699234325958413194E+01
    3.80000000E+02      -2.796472258640450548E+01
    3.81000000E+02      -2.896794254852456163E+01
    3.82000000E+02      -2.999598796440285753E+01
    3.83000000E+02      -3.104478402210396837E+01
    3.84000000E+02      -3.212240893913430284E+01
    3.85000000E+02      -3.323527140690011095E+01
    3.86000000E+02      -3.437491662574929308E+01
    3.87000000E+02      -3.553722305370492052E+01
    3.88000000E+02      -3.672937305046242784E+01
    3.89000000E+02      -3.795109458042306017E+01
    3.90000000E+02      -3.920199222637337755E+01
    3.91000000E+02      -4.047888059688729356E+01
    3.92000000E+02      -4.177539796901864122E+01
    3.93000000E+02      -4.311457450462502550E+01
    3.94000000E+02      -4.448107273651284288E+01
    3.95000000E+02      -4.588370163513344835E+01
    3.96000000E+02      -4.731120057178658556E+01
    3.97000000E+02      -4.877537686897439073E+01
    3.98000000E+02      -5.026348502708596300E+01
    3.99000000E+02      -5.178447265697640489E+01
    4.00000000E+02      -5.334451289249581407E+01
    4.01000000E+02      -5.493055696560067247E+01
    4.02000000E+02      -5.654458494259041856E+01
    4.03000000E+02      -5.821110482288521837E+01
    4.04000000E+02      -5.990635092331093858E+01
    4.05000000E+02      -6.163012523723763536E+01
    4.06000000E+02      -6.338616271091622423E+01
    4.07000000E+02      -6.518125100208443712E+01
    4.08000000E+02      -6.701516313625496934E+01
    4.09000000E+02      -6.888715262485665392E+01
    4.10000000E+02      -7.079446871353310655E+01
    4.11000000E+02      -7.274383671356362413E+01
    4.12000000E+02      -7.473087747169655870E+01
    4.13000000E+02      -7.675580008102578233E+01
    4.14000000E+02      -7.880826540065926622E+01
    4.15000000E+02      -8.090646727157754015E+01
    4.16000000E+02      -8.304614586902779649E+01
    4.17000000E+02      -8.523114736152810167E+01
    4.18000000E+02      -8.745009810997170518E+01
    4.19000000E+02      -8.971105022503060411E+01
    4.20000000E+02      -9.201703567577523302E+01
    4.21000000E+02      -9.436029512954873155E+01
    4.22000000E+02      -9.674741072727364610E+01
    4.23000000E+02      -9.918144257141274522E+01
    4.24000000E+02      -1.016633766419999034E+02
    4.25000000E+02      -1.041820553071610362E+02
    4.26000000E+02      -1.067587654121033580E+02
    4.27000000E+02      -1.093638463742844493E+02
    4.28000000E+02      -1.120261520869843395E+02
    4.29000000E+02      -1.147351104743592174E+02
    4.30000000E+02      -1.174840088613144786E+02
    4.31000000E+02      -1.202827206380478771E+02
    4.32000000E+02      -1.231257836349121959E+02
    4.33000000E+02      -1.260156610734574230E+02
    4.34000000E+02      -1.289556526668183096E+02
    4.35000000E+02      -1.319355562455765494E+02
    4.36000000E+02      -1.349872030742279776E+02
    4.37000000E+02      -1.380809791810623892E+02
    4.38000000E+02      -1.412102180249802359E+02
    4.39000000E+02      -1.443865466840378531E+02
    4.40000000E+02      -1.476255847938172110E+02
    4.41000000E+02      -1.509170994289032706E+02
    4.42000000E+02      -1.542579787500015982E+02
    4.43000000E+02      -1.576583290822617300E+02
    4.44000000E+02      -1.611124988324753531E+02
    4.45000000E+02      -1.646106209285370596E+02
    4.46000000E+02      -1.681807492501847037E+02
    4.47000000E+02      -1.718108913428894766E+02
    4.48000000E+02      -1.755056427247635611E+02
    4.49000000E+02      -1.792421170003525503E+02
    4.50000000E+02      -1.830256436593643912E+02
    4.51000000E+02      -1.868842587001435049E+02
    4.52000000E+02      -1.907847145326248892E+02
    4.53000000E+02      -1.947704941756836661E+02
    4.54000000E+02      -1.988000539071671255E+02
    4.55000000E+02      -2.028858022220246085E+02
    4.56000000E+02      -2.070097420938126334E+02
    4.57000000E+02      -2.112393847234360464E+02
    4.58000000E+02      -2.155074220426193961E+02
    4.59000000E+02      -2.198353855140320547E+02
    4.60000000E+02      -2.242443508632294424E+02
    4.61000000E+02      -2.286956130988709219E+02
    4.62000000E+02      -2.332059353120438345E+02
    4.63000000E+02      -2.377995689637772330E+02
    4.64000000E+02      -2.424608218200318106E+02
    4.65000000E+02      -2.471707899100891836E+02
    4.66000000E+02      -2.519380329377762564E+02
    4.67000000E+02      -2.567914305455796011E+02
    4.68000000E+02      -2.617012311942688711E+02
    4.69000000E+02      -2.666947930581681021E+02
    4.70000000E+02      -2.717395491130463370E+02
    4.71000000E+02      -2.768738889224640616E+02
    4.72000000E+02      -2.820913666017166861E+02
    4.73000000E+02      -2.873734771735779532E+02
    4.74000000E+02      -2.927052119500748404E+02
    4.75000000E+02      -2.981239283807389029E+02
    4.76000000E+02      -3.036304598577133902E+02
    4.77000000E+02      -3.091806710488907584E+02
    4.78000000E+02      -3.148115484244934805E+02
    4.79000000E+02      -3.205263214833847769E+02
    4.80000000E+02      -3.263016175754181631E+02
    4.81000000E+02      -3.321696758992783316E+02
    4.82000000E+02      -3.381170836217514761E+02
    4.83000000E+02      -3.441353772409073599E+02
    4.84000000E+02      -3.502031212575546988E+02
    4.85000000E+02      -3.563698319919220694E+02
    4.86000000E+02      -3.626290558107010611E+02
    4.87000000E+02      -3.689551913268677481E+02
    4.88000000E+02      -3.753743005521408804E+02
    4.89000000E+02      -3.818491618163697012E+02
    4.90000000E+02      -3.884067900903336295E+02
    4.91000000E+02      -3.950435891873947867E+02
    4.92000000E+02      -4.017753924853913077E+02
    4.93000000E+02      -4.086013171203247794E+02
    4.94000000E+02      -4.155282036788574942E+02
    4.95000000E+02      -4.225346761472336539E+02
    4.96000000E+02      -4.296265911586395987E+02
    4.97000000E+02      -4.367834680802933462E+02
    4.98000000E+02      -4.440082059629074820E+02
    4.99000000E+02      -4.513495925195328482E+02
    5.00000000E+02      -4.587872851617447623E+02
    5.01000000E+02      -4.663128057248703726E+02
    5.02000000E+02      -4.739076356418244131E+02
    5.03000000E+02      -4.816168995626084097E+02
    5.04000000E+02      -4.894219501741043814E+02
    5.05000000E+02      -4.973118367917649039E+02
    5.06000000E+02      -5.053094514138809927E+02
    5.07000000E+02      -5.133954004771820792E+02
    5.08000000E+02      -5.215826584823242911E+02
    5.09000000E+02      -5.298482026584259756E+02
    5.10000000E+02      -5.382003874309174307E+02
