    0.0000000000E+00     -0.3050900497E+01
    0.1000000000E+01     -0.2231963048E+01
    0.2000000000E+01     -0.2074572782E+01
    0.3000000000E+01     -0.2290858761E+01
    0.4000000000E+01     -0.2763035681E+01
    0.5000000000E+01     -0.3426509756E+01
    0.6000000000E+01     -0.4240294407E+01
    0.7000000000E+01     -0.5176306269E+01
    0.8000000000E+01     -0.6214009238E+01
    0.9000000000E+01     -0.7337590010E+01
    0.1000000000E+02     -0.8534330247E+01
    0.1100000000E+02     -0.9794049618E+01
    0.1200000000E+02     -0.1110859738E+02
    0.1300000000E+02     -0.1247114533E+02
    0.1400000000E+02     -0.1387538627E+02
    0.1500000000E+02     -0.1531598256E+02
    0.1600000000E+02     -0.1678870340E+02
    0.1700000000E+02     -0.1828928834E+02
    0.1800000000E+02     -0.1981430222E+02
    0.1900000000E+02     -0.2136066616E+02
    0.2000000000E+02     -0.2292534945E+02
    0.2100000000E+02     -0.2450552541E+02
    0.2200000000E+02     -0.2609867248E+02
    0.2300000000E+02     -0.2770268452E+02
    0.2400000000E+02     -0.2931566186E+02
    0.2500000000E+02     -0.3093559049E+02
    0.2600000000E+02     -0.3256067063E+02
    0.2700000000E+02     -0.3418905215E+02
    0.2800000000E+02     -0.3581889681E+02
    0.2900000000E+02     -0.3744926076E+02
    0.3000000000E+02     -0.3907809619E+02
    0.3100000000E+02     -0.4070436014E+02
    0.3200000000E+02     -0.4232672629E+02
    0.3300000000E+02     -0.4394386311E+02
    0.3400000000E+02     -0.4555464435E+02
    0.3500000000E+02     -0.4715709729E+02
    0.3600000000E+02     -0.4874993490E+02
    0.3700000000E+02     -0.5033148448E+02
    0.3800000000E+02     -0.5190156233E+02
    0.3900000000E+02     -0.5345766415E+02
    0.4000000000E+02     -0.5499995196E+02
    0.4100000000E+02     -0.5652709029E+02
    0.4200000000E+02     -0.5803915600E+02
    0.4300000000E+02     -0.5953551502E+02
    0.4400000000E+02     -0.6101537976E+02
    0.4500000000E+02     -0.6247982022E+02
    0.4600000000E+02     -0.6392853668E+02
    0.4700000000E+02     -0.6536134143E+02
    0.4800000000E+02     -0.6677798348E+02
    0.4900000000E+02     -0.6817916667E+02
    0.5000000000E+02     -0.6956534214E+02
    0.5100000000E+02     -0.7093573305E+02
    0.5200000000E+02     -0.7229078141E+02
    0.5300000000E+02     -0.7363113156E+02
    0.5400000000E+02     -0.7495596110E+02
    0.5500000000E+02     -0.7626626613E+02
    0.5600000000E+02     -0.7756228064E+02
    0.5700000000E+02     -0.7884374100E+02
    0.5800000000E+02     -0.8011074442E+02
    0.5900000000E+02     -0.8136476731E+02
    0.6000000000E+02     -0.8260473470E+02
    0.6100000000E+02     -0.8383080389E+02
    0.6200000000E+02     -0.8504340514E+02
    0.6300000000E+02     -0.8624323110E+02
    0.6400000000E+02     -0.8743007220E+02
    0.6500000000E+02     -0.8860386340E+02
    0.6600000000E+02     -0.8976491610E+02
    0.6700000000E+02     -0.9091305418E+02
    0.6800000000E+02     -0.9204864813E+02
    0.6900000000E+02     -0.9317191018E+02
    0.7000000000E+02     -0.9428291291E+02
    0.7100000000E+02     -0.9538140673E+02
    0.7200000000E+02     -0.9646815013E+02
    0.7300000000E+02     -0.9754244243E+02
    0.7400000000E+02     -0.9860502458E+02
    0.7500000000E+02     -0.9965486042E+02
    0.7600000000E+02     -0.1006934233E+03
    0.7700000000E+02     -0.1017201446E+03
    0.7800000000E+02     -0.1027353097E+03
    0.7900000000E+02     -0.1037388232E+03
    0.8000000000E+02     -0.1047310469E+03
    0.8100000000E+02     -0.1057125683E+03
    0.8200000000E+02     -0.1066826577E+03
    0.8300000000E+02     -0.1076411707E+03
    0.8400000000E+02     -0.1085895798E+03
    0.8500000000E+02     -0.1095268714E+03
    0.8600000000E+02     -0.1104539386E+03
    0.8700000000E+02     -0.1113700556E+03
    0.8800000000E+02     -0.1122752317E+03
    0.8900000000E+02     -0.1131701140E+03
    0.9000000000E+02     -0.1140547590E+03
    0.9100000000E+02     -0.1149302266E+03
    0.9200000000E+02     -0.1157956740E+03
    0.9300000000E+02     -0.1166516544E+03
    0.9400000000E+02     -0.1174973803E+03
    0.9500000000E+02     -0.1183342786E+03
    0.9600000000E+02     -0.1191616311E+03
    0.9700000000E+02     -0.1199799849E+03
    0.9800000000E+02     -0.1207892515E+03
    0.9900000000E+02     -0.1215896924E+03
    0.1000000000E+03     -0.1223812830E+03
    0.1010000000E+03     -0.1231639706E+03
    0.1020000000E+03     -0.1239382200E+03
    0.1030000000E+03     -0.1247019849E+03
    0.1040000000E+03     -0.1254593126E+03
    0.1050000000E+03     -0.1262077641E+03
    0.1060000000E+03     -0.1269468455E+03
    0.1070000000E+03     -0.1276766985E+03
    0.1080000000E+03     -0.1283986150E+03
    0.1090000000E+03     -0.1291122004E+03
    0.1100000000E+03     -0.1298167439E+03
    0.1110000000E+03     -0.1305120529E+03
    0.1120000000E+03     -0.1311990493E+03
    0.1130000000E+03     -0.1318773857E+03
    0.1140000000E+03     -0.1325471247E+03
    0.1150000000E+03     -0.1332071251E+03
    0.1160000000E+03     -0.1338583370E+03
    0.1170000000E+03     -0.1345002493E+03
    0.1180000000E+03     -0.1351326723E+03
    0.1190000000E+03     -0.1357555340E+03
    0.1200000000E+03     -0.1363690046E+03
    0.1210000000E+03     -0.1369735072E+03
    0.1220000000E+03     -0.1375685207E+03
    0.1230000000E+03     -0.1381535253E+03
    0.1240000000E+03     -0.1387301069E+03
    0.1250000000E+03     -0.1392957514E+03
    0.1260000000E+03     -0.1398513768E+03
    0.1270000000E+03     -0.1403968573E+03
    0.1280000000E+03     -0.1409316065E+03
    0.1290000000E+03     -0.1414556631E+03
    0.1300000000E+03     -0.1419710128E+03
    0.1310000000E+03     -0.1424736295E+03
    0.1320000000E+03     -0.1429655722E+03
    0.1330000000E+03     -0.1434460462E+03
    0.1340000000E+03     -0.1439164053E+03
    0.1350000000E+03     -0.1443757788E+03
    0.1360000000E+03     -0.1448225447E+03
    0.1370000000E+03     -0.1452577363E+03
    0.1380000000E+03     -0.1456816958E+03
    0.1390000000E+03     -0.1460937971E+03
    0.1400000000E+03     -0.1464939202E+03
    0.1410000000E+03     -0.1468825687E+03
    0.1420000000E+03     -0.1472589329E+03
    0.1430000000E+03     -0.1476241339E+03
    0.1440000000E+03     -0.1479774919E+03
    0.1450000000E+03     -0.1483178830E+03
    0.1460000000E+03     -0.1486476139E+03
    0.1470000000E+03     -0.1489645825E+03
    0.1480000000E+03     -0.1492705458E+03
    0.1490000000E+03     -0.1495658922E+03
    0.1500000000E+03     -0.1498506017E+03
    0.1510000000E+03     -0.1501248001E+03
    0.1520000000E+03     -0.1503857879E+03
    0.1530000000E+03     -0.1506398879E+03
    0.1540000000E+03     -0.1508839026E+03
    0.1550000000E+03     -0.1511185639E+03
    0.1560000000E+03     -0.1513452182E+03
    0.1570000000E+03     -0.1515634664E+03
    0.1580000000E+03     -0.1517729496E+03
    0.1590000000E+03     -0.1519745945E+03
    0.1600000000E+03     -0.1521684182E+03
    0.1610000000E+03     -0.1523560226E+03
    0.1620000000E+03     -0.1525358905E+03
    0.1630000000E+03     -0.1527103294E+03
    0.1640000000E+03     -0.1528777477E+03
    0.1650000000E+03     -0.1530389456E+03
    0.1660000000E+03     -0.1531936693E+03
    0.1670000000E+03     -0.1533423809E+03
    0.1680000000E+03     -0.1534847143E+03
    0.1690000000E+03     -0.1536232289E+03
    0.1700000000E+03     -0.1537561849E+03
    0.1710000000E+03     -0.1538849521E+03
    0.1720000000E+03     -0.1540074131E+03
    0.1730000000E+03     -0.1541262616E+03
    0.1740000000E+03     -0.1542410798E+03
    0.1750000000E+03     -0.1543507304E+03
    0.1760000000E+03     -0.1544573726E+03
    0.1770000000E+03     -0.1545586195E+03
    0.1780000000E+03     -0.1546552412E+03
    0.1790000000E+03     -0.1547490217E+03
    0.1800000000E+03     -0.1548382753E+03
    0.1810000000E+03     -0.1549229563E+03
    0.1820000000E+03     -0.1550044586E+03
    0.1830000000E+03     -0.1550817320E+03
    0.1840000000E+03     -0.1551555091E+03
    0.1850000000E+03     -0.1552251941E+03
    0.1860000000E+03     -0.1552915123E+03
    0.1870000000E+03     -0.1553544906E+03
    0.1880000000E+03     -0.1554155609E+03
    0.1890000000E+03     -0.1554724654E+03
    0.1900000000E+03     -0.1555249824E+03
    0.1910000000E+03     -0.1555751409E+03
    0.1920000000E+03     -0.1556212274E+03
    0.1930000000E+03     -0.1556638378E+03
    0.1940000000E+03     -0.1557021842E+03
    0.1950000000E+03     -0.1557371095E+03
    0.1960000000E+03     -0.1557685022E+03
    0.1970000000E+03     -0.1557956917E+03
    0.1980000000E+03     -0.1558201835E+03
    0.1990000000E+03     -0.1558424330E+03
    0.2000000000E+03     -0.1558595293E+03
    0.2010000000E+03     -0.1558732448E+03
    0.2020000000E+03     -0.1558823162E+03
    0.2030000000E+03     -0.1558887155E+03
    0.2040000000E+03     -0.1558910042E+03
    0.2050000000E+03     -0.1558886093E+03
    0.2060000000E+03     -0.1558821724E+03
    0.2070000000E+03     -0.1558710279E+03
    0.2080000000E+03     -0.1558550716E+03
    0.2090000000E+03     -0.1558342772E+03
    0.2100000000E+03     -0.1558091388E+03
    0.2110000000E+03     -0.1557784042E+03
    0.2120000000E+03     -0.1557411028E+03
    0.2130000000E+03     -0.1556992109E+03
    0.2140000000E+03     -0.1556510408E+03
    0.2150000000E+03     -0.1555978205E+03
    0.2160000000E+03     -0.1555372589E+03
    0.2170000000E+03     -0.1554698612E+03
    0.2180000000E+03     -0.1553964967E+03
    0.2190000000E+03     -0.1553143800E+03
    0.2200000000E+03     -0.1552253977E+03
    0.2210000000E+03     -0.1551296566E+03
    0.2220000000E+03     -0.1550253763E+03
    0.2230000000E+03     -0.1549123104E+03
    0.2240000000E+03     -0.1547931754E+03
    0.2250000000E+03     -0.1546661780E+03
    0.2260000000E+03     -0.1545325082E+03
    0.2270000000E+03     -0.1543864132E+03
    0.2280000000E+03     -0.1542352050E+03
    0.2290000000E+03     -0.1540720052E+03
    0.2300000000E+03     -0.1539015650E+03
    0.2310000000E+03     -0.1537197712E+03
    0.2320000000E+03     -0.1535313524E+03
    0.2330000000E+03     -0.1533326062E+03
    0.2340000000E+03     -0.1531219462E+03
    0.2350000000E+03     -0.1529023686E+03
    0.2360000000E+03     -0.1526730512E+03
    0.2370000000E+03     -0.1524301102E+03
    0.2380000000E+03     -0.1521753653E+03
    0.2390000000E+03     -0.1519095371E+03
    0.2400000000E+03     -0.1516310981E+03
    0.2410000000E+03     -0.1513389240E+03
    0.2420000000E+03     -0.1510263433E+03
    0.2430000000E+03     -0.1507098720E+03
    0.2440000000E+03     -0.1503787046E+03
    0.2450000000E+03     -0.1500221608E+03
    0.2460000000E+03     -0.1496616669E+03
    0.2470000000E+03     -0.1492902585E+03
    0.2480000000E+03     -0.1489095625E+03
    0.2490000000E+03     -0.1485155634E+03
    0.2500000000E+03     -0.1481092342E+03
    0.2510000000E+03     -0.1476952774E+03
    0.2520000000E+03     -0.1472712984E+03
    0.2530000000E+03     -0.1468372285E+03
    0.2540000000E+03     -0.1463964476E+03
    0.2550000000E+03     -0.1459458998E+03
    0.2560000000E+03     -0.1454820953E+03
    0.2570000000E+03     -0.1450115136E+03
    0.2580000000E+03     -0.1445342704E+03
    0.2590000000E+03     -0.1440453201E+03
    0.2600000000E+03     -0.1435484019E+03
    0.2610000000E+03     -0.1430416021E+03
    0.2620000000E+03     -0.1425362741E+03
    0.2630000000E+03     -0.1420146101E+03
    0.2640000000E+03     -0.1414823991E+03
    0.2650000000E+03     -0.1409515521E+03
    0.2660000000E+03     -0.1404024725E+03
    0.2670000000E+03     -0.1398461853E+03
    0.2680000000E+03     -0.1392817755E+03
    0.2690000000E+03     -0.1387059477E+03
    0.2700000000E+03     -0.1381211315E+03
    0.2710000000E+03     -0.1375271924E+03
    0.2720000000E+03     -0.1369284872E+03
    0.2730000000E+03     -0.1363188038E+03
    0.2740000000E+03     -0.1357027024E+03
    0.2750000000E+03     -0.1350777826E+03
    0.2760000000E+03     -0.1344428589E+03
    0.2770000000E+03     -0.1337998054E+03
    0.2780000000E+03     -0.1331466031E+03
    0.2790000000E+03     -0.1324867767E+03
    0.2800000000E+03     -0.1318177353E+03
    0.2810000000E+03     -0.1311355581E+03
    0.2820000000E+03     -0.1304489879E+03
    0.2830000000E+03     -0.1297552925E+03
    0.2840000000E+03     -0.1290506738E+03
    0.2850000000E+03     -0.1283394378E+03
    0.2860000000E+03     -0.1276150519E+03
    0.2870000000E+03     -0.1268814949E+03
    0.2880000000E+03     -0.1261380548E+03
    0.2890000000E+03     -0.1253872052E+03
    0.2900000000E+03     -0.1246243031E+03
    0.2910000000E+03     -0.1238518571E+03
    0.2920000000E+03     -0.1230695643E+03
    0.2930000000E+03     -0.1222745529E+03
    0.2940000000E+03     -0.1214705705E+03
    0.2950000000E+03     -0.1206608701E+03
    0.2960000000E+03     -0.1198279923E+03
    0.2970000000E+03     -0.1189857125E+03
    0.2980000000E+03     -0.1181370333E+03
    0.2990000000E+03     -0.1172707026E+03
    0.3000000000E+03     -0.1163924723E+03
    0.3010000000E+03     -0.1155022713E+03
    0.3020000000E+03     -0.1145998269E+03
    0.3030000000E+03     -0.1136818681E+03
    0.3040000000E+03     -0.1127495604E+03
    0.3050000000E+03     -0.1118051117E+03
    0.3060000000E+03     -0.1108549035E+03
    0.3070000000E+03     -0.1098851802E+03
    0.3080000000E+03     -0.1088979068E+03
    0.3090000000E+03     -0.1079040502E+03
    0.3100000000E+03     -0.1068938747E+03
    0.3110000000E+03     -0.1058674794E+03
    0.3120000000E+03     -0.1048308098E+03
    0.3130000000E+03     -0.1037786004E+03
    0.3140000000E+03     -0.1027156511E+03
    0.3150000000E+03     -0.1016407473E+03
    0.3160000000E+03     -0.1005556213E+03
    0.3170000000E+03     -0.9945706388E+02
    0.3180000000E+03     -0.9835218062E+02
    0.3190000000E+03     -0.9723579202E+02
    0.3200000000E+03     -0.9610698188E+02
    0.3210000000E+03     -0.9497805645E+02
    0.3220000000E+03     -0.9382291441E+02
    0.3230000000E+03     -0.9266051923E+02
    0.3240000000E+03     -0.9148589709E+02
    0.3250000000E+03     -0.9030396070E+02
    0.3260000000E+03     -0.8911039461E+02
    0.3270000000E+03     -0.8790383309E+02
    0.3280000000E+03     -0.8668859608E+02
    0.3290000000E+03     -0.8545970643E+02
    0.3300000000E+03     -0.8422180898E+02
    0.3310000000E+03     -0.8296885201E+02
    0.3320000000E+03     -0.8170709097E+02
    0.3330000000E+03     -0.8043757405E+02
    0.3340000000E+03     -0.7915211952E+02
    0.3350000000E+03     -0.7785263900E+02
    0.3360000000E+03     -0.7654296731E+02
    0.3370000000E+03     -0.7521899376E+02
    0.3380000000E+03     -0.7388974061E+02
    0.3390000000E+03     -0.7255416861E+02
    0.3400000000E+03     -0.7122337495E+02
    0.3410000000E+03     -0.6988291588E+02
    0.3420000000E+03     -0.6854251459E+02
    0.3430000000E+03     -0.6721055959E+02
    0.3440000000E+03     -0.6588171724E+02
    0.3450000000E+03     -0.6455759039E+02
    0.3460000000E+03     -0.6323828163E+02
    0.3470000000E+03     -0.6192191157E+02
    0.3480000000E+03     -0.6061274900E+02
    0.3490000000E+03     -0.5930610444E+02
    0.3500000000E+03     -0.5800914865E+02
    0.3510000000E+03     -0.5670703301E+02
    0.3520000000E+03     -0.5541248360E+02
    0.3530000000E+03     -0.5412144513E+02
    0.3540000000E+03     -0.5283045502E+02
    0.3550000000E+03     -0.5155169582E+02
    0.3560000000E+03     -0.5027314634E+02
    0.3570000000E+03     -0.4900113554E+02
    0.3580000000E+03     -0.4773763366E+02
    0.3590000000E+03     -0.4647813817E+02
    0.3600000000E+03     -0.4522854588E+02
    0.3610000000E+03     -0.4398871878E+02
    0.3620000000E+03     -0.4276047509E+02
    0.3630000000E+03     -0.4153717419E+02
    0.3640000000E+03     -0.4032347306E+02
    0.3650000000E+03     -0.3912605505E+02
    0.3660000000E+03     -0.3793276897E+02
    0.3670000000E+03     -0.3674813701E+02
    0.3680000000E+03     -0.3557966352E+02
    0.3690000000E+03     -0.3442154589E+02
    0.3700000000E+03     -0.3327924112E+02
    0.3710000000E+03     -0.3214721400E+02
    0.3720000000E+03     -0.3103391680E+02
    0.3730000000E+03     -0.2992339044E+02
    0.3740000000E+03     -0.2883605089E+02
    0.3750000000E+03     -0.2776159413E+02
    0.3760000000E+03     -0.2670643133E+02
    0.3770000000E+03     -0.2566363468E+02
    0.3780000000E+03     -0.2464371507E+02
    0.3790000000E+03     -0.2363356655E+02
    0.3800000000E+03     -0.2263998808E+02
    0.3810000000E+03     -0.2166728079E+02
    0.3820000000E+03     -0.2071109871E+02
    0.3830000000E+03     -0.1977048902E+02
    0.3840000000E+03     -0.1885208098E+02
    0.3850000000E+03     -0.1795436611E+02
    0.3860000000E+03     -0.1708754078E+02
    0.3870000000E+03     -0.1623521574E+02
    0.3880000000E+03     -0.1540264882E+02
    0.3890000000E+03     -0.1459053734E+02
    0.3900000000E+03     -0.1379656215E+02
    0.3910000000E+03     -0.1303286079E+02
    0.3920000000E+03     -0.1229488143E+02
    0.3930000000E+03     -0.1158579247E+02
    0.3940000000E+03     -0.1089803664E+02
    0.3950000000E+03     -0.1022901000E+02
    0.3960000000E+03     -0.9596123976E+01
    0.3970000000E+03     -0.8989496594E+01
    0.3980000000E+03     -0.8398510532E+01
    0.3990000000E+03     -0.7839125597E+01
    0.4000000000E+03     -0.7314164383E+01
    0.4010000000E+03     -0.6814069891E+01
    0.4020000000E+03     -0.6353177691E+01
    0.4030000000E+03     -0.5913154460E+01
    0.4040000000E+03     -0.5513313847E+01
    0.4050000000E+03     -0.5135820323E+01
    0.4060000000E+03     -0.4793003554E+01
    0.4070000000E+03     -0.4483731210E+01
    0.4080000000E+03     -0.4210862970E+01
    0.4090000000E+03     -0.3963605651E+01
    0.4100000000E+03     -0.3765289278E+01
    0.4110000000E+03     -0.3573796635E+01
    0.4120000000E+03     -0.3433223933E+01
    0.4130000000E+03     -0.3333010894E+01
    0.4140000000E+03     -0.3256257997E+01
    0.4150000000E+03     -0.3229571172E+01
    0.4160000000E+03     -0.3247860846E+01
    0.4170000000E+03     -0.3300431308E+01
    0.4180000000E+03     -0.3399849043E+01
    0.4190000000E+03     -0.3528840419E+01
    0.4200000000E+03     -0.3699218125E+01
    0.4210000000E+03     -0.3915512919E+01
    0.4220000000E+03     -0.4172238257E+01
    0.4230000000E+03     -0.4476194174E+01
    0.4240000000E+03     -0.4817592501E+01
    0.4250000000E+03     -0.5197388679E+01
    0.4260000000E+03     -0.5618465027E+01
    0.4270000000E+03     -0.6090600927E+01
    0.4280000000E+03     -0.6621381712E+01
    0.4290000000E+03     -0.7189199301E+01
    0.4300000000E+03     -0.7819276332E+01
    0.4310000000E+03     -0.8482142317E+01
    0.4320000000E+03     -0.9194275539E+01
    0.4330000000E+03     -0.9967072000E+01
    0.4340000000E+03     -0.1078045102E+02
    0.4350000000E+03     -0.1163779480E+02
    0.4360000000E+03     -0.1257474001E+02
    0.4370000000E+03     -0.1355004169E+02
    0.4380000000E+03     -0.1458212743E+02
    0.4390000000E+03     -0.1565770313E+02
    0.4400000000E+03     -0.1680944222E+02
    0.4410000000E+03     -0.1801697375E+02
    0.4420000000E+03     -0.1925940863E+02
    0.4430000000E+03     -0.2057011174E+02
    0.4440000000E+03     -0.2194609249E+02
    0.4450000000E+03     -0.2335418074E+02
    0.4460000000E+03     -0.2483699776E+02
    0.4470000000E+03     -0.2638778281E+02
    0.4480000000E+03     -0.2800264671E+02
    0.4490000000E+03     -0.2966451509E+02
    0.4500000000E+03     -0.3138614371E+02
    0.4510000000E+03     -0.3320050504E+02
    0.4520000000E+03     -0.3505740054E+02
    0.4530000000E+03     -0.3698796586E+02
    0.4540000000E+03     -0.3898138143E+02
    0.4550000000E+03     -0.4104147785E+02
    0.4560000000E+03     -0.4317224906E+02
    0.4570000000E+03     -0.4539478933E+02
    0.4580000000E+03     -0.4767883131E+02
    0.4590000000E+03     -0.5003681864E+02
    0.4600000000E+03     -0.5241549824E+02
    0.4610000000E+03     -0.5491194170E+02
    0.4620000000E+03     -0.5746699057E+02
    0.4630000000E+03     -0.6009195294E+02
    0.4640000000E+03     -0.6277952223E+02
    0.4650000000E+03     -0.6559433098E+02
    0.4660000000E+03     -0.6845775137E+02
    0.4670000000E+03     -0.7138738342E+02
    0.4680000000E+03     -0.7438215659E+02
    0.4690000000E+03     -0.7746443097E+02
    0.4700000000E+03     -0.8064885065E+02
    0.4710000000E+03     -0.8390299758E+02
    0.4720000000E+03     -0.8724579378E+02
    0.4730000000E+03     -0.9067006587E+02
    0.4740000000E+03     -0.9418655545E+02
    0.4750000000E+03     -0.9776618911E+02
    0.4760000000E+03     -0.1014238621E+03
    0.4770000000E+03     -0.1051976208E+03
    0.4780000000E+03     -0.1090489476E+03
    0.4790000000E+03     -0.1129754007E+03
    0.4800000000E+03     -0.1169781358E+03
    0.4810000000E+03     -0.1210863641E+03
    0.4820000000E+03     -0.1253023382E+03
    0.4830000000E+03     -0.1296217355E+03
    0.4840000000E+03     -0.1340301755E+03
    0.4850000000E+03     -0.1385392356E+03
