    0.0000000000E+00     -0.2063791979E+02
    0.1000000000E+01     -0.1784378092E+02
    0.2000000000E+01     -0.1572491904E+02
    0.3000000000E+01     -0.1399397216E+02
    0.4000000000E+01     -0.1253292856E+02
    0.5000000000E+01     -0.1127697731E+02
    0.6000000000E+01     -0.1018555196E+02
    0.7000000000E+01     -0.9230771244E+01
    0.8000000000E+01     -0.8392150536E+01
    0.9000000000E+01     -0.7653367057E+01
    0.1000000000E+02     -0.7002109955E+01
    0.1100000000E+02     -0.6428511482E+01
    0.1200000000E+02     -0.5924520409E+01
    0.1300000000E+02     -0.5483281755E+01
    0.1400000000E+02     -0.5098819553E+01
    0.1500000000E+02     -0.4765845964E+01
    0.1600000000E+02     -0.4479808088E+01
    0.1700000000E+02     -0.4237066105E+01
    0.1800000000E+02     -0.4034208602E+01
    0.1900000000E+02     -0.3868202739E+01
    0.2000000000E+02     -0.3736206880E+01
    0.2100000000E+02     -0.3635920403E+01
    0.2200000000E+02     -0.3565286514E+01
    0.2300000000E+02     -0.3521619850E+01
    0.2400000000E+02     -0.3503340114E+01
    0.2500000000E+02     -0.3509087943E+01
    0.2600000000E+02     -0.3536725415E+01
    0.2700000000E+02     -0.3584855351E+01
    0.2800000000E+02     -0.3652751974E+01
    0.2900000000E+02     -0.3739129695E+01
    0.3000000000E+02     -0.3842555243E+01
    0.3100000000E+02     -0.3961920655E+01
    0.3200000000E+02     -0.4096318456E+01
    0.3300000000E+02     -0.4244409356E+01
    0.3400000000E+02     -0.4405778021E+01
    0.3500000000E+02     -0.4579115580E+01
    0.3600000000E+02     -0.4764085958E+01
    0.3700000000E+02     -0.4959887671E+01
    0.3800000000E+02     -0.5166033417E+01
    0.3900000000E+02     -0.5381505647E+01
    0.4000000000E+02     -0.5606346463E+01
    0.4100000000E+02     -0.5839367194E+01
    0.4200000000E+02     -0.6079950542E+01
    0.4300000000E+02     -0.6328063480E+01
    0.4400000000E+02     -0.6582311827E+01
    0.4500000000E+02     -0.6843087494E+01
    0.4600000000E+02     -0.7109839322E+01
    0.4700000000E+02     -0.7381785960E+01
    0.4800000000E+02     -0.7658477834E+01
    0.4900000000E+02     -0.7940092845E+01
    0.5000000000E+02     -0.8225840930E+01
    0.5100000000E+02     -0.8516365671E+01
    0.5200000000E+02     -0.8810453326E+01
    0.5300000000E+02     -0.9107437585E+01
    0.5400000000E+02     -0.9407468935E+01
    0.5500000000E+02     -0.9710029017E+01
    0.5600000000E+02     -0.1001459076E+02
    0.5700000000E+02     -0.1032154061E+02
    0.5800000000E+02     -0.1063035682E+02
    0.5900000000E+02     -0.1094105315E+02
    0.6000000000E+02     -0.1125299757E+02
    0.6100000000E+02     -0.1156590976E+02
    0.6200000000E+02     -0.1187929029E+02
    0.6300000000E+02     -0.1219369946E+02
    0.6400000000E+02     -0.1250864461E+02
    0.6500000000E+02     -0.1282346884E+02
    0.6600000000E+02     -0.1313885071E+02
    0.6700000000E+02     -0.1345438977E+02
    0.6800000000E+02     -0.1377029990E+02
    0.6900000000E+02     -0.1408559089E+02
    0.7000000000E+02     -0.1439997954E+02
    0.7100000000E+02     -0.1471383562E+02
    0.7200000000E+02     -0.1502673310E+02
    0.7300000000E+02     -0.1533923940E+02
    0.7400000000E+02     -0.1565055282E+02
    0.7500000000E+02     -0.1596082490E+02
    0.7600000000E+02     -0.1626988166E+02
    0.7700000000E+02     -0.1657728762E+02
    0.7800000000E+02     -0.1688327226E+02
    0.7900000000E+02     -0.1718823318E+02
    0.8000000000E+02     -0.1749100622E+02
    0.8100000000E+02     -0.1779222645E+02
    0.8200000000E+02     -0.1809126198E+02
    0.8300000000E+02     -0.1838863328E+02
    0.8400000000E+02     -0.1868373191E+02
    0.8500000000E+02     -0.1897691141E+02
    0.8600000000E+02     -0.1926819893E+02
    0.8700000000E+02     -0.1955742218E+02
    0.8800000000E+02     -0.1984436935E+02
    0.8900000000E+02     -0.2012792438E+02
    0.9000000000E+02     -0.2040907918E+02
    0.9100000000E+02     -0.2068796222E+02
    0.9200000000E+02     -0.2096451778E+02
    0.9300000000E+02     -0.2123843578E+02
    0.9400000000E+02     -0.2150982367E+02
    0.9500000000E+02     -0.2177838524E+02
    0.9600000000E+02     -0.2204375131E+02
    0.9700000000E+02     -0.2230658149E+02
    0.9800000000E+02     -0.2256669270E+02
    0.9900000000E+02     -0.2282406543E+02
    0.1000000000E+03     -0.2307800487E+02
    0.1010000000E+03     -0.2332881477E+02
    0.1020000000E+03     -0.2357714003E+02
    0.1030000000E+03     -0.2382208062E+02
    0.1040000000E+03     -0.2406369970E+02
    0.1050000000E+03     -0.2430214104E+02
    0.1060000000E+03     -0.2453796283E+02
    0.1070000000E+03     -0.2477053994E+02
    0.1080000000E+03     -0.2499999092E+02
    0.1090000000E+03     -0.2522649451E+02
    0.1100000000E+03     -0.2544930865E+02
    0.1110000000E+03     -0.2566911524E+02
    0.1120000000E+03     -0.2588611877E+02
    0.1130000000E+03     -0.2609903828E+02
    0.1140000000E+03     -0.2630914720E+02
    0.1150000000E+03     -0.2651569235E+02
    0.1160000000E+03     -0.2671878492E+02
    0.1170000000E+03     -0.2691778281E+02
    0.1180000000E+03     -0.2711351295E+02
    0.1190000000E+03     -0.2730577559E+02
    0.1200000000E+03     -0.2749481727E+02
    0.1210000000E+03     -0.2768049616E+02
    0.1220000000E+03     -0.2786255251E+02
    0.1230000000E+03     -0.2804174250E+02
    0.1240000000E+03     -0.2821744772E+02
    0.1250000000E+03     -0.2838927438E+02
    0.1260000000E+03     -0.2855744212E+02
    0.1270000000E+03     -0.2872245974E+02
    0.1280000000E+03     -0.2888394051E+02
    0.1290000000E+03     -0.2904181405E+02
    0.1300000000E+03     -0.2919588704E+02
    0.1310000000E+03     -0.2934626865E+02
    0.1320000000E+03     -0.2949292528E+02
    0.1330000000E+03     -0.2963673960E+02
    0.1340000000E+03     -0.2977765957E+02
    0.1350000000E+03     -0.2991402694E+02
    0.1360000000E+03     -0.3004724737E+02
    0.1370000000E+03     -0.3017594887E+02
    0.1380000000E+03     -0.3030110095E+02
    0.1390000000E+03     -0.3042322356E+02
    0.1400000000E+03     -0.3054139388E+02
    0.1410000000E+03     -0.3065575022E+02
    0.1420000000E+03     -0.3076698727E+02
    0.1430000000E+03     -0.3087506537E+02
    0.1440000000E+03     -0.3097960736E+02
    0.1450000000E+03     -0.3108018851E+02
    0.1460000000E+03     -0.3117712797E+02
    0.1470000000E+03     -0.3126984516E+02
    0.1480000000E+03     -0.3135888093E+02
    0.1490000000E+03     -0.3144509885E+02
    0.1500000000E+03     -0.3152666536E+02
    0.1510000000E+03     -0.3160536679E+02
    0.1520000000E+03     -0.3168032053E+02
    0.1530000000E+03     -0.3175180330E+02
    0.1540000000E+03     -0.3181978759E+02
    0.1550000000E+03     -0.3188435602E+02
    0.1560000000E+03     -0.3194487591E+02
    0.1570000000E+03     -0.3200076736E+02
    0.1580000000E+03     -0.3205328983E+02
    0.1590000000E+03     -0.3210270900E+02
    0.1600000000E+03     -0.3214882939E+02
    0.1610000000E+03     -0.3219064124E+02
    0.1620000000E+03     -0.3222946209E+02
    0.1630000000E+03     -0.3226559973E+02
    0.1640000000E+03     -0.3229649721E+02
    0.1650000000E+03     -0.3232364971E+02
    0.1660000000E+03     -0.3234749112E+02
    0.1670000000E+03     -0.3236819740E+02
    0.1680000000E+03     -0.3238483477E+02
    0.1690000000E+03     -0.3239806665E+02
    0.1700000000E+03     -0.3240768007E+02
    0.1710000000E+03     -0.3241297593E+02
    0.1720000000E+03     -0.3241581010E+02
    0.1730000000E+03     -0.3241384789E+02
    0.1740000000E+03     -0.3240902681E+02
    0.1750000000E+03     -0.3240135227E+02
    0.1760000000E+03     -0.3238931376E+02
    0.1770000000E+03     -0.3237394401E+02
    0.1780000000E+03     -0.3235447701E+02
    0.1790000000E+03     -0.3233129925E+02
    0.1800000000E+03     -0.3230507509E+02
    0.1810000000E+03     -0.3227493484E+02
    0.1820000000E+03     -0.3224136937E+02
    0.1830000000E+03     -0.3220413847E+02
    0.1840000000E+03     -0.3216323721E+02
    0.1850000000E+03     -0.3211807650E+02
    0.1860000000E+03     -0.3206939697E+02
    0.1870000000E+03     -0.3201718151E+02
    0.1880000000E+03     -0.3196127153E+02
    0.1890000000E+03     -0.3190227268E+02
    0.1900000000E+03     -0.3184049500E+02
    0.1910000000E+03     -0.3177444823E+02
    0.1920000000E+03     -0.3170452623E+02
    0.1930000000E+03     -0.3163139732E+02
    0.1940000000E+03     -0.3155464691E+02
    0.1950000000E+03     -0.3147468776E+02
    0.1960000000E+03     -0.3138998689E+02
    0.1970000000E+03     -0.3130187568E+02
    0.1980000000E+03     -0.3121115109E+02
    0.1990000000E+03     -0.3111656849E+02
    0.2000000000E+03     -0.3101863102E+02
    0.2010000000E+03     -0.3091688315E+02
    0.2020000000E+03     -0.3081156396E+02
    0.2030000000E+03     -0.3070276462E+02
    0.2040000000E+03     -0.3059106311E+02
    0.2050000000E+03     -0.3047548079E+02
    0.2060000000E+03     -0.3035700361E+02
    0.2070000000E+03     -0.3023454703E+02
    0.2080000000E+03     -0.3010825469E+02
    0.2090000000E+03     -0.2997956392E+02
    0.2100000000E+03     -0.2984769538E+02
    0.2110000000E+03     -0.2971165479E+02
    0.2120000000E+03     -0.2957263311E+02
    0.2130000000E+03     -0.2943011532E+02
    0.2140000000E+03     -0.2928392749E+02
    0.2150000000E+03     -0.2913482636E+02
    0.2160000000E+03     -0.2898261663E+02
    0.2170000000E+03     -0.2882657583E+02
    0.2180000000E+03     -0.2866774923E+02
    0.2190000000E+03     -0.2850483181E+02
    0.2200000000E+03     -0.2833870921E+02
    0.2210000000E+03     -0.2817017693E+02
    0.2220000000E+03     -0.2799792265E+02
    0.2230000000E+03     -0.2782247095E+02
    0.2240000000E+03     -0.2764366541E+02
    0.2250000000E+03     -0.2746188298E+02
    0.2260000000E+03     -0.2727687010E+02
    0.2270000000E+03     -0.2708873947E+02
    0.2280000000E+03     -0.2689798564E+02
    0.2290000000E+03     -0.2670375204E+02
    0.2300000000E+03     -0.2650573411E+02
    0.2310000000E+03     -0.2630525997E+02
    0.2320000000E+03     -0.2610165628E+02
    0.2330000000E+03     -0.2589599194E+02
    0.2340000000E+03     -0.2568695144E+02
    0.2350000000E+03     -0.2547439783E+02
    0.2360000000E+03     -0.2525896575E+02
    0.2370000000E+03     -0.2504166771E+02
    0.2380000000E+03     -0.2482125197E+02
    0.2390000000E+03     -0.2459871688E+02
    0.2400000000E+03     -0.2437273209E+02
    0.2410000000E+03     -0.2414414074E+02
    0.2420000000E+03     -0.2391284209E+02
    0.2430000000E+03     -0.2368015414E+02
    0.2440000000E+03     -0.2344415318E+02
    0.2450000000E+03     -0.2320586389E+02
    0.2460000000E+03     -0.2296520876E+02
    0.2470000000E+03     -0.2272209430E+02
    0.2480000000E+03     -0.2247767592E+02
    0.2490000000E+03     -0.2223021291E+02
    0.2500000000E+03     -0.2198184548E+02
    0.2510000000E+03     -0.2173068116E+02
    0.2520000000E+03     -0.2147786081E+02
    0.2530000000E+03     -0.2122314812E+02
    0.2540000000E+03     -0.2096682996E+02
    0.2550000000E+03     -0.2070839256E+02
    0.2560000000E+03     -0.2044717875E+02
    0.2570000000E+03     -0.2018432358E+02
    0.2580000000E+03     -0.1992050118E+02
    0.2590000000E+03     -0.1965485661E+02
    0.2600000000E+03     -0.1938727481E+02
    0.2610000000E+03     -0.1911851035E+02
    0.2620000000E+03     -0.1884816224E+02
    0.2630000000E+03     -0.1857689483E+02
    0.2640000000E+03     -0.1830472076E+02
    0.2650000000E+03     -0.1803058241E+02
    0.2660000000E+03     -0.1775522343E+02
    0.2670000000E+03     -0.1748011488E+02
    0.2680000000E+03     -0.1720365213E+02
    0.2690000000E+03     -0.1692640297E+02
    0.2700000000E+03     -0.1664865872E+02
    0.2710000000E+03     -0.1637099737E+02
    0.2720000000E+03     -0.1609308306E+02
    0.2730000000E+03     -0.1581436504E+02
    0.2740000000E+03     -0.1553663154E+02
    0.2750000000E+03     -0.1525773437E+02
    0.2760000000E+03     -0.1497862336E+02
    0.2770000000E+03     -0.1470043276E+02
    0.2780000000E+03     -0.1442214420E+02
    0.2790000000E+03     -0.1414430971E+02
    0.2800000000E+03     -0.1386757862E+02
    0.2810000000E+03     -0.1358992141E+02
    0.2820000000E+03     -0.1331382465E+02
    0.2830000000E+03     -0.1303978439E+02
    0.2840000000E+03     -0.1276584771E+02
    0.2850000000E+03     -0.1249342134E+02
    0.2860000000E+03     -0.1222304450E+02
    0.2870000000E+03     -0.1195278763E+02
    0.2880000000E+03     -0.1168378923E+02
    0.2890000000E+03     -0.1141711998E+02
    0.2900000000E+03     -0.1115295702E+02
    0.2910000000E+03     -0.1089049343E+02
    0.2920000000E+03     -0.1062920343E+02
    0.2930000000E+03     -0.1037325520E+02
    0.2940000000E+03     -0.1011610120E+02
    0.2950000000E+03     -0.9861929804E+01
    0.2960000000E+03     -0.9609473490E+01
    0.2970000000E+03     -0.9362120071E+01
    0.2980000000E+03     -0.9115571315E+01
    0.2990000000E+03     -0.8872772906E+01
    0.3000000000E+03     -0.8635756422E+01
    0.3010000000E+03     -0.8399651510E+01
    0.3020000000E+03     -0.8168878319E+01
    0.3030000000E+03     -0.7942048863E+01
    0.3040000000E+03     -0.7719138431E+01
    0.3050000000E+03     -0.7500504640E+01
    0.3060000000E+03     -0.7287165885E+01
    0.3070000000E+03     -0.7076883231E+01
    0.3080000000E+03     -0.6871202359E+01
    0.3090000000E+03     -0.6671775595E+01
    0.3100000000E+03     -0.6476346080E+01
    0.3110000000E+03     -0.6288215987E+01
    0.3120000000E+03     -0.6104059954E+01
    0.3130000000E+03     -0.5923260106E+01
    0.3140000000E+03     -0.5751492819E+01
    0.3150000000E+03     -0.5586489696E+01
    0.3160000000E+03     -0.5424714180E+01
    0.3170000000E+03     -0.5271595834E+01
    0.3180000000E+03     -0.5123940937E+01
    0.3190000000E+03     -0.4984389966E+01
    0.3200000000E+03     -0.4849263807E+01
    0.3210000000E+03     -0.4724116266E+01
    0.3220000000E+03     -0.4609050522E+01
    0.3230000000E+03     -0.4496988704E+01
    0.3240000000E+03     -0.4397518584E+01
    0.3250000000E+03     -0.4308258372E+01
    0.3260000000E+03     -0.4220896299E+01
    0.3270000000E+03     -0.4145516060E+01
    0.3280000000E+03     -0.4084700978E+01
    0.3290000000E+03     -0.4029635728E+01
    0.3300000000E+03     -0.3983327395E+01
    0.3310000000E+03     -0.3941586754E+01
    0.3320000000E+03     -0.3912980172E+01
    0.3330000000E+03     -0.3898395060E+01
    0.3340000000E+03     -0.3892625664E+01
    0.3350000000E+03     -0.3894359743E+01
    0.3360000000E+03     -0.3905285509E+01
    0.3370000000E+03     -0.3931329008E+01
    0.3380000000E+03     -0.3969906231E+01
    0.3390000000E+03     -0.4018696137E+01
    0.3400000000E+03     -0.4076989550E+01
    0.3410000000E+03     -0.4147416727E+01
    0.3420000000E+03     -0.4232826852E+01
    0.3430000000E+03     -0.4333168688E+01
    0.3440000000E+03     -0.4441143651E+01
    0.3450000000E+03     -0.4564202260E+01
    0.3460000000E+03     -0.4705153651E+01
    0.3470000000E+03     -0.4854009926E+01
    0.3480000000E+03     -0.5021056928E+01
    0.3490000000E+03     -0.5201984871E+01
    0.3500000000E+03     -0.5395739555E+01
    0.3510000000E+03     -0.5608666775E+01
    0.3520000000E+03     -0.5835693419E+01
    0.3530000000E+03     -0.6078006547E+01
    0.3540000000E+03     -0.6333738358E+01
    0.3550000000E+03     -0.6606936245E+01
    0.3560000000E+03     -0.6896498117E+01
    0.3570000000E+03     -0.7201134203E+01
    0.3580000000E+03     -0.7522544459E+01
    0.3590000000E+03     -0.7864042338E+01
    0.3600000000E+03     -0.8225298519E+01
    0.3610000000E+03     -0.8605038921E+01
    0.3620000000E+03     -0.9001717712E+01
    0.3630000000E+03     -0.9417789516E+01
    0.3640000000E+03     -0.9852996818E+01
    0.3650000000E+03     -0.1030391984E+02
    0.3660000000E+03     -0.1078274389E+02
    0.3670000000E+03     -0.1127456563E+02
    0.3680000000E+03     -0.1179461997E+02
    0.3690000000E+03     -0.1233194066E+02
    0.3700000000E+03     -0.1288772681E+02
    0.3710000000E+03     -0.1346832874E+02
    0.3720000000E+03     -0.1407241089E+02
    0.3730000000E+03     -0.1469255429E+02
    0.3740000000E+03     -0.1534046566E+02
    0.3750000000E+03     -0.1601066070E+02
    0.3760000000E+03     -0.1670392521E+02
    0.3770000000E+03     -0.1742697462E+02
    0.3780000000E+03     -0.1816566747E+02
    0.3790000000E+03     -0.1892619295E+02
    0.3800000000E+03     -0.1971692667E+02
    0.3810000000E+03     -0.2052763323E+02
    0.3820000000E+03     -0.2136544972E+02
    0.3830000000E+03     -0.2221927337E+02
    0.3840000000E+03     -0.2310569796E+02
    0.3850000000E+03     -0.2402285405E+02
    0.3860000000E+03     -0.2496434235E+02
    0.3870000000E+03     -0.2593072326E+02
    0.3880000000E+03     -0.2692437939E+02
    0.3890000000E+03     -0.2795125183E+02
    0.3900000000E+03     -0.2899961147E+02
    0.3910000000E+03     -0.3008242497E+02
    0.3920000000E+03     -0.3119554036E+02
    0.3930000000E+03     -0.3232365985E+02
    0.3940000000E+03     -0.3349930684E+02
    0.3950000000E+03     -0.3469487724E+02
    0.3960000000E+03     -0.3592433545E+02
    0.3970000000E+03     -0.3718585613E+02
    0.3980000000E+03     -0.3848056406E+02
    0.3990000000E+03     -0.3980156199E+02
    0.4000000000E+03     -0.4116149314E+02
    0.4010000000E+03     -0.4255470886E+02
    0.4020000000E+03     -0.4398410309E+02
    0.4030000000E+03     -0.4544819001E+02
    0.4040000000E+03     -0.4693346888E+02
    0.4050000000E+03     -0.4846446746E+02
    0.4060000000E+03     -0.5003750080E+02
    0.4070000000E+03     -0.5164514341E+02
    0.4080000000E+03     -0.5327666559E+02
    0.4090000000E+03     -0.5495349594E+02
    0.4100000000E+03     -0.5666403852E+02
    0.4110000000E+03     -0.5841495430E+02
    0.4120000000E+03     -0.6020195002E+02
    0.4130000000E+03     -0.6202689409E+02
    0.4140000000E+03     -0.6389334314E+02
    0.4150000000E+03     -0.6579174621E+02
    0.4160000000E+03     -0.6773818782E+02
    0.4170000000E+03     -0.6971871755E+02
    0.4180000000E+03     -0.7173340157E+02
    0.4190000000E+03     -0.7381276796E+02
    0.4200000000E+03     -0.7592522846E+02
    0.4210000000E+03     -0.7806580699E+02
    0.4220000000E+03     -0.8023790913E+02
    0.4230000000E+03     -0.8247401511E+02
    0.4240000000E+03     -0.8475157950E+02
    0.4250000000E+03     -0.8706544682E+02
    0.4260000000E+03     -0.8944212942E+02
    0.4270000000E+03     -0.9185138094E+02
    0.4280000000E+03     -0.9429546167E+02
    0.4290000000E+03     -0.9679901679E+02
    0.4300000000E+03     -0.9935145914E+02
    0.4310000000E+03     -0.1019478793E+03
    0.4320000000E+03     -0.1046063813E+03
    0.4330000000E+03     -0.1073045702E+03
    0.4340000000E+03     -0.1100507182E+03
    0.4350000000E+03     -0.1128445232E+03
    0.4360000000E+03     -0.1156692620E+03
    0.4370000000E+03     -0.1185604894E+03
    0.4380000000E+03     -0.1215010388E+03
    0.4390000000E+03     -0.1244864170E+03
    0.4400000000E+03     -0.1275388469E+03
    0.4410000000E+03     -0.1306502006E+03
    0.4420000000E+03     -0.1338154789E+03
    0.4430000000E+03     -0.1370293800E+03
    0.4440000000E+03     -0.1402841137E+03
    0.4450000000E+03     -0.1435974690E+03
    0.4460000000E+03     -0.1469687332E+03
    0.4470000000E+03     -0.1504091177E+03
    0.4480000000E+03     -0.1538980527E+03
    0.4490000000E+03     -0.1574469180E+03
    0.4500000000E+03     -0.1610531782E+03
    0.4510000000E+03     -0.1647157192E+03
    0.4520000000E+03     -0.1684386187E+03
    0.4530000000E+03     -0.1722219744E+03
    0.4540000000E+03     -0.1760651209E+03
    0.4550000000E+03     -0.1799627350E+03
    0.4560000000E+03     -0.1839291686E+03
    0.4570000000E+03     -0.1879531918E+03
    0.4580000000E+03     -0.1920517718E+03
    0.4590000000E+03     -0.1962149358E+03
    0.4600000000E+03     -0.2004500625E+03
    0.4610000000E+03     -0.2047537438E+03
    0.4620000000E+03     -0.2090921251E+03
    0.4630000000E+03     -0.2135051712E+03
    0.4640000000E+03     -0.2179858871E+03
    0.4650000000E+03     -0.2225260841E+03
    0.4660000000E+03     -0.2271506545E+03
    0.4670000000E+03     -0.2318379659E+03
    0.4680000000E+03     -0.2365680159E+03
    0.4690000000E+03     -0.2414009378E+03
    0.4700000000E+03     -0.2462710047E+03
    0.4710000000E+03     -0.2512300458E+03
    0.4720000000E+03     -0.2562756111E+03
    0.4730000000E+03     -0.2613873109E+03
    0.4740000000E+03     -0.2665502918E+03
    0.4750000000E+03     -0.2718183838E+03
    0.4760000000E+03     -0.2771280205E+03
    0.4770000000E+03     -0.2825369827E+03
    0.4780000000E+03     -0.2880320408E+03
    0.4790000000E+03     -0.2936088539E+03
    0.4800000000E+03     -0.2992090447E+03
    0.4810000000E+03     -0.3049283970E+03
    0.4820000000E+03     -0.3107316087E+03
    0.4830000000E+03     -0.3165853991E+03
    0.4840000000E+03     -0.3225638442E+03
    0.4850000000E+03     -0.3285709398E+03
