    0.00000000E+00      -1.562302498028464299E+02
    1.00000000E+00      -1.538912150266430956E+02
    2.00000000E+00      -1.522217491101789903E+02
    3.00000000E+00      -1.509341379423010778E+02
    4.00000000E+00      -1.499104049115292412E+02
    5.00000000E+00      -1.490860445096939486E+02
    6.00000000E+00      -1.484204969203881603E+02
    7.00000000E+00      -1.478855641221478265E+02
    8.00000000E+00      -1.474604805573206079E+02
    9.00000000E+00      -1.471296452000122201E+02
    1.00000000E+01      -1.468806121563855243E+02
    1.10000000E+01      -1.467033856492805910E+02
    1.20000000E+01      -1.465897225409596842E+02
    1.30000000E+01      -1.465326081677656305E+02
    1.40000000E+01      -1.465261344414055031E+02
    1.50000000E+01      -1.465652201080545467E+02
    1.60000000E+01      -1.466452711287736577E+02
    1.70000000E+01      -1.467625264288242590E+02
    1.80000000E+01      -1.469137502317633164E+02
    1.90000000E+01      -1.470956679862308931E+02
    2.00000000E+01      -1.473053535763490629E+02
    2.10000000E+01      -1.475405448198169154E+02
    2.20000000E+01      -1.477991451004370731E+02
    2.30000000E+01      -1.480787759591210317E+02
    2.40000000E+01      -1.483777068658116889E+02
    2.50000000E+01      -1.486942732101622653E+02
    2.60000000E+01      -1.490265406130663735E+02
    2.70000000E+01      -1.493736422716490608E+02
    2.80000000E+01      -1.497338935579489601E+02
    2.90000000E+01      -1.501060863868649733E+02
    3.00000000E+01      -1.504888478240780216E+02
    3.10000000E+01      -1.508812279671281260E+02
    3.20000000E+01      -1.512823375177420360E+02
    3.30000000E+01      -1.516910217923894209E+02
    3.40000000E+01      -1.521064788264073115E+02
    3.50000000E+01      -1.525277646503261906E+02
    3.60000000E+01      -1.529542655723951441E+02
    3.70000000E+01      -1.533853188357632291E+02
    3.80000000E+01      -1.538200354732423705E+02
    3.90000000E+01      -1.542576101383045000E+02
    4.00000000E+01      -1.546977626902833265E+02
    4.10000000E+01      -1.551398569851033074E+02
    4.20000000E+01      -1.555827559181805384E+02
    4.30000000E+01      -1.560265375376064014E+02
    4.40000000E+01      -1.564701956103406530E+02
    4.50000000E+01      -1.569137725143544060E+02
    4.60000000E+01      -1.573566189844011944E+02
    4.70000000E+01      -1.577981607115678173E+02
    4.80000000E+01      -1.582379451433978659E+02
    4.90000000E+01      -1.586760341674405765E+02
    5.00000000E+01      -1.591117932068034690E+02
    5.10000000E+01      -1.595450230022277367E+02
    5.20000000E+01      -1.599752706566676181E+02
    5.30000000E+01      -1.604020485424287301E+02
    5.40000000E+01      -1.608251250724158865E+02
    5.50000000E+01      -1.612444595897420925E+02
    5.60000000E+01      -1.616593652270119321E+02
    5.70000000E+01      -1.620700361300576162E+02
    5.80000000E+01      -1.624761004669442457E+02
    5.90000000E+01      -1.628771472464166266E+02
    6.00000000E+01      -1.632730575488265288E+02
    6.10000000E+01      -1.636636449923123848E+02
    6.20000000E+01      -1.640483260948992950E+02
    6.30000000E+01      -1.644276414076182675E+02
    6.40000000E+01      -1.648007147333435398E+02
    6.50000000E+01      -1.651679779878202510E+02
    6.60000000E+01      -1.655288845221828353E+02
    6.70000000E+01      -1.658836574433687758E+02
    6.80000000E+01      -1.662320885081160498E+02
    6.90000000E+01      -1.665737869574539047E+02
    7.00000000E+01      -1.669088557807579321E+02
    7.10000000E+01      -1.672372471103761029E+02
    7.20000000E+01      -1.675585368054769617E+02
    7.30000000E+01      -1.678731845659520161E+02
    7.40000000E+01      -1.681810147050153148E+02
    7.50000000E+01      -1.684821054910160285E+02
    7.60000000E+01      -1.687760955619476420E+02
    7.70000000E+01      -1.690626566741000545E+02
    7.80000000E+01      -1.693432850090637487E+02
    7.90000000E+01      -1.696161776916440260E+02
    8.00000000E+01      -1.698821099184304160E+02
    8.10000000E+01      -1.701406475976425838E+02
    8.20000000E+01      -1.703922819139286560E+02
    8.30000000E+01      -1.706362920296694767E+02
    8.40000000E+01      -1.708732502837981713E+02
    8.50000000E+01      -1.711035877494457793E+02
    8.60000000E+01      -1.713263993114549351E+02
    8.70000000E+01      -1.715428943159375024E+02
    8.80000000E+01      -1.717523446444272679E+02
    8.90000000E+01      -1.719540945748183560E+02
    9.00000000E+01      -1.721490107768065911E+02
    9.10000000E+01      -1.723373384322356117E+02
    9.20000000E+01      -1.725182650587837827E+02
    9.30000000E+01      -1.726924856840949190E+02
    9.40000000E+01      -1.728597007580417824E+02
    9.50000000E+01      -1.730198425017613602E+02
    9.60000000E+01      -1.731731804802864474E+02
    9.70000000E+01      -1.733195231436136794E+02
    9.80000000E+01      -1.734595043307952267E+02
    9.90000000E+01      -1.735928795789684784E+02
    1.00000000E+02      -1.737192816473859978E+02
    1.01000000E+02      -1.738386445814128649E+02
    1.02000000E+02      -1.739523498670048696E+02
    1.03000000E+02      -1.740586453657913637E+02
    1.04000000E+02      -1.741583247853293699E+02
    1.05000000E+02      -1.742507129132598322E+02
    1.06000000E+02      -1.743373546162936520E+02
    1.07000000E+02      -1.744167892034481895E+02
    1.08000000E+02      -1.744893510430436265E+02
    1.09000000E+02      -1.745564409063979667E+02
    1.10000000E+02      -1.746165379293113631E+02
    1.11000000E+02      -1.746700797307155710E+02
    1.12000000E+02      -1.747169851442183983E+02
    1.13000000E+02      -1.747573378093391341E+02
    1.14000000E+02      -1.747905267339981776E+02
    1.15000000E+02      -1.748180767239853424E+02
    1.16000000E+02      -1.748384402236286235E+02
    1.17000000E+02      -1.748528580274749231E+02
    1.18000000E+02      -1.748612330493367892E+02
    1.19000000E+02      -1.748630256464555544E+02
    1.20000000E+02      -1.748579473293237072E+02
    1.21000000E+02      -1.748463867651614976E+02
    1.22000000E+02      -1.748286860317773801E+02
    1.23000000E+02      -1.748047046221643370E+02
    1.24000000E+02      -1.747753698060139698E+02
    1.25000000E+02      -1.747393583779073936E+02
    1.26000000E+02      -1.746969943589381558E+02
    1.27000000E+02      -1.746483426189832073E+02
    1.28000000E+02      -1.745937549597900045E+02
    1.29000000E+02      -1.745322336503620875E+02
    1.30000000E+02      -1.744648620756659341E+02
    1.31000000E+02      -1.743909137752223444E+02
    1.32000000E+02      -1.743114540265258086E+02
    1.33000000E+02      -1.742250472319163066E+02
    1.34000000E+02      -1.741334130384809953E+02
    1.35000000E+02      -1.740345010219923836E+02
    1.36000000E+02      -1.739304148818216902E+02
    1.37000000E+02      -1.738192257751095724E+02
    1.38000000E+02      -1.737019863881021422E+02
    1.39000000E+02      -1.735777876421659869E+02
    1.40000000E+02      -1.734478613653070909E+02
    1.41000000E+02      -1.733121035951506030E+02
    1.42000000E+02      -1.731702902869172078E+02
    1.43000000E+02      -1.730233155708145034E+02
    1.44000000E+02      -1.728695659418906700E+02
    1.45000000E+02      -1.727096712235677671E+02
    1.46000000E+02      -1.725439307638760340E+02
    1.47000000E+02      -1.723719449993539286E+02
    1.48000000E+02      -1.721929542851019335E+02
    1.49000000E+02      -1.720094359331149292E+02
    1.50000000E+02      -1.718194814382902962E+02
    1.51000000E+02      -1.716240176824237835E+02
    1.52000000E+02      -1.714310877141859066E+02
    1.53000000E+02      -1.712228306350614560E+02
    1.54000000E+02      -1.710098772410154027E+02
    1.55000000E+02      -1.707956009030192774E+02
    1.56000000E+02      -1.705703889970052671E+02
    1.57000000E+02      -1.703389358257725519E+02
    1.58000000E+02      -1.701022025535665136E+02
    1.59000000E+02      -1.698603562065716517E+02
    1.60000000E+02      -1.696124096617884618E+02
    1.61000000E+02      -1.693592411463930887E+02
    1.62000000E+02      -1.691004000113196355E+02
    1.63000000E+02      -1.688363195679001194E+02
    1.64000000E+02      -1.685664396689124089E+02
    1.65000000E+02      -1.682905579037349355E+02
    1.66000000E+02      -1.680095734524391275E+02
    1.67000000E+02      -1.677233089718818349E+02
    1.68000000E+02      -1.674311632670312804E+02
    1.69000000E+02      -1.671344550091623944E+02
    1.70000000E+02      -1.668314946003108901E+02
    1.71000000E+02      -1.665227895935848039E+02
    1.72000000E+02      -1.662101437822300625E+02
    1.73000000E+02      -1.658911438202801776E+02
    1.74000000E+02      -1.655661900777220410E+02
    1.75000000E+02      -1.652368119701593798E+02
    1.76000000E+02      -1.649022112959380877E+02
    1.77000000E+02      -1.645618667411934268E+02
    1.78000000E+02      -1.642162836888190043E+02
    1.79000000E+02      -1.638651149529348743E+02
    1.80000000E+02      -1.635085720385275465E+02
    1.81000000E+02      -1.631460695036537629E+02
    1.82000000E+02      -1.627786625887117964E+02
    1.83000000E+02      -1.624055467003807109E+02
    1.84000000E+02      -1.620269255678020102E+02
    1.85000000E+02      -1.616429077186938059E+02
    1.86000000E+02      -1.612532890609316212E+02
    1.87000000E+02      -1.608574981550071072E+02
    1.88000000E+02      -1.604560780108757001E+02
    1.89000000E+02      -1.600495559545550179E+02
    1.90000000E+02      -1.596381073871478122E+02
    1.91000000E+02      -1.592210613612867576E+02
    1.92000000E+02      -1.587975507458056939E+02
    1.93000000E+02      -1.583685535369757247E+02
    1.94000000E+02      -1.579345129914898109E+02
    1.95000000E+02      -1.574935475229601991E+02
    1.96000000E+02      -1.570470229469090384E+02
    1.97000000E+02      -1.565944857632592004E+02
    1.98000000E+02      -1.561366783394794595E+02
    1.99000000E+02      -1.556722693646177333E+02
    2.00000000E+02      -1.552025400533191544E+02
    2.01000000E+02      -1.547279428493082207E+02
    2.02000000E+02      -1.542473232061918509E+02
    2.03000000E+02      -1.537597844251747858E+02
    2.04000000E+02      -1.532670905259754193E+02
    2.05000000E+02      -1.527672626253068131E+02
    2.06000000E+02      -1.522631369263715726E+02
    2.07000000E+02      -1.517518166306279284E+02
    2.08000000E+02      -1.512334905481282306E+02
    2.09000000E+02      -1.507100823773387503E+02
    2.10000000E+02      -1.501821386530380380E+02
    2.11000000E+02      -1.496474409522805047E+02
    2.12000000E+02      -1.491063338083065730E+02
    2.13000000E+02      -1.485594150489512515E+02
    2.14000000E+02      -1.480065777998268288E+02
    2.15000000E+02      -1.474490913709476274E+02
    2.16000000E+02      -1.468852545819561612E+02
    2.17000000E+02      -1.463150538923535180E+02
    2.18000000E+02      -1.457393855087309760E+02
    2.19000000E+02      -1.451567135842367691E+02
    2.20000000E+02      -1.445705363352633697E+02
    2.21000000E+02      -1.439781904735453111E+02
    2.22000000E+02      -1.433792507488131207E+02
    2.23000000E+02      -1.427797023461050969E+02
    2.24000000E+02      -1.421680625838078242E+02
    2.25000000E+02      -1.415501256829909664E+02
    2.26000000E+02      -1.409261161205675137E+02
    2.27000000E+02      -1.402950816168766153E+02
    2.28000000E+02      -1.396591568962055874E+02
    2.29000000E+02      -1.390167990071084034E+02
    2.30000000E+02      -1.383683708384949398E+02
    2.31000000E+02      -1.377136147867738885E+02
    2.32000000E+02      -1.370545423042811137E+02
    2.33000000E+02      -1.363876855911537689E+02
    2.34000000E+02      -1.357152473738267702E+02
    2.35000000E+02      -1.350369342868532669E+02
    2.36000000E+02      -1.343526075876168591E+02
    2.37000000E+02      -1.336605531282573622E+02
    2.38000000E+02      -1.329650624648518544E+02
    2.39000000E+02      -1.322602821591160875E+02
    2.40000000E+02      -1.315502737830709350E+02
    2.41000000E+02      -1.308339917683358919E+02
    2.42000000E+02      -1.301122722721509319E+02
    2.43000000E+02      -1.293861497927307767E+02
    2.44000000E+02      -1.286510235043558907E+02
    2.45000000E+02      -1.279093216162025470E+02
    2.46000000E+02      -1.271627689870390583E+02
    2.47000000E+02      -1.264079635886325974E+02
    2.48000000E+02      -1.256487171447686393E+02
    2.49000000E+02      -1.248828695654253949E+02
    2.50000000E+02      -1.241109790667276371E+02
    2.51000000E+02      -1.233310967833119918E+02
    2.52000000E+02      -1.225470136406681974E+02
    2.53000000E+02      -1.217568146623987246E+02
    2.54000000E+02      -1.209581413630246658E+02
    2.55000000E+02      -1.201545778848547030E+02
    2.56000000E+02      -1.193438005799278159E+02
    2.57000000E+02      -1.185269505509957213E+02
    2.58000000E+02      -1.177027783340625007E+02
    2.59000000E+02      -1.168724670743420262E+02
    2.60000000E+02      -1.160353567656445790E+02
    2.61000000E+02      -1.151913107894677211E+02
    2.62000000E+02      -1.143402223151959021E+02
    2.63000000E+02      -1.134834459992441822E+02
    2.64000000E+02      -1.126205775356236387E+02
    2.65000000E+02      -1.117492561252172578E+02
    2.66000000E+02      -1.108730832764729399E+02
    2.67000000E+02      -1.099899458559546161E+02
    2.68000000E+02      -1.091006061793621171E+02
    2.69000000E+02      -1.082052223366070081E+02
    2.70000000E+02      -1.073018893476426143E+02
    2.71000000E+02      -1.063938662503230859E+02
    2.72000000E+02      -1.054787181804738481E+02
    2.73000000E+02      -1.045569114131237853E+02
    2.74000000E+02      -1.036289691443405587E+02
    2.75000000E+02      -1.026938848577290315E+02
    2.76000000E+02      -1.017527636068723638E+02
    2.77000000E+02      -1.008040621313582648E+02
    2.78000000E+02      -9.984668010522979387E+01
    2.79000000E+02      -9.888782062733913847E+01
    2.80000000E+02      -9.791916872587422915E+01
    2.81000000E+02      -9.694223469056557008E+01
    2.82000000E+02      -9.596093626533071586E+01
    2.83000000E+02      -9.497539472722816356E+01
    2.84000000E+02      -9.398552961510974058E+01
    2.85000000E+02      -9.298828888967069872E+01
    2.86000000E+02      -9.198458443119558581E+01
    2.87000000E+02      -9.097450837985049077E+01
    2.88000000E+02      -8.996118857388752588E+01
    2.89000000E+02      -8.894037403821381815E+01
    2.90000000E+02      -8.791713823963324614E+01
    2.91000000E+02      -8.688931435861992725E+01
    2.92000000E+02      -8.585778498955438920E+01
    2.93000000E+02      -8.481972926322738715E+01
    2.94000000E+02      -8.377756793567347415E+01
    2.95000000E+02      -8.273813517953637131E+01
    2.96000000E+02      -8.168828678343813010E+01
    2.97000000E+02      -8.063662571533019729E+01
    2.98000000E+02      -7.958206643190602847E+01
    2.99000000E+02      -7.852249403138081618E+01
    3.00000000E+02      -7.746201906216698774E+01
    3.01000000E+02      -7.639717420263583847E+01
    3.02000000E+02      -7.532886985948677250E+01
    3.03000000E+02      -7.425999880049745627E+01
    3.04000000E+02      -7.318880188468280323E+01
    3.05000000E+02      -7.211641038701306172E+01
    3.06000000E+02      -7.103999353203359135E+01
    3.07000000E+02      -6.996562018085639068E+01
    3.08000000E+02      -6.889103016167315729E+01
    3.09000000E+02      -6.781344969550515600E+01
    3.10000000E+02      -6.673558934711287804E+01
    3.11000000E+02      -6.565787727668318041E+01
    3.12000000E+02      -6.457874101636367925E+01
    3.13000000E+02      -6.349994164731721469E+01
    3.14000000E+02      -6.242182377798850723E+01
    3.15000000E+02      -6.134308664434026070E+01
    3.16000000E+02      -6.026587638564775773E+01
    3.17000000E+02      -5.918943148668292054E+01
    3.18000000E+02      -5.811234873047466465E+01
    3.19000000E+02      -5.703809015456023701E+01
    3.20000000E+02      -5.596252704298491665E+01
    3.21000000E+02      -5.489231792537863441E+01
    3.22000000E+02      -5.382372882429878302E+01
    3.23000000E+02      -5.275678068519006558E+01
    3.24000000E+02      -5.169321037645819672E+01
    3.25000000E+02      -5.063342213983084150E+01
    3.26000000E+02      -4.957742201586621889E+01
    3.27000000E+02      -4.852272784829507657E+01
    3.28000000E+02      -4.747559828011686989E+01
    3.29000000E+02      -4.643000362444105633E+01
    3.30000000E+02      -4.538567550134281703E+01
    3.31000000E+02      -4.434805020087766536E+01
    3.32000000E+02      -4.331555347729842254E+01
    3.33000000E+02      -4.228948300009029992E+01
    3.34000000E+02      -4.126761856887857505E+01
    3.35000000E+02      -4.025190664295475074E+01
    3.36000000E+02      -3.924405418968196102E+01
    3.37000000E+02      -3.823889749151091166E+01
    3.38000000E+02      -3.724225695527526625E+01
    3.39000000E+02      -3.625155253269146272E+01
    3.40000000E+02      -3.526911204171734937E+01
    3.41000000E+02      -3.429368104695710429E+01
    3.42000000E+02      -3.332689368006209918E+01
    3.43000000E+02      -3.236891016856203862E+01
    3.44000000E+02      -3.141350359798776992E+01
    3.45000000E+02      -3.046928492657276877E+01
    3.46000000E+02      -2.953900240062172600E+01
    3.47000000E+02      -2.861797509159329422E+01
    3.48000000E+02      -2.770296713712993153E+01
    3.49000000E+02      -2.680078137063789256E+01
    3.50000000E+02      -2.591012439763541408E+01
    3.51000000E+02      -2.502862728017750271E+01
    3.52000000E+02      -2.416413159951004275E+01
    3.53000000E+02      -2.330580620144861825E+01
    3.54000000E+02      -2.246231930007594713E+01
    3.55000000E+02      -2.162276403865213581E+01
    3.56000000E+02      -2.080606767654786893E+01
    3.57000000E+02      -1.999991861640843638E+01
    3.58000000E+02      -1.920364704382042476E+01
    3.59000000E+02      -1.842552097168187686E+01
    3.60000000E+02      -1.765940067314910777E+01
    3.61000000E+02      -1.690768968060980626E+01
    3.62000000E+02      -1.616838830735902377E+01
    3.63000000E+02      -1.544218212415832170E+01
    3.64000000E+02      -1.473393501600618549E+01
    3.65000000E+02      -1.403775230588759371E+01
    3.66000000E+02      -1.336468769077579566E+01
    3.67000000E+02      -1.270351562489192077E+01
    3.68000000E+02      -1.206979563998426386E+01
    3.69000000E+02      -1.144664034180711099E+01
    3.70000000E+02      -1.083893411330315359E+01
    3.71000000E+02      -1.025393948707166203E+01
    3.72000000E+02      -9.684750246148510655E+00
    3.73000000E+02      -9.131152557007922610E+00
    3.74000000E+02      -8.605037054078607639E+00
    3.75000000E+02      -8.091481490790798148E+00
    3.76000000E+02      -7.601455621918617567E+00
    3.77000000E+02      -7.135472380587785324E+00
    3.78000000E+02      -6.683270299373148760E+00
    3.79000000E+02      -6.253774717714591702E+00
    3.80000000E+02      -5.847913022184698661E+00
    3.81000000E+02      -5.469839508444025000E+00
    3.82000000E+02      -5.115410356115503987E+00
    3.83000000E+02      -4.772193291488989075E+00
    3.84000000E+02      -4.455844101294829329E+00
    3.85000000E+02      -4.167922655850603064E+00
    3.86000000E+02      -3.903977304030164408E+00
    3.87000000E+02      -3.660479990797071981E+00
    3.88000000E+02      -3.451108445910691547E+00
    3.89000000E+02      -3.259119171913667845E+00
    3.90000000E+02      -3.093963761147066283E+00
    3.91000000E+02      -2.955608035236551689E+00
    3.92000000E+02      -2.846680288234680223E+00
    3.93000000E+02      -2.760150264980226087E+00
    3.94000000E+02      -2.713042582416861581E+00
    3.95000000E+02      -2.690340357631399559E+00
    3.96000000E+02      -2.695848991427525210E+00
    3.97000000E+02      -2.726073220636650252E+00
    3.98000000E+02      -2.792469809096261191E+00
    3.99000000E+02      -2.882128835221707153E+00
    4.00000000E+02      -3.011338005805342721E+00
    4.01000000E+02      -3.160652404682665395E+00
    4.02000000E+02      -3.349301652781619953E+00
    4.03000000E+02      -3.577124728852837610E+00
    4.04000000E+02      -3.830364220574452805E+00
    4.05000000E+02      -4.123917597843288263E+00
    4.06000000E+02      -4.443899246429978689E+00
    4.07000000E+02      -4.809188542453526338E+00
    4.08000000E+02      -5.195677238315298041E+00
    4.09000000E+02      -5.621523918615608295E+00
    4.10000000E+02      -6.086889919390856107E+00
    4.11000000E+02      -6.596667270906223735E+00
    4.12000000E+02      -7.139438703222154459E+00
    4.13000000E+02      -7.719525745635806402E+00
    4.14000000E+02      -8.330485638029827555E+00
    4.15000000E+02      -8.980058999763755878E+00
    4.16000000E+02      -9.686872693508817633E+00
    4.17000000E+02      -1.042425028284448274E+01
    4.18000000E+02      -1.119924459819118567E+01
    4.19000000E+02      -1.201067951278197654E+01
    4.20000000E+02      -1.286180223574298509E+01
    4.21000000E+02      -1.376083008575621136E+01
    4.22000000E+02      -1.468773816459248849E+01
    4.23000000E+02      -1.566023837219360360E+01
    4.24000000E+02      -1.669432790743555017E+01
    4.25000000E+02      -1.777338443909208365E+01
    4.26000000E+02      -1.889214821023303159E+01
    4.27000000E+02      -2.005253847924429067E+01
    4.28000000E+02      -2.126648984829331823E+01
    4.29000000E+02      -2.251267628677557298E+01
    4.30000000E+02      -2.382045110481227823E+01
    4.31000000E+02      -2.517774941961648949E+01
    4.32000000E+02      -2.658763110314863809E+01
    4.33000000E+02      -2.804519147452334948E+01
    4.34000000E+02      -2.955186012041191645E+01
    4.35000000E+02      -3.109617845018762239E+01
    4.36000000E+02      -3.271387865956309327E+01
    4.37000000E+02      -3.437002095327149220E+01
    4.38000000E+02      -3.608028211354645975E+01
    4.39000000E+02      -3.785382485066908487E+01
    4.40000000E+02      -3.966874927611458190E+01
    4.41000000E+02      -4.154178703532922157E+01
    4.42000000E+02      -4.347435371511052438E+01
    4.43000000E+02      -4.545695088178287335E+01
    4.44000000E+02      -4.751534877487826236E+01
    4.45000000E+02      -4.961095641137468704E+01
    4.46000000E+02      -5.177024717236305662E+01
    4.47000000E+02      -5.398160158962379285E+01
    4.48000000E+02      -5.624233905857796856E+01
    4.49000000E+02      -5.857388349136705585E+01
    4.50000000E+02      -6.096308470869804808E+01
    4.51000000E+02      -6.341156528823445626E+01
    4.52000000E+02      -6.592728157600755878E+01
    4.53000000E+02      -6.849299584867800661E+01
    4.54000000E+02      -7.114225710186543949E+01
    4.55000000E+02      -7.384880291999685653E+01
    4.56000000E+02      -7.662468646283629425E+01
    4.57000000E+02      -7.947743604288804420E+01
    4.58000000E+02      -8.238100323736104258E+01
    4.59000000E+02      -8.536061033912370988E+01
    4.60000000E+02      -8.840176564015816041E+01
    4.61000000E+02      -9.151694084171573706E+01
    4.62000000E+02      -9.466150389940845855E+01
    4.63000000E+02      -9.790389995722468086E+01
    4.64000000E+02      -1.012188610388282228E+02
    4.65000000E+02      -1.045994147812332500E+02
    4.66000000E+02      -1.080455029956381310E+02
    4.67000000E+02      -1.115806393311675180E+02
    4.68000000E+02      -1.151556217188797433E+02
    4.69000000E+02      -1.188761130567024935E+02
    4.70000000E+02      -1.226076061176452328E+02
    4.71000000E+02      -1.264423063081074048E+02
    4.72000000E+02      -1.303609112061410826E+02
    4.73000000E+02      -1.343384780728108865E+02
    4.74000000E+02      -1.384190168357770574E+02
    4.75000000E+02      -1.425599850658643675E+02
    4.76000000E+02      -1.467891665988452417E+02
    4.77000000E+02      -1.510907819159645271E+02
    4.78000000E+02      -1.554913941563889068E+02
    4.79000000E+02      -1.599501768199577612E+02
    4.80000000E+02      -1.644984458948336226E+02
    4.81000000E+02      -1.691446436280700993E+02
    4.82000000E+02      -1.738728713640328181E+02
    4.83000000E+02      -1.786697706657312494E+02
    4.84000000E+02      -1.835505543668139410E+02
    4.85000000E+02      -1.885291714459042680E+02
    4.86000000E+02      -1.935955522281899732E+02
    4.87000000E+02      -1.987627286517843288E+02
    4.88000000E+02      -2.040113783956356031E+02
    4.89000000E+02      -2.093533037142213118E+02
    4.90000000E+02      -2.147780707828085554E+02
    4.91000000E+02      -2.203308543749469948E+02
    4.92000000E+02      -2.259314561831149888E+02
    4.93000000E+02      -2.316330606821309459E+02
    4.94000000E+02      -2.374085011796876472E+02
    4.95000000E+02      -2.433524959057420176E+02
    4.96000000E+02      -2.489857468128055018E+02
    4.97000000E+02      -2.435505340001280103E+02
    4.98000000E+02      -2.474978459986475912E+02
    4.99000000E+02      -2.577710335942417714E+02
    5.00000000E+02      -2.648552820453503500E+02
    5.01000000E+02      -2.770325163796394463E+02
    5.02000000E+02      -2.835922005439958866E+02
    5.03000000E+02      -2.902475282396505918E+02
    5.04000000E+02      -2.969694597516524937E+02
    5.05000000E+02      -3.038469819301124062E+02
    5.06000000E+02      -3.110045945812332775E+02
    5.07000000E+02      -3.180400452083292748E+02
    5.08000000E+02      -3.139130218722009431E+02
    5.09000000E+02      -3.359334968740902241E+02
    5.10000000E+02      -3.411724607723615463E+02
