    0.00000000E+00      -2.613945859026540006E+02
    1.00000000E+00      -2.606552787356454814E+02
    2.00000000E+00      -2.605724911497350718E+02
    3.00000000E+00      -2.608585127474185015E+02
    4.00000000E+00      -2.613952684568617428E+02
    5.00000000E+00      -2.621181301291476871E+02
    6.00000000E+00      -2.629862343928221549E+02
    7.00000000E+00      -2.639712472323704446E+02
    8.00000000E+00      -2.650523957948576594E+02
    9.00000000E+00      -2.662139044025357748E+02
    1.00000000E+01      -2.674432915494222129E+02
    1.10000000E+01      -2.687299506578970636E+02
    1.20000000E+01      -2.700653730834279145E+02
    1.30000000E+01      -2.714424816745709563E+02
    1.40000000E+01      -2.728554567288052226E+02
    1.50000000E+01      -2.742986908865537430E+02
    1.60000000E+01      -2.757670929346609796E+02
    1.70000000E+01      -2.772567661621984030E+02
    1.80000000E+01      -2.787635195547159697E+02
    1.90000000E+01      -2.802838456754948879E+02
    2.00000000E+01      -2.818145512909073318E+02
    2.10000000E+01      -2.833526005133431340E+02
    2.20000000E+01      -2.848948576472144509E+02
    2.30000000E+01      -2.864388838045675243E+02
    2.40000000E+01      -2.879820661105591739E+02
    2.50000000E+01      -2.895214655169662024E+02
    2.60000000E+01      -2.910547559650991047E+02
    2.70000000E+01      -2.925787185927297855E+02
    2.80000000E+01      -2.940913877914104546E+02
    2.90000000E+01      -2.955900563256259943E+02
    3.00000000E+01      -2.970723815293427492E+02
    3.10000000E+01      -2.985359647193368460E+02
    3.20000000E+01      -2.999787898313630308E+02
    3.30000000E+01      -3.013984446612562920E+02
    3.40000000E+01      -3.027939434362020279E+02
    3.50000000E+01      -3.041639104460742260E+02
    3.60000000E+01      -3.055076113262589956E+02
    3.70000000E+01      -3.068243348871733929E+02
    3.80000000E+01      -3.081134806767482246E+02
    3.90000000E+01      -3.093760487081859196E+02
    4.00000000E+01      -3.106124589912038232E+02
    4.10000000E+01      -3.118241514324586774E+02
    4.20000000E+01      -3.130110597608987177E+02
    4.30000000E+01      -3.141738815576214279E+02
    4.40000000E+01      -3.153146613466929580E+02
    4.50000000E+01      -3.164343616937663342E+02
    4.60000000E+01      -3.175334295801263238E+02
    4.70000000E+01      -3.186129270748611475E+02
    4.80000000E+01      -3.196740966963957931E+02
    4.90000000E+01      -3.207165608534965600E+02
    5.00000000E+01      -3.217419785194475139E+02
    5.10000000E+01      -3.227501212529282952E+02
    5.20000000E+01      -3.237421416066031838E+02
    5.30000000E+01      -3.247185396368991519E+02
    5.40000000E+01      -3.256793175184544111E+02
    5.50000000E+01      -3.266244000791016902E+02
    5.60000000E+01      -3.275544355971183563E+02
    5.70000000E+01      -3.284695034356232668E+02
    5.80000000E+01      -3.293704335790503706E+02
    5.90000000E+01      -3.302564228599335934E+02
    6.00000000E+01      -3.311281549458768154E+02
    6.10000000E+01      -3.319854096955064620E+02
    6.20000000E+01      -3.328280370061661984E+02
    6.30000000E+01      -3.336565274366553808E+02
    6.40000000E+01      -3.344703428757753159E+02
    6.50000000E+01      -3.352693957070264901E+02
    6.60000000E+01      -3.360543667584102536E+02
    6.70000000E+01      -3.368237028069239045E+02
    6.80000000E+01      -3.375793307426761771E+02
    6.90000000E+01      -3.383203448526006127E+02
    7.00000000E+01      -3.390464963995296443E+02
    7.10000000E+01      -3.397564924613948847E+02
    7.20000000E+01      -3.404516257269684161E+02
    7.30000000E+01      -3.411321240294169570E+02
    7.40000000E+01      -3.417968786334063793E+02
    7.50000000E+01      -3.424470695828463818E+02
    7.60000000E+01      -3.430823448988053883E+02
    7.70000000E+01      -3.437036497549530054E+02
    7.80000000E+01      -3.443100649647790874E+02
    7.90000000E+01      -3.449020329377058829E+02
    8.00000000E+01      -3.454798591927070106E+02
    8.10000000E+01      -3.460443895578760589E+02
    8.20000000E+01      -3.465943944764699722E+02
    8.30000000E+01      -3.471309802712317492E+02
    8.40000000E+01      -3.476554906264323677E+02
    8.50000000E+01      -3.481678715770509029E+02
    8.60000000E+01      -3.486676101799499179E+02
    8.70000000E+01      -3.491553411612663353E+02
    8.80000000E+01      -3.496321644995737756E+02
    8.90000000E+01      -3.500968421486582542E+02
    9.00000000E+01      -3.505510857420418347E+02
    9.10000000E+01      -3.509944966247681464E+02
    9.20000000E+01      -3.514269527712281729E+02
    9.30000000E+01      -3.518494312468361045E+02
    9.40000000E+01      -3.522621332452077354E+02
    9.50000000E+01      -3.526653599956449057E+02
    9.60000000E+01      -3.530585765669498528E+02
    9.70000000E+01      -3.534419629837762500E+02
    9.80000000E+01      -3.538163249425966228E+02
    9.90000000E+01      -3.541815161507952894E+02
    1.00000000E+02      -3.545379768398966576E+02
    1.01000000E+02      -3.548857283716466213E+02
    1.02000000E+02      -3.552243764804121042E+02
    1.03000000E+02      -3.555541137068908597E+02
    1.04000000E+02      -3.558753398650702024E+02
    1.05000000E+02      -3.561875469669144536E+02
    1.06000000E+02      -3.564901240480508591E+02
    1.07000000E+02      -3.567851701135192002E+02
    1.08000000E+02      -3.570704150789793516E+02
    1.09000000E+02      -3.573471590144004608E+02
    1.10000000E+02      -3.576154676543924893E+02
    1.11000000E+02      -3.578745179221410240E+02
    1.12000000E+02      -3.581247021410059119E+02
    1.13000000E+02      -3.583658089775968278E+02
    1.14000000E+02      -3.585970768391530896E+02
    1.15000000E+02      -3.588191457035396184E+02
    1.16000000E+02      -3.590312952272038842E+02
    1.17000000E+02      -3.592331731965210224E+02
    1.18000000E+02      -3.594254207665476883E+02
    1.19000000E+02      -3.596074193984646286E+02
    1.20000000E+02      -3.597786193022880639E+02
    1.21000000E+02      -3.599389994883354689E+02
    1.22000000E+02      -3.600875696538392390E+02
    1.23000000E+02      -3.602248450613956834E+02
    1.24000000E+02      -3.603505202618803764E+02
    1.25000000E+02      -3.604642722591202642E+02
    1.26000000E+02      -3.605653680719811405E+02
    1.27000000E+02      -3.606535433673676039E+02
    1.28000000E+02      -3.607286871428046311E+02
    1.29000000E+02      -3.607900279181454266E+02
    1.30000000E+02      -3.608371406191404844E+02
    1.31000000E+02      -3.608701300098005618E+02
    1.32000000E+02      -3.608879640291821147E+02
    1.33000000E+02      -3.608917074169408465E+02
    1.34000000E+02      -3.608799579849842871E+02
    1.35000000E+02      -3.608531486707184399E+02
    1.36000000E+02      -3.608094718133475567E+02
    1.37000000E+02      -3.607489867069203342E+02
    1.38000000E+02      -3.606726791968945349E+02
    1.39000000E+02      -3.605778948188204254E+02
    1.40000000E+02      -3.604659220905419375E+02
    1.41000000E+02      -3.603375475014004792E+02
    1.42000000E+02      -3.601911136096719588E+02
    1.43000000E+02      -3.600263439424712146E+02
    1.44000000E+02      -3.598441906355697597E+02
    1.45000000E+02      -3.596451397024471248E+02
    1.46000000E+02      -3.594285354128483618E+02
    1.47000000E+02      -3.591955061348531331E+02
    1.48000000E+02      -3.589459632549811090E+02
    1.49000000E+02      -3.586812758448909904E+02
    1.50000000E+02      -3.584010600734878267E+02
    1.51000000E+02      -3.581059934448826994E+02
    1.52000000E+02      -3.577997173395384038E+02
    1.53000000E+02      -3.574788137360852147E+02
    1.54000000E+02      -3.571464574014212872E+02
    1.55000000E+02      -3.568032958426888968E+02
    1.56000000E+02      -3.564485725107047642E+02
    1.57000000E+02      -3.560846384776201035E+02
    1.58000000E+02      -3.557123060914132679E+02
    1.59000000E+02      -3.553308239088769938E+02
    1.60000000E+02      -3.549420193613883043E+02
    1.61000000E+02      -3.545454976166043366E+02
    1.62000000E+02      -3.541412483820136572E+02
    1.63000000E+02      -3.537308950283009494E+02
    1.64000000E+02      -3.533134423716369952E+02
    1.65000000E+02      -3.528908195070367242E+02
    1.66000000E+02      -3.524623233092393662E+02
    1.67000000E+02      -3.520279217137399996E+02
    1.68000000E+02      -3.515880927078802074E+02
    1.69000000E+02      -3.511435335710089589E+02
    1.70000000E+02      -3.506932848695110465E+02
    1.71000000E+02      -3.502385888344984437E+02
    1.72000000E+02      -3.497792818135026778E+02
    1.73000000E+02      -3.493150948293883289E+02
    1.74000000E+02      -3.488466238773804093E+02
    1.75000000E+02      -3.483742592268068279E+02
    1.76000000E+02      -3.478970202862661267E+02
    1.77000000E+02      -3.474164599988985742E+02
    1.78000000E+02      -3.469326691337305988E+02
    1.79000000E+02      -3.464442746004465903E+02
    1.80000000E+02      -3.459520920467007841E+02
    1.81000000E+02      -3.454564078513909067E+02
    1.82000000E+02      -3.449573930747251893E+02
    1.83000000E+02      -3.444539220885749842E+02
    1.84000000E+02      -3.439472382178906287E+02
    1.85000000E+02      -3.434373724403235997E+02
    1.86000000E+02      -3.429247608043629612E+02
    1.87000000E+02      -3.424087186645161296E+02
    1.88000000E+02      -3.418891124518964375E+02
    1.89000000E+02      -3.413669876086901809E+02
    1.90000000E+02      -3.408406109114553715E+02
    1.91000000E+02      -3.403118050380986119E+02
    1.92000000E+02      -3.397795476190190698E+02
    1.93000000E+02      -3.392444047274444188E+02
    1.94000000E+02      -3.387062016230452741E+02
    1.95000000E+02      -3.381651705348309065E+02
    1.96000000E+02      -3.376209657605182315E+02
    1.97000000E+02      -3.370734631026539887E+02
    1.98000000E+02      -3.365232479920055653E+02
    1.99000000E+02      -3.359704644981216575E+02
    2.00000000E+02      -3.354143659671213413E+02
    2.01000000E+02      -3.348543317265253449E+02
    2.02000000E+02      -3.342913627250496234E+02
    2.03000000E+02      -3.337259161531370069E+02
    2.04000000E+02      -3.331567988333668495E+02
    2.05000000E+02      -3.325858076390255178E+02
    2.06000000E+02      -3.320110934454392577E+02
    2.07000000E+02      -3.314342389161143387E+02
    2.08000000E+02      -3.308538263135965849E+02
    2.09000000E+02      -3.302702164871994341E+02
    2.10000000E+02      -3.296836775986853922E+02
    2.11000000E+02      -3.290933473187874938E+02
    2.12000000E+02      -3.285006456941742385E+02
    2.13000000E+02      -3.279041114783290709E+02
    2.14000000E+02      -3.273054398664649511E+02
    2.15000000E+02      -3.267028803912367607E+02
    2.16000000E+02      -3.260975082855116511E+02
    2.17000000E+02      -3.254887085774358297E+02
    2.18000000E+02      -3.248760166827965463E+02
    2.19000000E+02      -3.242595139977898384E+02
    2.20000000E+02      -3.236394461829591478E+02
    2.21000000E+02      -3.230160947878289903E+02
    2.22000000E+02      -3.223892414484549249E+02
    2.23000000E+02      -3.217582600799765373E+02
    2.24000000E+02      -3.211239855320569063E+02
    2.25000000E+02      -3.204850664970841194E+02
    2.26000000E+02      -3.198418873528394784E+02
    2.27000000E+02      -3.191935695962425257E+02
    2.28000000E+02      -3.185414483438622142E+02
    2.29000000E+02      -3.178814134545069123E+02
    2.30000000E+02      -3.172167981959324266E+02
    2.31000000E+02      -3.165481212263371731E+02
    2.32000000E+02      -3.158737170224454189E+02
    2.33000000E+02      -3.151914400931823934E+02
    2.34000000E+02      -3.145011794956777180E+02
    2.35000000E+02      -3.138049408396150852E+02
    2.36000000E+02      -3.131006192675236548E+02
    2.37000000E+02      -3.123881943894926394E+02
    2.38000000E+02      -3.116635555348735238E+02
    2.39000000E+02      -3.109301909225437726E+02
    2.40000000E+02      -3.101862575461532856E+02
    2.41000000E+02      -3.094292791312005306E+02
    2.42000000E+02      -3.086614624013569141E+02
    2.43000000E+02      -3.078782701462883438E+02
    2.44000000E+02      -3.070789938497733260E+02
    2.45000000E+02      -3.062651058331508125E+02
    2.46000000E+02      -3.054336467621292854E+02
    2.47000000E+02      -3.045832174349021102E+02
    2.48000000E+02      -3.037151376659426774E+02
    2.49000000E+02      -3.028265179668929363E+02
    2.50000000E+02      -3.019204977572340454E+02
    2.51000000E+02      -3.009949697436209703E+02
    2.52000000E+02      -3.000509228579144860E+02
    2.53000000E+02      -2.990887221436392451E+02
    2.54000000E+02      -2.981062366239171411E+02
    2.55000000E+02      -2.971061246025752212E+02
    2.56000000E+02      -2.960910444532897259E+02
    2.57000000E+02      -2.950584974403869296E+02
    2.58000000E+02      -2.940107577767599309E+02
    2.59000000E+02      -2.929460564584847475E+02
    2.60000000E+02      -2.918672756788697029E+02
    2.61000000E+02      -2.907721763163249875E+02
    2.62000000E+02      -2.896612756641957844E+02
    2.63000000E+02      -2.885392981626469577E+02
    2.64000000E+02      -2.874010015673380281E+02
    2.65000000E+02      -2.862467816116664494E+02
    2.66000000E+02      -2.850863647557239915E+02
    2.67000000E+02      -2.839127860505510057E+02
    2.68000000E+02      -2.827286430479403521E+02
    2.69000000E+02      -2.815343417398076440E+02
    2.70000000E+02      -2.803262969118919159E+02
    2.71000000E+02      -2.791100809540044452E+02
    2.72000000E+02      -2.778821436081457819E+02
    2.73000000E+02      -2.766455112107474292E+02
    2.74000000E+02      -2.753989060822319175E+02
    2.75000000E+02      -2.741433222581077302E+02
    2.76000000E+02      -2.728763845803592289E+02
    2.77000000E+02      -2.716035933707285608E+02
    2.78000000E+02      -2.703200610604513372E+02
    2.79000000E+02      -2.690264958123121346E+02
    2.80000000E+02      -2.677257412679869617E+02
    2.81000000E+02      -2.664166982740539993E+02
    2.82000000E+02      -2.650956776322241808E+02
    2.83000000E+02      -2.637674164970781590E+02
    2.84000000E+02      -2.624306091813746775E+02
    2.85000000E+02      -2.610866486200507666E+02
    2.86000000E+02      -2.597337989423800195E+02
    2.87000000E+02      -2.583718754750121320E+02
    2.88000000E+02      -2.570018789869178022E+02
    2.89000000E+02      -2.556227972058955515E+02
    2.90000000E+02      -2.542331091629717434E+02
    2.91000000E+02      -2.528373214833814586E+02
    2.92000000E+02      -2.514291226471219147E+02
    2.93000000E+02      -2.500139877496663416E+02
    2.94000000E+02      -2.485883081637699092E+02
    2.95000000E+02      -2.471473766796667064E+02
    2.96000000E+02      -2.456985562214072729E+02
    2.97000000E+02      -2.442453320648897375E+02
    2.98000000E+02      -2.427765892062712396E+02
    2.99000000E+02      -2.413019652611952210E+02
    3.00000000E+02      -2.398119731949087168E+02
    3.01000000E+02      -2.383123739625703479E+02
    3.02000000E+02      -2.367996828354339982E+02
    3.03000000E+02      -2.352762576014179672E+02
    3.04000000E+02      -2.337358622721772576E+02
    3.05000000E+02      -2.321898014841977442E+02
    3.06000000E+02      -2.306293696876060153E+02
    3.07000000E+02      -2.290546722014810825E+02
    3.08000000E+02      -2.274620112561065639E+02
    3.09000000E+02      -2.258593307978849793E+02
    3.10000000E+02      -2.242411441885311092E+02
    3.11000000E+02      -2.226134191070128168E+02
    3.12000000E+02      -2.209715986241031374E+02
    3.13000000E+02      -2.193139661940190877E+02
    3.14000000E+02      -2.176432562748346413E+02
    3.15000000E+02      -2.159537890212055231E+02
    3.16000000E+02      -2.142526678222607757E+02
    3.17000000E+02      -2.125366041877683188E+02
    3.18000000E+02      -2.108066007181446935E+02
    3.19000000E+02      -2.090616148261729563E+02
    3.20000000E+02      -2.073070865155573870E+02
    3.21000000E+02      -2.055339938824441219E+02
    3.22000000E+02      -2.037514519578222121E+02
    3.23000000E+02      -2.019512310278046812E+02
    3.24000000E+02      -2.001326536460224474E+02
    3.25000000E+02      -1.983015048125203634E+02
    3.26000000E+02      -1.964555957637172128E+02
    3.27000000E+02      -1.945979891268912638E+02
    3.28000000E+02      -1.927240375986698950E+02
    3.29000000E+02      -1.908321622124317969E+02
    3.30000000E+02      -1.889161574717987264E+02
    3.31000000E+02      -1.869904564761932875E+02
    3.32000000E+02      -1.850449904420789267E+02
    3.33000000E+02      -1.830733181292567338E+02
    3.34000000E+02      -1.810865175792392279E+02
    3.35000000E+02      -1.790774647335898067E+02
    3.36000000E+02      -1.770491370650384511E+02
    3.37000000E+02      -1.749939161816988076E+02
    3.38000000E+02      -1.729117121429558779E+02
    3.39000000E+02      -1.708099294415119971E+02
    3.40000000E+02      -1.686828963014673377E+02
    3.41000000E+02      -1.665315689140375639E+02
    3.42000000E+02      -1.643574055236209119E+02
    3.43000000E+02      -1.621684124747667397E+02
    3.44000000E+02      -1.599650495143983449E+02
    3.45000000E+02      -1.577405685627277876E+02
    3.46000000E+02      -1.554980005573857511E+02
    3.47000000E+02      -1.532424906793426658E+02
    3.48000000E+02      -1.509799716904204274E+02
    3.49000000E+02      -1.487024378789033676E+02
    3.50000000E+02      -1.464183569525744701E+02
    3.51000000E+02      -1.441356621313285018E+02
    3.52000000E+02      -1.418418125583235110E+02
    3.53000000E+02      -1.395484687414396490E+02
    3.54000000E+02      -1.372524799009229923E+02
    3.55000000E+02      -1.349514995201867009E+02
    3.56000000E+02      -1.326529442778233374E+02
    3.57000000E+02      -1.303514777392525161E+02
    3.58000000E+02      -1.280510585083071078E+02
    3.59000000E+02      -1.257583975613493550E+02
    3.60000000E+02      -1.234606008425731289E+02
    3.61000000E+02      -1.211661628199186254E+02
    3.62000000E+02      -1.188744752214666534E+02
    3.63000000E+02      -1.165877250315066505E+02
    3.64000000E+02      -1.143089347447644997E+02
    3.65000000E+02      -1.120388015260364938E+02
    3.66000000E+02      -1.097722604734268117E+02
    3.67000000E+02      -1.075081395388957191E+02
    3.68000000E+02      -1.052530079780522811E+02
    3.69000000E+02      -1.030032940016504455E+02
    3.70000000E+02      -1.007654441528398621E+02
    3.71000000E+02      -9.853816863367372036E+01
    3.72000000E+02      -9.631975686209314347E+01
    3.73000000E+02      -9.411865991897919059E+01
    3.74000000E+02      -9.192366627169811011E+01
    3.75000000E+02      -8.973785872370042682E+01
    3.76000000E+02      -8.756088412351944328E+01
    3.77000000E+02      -8.540619028391354561E+01
    3.78000000E+02      -8.325487155452408672E+01
    3.79000000E+02      -8.112091728657522083E+01
    3.80000000E+02      -7.899997740689703107E+01
    3.81000000E+02      -7.690291765596755624E+01
    3.82000000E+02      -7.481484555205368281E+01
    3.83000000E+02      -7.274106730505862117E+01
    3.84000000E+02      -7.069083487134464860E+01
    3.85000000E+02      -6.866632868753784180E+01
    3.86000000E+02      -6.664453033203297139E+01
    3.87000000E+02      -6.465040564382486821E+01
    3.88000000E+02      -6.267776030007787824E+01
    3.89000000E+02      -6.071479836883061409E+01
    3.90000000E+02      -5.878053832085841179E+01
    3.91000000E+02      -5.685740537367799163E+01
    3.92000000E+02      -5.495677904676684022E+01
    3.93000000E+02      -5.307852331999727369E+01
    3.94000000E+02      -5.122650698138438941E+01
    3.95000000E+02      -4.939391286376901746E+01
    3.96000000E+02      -4.759020926136561513E+01
    3.97000000E+02      -4.581558186126910925E+01
    3.98000000E+02      -4.405585319487416029E+01
    3.99000000E+02      -4.232307064984031797E+01
    4.00000000E+02      -4.062699921926521540E+01
    4.01000000E+02      -3.895848561622240425E+01
    4.02000000E+02      -3.731111884195395589E+01
    4.03000000E+02      -3.569434495627918125E+01
    4.04000000E+02      -3.410283437076994062E+01
    4.05000000E+02      -3.253743600178547979E+01
    4.06000000E+02      -3.101710497805886391E+01
    4.07000000E+02      -2.952262902943455103E+01
    4.08000000E+02      -2.806313232457302931E+01
    4.09000000E+02      -2.662863928018175486E+01
    4.10000000E+02      -2.522066754134409550E+01
    4.11000000E+02      -2.385504816457666877E+01
    4.12000000E+02      -2.252576192779504183E+01
    4.13000000E+02      -2.124038860186972144E+01
    4.14000000E+02      -1.998173190359063867E+01
    4.15000000E+02      -1.876598288802467707E+01
    4.16000000E+02      -1.759551074760072353E+01
    4.17000000E+02      -1.645481501691081050E+01
    4.18000000E+02      -1.536445513166524890E+01
    4.19000000E+02      -1.428707719253413799E+01
    4.20000000E+02      -1.323921258080788377E+01
    4.21000000E+02      -1.224830941561647180E+01
    4.22000000E+02      -1.130855742175169709E+01
    4.23000000E+02      -1.039166947066821578E+01
    4.24000000E+02      -9.529942072779316931E+00
    4.25000000E+02      -8.718472475037355451E+00
    4.26000000E+02      -7.949838142693419485E+00
    4.27000000E+02      -7.228074899260331421E+00
    4.28000000E+02      -6.556602352615822582E+00
    4.29000000E+02      -5.927419508193064956E+00
    4.30000000E+02      -5.343920824900646238E+00
    4.31000000E+02      -4.819477157518644361E+00
    4.32000000E+02      -4.319137183800716429E+00
    4.33000000E+02      -3.878513810541857509E+00
    4.34000000E+02      -3.503952905387063055E+00
    4.35000000E+02      -3.176399110202122955E+00
    4.36000000E+02      -2.887740431204814939E+00
    4.37000000E+02      -2.662874092664946346E+00
    4.38000000E+02      -2.516743639801074295E+00
    4.39000000E+02      -2.406814656537402897E+00
    4.40000000E+02      -2.357187736165155201E+00
    4.41000000E+02      -2.366399697810788183E+00
    4.42000000E+02      -2.437936773375053434E+00
    4.43000000E+02      -2.561479763444889812E+00
    4.44000000E+02      -2.728198002875227957E+00
    4.45000000E+02      -2.948559882436324386E+00
    4.46000000E+02      -3.235471858494360475E+00
    4.47000000E+02      -3.585169857219238310E+00
    4.48000000E+02      -4.032946752701331405E+00
    4.49000000E+02      -4.497944738101590900E+00
    4.50000000E+02      -5.054020658452440529E+00
    4.51000000E+02      -5.689748209286857872E+00
    4.52000000E+02      -6.370401595570523767E+00
    4.53000000E+02      -7.106008105762679605E+00
    4.54000000E+02      -7.907726697009433536E+00
    4.55000000E+02      -8.793558197878677873E+00
    4.56000000E+02      -9.737333354857195644E+00
    4.57000000E+02      -1.076212803678624752E+01
    4.58000000E+02      -1.186401986734979275E+01
    4.59000000E+02      -1.303559853121675971E+01
    4.60000000E+02      -1.429059452129565599E+01
    4.61000000E+02      -1.559890981236510399E+01
    4.62000000E+02      -1.700298995696045878E+01
    4.63000000E+02      -1.844353397548236373E+01
    4.64000000E+02      -2.000954302199222568E+01
    4.65000000E+02      -2.165416263401546004E+01
    4.66000000E+02      -2.332760894702785137E+01
    4.67000000E+02      -2.510337977748401883E+01
    4.68000000E+02      -2.695791840864383104E+01
    4.69000000E+02      -2.889003890365399840E+01
    4.70000000E+02      -3.089380375979505899E+01
    4.71000000E+02      -3.302436435766556144E+01
    4.72000000E+02      -3.523024893676900149E+01
    4.73000000E+02      -3.751031378129535199E+01
    4.74000000E+02      -3.989531232168936015E+01
    4.75000000E+02      -4.235034054363184453E+01
    4.76000000E+02      -4.489838915582784296E+01
    4.77000000E+02      -4.753230580532961369E+01
    4.78000000E+02      -5.029293672353067279E+01
    4.79000000E+02      -5.310115545880087495E+01
    4.80000000E+02      -5.604862023176663399E+01
    4.81000000E+02      -5.907188148129769445E+01
    4.82000000E+02      -6.219423768281974674E+01
    4.83000000E+02      -6.540123534001448036E+01
    4.84000000E+02      -6.867079550338947058E+01
    4.85000000E+02      -7.203818416021802307E+01
    4.86000000E+02      -7.561296558458396078E+01
    4.87000000E+02      -7.913639927268066288E+01
    4.88000000E+02      -8.242977858814681724E+01
    4.89000000E+02      -8.722725789333033219E+01
    4.90000000E+02      -9.259045371631198407E+01
    4.91000000E+02      -9.319020893927934424E+01
    4.92000000E+02      -9.482765668476038456E+01
    4.93000000E+02      -9.733500835051798106E+01
    4.94000000E+02      -1.020636575467329550E+02
    4.95000000E+02      -1.026771861764978695E+02
    4.96000000E+02      -1.065215252417516041E+02
    4.97000000E+02      -1.070909195526879358E+02
    4.98000000E+02      -1.073612305823158550E+02
    4.99000000E+02      -1.066380441191982555E+02
    5.00000000E+02      -1.053633599321734238E+02
    5.01000000E+02      -1.049344474236391562E+02
    5.02000000E+02      -1.072915004901847880E+02
    5.03000000E+02      -1.072351230057216327E+02
    5.04000000E+02      -1.071518294020466584E+02
    5.05000000E+02      -1.071852691670324731E+02
    5.06000000E+02      -1.073028896812725890E+02
    5.07000000E+02      -1.075892109413076270E+02
    5.08000000E+02      -1.077081800683777857E+02
    5.09000000E+02      -1.194174452911507416E+02
    5.10000000E+02      -1.260420514460098076E+02
