    0.00000000E+00       1.291122325912205992E-10
    1.00000000E+00      -6.057398725291979766E-04
    2.00000000E+00      -3.836881125841462570E-02
    3.00000000E+00      -1.133074755361372504E-01
    4.00000000E+00      -2.256967405342455990E-01
    5.00000000E+00      -3.755112680707519690E-01
    6.00000000E+00      -5.630323338936370492E-01
    7.00000000E+00      -7.882937866248393988E-01
    8.00000000E+00      -1.051336356652663895E+00
    9.00000000E+00      -1.352459228388936952E+00
    1.00000000E+01      -1.691865547999816144E+00
    1.10000000E+01      -2.069495293509437062E+00
    1.20000000E+01      -2.485872143024730807E+00
    1.30000000E+01      -2.940446921294991078E+00
    1.40000000E+01      -3.434063965904050164E+00
    1.50000000E+01      -3.966771245876185681E+00
    1.60000000E+01      -4.538296885154355920E+00
    1.70000000E+01      -5.149441836098812786E+00
    1.80000000E+01      -5.799892887064158842E+00
    1.90000000E+01      -6.490625161742707760E+00
    2.00000000E+01      -7.220832634204191969E+00
    2.10000000E+01      -7.991414924772501038E+00
    2.20000000E+01      -8.802582484195387025E+00
    2.30000000E+01      -9.654366645867568764E+00
    2.40000000E+01      -1.054672050917793058E+01
    2.50000000E+01      -1.148117284021103401E+01
    2.60000000E+01      -1.245617477953132735E+01
    2.70000000E+01      -1.347181966261073427E+01
    2.80000000E+01      -1.453083627296463476E+01
    2.90000000E+01      -1.563089725238270944E+01
    3.00000000E+01      -1.677310742691587819E+01
    3.10000000E+01      -1.795760824874639638E+01
    3.20000000E+01      -1.918524392186546379E+01
    3.30000000E+01      -2.045580585264289653E+01
    3.40000000E+01      -2.176942150760069694E+01
    3.50000000E+01      -2.312630846162147691E+01
    3.60000000E+01      -2.452684009217094285E+01
    3.70000000E+01      -2.597355230835094630E+01
    3.80000000E+01      -2.746177807870589049E+01
    3.90000000E+01      -2.899434558615462265E+01
    4.00000000E+01      -3.057307091709390079E+01
    4.10000000E+01      -3.219774023049274092E+01
    4.20000000E+01      -3.386894209071147088E+01
    4.30000000E+01      -3.558520822433860076E+01
    4.40000000E+01      -3.734720115525021811E+01
    4.50000000E+01      -3.915888906426403082E+01
    4.60000000E+01      -4.101643705356582359E+01
    4.70000000E+01      -4.292444414244653217E+01
    4.80000000E+01      -4.488031047794629558E+01
    4.90000000E+01      -4.688746953805741668E+01
    5.00000000E+01      -4.894747143594804584E+01
    5.10000000E+01      -5.105827040194071742E+01
    5.20000000E+01      -5.322436778453561601E+01
    5.30000000E+01      -5.544723524145888405E+01
    5.40000000E+01      -5.772333930717968542E+01
    5.50000000E+01      -6.005584505193542100E+01
    5.60000000E+01      -6.244485800791539987E+01
    5.70000000E+01      -6.488971268076215893E+01
    5.80000000E+01      -6.739535038259441535E+01
    5.90000000E+01      -6.995398319348669247E+01
    6.00000000E+01      -7.256691006438700242E+01
    6.10000000E+01      -7.523779142972921363E+01
    6.20000000E+01      -7.796159636171387319E+01
    6.30000000E+01      -8.074048183424338276E+01
    6.40000000E+01      -8.356685044250684768E+01
    6.50000000E+01      -8.644609370418856997E+01
    6.60000000E+01      -8.936873306821701135E+01
    6.70000000E+01      -9.233502238741914425E+01
    6.80000000E+01      -9.534650383784878613E+01
    6.90000000E+01      -9.840265007549169241E+01
    7.00000000E+01      -1.015043537252333863E+02
    7.10000000E+01      -1.046352685465172385E+02
    7.20000000E+01      -1.078062310690016830E+02
    7.30000000E+01      -1.110234398300794965E+02
    7.40000000E+01      -1.142698284374515652E+02
    7.50000000E+01      -1.175503899520491728E+02
    7.60000000E+01      -1.208592826192477929E+02
    7.70000000E+01      -1.241999693794628854E+02
    7.80000000E+01      -1.275788955671140457E+02
    7.90000000E+01      -1.309763794795692320E+02
    8.00000000E+01      -1.344059832424464389E+02
    8.10000000E+01      -1.378544845097318330E+02
    8.20000000E+01      -1.413366961096256773E+02
    8.30000000E+01      -1.448363618978695513E+02
    8.40000000E+01      -1.483639448084202286E+02
    8.50000000E+01      -1.519128431609595964E+02
    8.60000000E+01      -1.554839234598202893E+02
    8.70000000E+01      -1.590784591977371747E+02
    8.80000000E+01      -1.626994722711719987E+02
    8.90000000E+01      -1.663416248468561207E+02
    9.00000000E+01      -1.700086428724237066E+02
    9.10000000E+01      -1.736969825099947684E+02
    9.20000000E+01      -1.774040788148099637E+02
    9.30000000E+01      -1.811308186477385789E+02
    9.40000000E+01      -1.848787528232865043E+02
    9.50000000E+01      -1.886540445315006309E+02
    9.60000000E+01      -1.924265030743808893E+02
    9.70000000E+01      -1.962311099853968699E+02
    9.80000000E+01      -2.000670450506681846E+02
    9.90000000E+01      -2.039168008765291233E+02
    1.00000000E+02      -2.077751017140099066E+02
    1.01000000E+02      -2.116486703479495191E+02
    1.02000000E+02      -2.155474845891053519E+02
    1.03000000E+02      -2.194597182030001932E+02
    1.04000000E+02      -2.234037836180627892E+02
    1.05000000E+02      -2.273512496140583607E+02
    1.06000000E+02      -2.313291461831709057E+02
    1.07000000E+02      -2.353088082501412828E+02
    1.08000000E+02      -2.392927852161956253E+02
    1.09000000E+02      -2.432968090728982133E+02
    1.10000000E+02      -2.473273593899261869E+02
    1.11000000E+02      -2.513836389077773674E+02
    1.12000000E+02      -2.554220375470513318E+02
    1.13000000E+02      -2.595112856206915239E+02
    1.14000000E+02      -2.635940377605543290E+02
    1.15000000E+02      -2.677001456021835111E+02
    1.16000000E+02      -2.718168713975937862E+02
    1.17000000E+02      -2.759561559729527289E+02
    1.18000000E+02      -2.801164670101165939E+02
    1.19000000E+02      -2.843108209946294664E+02
    1.20000000E+02      -2.884756547587867317E+02
    1.21000000E+02      -2.926902743604946409E+02
    1.22000000E+02      -2.969028537700287416E+02
    1.23000000E+02      -3.011316214006892551E+02
    1.24000000E+02      -3.053811371794536171E+02
    1.25000000E+02      -3.096490322053655291E+02
    1.26000000E+02      -3.139368800152446966E+02
    1.27000000E+02      -3.182511935518987229E+02
    1.28000000E+02      -3.225727180983230937E+02
    1.29000000E+02      -3.269124128298312826E+02
    1.30000000E+02      -3.312679912783387408E+02
    1.31000000E+02      -3.356485714218470093E+02
    1.32000000E+02      -3.400316874920385999E+02
    1.33000000E+02      -3.444153266497373806E+02
    1.34000000E+02      -3.488445463140892571E+02
    1.35000000E+02      -3.532714814768505676E+02
    1.36000000E+02      -3.577335057010559467E+02
    1.37000000E+02      -3.621950344850774854E+02
    1.38000000E+02      -3.666793663473699780E+02
    1.39000000E+02      -3.711778155198126115E+02
    1.40000000E+02      -3.756851411585957976E+02
    1.41000000E+02      -3.802253124026938167E+02
    1.42000000E+02      -3.847761788589914431E+02
    1.43000000E+02      -3.893625391041005059E+02
    1.44000000E+02      -3.939549240184287555E+02
    1.45000000E+02      -3.985327006223387798E+02
    1.46000000E+02      -4.031447305358497033E+02
    1.47000000E+02      -4.077760185572196860E+02
    1.48000000E+02      -4.124325482664080482E+02
    1.49000000E+02      -4.171117752441987250E+02
    1.50000000E+02      -4.218053037008639876E+02
    1.51000000E+02      -4.265021041699137641E+02
    1.52000000E+02      -4.313422398845814314E+02
    1.53000000E+02      -4.360519893119890185E+02
    1.54000000E+02      -4.407830610114542651E+02
    1.55000000E+02      -4.456051146931285984E+02
    1.56000000E+02      -4.503818645808578367E+02
    1.57000000E+02      -4.551765517952899245E+02
    1.58000000E+02      -4.599774786604693873E+02
    1.59000000E+02      -4.647897820186617537E+02
    1.60000000E+02      -4.696023230250602865E+02
    1.61000000E+02      -4.744244141916333319E+02
    1.62000000E+02      -4.792610169139643403E+02
    1.63000000E+02      -4.841151688214749811E+02
    1.64000000E+02      -4.889676045153064479E+02
    1.65000000E+02      -4.938466594206765876E+02
    1.66000000E+02      -4.987220927562439101E+02
    1.67000000E+02      -5.036118958802844645E+02
    1.68000000E+02      -5.084921413834799750E+02
    1.69000000E+02      -5.134115757812924130E+02
    1.70000000E+02      -5.182860458680570446E+02
    1.71000000E+02      -5.231751505843949417E+02
    1.72000000E+02      -5.280821563576882909E+02
    1.73000000E+02      -5.329880324615633072E+02
    1.74000000E+02      -5.379268724110424955E+02
    1.75000000E+02      -5.428140719687526143E+02
    1.76000000E+02      -5.477405566729357815E+02
    1.77000000E+02      -5.526749855117159314E+02
    1.78000000E+02      -5.575816601649594304E+02
    1.79000000E+02      -5.624822629378686543E+02
    1.80000000E+02      -5.673822955440718943E+02
    1.81000000E+02      -5.722621782819915097E+02
    1.82000000E+02      -5.771584585485070420E+02
    1.83000000E+02      -5.820632127502030926E+02
    1.84000000E+02      -5.869348503620158226E+02
    1.85000000E+02      -5.918185828961109110E+02
    1.86000000E+02      -5.967093372615981934E+02
    1.87000000E+02      -6.015903458109874009E+02
    1.88000000E+02      -6.064575803145635291E+02
    1.89000000E+02      -6.113279246054685245E+02
    1.90000000E+02      -6.161958604632104652E+02
    1.91000000E+02      -6.210554826948746268E+02
    1.92000000E+02      -6.259244846356768903E+02
    1.93000000E+02      -6.307962904145297216E+02
    1.94000000E+02      -6.356634873670959678E+02
    1.95000000E+02      -6.405123821847996624E+02
    1.96000000E+02      -6.453880216564716648E+02
    1.97000000E+02      -6.502671151175472914E+02
    1.98000000E+02      -6.551399548394824706E+02
    1.99000000E+02      -6.600301389321903116E+02
    2.00000000E+02      -6.649199640231877311E+02
    2.01000000E+02      -6.698361072595425867E+02
    2.02000000E+02      -6.747690038832674873E+02
    2.03000000E+02      -6.797095018646850804E+02
    2.04000000E+02      -6.846672886565402223E+02
    2.05000000E+02      -6.896187544415192860E+02
    2.06000000E+02      -6.946020626581062061E+02
    2.07000000E+02      -6.996004538744969068E+02
    2.08000000E+02      -7.046150701313122227E+02
    2.09000000E+02      -7.096511083111590779E+02
    2.10000000E+02      -7.147445540900912420E+02
    2.11000000E+02      -7.198367871848386130E+02
    2.12000000E+02      -7.249422551772368024E+02
    2.13000000E+02      -7.300843657207274191E+02
    2.14000000E+02      -7.352412029201982477E+02
    2.15000000E+02      -7.404481275382545391E+02
    2.16000000E+02      -7.456790164062445001E+02
    2.17000000E+02      -7.509302538715710398E+02
    2.18000000E+02      -7.562036424278376217E+02
    2.19000000E+02      -7.615055813213880356E+02
    2.20000000E+02      -7.668515603980999913E+02
    2.21000000E+02      -7.722012056894291163E+02
    2.22000000E+02      -7.775779193988682891E+02
    2.23000000E+02      -7.831000987883217022E+02
    2.24000000E+02      -7.885224463666236261E+02
    2.25000000E+02      -7.939396507244159693E+02
    2.26000000E+02      -7.993834977975257061E+02
    2.27000000E+02      -8.048257924240260763E+02
    2.28000000E+02      -8.103003580420127037E+02
    2.29000000E+02      -8.157827414917842361E+02
    2.30000000E+02      -8.212794101642475653E+02
    2.31000000E+02      -8.267645872634066109E+02
    2.32000000E+02      -8.323188554955950167E+02
    2.33000000E+02      -8.378421938009578298E+02
    2.34000000E+02      -8.434028021170820466E+02
    2.35000000E+02      -8.489944511508583673E+02
    2.36000000E+02      -8.545935882243725246E+02
    2.37000000E+02      -8.601692630730058227E+02
    2.38000000E+02      -8.658423975095556671E+02
    2.39000000E+02      -8.714391544510085623E+02
    2.40000000E+02      -8.770745103738036050E+02
    2.41000000E+02      -8.827191594295036339E+02
    2.42000000E+02      -8.883963335939383796E+02
    2.43000000E+02      -8.941083071427710820E+02
    2.44000000E+02      -8.997982592711719008E+02
    2.45000000E+02      -9.055047962437174647E+02
    2.46000000E+02      -9.112290779806585306E+02
    2.47000000E+02      -9.169317201066578491E+02
    2.48000000E+02      -9.226751660323611759E+02
    2.49000000E+02      -9.284272282367951448E+02
    2.50000000E+02      -9.341929771960558355E+02
    2.51000000E+02      -9.399343437494644604E+02
    2.52000000E+02      -9.457249934077613034E+02
    2.53000000E+02      -9.515637063319486515E+02
    2.54000000E+02      -9.573914113495684433E+02
    2.55000000E+02      -9.632736174664860300E+02
    2.56000000E+02      -9.691111809771023218E+02
    2.57000000E+02      -9.749961435354198329E+02
    2.58000000E+02      -9.808626822626763442E+02
    2.59000000E+02      -9.867594760565484648E+02
    2.60000000E+02      -9.926653056052450665E+02
    2.61000000E+02      -9.986160565266418416E+02
    2.62000000E+02      -1.004581557112248674E+03
    2.63000000E+02      -1.010558368643487938E+03
    2.64000000E+02      -1.016542437748021257E+03
    2.65000000E+02      -1.022577863348659662E+03
    2.66000000E+02      -1.028577399522450378E+03
    2.67000000E+02      -1.034611610613637595E+03
    2.68000000E+02      -1.040655994706866977E+03
    2.69000000E+02      -1.046737461775832344E+03
    2.70000000E+02      -1.052828537776959820E+03
    2.71000000E+02      -1.058953958359297985E+03
    2.72000000E+02      -1.065115367904322511E+03
    2.73000000E+02      -1.071301359916335514E+03
    2.74000000E+02      -1.077519560478691119E+03
    2.75000000E+02      -1.083737653996802237E+03
    2.76000000E+02      -1.090010711366182704E+03
    2.77000000E+02      -1.096293813924022743E+03
    2.78000000E+02      -1.102580481436561968E+03
    2.79000000E+02      -1.108942336200133923E+03
    2.80000000E+02      -1.115306071659612371E+03
    2.81000000E+02      -1.121700153759071327E+03
    2.82000000E+02      -1.128122930518897192E+03
    2.83000000E+02      -1.134578412763650704E+03
    2.84000000E+02      -1.141145664319900334E+03
    2.85000000E+02      -1.147733142639607195E+03
    2.86000000E+02      -1.154362711926465636E+03
    2.87000000E+02      -1.161047584219293640E+03
    2.88000000E+02      -1.167761740864941203E+03
    2.89000000E+02      -1.174546477174126267E+03
    2.90000000E+02      -1.181412532449017817E+03
    2.91000000E+02      -1.188322991119891412E+03
    2.92000000E+02      -1.195321994197392996E+03
    2.93000000E+02      -1.202357713642429189E+03
    2.94000000E+02      -1.209444281587060686E+03
    2.95000000E+02      -1.216669834860458650E+03
    2.96000000E+02      -1.223932103140984509E+03
    2.97000000E+02      -1.231258177519516721E+03
    2.98000000E+02      -1.238641272572781418E+03
    2.99000000E+02      -1.246105327337538256E+03
    3.00000000E+02      -1.253643347514549532E+03
    3.01000000E+02      -1.261229533733828248E+03
    3.02000000E+02      -1.268886265764427662E+03
    3.03000000E+02      -1.276621352644208855E+03
    3.04000000E+02      -1.284458906608183497E+03
    3.05000000E+02      -1.292338945597906331E+03
    3.06000000E+02      -1.300264197141651493E+03
    3.07000000E+02      -1.308282437083998957E+03
    3.08000000E+02      -1.316336547503066868E+03
    3.09000000E+02      -1.324409409887372476E+03
    3.10000000E+02      -1.332556613607036070E+03
    3.11000000E+02      -1.340730069077433654E+03
    3.12000000E+02      -1.348991424520549572E+03
    3.13000000E+02      -1.357303394447287246E+03
    3.14000000E+02      -1.365612464132564583E+03
    3.15000000E+02      -1.373944755754539983E+03
    3.16000000E+02      -1.382392413448895013E+03
    3.17000000E+02      -1.390833414814298976E+03
    3.18000000E+02      -1.399293490852718378E+03
    3.19000000E+02      -1.407782243039985588E+03
    3.20000000E+02      -1.416343512256750273E+03
    3.21000000E+02      -1.424925471086721700E+03
    3.22000000E+02      -1.433520037064204189E+03
    3.23000000E+02      -1.442170017755689969E+03
    3.24000000E+02      -1.450852881656488080E+03
    3.25000000E+02      -1.459552575766512518E+03
    3.26000000E+02      -1.468283909231153302E+03
    3.27000000E+02      -1.477061225869948885E+03
    3.28000000E+02      -1.485907209909140875E+03
    3.29000000E+02      -1.494791755723487313E+03
    3.30000000E+02      -1.503624466983978436E+03
    3.31000000E+02      -1.512539275779244690E+03
    3.32000000E+02      -1.521522107206674036E+03
    3.33000000E+02      -1.530510008523500574E+03
    3.34000000E+02      -1.539476741055517323E+03
    3.35000000E+02      -1.548521380571094141E+03
    3.36000000E+02      -1.557628693430474641E+03
    3.37000000E+02      -1.566702025922030543E+03
    3.38000000E+02      -1.575836829175749017E+03
    3.39000000E+02      -1.584983909813713353E+03
    3.40000000E+02      -1.594194921643774023E+03
    3.41000000E+02      -1.603430487714921355E+03
    3.42000000E+02      -1.612693045360473207E+03
    3.43000000E+02      -1.621986245957170468E+03
    3.44000000E+02      -1.631309910454381679E+03
    3.45000000E+02      -1.640619796158420968E+03
    3.46000000E+02      -1.649979684161580053E+03
    3.47000000E+02      -1.659409939048112619E+03
    3.48000000E+02      -1.668844312113148590E+03
    3.49000000E+02      -1.678347150060639251E+03
    3.50000000E+02      -1.687830905042200357E+03
    3.51000000E+02      -1.697321478102140645E+03
    3.52000000E+02      -1.706868436043876954E+03
    3.53000000E+02      -1.716447285022449705E+03
    3.54000000E+02      -1.726089728088920310E+03
    3.55000000E+02      -1.735660400609321186E+03
    3.56000000E+02      -1.745364719710102236E+03
    3.57000000E+02      -1.755062445723767269E+03
    3.58000000E+02      -1.764767897144224207E+03
    3.59000000E+02      -1.774509968998558179E+03
    3.60000000E+02      -1.784188246652139242E+03
    3.61000000E+02      -1.793980339605049494E+03
    3.62000000E+02      -1.803776626407390495E+03
    3.63000000E+02      -1.813651535071036506E+03
    3.64000000E+02      -1.823499730477984258E+03
    3.65000000E+02      -1.833369270781938440E+03
    3.66000000E+02      -1.843286963884839906E+03
    3.67000000E+02      -1.853177804025714977E+03
    3.68000000E+02      -1.863040350930317345E+03
    3.69000000E+02      -1.873093780271927699E+03
    3.70000000E+02      -1.883040786327601154E+03
    3.71000000E+02      -1.893061073735502532E+03
    3.72000000E+02      -1.903058941053545823E+03
    3.73000000E+02      -1.913105291491244316E+03
    3.74000000E+02      -1.923165639348422246E+03
    3.75000000E+02      -1.933301574326634636E+03
    3.76000000E+02      -1.943369127028750199E+03
    3.77000000E+02      -1.953458166681417424E+03
    3.78000000E+02      -1.963651437966045705E+03
    3.79000000E+02      -1.973853721994969874E+03
    3.80000000E+02      -1.983996119044749548E+03
    3.81000000E+02      -1.994274487303594924E+03
    3.82000000E+02      -2.004411841441120487E+03
    3.83000000E+02      -2.014612513500548630E+03
    3.84000000E+02      -2.024966042139785714E+03
    3.85000000E+02      -2.035210237224987168E+03
    3.86000000E+02      -2.045453238885241490E+03
    3.87000000E+02      -2.055782394329509771E+03
    3.88000000E+02      -2.066115141720917563E+03
    3.89000000E+02      -2.076415261985725920E+03
    3.90000000E+02      -2.086787492363271213E+03
    3.91000000E+02      -2.097128711146970090E+03
    3.92000000E+02      -2.107471859502714779E+03
    3.93000000E+02      -2.117858925871129941E+03
    3.94000000E+02      -2.128355786221742164E+03
    3.95000000E+02      -2.138652864982608662E+03
    3.96000000E+02      -2.149144714757549536E+03
    3.97000000E+02      -2.159514635503380759E+03
    3.98000000E+02      -2.169947326167457049E+03
    3.99000000E+02      -2.180490092832547816E+03
    4.00000000E+02      -2.190929811119146507E+03
    4.01000000E+02      -2.201379114762799873E+03
    4.02000000E+02      -2.211921066195367075E+03
    4.03000000E+02      -2.222461664330542590E+03
    4.04000000E+02      -2.232908017045577708E+03
    4.05000000E+02      -2.243516917626882332E+03
    4.06000000E+02      -2.253957606036236029E+03
    4.07000000E+02      -2.264440030529426167E+03
    4.08000000E+02      -2.275003023524914170E+03
    4.09000000E+02      -2.285563047469218873E+03
    4.10000000E+02      -2.295993515031280367E+03
    4.11000000E+02      -2.306706923026252298E+03
    4.12000000E+02      -2.317312023716564454E+03
    4.13000000E+02      -2.327824366553449181E+03
    4.14000000E+02      -2.338351489856387161E+03
    4.15000000E+02      -2.348936830288041619E+03
    4.16000000E+02      -2.359500022266678570E+03
    4.17000000E+02      -2.370102258867706041E+03
    4.18000000E+02      -2.380732086120677650E+03
    4.19000000E+02      -2.391302211628062651E+03
    4.20000000E+02      -2.402006646398958310E+03
    4.21000000E+02      -2.412403658363112299E+03
    4.22000000E+02      -2.423070483235919255E+03
    4.23000000E+02      -2.433734911689797173E+03
    4.24000000E+02      -2.444301671228195119E+03
    4.25000000E+02      -2.454773351819121672E+03
    4.26000000E+02      -2.465400077597258132E+03
    4.27000000E+02      -2.476001942373270140E+03
    4.28000000E+02      -2.486645137376570347E+03
    4.29000000E+02      -2.497150111528820162E+03
    4.30000000E+02      -2.507802280166836681E+03
    4.31000000E+02      -2.518220981579797808E+03
    4.32000000E+02      -2.528750149093466007E+03
    4.33000000E+02      -2.539398261212950274E+03
    4.34000000E+02      -2.549992325801305469E+03
    4.35000000E+02      -2.560503188476202922E+03
    4.36000000E+02      -2.571146102087786858E+03
    4.37000000E+02      -2.581746008165209787E+03
    4.38000000E+02      -2.592148200991803606E+03
    4.39000000E+02      -2.602838057977861354E+03
    4.40000000E+02      -2.613226377268391388E+03
    4.41000000E+02      -2.623652282313775231E+03
    4.42000000E+02      -2.634278013834734338E+03
    4.43000000E+02      -2.644736700506457964E+03
    4.44000000E+02      -2.655167813927253519E+03
    4.45000000E+02      -2.665688781184139771E+03
    4.46000000E+02      -2.676273486925808356E+03
    4.47000000E+02      -2.686774076171426714E+03
    4.48000000E+02      -2.696919422555261917E+03
    4.49000000E+02      -2.707530508660786836E+03
    4.50000000E+02      -2.717791909553436653E+03
    4.51000000E+02      -2.728178577735632643E+03
    4.52000000E+02      -2.738638877059933293E+03
    4.53000000E+02      -2.748819791090169929E+03
    4.54000000E+02      -2.759133226623281189E+03
    4.55000000E+02      -2.769442872038886435E+03
    4.56000000E+02      -2.779964678968381577E+03
    4.57000000E+02      -2.790363472713348074E+03
    4.58000000E+02      -2.800677870522162266E+03
    4.59000000E+02      -2.810620847338276690E+03
    4.60000000E+02      -2.820792743265415083E+03
    4.61000000E+02      -2.831121328323259149E+03
    4.62000000E+02      -2.841216552440841042E+03
    4.63000000E+02      -2.851059822571269251E+03
    4.64000000E+02      -2.861375071859573836E+03
    4.65000000E+02      -2.871612209302150404E+03
    4.66000000E+02      -2.881818709209105691E+03
    4.67000000E+02      -2.891714594891483102E+03
    4.68000000E+02      -2.902029522079458275E+03
    4.69000000E+02      -2.911968568489430254E+03
    4.70000000E+02      -2.921898558233390759E+03
    4.71000000E+02      -2.931928343302631220E+03
    4.72000000E+02      -2.941356157171722771E+03
    4.73000000E+02      -2.951441796372072531E+03
    4.74000000E+02      -2.961256687862404760E+03
    4.75000000E+02      -2.971404282817061357E+03
    4.76000000E+02      -2.980935653322680992E+03
    4.77000000E+02      -2.990821055835084735E+03
    4.78000000E+02      -3.000577993184393563E+03
    4.79000000E+02      -3.010180557132835474E+03
    4.80000000E+02      -3.019785417339017840E+03
    4.81000000E+02      -3.029784306242671391E+03
    4.82000000E+02      -3.039210869989093226E+03
    4.83000000E+02      -3.048863794790031079E+03
    4.84000000E+02      -3.058179533307278689E+03
    4.85000000E+02      -3.067796594535210261E+03
    4.86000000E+02      -3.077112620924193834E+03
    4.87000000E+02      -3.086529801894565026E+03
    4.88000000E+02      -3.095476327578398468E+03
    4.89000000E+02      -3.105082195311672876E+03
    4.90000000E+02      -3.114499741630789686E+03
    4.91000000E+02      -3.123731119329165722E+03
    4.92000000E+02      -3.133042326412849434E+03
    4.93000000E+02      -3.141939679331672778E+03
    4.94000000E+02      -3.151006315950779026E+03
    4.95000000E+02      -3.160453085716093028E+03
    4.96000000E+02      -3.155372664041682583E+03
    4.97000000E+02      -2.702559141805395484E+03
    4.98000000E+02      -2.672006278320797719E+03
    4.99000000E+02      -2.796041373275627848E+03
    5.00000000E+02      -2.822577643241500482E+03
    5.01000000E+02      -3.213099043154299579E+03
    5.02000000E+02      -3.222133279937120278E+03
    5.03000000E+02      -3.230849801552627014E+03
    5.04000000E+02      -3.239511359250744135E+03
    5.05000000E+02      -3.248070290818493504E+03
    5.06000000E+02      -3.256182064375268965E+03
    5.07000000E+02      -3.256362256823056669E+03
    5.08000000E+02      -2.751193877519108355E+03
    5.09000000E+02      -3.303316614300209039E+03
    5.10000000E+02      -3.406924990597310170E+03
