    0.00000000E+00      -1.446092258676564057E+01
    1.00000000E+00      -1.212203073702895750E+01
    2.00000000E+00      -1.045520758911644776E+01
    3.00000000E+00      -9.172691841876634555E+00
    4.00000000E+00      -8.156781991046422320E+00
    5.00000000E+00      -7.342974610311480355E+00
    6.00000000E+00      -6.690461564493866753E+00
    7.00000000E+00      -6.171168594305904698E+00
    8.00000000E+00      -5.764582152512425672E+00
    9.00000000E+00      -5.455003701650107395E+00
    1.00000000E+01      -5.230021701228374731E+00
    1.10000000E+01      -5.079310424892732989E+00
    1.20000000E+01      -4.994725559290068340E+00
    1.30000000E+01      -4.969567896948697161E+00
    1.40000000E+01      -4.998093195526430499E+00
    1.50000000E+01      -5.074950029758306336E+00
    1.60000000E+01      -5.195394788087846827E+00
    1.70000000E+01      -5.355770929168479633E+00
    1.80000000E+01      -5.552693090668449294E+00
    1.90000000E+01      -5.783093801850022864E+00
    2.00000000E+01      -6.044343809398392331E+00
    2.10000000E+01      -6.333877912756556761E+00
    2.20000000E+01      -6.649365190683433902E+00
    2.30000000E+01      -6.988784034071991336E+00
    2.40000000E+01      -7.350317088455462944E+00
    2.50000000E+01      -7.732318557134399306E+00
    2.60000000E+01      -8.132906723103054958E+00
    2.70000000E+01      -8.550868755473324256E+00
    2.80000000E+01      -8.985071728738525110E+00
    2.90000000E+01      -9.434075539849267500E+00
    3.00000000E+01      -9.896754969527513879E+00
    3.10000000E+01      -1.037211628773858507E+01
    3.20000000E+01      -1.085887973828850050E+01
    3.30000000E+01      -1.135636366243617346E+01
    3.40000000E+01      -1.186374041709260752E+01
    3.50000000E+01      -1.238033239418783893E+01
    3.60000000E+01      -1.290501889578209926E+01
    3.70000000E+01      -1.343689488227156659E+01
    3.80000000E+01      -1.397519802771186193E+01
    3.90000000E+01      -1.451949930322499682E+01
    4.00000000E+01      -1.506959183482596387E+01
    4.10000000E+01      -1.562467979736303647E+01
    4.20000000E+01      -1.618432010329471638E+01
    4.30000000E+01      -1.674785252070197572E+01
    4.40000000E+01      -1.731467320598805060E+01
    4.50000000E+01      -1.788404669604407360E+01
    4.60000000E+01      -1.845622341361505647E+01
    4.70000000E+01      -1.903027372764100988E+01
    4.80000000E+01      -1.960614953344830980E+01
    4.90000000E+01      -2.018286049322833975E+01
    5.00000000E+01      -2.076033350072012951E+01
    5.10000000E+01      -2.133868576869046052E+01
    5.20000000E+01      -2.191720438670510163E+01
    5.30000000E+01      -2.249575982991283496E+01
    5.40000000E+01      -2.307348925355965008E+01
    5.50000000E+01      -2.365068310153348108E+01
    5.60000000E+01      -2.422706293353022744E+01
    5.70000000E+01      -2.480208739455466826E+01
    5.80000000E+01      -2.537572261997176071E+01
    5.90000000E+01      -2.594710514034287741E+01
    6.00000000E+01      -2.651734181299017479E+01
    6.10000000E+01      -2.708521959561532100E+01
    6.20000000E+01      -2.765096552626838644E+01
    6.30000000E+01      -2.821376728258238842E+01
    6.40000000E+01      -2.877433654133839269E+01
    6.50000000E+01      -2.933146507051916529E+01
    6.60000000E+01      -2.988555603908518066E+01
    6.70000000E+01      -3.043675321006359269E+01
    6.80000000E+01      -3.098394850284004320E+01
    6.90000000E+01      -3.152783094710813572E+01
    7.00000000E+01      -3.206797700588268896E+01
    7.10000000E+01      -3.260424257666947057E+01
    7.20000000E+01      -3.313671347548862656E+01
    7.30000000E+01      -3.366499179931035002E+01
    7.40000000E+01      -3.418893918759332706E+01
    7.50000000E+01      -3.470853885278248896E+01
    7.60000000E+01      -3.522371163758126755E+01
    7.70000000E+01      -3.573499813807340075E+01
    7.80000000E+01      -3.624108353388638903E+01
    7.90000000E+01      -3.674247137751573433E+01
    8.00000000E+01      -3.724007633099009951E+01
    8.10000000E+01      -3.773232599525855591E+01
    8.20000000E+01      -3.821972466368371357E+01
    8.30000000E+01      -3.870217086750691493E+01
    8.40000000E+01      -3.918022638562744220E+01
    8.50000000E+01      -3.965293792033245523E+01
    8.60000000E+01      -4.012017715201856305E+01
    8.70000000E+01      -4.058211325869107355E+01
    8.80000000E+01      -4.103936431339153756E+01
    8.90000000E+01      -4.149225612837964405E+01
    9.00000000E+01      -4.193948393190422763E+01
    9.10000000E+01      -4.238221818992079903E+01
    9.20000000E+01      -4.282017351201412936E+01
    9.30000000E+01      -4.325262007772600015E+01
    9.40000000E+01      -4.368005211328765114E+01
    9.50000000E+01      -4.410278554066227485E+01
    9.60000000E+01      -4.451952041968380769E+01
    9.70000000E+01      -4.493125885681858023E+01
    9.80000000E+01      -4.533786977330365886E+01
    9.90000000E+01      -4.573853541588088234E+01
    1.00000000E+02      -4.613448468296466132E+01
    1.01000000E+02      -4.652551085761425753E+01
    1.02000000E+02      -4.691057365216457953E+01
    1.03000000E+02      -4.729200456399613728E+01
    1.04000000E+02      -4.766743421569609751E+01
    1.05000000E+02      -4.803773593160932620E+01
    1.06000000E+02      -4.840195793650256206E+01
    1.07000000E+02      -4.876140907538266589E+01
    1.08000000E+02      -4.911493734751039852E+01
    1.09000000E+02      -4.946252238055368622E+01
    1.10000000E+02      -4.980499178034862240E+01
    1.11000000E+02      -5.014289670289637257E+01
    1.12000000E+02      -5.047552598131498058E+01
    1.13000000E+02      -5.080285918005885293E+01
    1.14000000E+02      -5.112564386523937543E+01
    1.15000000E+02      -5.144265655536347737E+01
    1.16000000E+02      -5.175356689389938225E+01
    1.17000000E+02      -5.205923576272235920E+01
    1.18000000E+02      -5.236005015465108414E+01
    1.19000000E+02      -5.265630894297411402E+01
    1.20000000E+02      -5.294595895082367321E+01
    1.21000000E+02      -5.323244183385887851E+01
    1.22000000E+02      -5.351260735295856108E+01
    1.23000000E+02      -5.378696789828737934E+01
    1.24000000E+02      -5.405672530716893931E+01
    1.25000000E+02      -5.432154687788480629E+01
    1.26000000E+02      -5.458072346091413607E+01
    1.27000000E+02      -5.483644672300344070E+01
    1.28000000E+02      -5.508495028820963313E+01
    1.29000000E+02      -5.532916778736890961E+01
    1.30000000E+02      -5.556621968912569542E+01
    1.31000000E+02      -5.580000108623554667E+01
    1.32000000E+02      -5.602863771972389628E+01
    1.33000000E+02      -5.625170033381929358E+01
    1.34000000E+02      -5.646958565959850063E+01
    1.35000000E+02      -5.668252265677930524E+01
    1.36000000E+02      -5.688987337533527722E+01
    1.37000000E+02      -5.709266800378592421E+01
    1.38000000E+02      -5.729055022847516199E+01
    1.39000000E+02      -5.748333903673248102E+01
    1.40000000E+02      -5.767113196480696757E+01
    1.41000000E+02      -5.785443074224659910E+01
    1.42000000E+02      -5.803180913851739575E+01
    1.43000000E+02      -5.820497116775860746E+01
    1.44000000E+02      -5.837166160476537158E+01
    1.45000000E+02      -5.853365351379526516E+01
    1.46000000E+02      -5.869084286809576412E+01
    1.47000000E+02      -5.884220165669595559E+01
    1.48000000E+02      -5.898876354439327230E+01
    1.49000000E+02      -5.913161674238418897E+01
    1.50000000E+02      -5.926933808057712127E+01
    1.51000000E+02      -5.940202743668252339E+01
    1.52000000E+02      -5.952870832712998350E+01
    1.53000000E+02      -5.965201082060722371E+01
    1.54000000E+02      -5.976957697820527216E+01
    1.55000000E+02      -5.988377992311635722E+01
    1.56000000E+02      -5.999231561276739200E+01
    1.57000000E+02      -6.009560436479424794E+01
    1.58000000E+02      -6.019334814211962481E+01
    1.59000000E+02      -6.028723708008093496E+01
    1.60000000E+02      -6.037621512407114466E+01
    1.61000000E+02      -6.045981942225390782E+01
    1.62000000E+02      -6.053823626952854653E+01
    1.63000000E+02      -6.061107270702397187E+01
    1.64000000E+02      -6.067941249048946162E+01
    1.65000000E+02      -6.074304939483901222E+01
    1.66000000E+02      -6.080137827308991660E+01
    1.67000000E+02      -6.085448033005142321E+01
    1.68000000E+02      -6.090541897414860983E+01
    1.69000000E+02      -6.094939692368408402E+01
    1.70000000E+02      -6.098833018893984814E+01
    1.71000000E+02      -6.102300066050285210E+01
    1.72000000E+02      -6.105313635038820763E+01
    1.73000000E+02      -6.107675414978204032E+01
    1.74000000E+02      -6.109091973995001723E+01
    1.75000000E+02      -6.110614678057519455E+01
    1.76000000E+02      -6.111526612498474975E+01
    1.77000000E+02      -6.111669188555007537E+01
    1.78000000E+02      -6.111607893722740670E+01
    1.79000000E+02      -6.110999840303467323E+01
    1.80000000E+02      -6.110125196332720776E+01
    1.81000000E+02      -6.108486627825678994E+01
    1.82000000E+02      -6.106442506987279017E+01
    1.83000000E+02      -6.103925987231688310E+01
    1.84000000E+02      -6.100852317913578560E+01
    1.85000000E+02      -6.097333654555169602E+01
    1.86000000E+02      -6.093439713729222973E+01
    1.87000000E+02      -6.089053166346767654E+01
    1.88000000E+02      -6.084026210118228306E+01
    1.89000000E+02      -6.078536011235465963E+01
    1.90000000E+02      -6.072526340422829350E+01
    1.91000000E+02      -6.065906490889521052E+01
    1.92000000E+02      -6.058969717976780345E+01
    1.93000000E+02      -6.051502190417287608E+01
    1.94000000E+02      -6.043374744421945621E+01
    1.95000000E+02      -6.034863767333937545E+01
    1.96000000E+02      -6.025662804375080128E+01
    1.97000000E+02      -6.016129468105410893E+01
    1.98000000E+02      -6.005882871154373248E+01
    1.99000000E+02      -5.995266833369297643E+01
    2.00000000E+02      -5.984067483273012300E+01
    2.01000000E+02      -5.972309538283062835E+01
    2.02000000E+02      -5.960287082606138398E+01
    2.03000000E+02      -5.947620597613187243E+01
    2.04000000E+02      -5.934421526550924142E+01
    2.05000000E+02      -5.920736414232434441E+01
    2.06000000E+02      -5.906542716295135875E+01
    2.07000000E+02      -5.891915979076785703E+01
    2.08000000E+02      -5.876805709049714466E+01
    2.09000000E+02      -5.861116749901467671E+01
    2.10000000E+02      -5.844871099669163783E+01
    2.11000000E+02      -5.828183008710531254E+01
    2.12000000E+02      -5.811050839469445606E+01
    2.13000000E+02      -5.793576492267803957E+01
    2.14000000E+02      -5.775367124370442440E+01
    2.15000000E+02      -5.756741382464444001E+01
    2.16000000E+02      -5.737655086516080161E+01
    2.17000000E+02      -5.718152502427020778E+01
    2.18000000E+02      -5.698191595174049695E+01
    2.19000000E+02      -5.677722639884942879E+01
    2.20000000E+02      -5.656813222394467999E+01
    2.21000000E+02      -5.635236449834102501E+01
    2.22000000E+02      -5.613207395611008366E+01
    2.23000000E+02      -5.590789830362101753E+01
    2.24000000E+02      -5.567695462334578593E+01
    2.25000000E+02      -5.544285650810835619E+01
    2.26000000E+02      -5.520159000068580468E+01
    2.27000000E+02      -5.495551576329072674E+01
    2.28000000E+02      -5.470551503685911854E+01
    2.29000000E+02      -5.445053816683267911E+01
    2.30000000E+02      -5.419132756724631150E+01
    2.31000000E+02      -5.392656015817684789E+01
    2.32000000E+02      -5.365804832862833251E+01
    2.33000000E+02      -5.338407169239273031E+01
    2.34000000E+02      -5.310426202221916725E+01
    2.35000000E+02      -5.281988534742178132E+01
    2.36000000E+02      -5.253058041251407673E+01
    2.37000000E+02      -5.223581282704746087E+01
    2.38000000E+02      -5.193633647254811336E+01
    2.39000000E+02      -5.162934553812866767E+01
    2.40000000E+02      -5.131966051881810387E+01
    2.41000000E+02      -5.100353143472367634E+01
    2.42000000E+02      -5.068623644023811181E+01
    2.43000000E+02      -5.036234708040630181E+01
    2.44000000E+02      -5.003409384660100301E+01
    2.45000000E+02      -4.970014188581755121E+01
    2.46000000E+02      -4.936102814614915957E+01
    2.47000000E+02      -4.901770024889757593E+01
    2.48000000E+02      -4.866680637017035593E+01
    2.49000000E+02      -4.831304741700788696E+01
    2.50000000E+02      -4.795784481408683320E+01
    2.51000000E+02      -4.759452278077279885E+01
    2.52000000E+02      -4.722641671009970565E+01
    2.53000000E+02      -4.685183629827717056E+01
    2.54000000E+02      -4.647417106308186163E+01
    2.55000000E+02      -4.609335421820779999E+01
    2.56000000E+02      -4.570464267235858102E+01
    2.57000000E+02      -4.531478023322907944E+01
    2.58000000E+02      -4.491798313524251540E+01
    2.59000000E+02      -4.451890738649436940E+01
    2.60000000E+02      -4.411374749188454558E+01
    2.61000000E+02      -4.370499061214415093E+01
    2.62000000E+02      -4.328911599694894363E+01
    2.63000000E+02      -4.286939379273591300E+01
    2.64000000E+02      -4.244762338654746969E+01
    2.65000000E+02      -4.202224451923886051E+01
    2.66000000E+02      -4.159257945037590076E+01
    2.67000000E+02      -4.115789185980012377E+01
    2.68000000E+02      -4.071610678421476592E+01
    2.69000000E+02      -4.027308832729378452E+01
    2.70000000E+02      -3.982494702694149424E+01
    2.71000000E+02      -3.937103958221761246E+01
    2.72000000E+02      -3.891751298218643029E+01
    2.73000000E+02      -3.845909114488078018E+01
    2.74000000E+02      -3.799590874920742323E+01
    2.75000000E+02      -3.752886902288211246E+01
    2.76000000E+02      -3.705871833980692287E+01
    2.77000000E+02      -3.658624982057282438E+01
    2.78000000E+02      -3.611068646461846043E+01
    2.79000000E+02      -3.563156519670648237E+01
    2.80000000E+02      -3.514941130558637639E+01
    2.81000000E+02      -3.466226485957069059E+01
    2.82000000E+02      -3.417402877510668446E+01
    2.83000000E+02      -3.368315993043271561E+01
    2.84000000E+02      -3.318813623968654980E+01
    2.85000000E+02      -3.268976514580337067E+01
    2.86000000E+02      -3.219429506329962720E+01
    2.87000000E+02      -3.169316934622967352E+01
    2.88000000E+02      -3.119092066251815965E+01
    2.89000000E+02      -3.068669806168092151E+01
    2.90000000E+02      -3.017995787240707983E+01
    2.91000000E+02      -2.966970941020318975E+01
    2.92000000E+02      -2.916100771146503945E+01
    2.93000000E+02      -2.865025252549586554E+01
    2.94000000E+02      -2.813894212098004033E+01
    2.95000000E+02      -2.762768259158966799E+01
    2.96000000E+02      -2.711496576984556128E+01
    2.97000000E+02      -2.660500344276571383E+01
    2.98000000E+02      -2.609332448864498843E+01
    2.99000000E+02      -2.557975578090319146E+01
    3.00000000E+02      -2.506851881128879000E+01
    3.01000000E+02      -2.455671095781637092E+01
    3.02000000E+02      -2.404799134147962292E+01
    3.03000000E+02      -2.354276522042838593E+01
    3.04000000E+02      -2.303489947054678311E+01
    3.05000000E+02      -2.252654235149876882E+01
    3.06000000E+02      -2.202583986174924036E+01
    3.07000000E+02      -2.152779043608953913E+01
    3.08000000E+02      -2.102623729143434872E+01
    3.09000000E+02      -2.052892888166153540E+01
    3.10000000E+02      -2.002896325817474832E+01
    3.11000000E+02      -1.953316771323935797E+01
    3.12000000E+02      -1.904132462296312411E+01
    3.13000000E+02      -1.855186482091577460E+01
    3.14000000E+02      -1.806750347096150477E+01
    3.15000000E+02      -1.758311578669728448E+01
    3.16000000E+02      -1.710155278412768354E+01
    3.17000000E+02      -1.662299988724900146E+01
    3.18000000E+02      -1.614726960918543597E+01
    3.19000000E+02      -1.567777290792347600E+01
    3.20000000E+02      -1.521427781860021611E+01
    3.21000000E+02      -1.475632732923751433E+01
    3.22000000E+02      -1.430150713705135246E+01
    3.23000000E+02      -1.385147739286677648E+01
    3.24000000E+02      -1.340725746812442054E+01
    3.25000000E+02      -1.296773496436563988E+01
    3.26000000E+02      -1.253683418714118858E+01
    3.27000000E+02      -1.210919363567283114E+01
    3.28000000E+02      -1.169135620599755754E+01
    3.29000000E+02      -1.127755158176788797E+01
    3.30000000E+02      -1.086811158588299264E+01
    3.31000000E+02      -1.046786934757748355E+01
    3.32000000E+02      -1.007308717541074117E+01
    3.33000000E+02      -9.686040353529655533E+00
    3.34000000E+02      -9.305113474639632898E+00
    3.35000000E+02      -8.934791282086202102E+00
    3.36000000E+02      -8.568670587066129940E+00
    3.37000000E+02      -8.213852925842196839E+00
    3.38000000E+02      -7.875218297738151740E+00
    3.39000000E+02      -7.536618949064554762E+00
    3.40000000E+02      -7.211707991931157302E+00
    3.41000000E+02      -6.896694691070856642E+00
    3.42000000E+02      -6.589310662971379351E+00
    3.43000000E+02      -6.293749902315007638E+00
    3.44000000E+02      -6.009874172891991329E+00
    3.45000000E+02      -5.737213560763316345E+00
    3.46000000E+02      -5.476581813568750512E+00
    3.47000000E+02      -5.225105510592961799E+00
    3.48000000E+02      -4.980658261605108272E+00
    3.49000000E+02      -4.755220902302803587E+00
    3.50000000E+02      -4.538574388168322038E+00
    3.51000000E+02      -4.336191209067160379E+00
    3.52000000E+02      -4.147870005840936791E+00
    3.53000000E+02      -3.971922925358208012E+00
    3.54000000E+02      -3.814107379095198702E+00
    3.55000000E+02      -3.667441627743223798E+00
    3.56000000E+02      -3.532943109899329137E+00
    3.57000000E+02      -3.421489200821647536E+00
    3.58000000E+02      -3.319986970547156524E+00
    3.59000000E+02      -3.232545867596322786E+00
    3.60000000E+02      -3.155188244219439220E+00
    3.61000000E+02      -3.102755652192549896E+00
    3.62000000E+02      -3.062942854628468048E+00
    3.63000000E+02      -3.028151736745180678E+00
    3.64000000E+02      -3.023873452713282894E+00
    3.65000000E+02      -3.036440299043001723E+00
    3.66000000E+02      -3.061033157782198977E+00
    3.67000000E+02      -3.106841754900792729E+00
    3.68000000E+02      -3.182635216774920117E+00
    3.69000000E+02      -3.263584120116697740E+00
    3.70000000E+02      -3.367536831797601771E+00
    3.71000000E+02      -3.491474277373904478E+00
    3.72000000E+02      -3.637329566792154800E+00
    3.73000000E+02      -3.802972582668567192E+00
    3.74000000E+02      -3.982552028062323224E+00
    3.75000000E+02      -4.193999650223681819E+00
    3.76000000E+02      -4.418227779480198514E+00
    3.77000000E+02      -4.677880755543278646E+00
    3.78000000E+02      -4.957164877710433792E+00
    3.79000000E+02      -5.251863507355133187E+00
    3.80000000E+02      -5.565961436286138486E+00
    3.81000000E+02      -5.913688965757878613E+00
    3.82000000E+02      -6.275082536075765383E+00
    3.83000000E+02      -6.669694603804068755E+00
    3.84000000E+02      -7.084186780416907858E+00
    3.85000000E+02      -7.531912237556221079E+00
    3.86000000E+02      -7.992585253470147144E+00
    3.87000000E+02      -8.482600849039421576E+00
    3.88000000E+02      -8.999337781720363694E+00
    3.89000000E+02      -9.541495153132395046E+00
    3.90000000E+02      -1.011873951650833448E+01
    3.91000000E+02      -1.072176558585980644E+01
    3.92000000E+02      -1.135514878461746235E+01
    3.93000000E+02      -1.202267288443309923E+01
    3.94000000E+02      -1.270136793648035933E+01
    3.95000000E+02      -1.341955612416987975E+01
    3.96000000E+02      -1.417801914821522047E+01
    3.97000000E+02      -1.495671484308460464E+01
    3.98000000E+02      -1.575823569254627188E+01
    3.99000000E+02      -1.658930638587245454E+01
    4.00000000E+02      -1.746477502692633976E+01
    4.01000000E+02      -1.835820850838118901E+01
    4.02000000E+02      -1.930043688804054369E+01
    4.03000000E+02      -2.026613136244615276E+01
    4.04000000E+02      -2.126538436351021488E+01
    4.05000000E+02      -2.231297171631505449E+01
    4.06000000E+02      -2.338798936355070879E+01
    4.07000000E+02      -2.450174841544268389E+01
    4.08000000E+02      -2.564757581140057852E+01
    4.09000000E+02      -2.682284543072947969E+01
    4.10000000E+02      -2.804611959265222509E+01
    4.11000000E+02      -2.930259379352120419E+01
    4.12000000E+02      -3.059653905933866014E+01
    4.13000000E+02      -3.192306418254649003E+01
    4.14000000E+02      -3.329357221760930230E+01
    4.15000000E+02      -3.468927453356938173E+01
    4.16000000E+02      -3.612602882463162501E+01
    4.17000000E+02      -3.761822961250928898E+01
    4.18000000E+02      -3.913592484748134126E+01
    4.19000000E+02      -4.071380285828983148E+01
    4.20000000E+02      -4.231758218099040647E+01
    4.21000000E+02      -4.396945821124737819E+01
    4.22000000E+02      -4.565291250197825690E+01
    4.23000000E+02      -4.739736982857485970E+01
    4.24000000E+02      -4.917969651733202596E+01
    4.25000000E+02      -5.101428603838341047E+01
    4.26000000E+02      -5.289004421749761065E+01
    4.27000000E+02      -5.480817271493052800E+01
    4.28000000E+02      -5.679003892853999247E+01
    4.29000000E+02      -5.881152251401127984E+01
    4.30000000E+02      -6.086180622157318254E+01
    4.31000000E+02      -6.298548046514535059E+01
    4.32000000E+02      -6.514145041179055795E+01
    4.33000000E+02      -6.735872570626581535E+01
    4.34000000E+02      -6.961528892085100040E+01
    4.35000000E+02      -7.192490090584526286E+01
    4.36000000E+02      -7.429651194092495814E+01
    4.37000000E+02      -7.670084391060429141E+01
    4.38000000E+02      -7.915083735916907415E+01
    4.39000000E+02      -8.166823092234464809E+01
    4.40000000E+02      -8.425874329629498050E+01
    4.41000000E+02      -8.687747778327813819E+01
    4.42000000E+02      -8.954953811728539392E+01
    4.43000000E+02      -9.229370883785797730E+01
    4.44000000E+02      -9.507767315689618215E+01
    4.45000000E+02      -9.795013289855471328E+01
    4.46000000E+02      -1.008479049188658081E+02
    4.47000000E+02      -1.037877746186326675E+02
    4.48000000E+02      -1.067939921096307643E+02
    4.49000000E+02      -1.098499063611138098E+02
    4.50000000E+02      -1.130289036752996452E+02
    4.51000000E+02      -1.162014550072248511E+02
    4.52000000E+02      -1.194533264011019327E+02
    4.53000000E+02      -1.227796533636623479E+02
    4.54000000E+02      -1.261627940400843926E+02
    4.55000000E+02      -1.296066495001190617E+02
    4.56000000E+02      -1.331060992194447010E+02
    4.57000000E+02      -1.366731978654037505E+02
    4.58000000E+02      -1.403142624909864082E+02
    4.59000000E+02      -1.439902597904778361E+02
    4.60000000E+02      -1.477590572500243127E+02
    4.61000000E+02      -1.515938944212734043E+02
    4.62000000E+02      -1.554956640017093434E+02
    4.63000000E+02      -1.594564376013926505E+02
    4.64000000E+02      -1.634927400446371450E+02
    4.65000000E+02      -1.675889430526052877E+02
    4.66000000E+02      -1.717620503986594542E+02
    4.67000000E+02      -1.760232244163393318E+02
    4.68000000E+02      -1.803519352184715956E+02
    4.69000000E+02      -1.847459810112244725E+02
    4.70000000E+02      -1.892148018114143326E+02
    4.71000000E+02      -1.937236557402988240E+02
    4.72000000E+02      -1.983465164653365775E+02
    4.73000000E+02      -2.030120778733738973E+02
    4.74000000E+02      -2.077707772235493451E+02
    4.75000000E+02      -2.126149761826140150E+02
    4.76000000E+02      -2.175461545717311367E+02
    4.77000000E+02      -2.225558472472816050E+02
    4.78000000E+02      -2.276342554008928403E+02
    4.79000000E+02      -2.327655848028711318E+02
    4.80000000E+02      -2.380005854660752505E+02
    4.81000000E+02      -2.433293546219696566E+02
    4.82000000E+02      -2.487054723013765454E+02
    4.83000000E+02      -2.541852460888088956E+02
    4.84000000E+02      -2.597444209092404321E+02
    4.85000000E+02      -2.654025958341421187E+02
    4.86000000E+02      -2.711271323397863284E+02
    4.87000000E+02      -2.769542608264941350E+02
    4.88000000E+02      -2.828649117190265656E+02
    4.89000000E+02      -2.888533539214744792E+02
    4.90000000E+02      -2.949381907023829967E+02
    4.91000000E+02      -3.011159296683376283E+02
    4.92000000E+02      -3.073270065794108064E+02
    4.93000000E+02      -3.136852115340638534E+02
    4.94000000E+02      -3.201795129366559536E+02
    4.95000000E+02      -3.267018775715600327E+02
    4.96000000E+02      -3.333328182034069300E+02
    4.97000000E+02      -3.400569585911338777E+02
    4.98000000E+02      -3.468870336290323735E+02
    4.99000000E+02      -3.537780142006571964E+02
    5.00000000E+02      -3.608184092956702784E+02
    5.01000000E+02      -3.678884464245397226E+02
    5.02000000E+02      -3.750704399774890021E+02
    5.03000000E+02      -3.824062903725184128E+02
    5.04000000E+02      -3.898768228732855619E+02
    5.05000000E+02      -3.973278623726559431E+02
    5.06000000E+02      -4.039372893469748647E+02
    5.07000000E+02      -4.042055861176099256E+02
    5.08000000E+02      -4.191332332817013935E+02
    5.09000000E+02      -4.254870519404407219E+02
    5.10000000E+02      -4.361514064460401983E+02
