    0.0000000000E+00     -0.1044623324E+02
    0.1000000000E+01     -0.8285216115E+01
    0.2000000000E+01     -0.6795259674E+01
    0.3000000000E+01     -0.5688588607E+01
    0.4000000000E+01     -0.4847293065E+01
    0.5000000000E+01     -0.4206880851E+01
    0.6000000000E+01     -0.3726663720E+01
    0.7000000000E+01     -0.3378484050E+01
    0.8000000000E+01     -0.3141768076E+01
    0.9000000000E+01     -0.3000666981E+01
    0.1000000000E+02     -0.2942867044E+01
    0.1100000000E+02     -0.2958342226E+01
    0.1200000000E+02     -0.3038575291E+01
    0.1300000000E+02     -0.3176932183E+01
    0.1400000000E+02     -0.3367570515E+01
    0.1500000000E+02     -0.3605160021E+01
    0.1600000000E+02     -0.3885568670E+01
    0.1700000000E+02     -0.4204550136E+01
    0.1800000000E+02     -0.4558902102E+01
    0.1900000000E+02     -0.4945245460E+01
    0.2000000000E+02     -0.5361231519E+01
    0.2100000000E+02     -0.5804171633E+01
    0.2200000000E+02     -0.6271620819E+01
    0.2300000000E+02     -0.6761741615E+01
    0.2400000000E+02     -0.7273135429E+01
    0.2500000000E+02     -0.7803933772E+01
    0.2600000000E+02     -0.8352072925E+01
    0.2700000000E+02     -0.8916479348E+01
    0.2800000000E+02     -0.9495625552E+01
    0.2900000000E+02     -0.1008828386E+02
    0.3000000000E+02     -0.1069321495E+02
    0.3100000000E+02     -0.1130931213E+02
    0.3200000000E+02     -0.1193565812E+02
    0.3300000000E+02     -0.1257142769E+02
    0.3400000000E+02     -0.1321566315E+02
    0.3500000000E+02     -0.1386746920E+02
    0.3600000000E+02     -0.1452606867E+02
    0.3700000000E+02     -0.1519072128E+02
    0.3800000000E+02     -0.1586080895E+02
    0.3900000000E+02     -0.1653582946E+02
    0.4000000000E+02     -0.1721485782E+02
    0.4100000000E+02     -0.1789738876E+02
    0.4200000000E+02     -0.1858273762E+02
    0.4300000000E+02     -0.1927079853E+02
    0.4400000000E+02     -0.1996064141E+02
    0.4500000000E+02     -0.2065202149E+02
    0.4600000000E+02     -0.2134412869E+02
    0.4700000000E+02     -0.2203726156E+02
    0.4800000000E+02     -0.2273033168E+02
    0.4900000000E+02     -0.2342330654E+02
    0.5000000000E+02     -0.2411603318E+02
    0.5100000000E+02     -0.2480737097E+02
    0.5200000000E+02     -0.2549768207E+02
    0.5300000000E+02     -0.2618669901E+02
    0.5400000000E+02     -0.2687409091E+02
    0.5500000000E+02     -0.2755972943E+02
    0.5600000000E+02     -0.2824287319E+02
    0.5700000000E+02     -0.2892325866E+02
    0.5800000000E+02     -0.2960062956E+02
    0.5900000000E+02     -0.3027512094E+02
    0.6000000000E+02     -0.3094634270E+02
    0.6100000000E+02     -0.3161426260E+02
    0.6200000000E+02     -0.3227810864E+02
    0.6300000000E+02     -0.3293821771E+02
    0.6400000000E+02     -0.3359402670E+02
    0.6500000000E+02     -0.3424569969E+02
    0.6600000000E+02     -0.3489320261E+02
    0.6700000000E+02     -0.3553570846E+02
    0.6800000000E+02     -0.3617385722E+02
    0.6900000000E+02     -0.3680644566E+02
    0.7000000000E+02     -0.3743438634E+02
    0.7100000000E+02     -0.3805692935E+02
    0.7200000000E+02     -0.3867459646E+02
    0.7300000000E+02     -0.3928734430E+02
    0.7400000000E+02     -0.3989391448E+02
    0.7500000000E+02     -0.4049544533E+02
    0.7600000000E+02     -0.4109067388E+02
    0.7700000000E+02     -0.4168072368E+02
    0.7800000000E+02     -0.4226409350E+02
    0.7900000000E+02     -0.4284230919E+02
    0.8000000000E+02     -0.4341401083E+02
    0.8100000000E+02     -0.4397968937E+02
    0.8200000000E+02     -0.4454034746E+02
    0.8300000000E+02     -0.4509485400E+02
    0.8400000000E+02     -0.4564331332E+02
    0.8500000000E+02     -0.4618669990E+02
    0.8600000000E+02     -0.4672312838E+02
    0.8700000000E+02     -0.4725367614E+02
    0.8800000000E+02     -0.4777811649E+02
    0.8900000000E+02     -0.4829656842E+02
    0.9000000000E+02     -0.4880992885E+02
    0.9100000000E+02     -0.4931623485E+02
    0.9200000000E+02     -0.4981625475E+02
    0.9300000000E+02     -0.5031159751E+02
    0.9400000000E+02     -0.5080070214E+02
    0.9500000000E+02     -0.5128313146E+02
    0.9600000000E+02     -0.5176020683E+02
    0.9700000000E+02     -0.5223096076E+02
    0.9800000000E+02     -0.5269519303E+02
    0.9900000000E+02     -0.5315419713E+02
    0.1000000000E+03     -0.5360618264E+02
    0.1010000000E+03     -0.5405308059E+02
    0.1020000000E+03     -0.5449406391E+02
    0.1030000000E+03     -0.5492896184E+02
    0.1040000000E+03     -0.5535865080E+02
    0.1050000000E+03     -0.5578119375E+02
    0.1060000000E+03     -0.5619845487E+02
    0.1070000000E+03     -0.5660951053E+02
    0.1080000000E+03     -0.5701527907E+02
    0.1090000000E+03     -0.5741491149E+02
    0.1100000000E+03     -0.5780853937E+02
    0.1110000000E+03     -0.5819665525E+02
    0.1120000000E+03     -0.5857799903E+02
    0.1130000000E+03     -0.5895391408E+02
    0.1140000000E+03     -0.5932424292E+02
    0.1150000000E+03     -0.5968924451E+02
    0.1160000000E+03     -0.6004825735E+02
    0.1170000000E+03     -0.6040125554E+02
    0.1180000000E+03     -0.6074779647E+02
    0.1190000000E+03     -0.6108825015E+02
    0.1200000000E+03     -0.6142432268E+02
    0.1210000000E+03     -0.6175359680E+02
    0.1220000000E+03     -0.6207648145E+02
    0.1230000000E+03     -0.6239473815E+02
    0.1240000000E+03     -0.6270692198E+02
    0.1250000000E+03     -0.6301310865E+02
    0.1260000000E+03     -0.6331357432E+02
    0.1270000000E+03     -0.6360875485E+02
    0.1280000000E+03     -0.6389818076E+02
    0.1290000000E+03     -0.6418125060E+02
    0.1300000000E+03     -0.6445917830E+02
    0.1310000000E+03     -0.6473260286E+02
    0.1320000000E+03     -0.6499827310E+02
    0.1330000000E+03     -0.6525982484E+02
    0.1340000000E+03     -0.6551570212E+02
    0.1350000000E+03     -0.6576482569E+02
    0.1360000000E+03     -0.6600958719E+02
    0.1370000000E+03     -0.6624805509E+02
    0.1380000000E+03     -0.6648102833E+02
    0.1390000000E+03     -0.6670863242E+02
    0.1400000000E+03     -0.6693050701E+02
    0.1410000000E+03     -0.6714758865E+02
    0.1420000000E+03     -0.6735714585E+02
    0.1430000000E+03     -0.6756327245E+02
    0.1440000000E+03     -0.6776306611E+02
    0.1450000000E+03     -0.6795740670E+02
    0.1460000000E+03     -0.6814531424E+02
    0.1470000000E+03     -0.6832805818E+02
    0.1480000000E+03     -0.6850575378E+02
    0.1490000000E+03     -0.6867855670E+02
    0.1500000000E+03     -0.6884616991E+02
    0.1510000000E+03     -0.6900903405E+02
    0.1520000000E+03     -0.6917316659E+02
    0.1530000000E+03     -0.6932376094E+02
    0.1540000000E+03     -0.6946932791E+02
    0.1550000000E+03     -0.6961243168E+02
    0.1560000000E+03     -0.6974604959E+02
    0.1570000000E+03     -0.6987529555E+02
    0.1580000000E+03     -0.7000080171E+02
    0.1590000000E+03     -0.7011982581E+02
    0.1600000000E+03     -0.7023247763E+02
    0.1610000000E+03     -0.7034172421E+02
    0.1620000000E+03     -0.7044419512E+02
    0.1630000000E+03     -0.7054236888E+02
    0.1640000000E+03     -0.7063521122E+02
    0.1650000000E+03     -0.7072225084E+02
    0.1660000000E+03     -0.7080485089E+02
    0.1670000000E+03     -0.7088195144E+02
    0.1680000000E+03     -0.7095414720E+02
    0.1690000000E+03     -0.7102312199E+02
    0.1700000000E+03     -0.7108523849E+02
    0.1710000000E+03     -0.7114297674E+02
    0.1720000000E+03     -0.7119580770E+02
    0.1730000000E+03     -0.7124218264E+02
    0.1740000000E+03     -0.7127924800E+02
    0.1750000000E+03     -0.7131524956E+02
    0.1760000000E+03     -0.7134541982E+02
    0.1770000000E+03     -0.7136938693E+02
    0.1780000000E+03     -0.7139040773E+02
    0.1790000000E+03     -0.7140462755E+02
    0.1800000000E+03     -0.7141374459E+02
    0.1810000000E+03     -0.7141784470E+02
    0.1820000000E+03     -0.7141741390E+02
    0.1830000000E+03     -0.7141137363E+02
    0.1840000000E+03     -0.7140052951E+02
    0.1850000000E+03     -0.7138550846E+02
    0.1860000000E+03     -0.7136332185E+02
    0.1870000000E+03     -0.7133574808E+02
    0.1880000000E+03     -0.7130216280E+02
    0.1890000000E+03     -0.7126288935E+02
    0.1900000000E+03     -0.7121939683E+02
    0.1910000000E+03     -0.7116988733E+02
    0.1920000000E+03     -0.7111112710E+02
    0.1930000000E+03     -0.7105125253E+02
    0.1940000000E+03     -0.7098493128E+02
    0.1950000000E+03     -0.7090925645E+02
    0.1960000000E+03     -0.7083292393E+02
    0.1970000000E+03     -0.7075009115E+02
    0.1980000000E+03     -0.7066282399E+02
    0.1990000000E+03     -0.7057038639E+02
    0.2000000000E+03     -0.7047296850E+02
    0.2010000000E+03     -0.7036813424E+02
    0.2020000000E+03     -0.7025821603E+02
    0.2030000000E+03     -0.7014304596E+02
    0.2040000000E+03     -0.7002320820E+02
    0.2050000000E+03     -0.6989739608E+02
    0.2060000000E+03     -0.6976592615E+02
    0.2070000000E+03     -0.6962819757E+02
    0.2080000000E+03     -0.6948611455E+02
    0.2090000000E+03     -0.6933862849E+02
    0.2100000000E+03     -0.6918463595E+02
    0.2110000000E+03     -0.6902587472E+02
    0.2120000000E+03     -0.6886247314E+02
    0.2130000000E+03     -0.6869252003E+02
    0.2140000000E+03     -0.6851783032E+02
    0.2150000000E+03     -0.6833816618E+02
    0.2160000000E+03     -0.6815387884E+02
    0.2170000000E+03     -0.6796242202E+02
    0.2180000000E+03     -0.6776707387E+02
    0.2190000000E+03     -0.6756571483E+02
    0.2200000000E+03     -0.6736160928E+02
    0.2210000000E+03     -0.6714939308E+02
    0.2220000000E+03     -0.6693137302E+02
    0.2230000000E+03     -0.6671346550E+02
    0.2240000000E+03     -0.6648349969E+02
    0.2250000000E+03     -0.6624766938E+02
    0.2260000000E+03     -0.6600821094E+02
    0.2270000000E+03     -0.6576379521E+02
    0.2280000000E+03     -0.6551491792E+02
    0.2290000000E+03     -0.6525804437E+02
    0.2300000000E+03     -0.6499735797E+02
    0.2310000000E+03     -0.6473237363E+02
    0.2320000000E+03     -0.6445914415E+02
    0.2330000000E+03     -0.6418014958E+02
    0.2340000000E+03     -0.6389736983E+02
    0.2350000000E+03     -0.6360830947E+02
    0.2360000000E+03     -0.6331305250E+02
    0.2370000000E+03     -0.6301537897E+02
    0.2380000000E+03     -0.6270876180E+02
    0.2390000000E+03     -0.6239903154E+02
    0.2400000000E+03     -0.6208223136E+02
    0.2410000000E+03     -0.6176038800E+02
    0.2420000000E+03     -0.6143515758E+02
    0.2430000000E+03     -0.6110204844E+02
    0.2440000000E+03     -0.6076277975E+02
    0.2450000000E+03     -0.6041673607E+02
    0.2460000000E+03     -0.6006680340E+02
    0.2470000000E+03     -0.5971093401E+02
    0.2480000000E+03     -0.5934970152E+02
    0.2490000000E+03     -0.5898248532E+02
    0.2500000000E+03     -0.5861179223E+02
    0.2510000000E+03     -0.5823334723E+02
    0.2520000000E+03     -0.5785021930E+02
    0.2530000000E+03     -0.5746161090E+02
    0.2540000000E+03     -0.5706709798E+02
    0.2550000000E+03     -0.5666498472E+02
    0.2560000000E+03     -0.5626021774E+02
    0.2570000000E+03     -0.5584734986E+02
    0.2580000000E+03     -0.5543073396E+02
    0.2590000000E+03     -0.5500876636E+02
    0.2600000000E+03     -0.5458118350E+02
    0.2610000000E+03     -0.5414925558E+02
    0.2620000000E+03     -0.5370668897E+02
    0.2630000000E+03     -0.5326170051E+02
    0.2640000000E+03     -0.5281117251E+02
    0.2650000000E+03     -0.5235341912E+02
    0.2660000000E+03     -0.5189377525E+02
    0.2670000000E+03     -0.5142577865E+02
    0.2680000000E+03     -0.5095265730E+02
    0.2690000000E+03     -0.5047647973E+02
    0.2700000000E+03     -0.4999366935E+02
    0.2710000000E+03     -0.4950501863E+02
    0.2720000000E+03     -0.4901270495E+02
    0.2730000000E+03     -0.4851473624E+02
    0.2740000000E+03     -0.4801165122E+02
    0.2750000000E+03     -0.4750342948E+02
    0.2760000000E+03     -0.4699187851E+02
    0.2770000000E+03     -0.4647413531E+02
    0.2780000000E+03     -0.4595395511E+02
    0.2790000000E+03     -0.4542646673E+02
    0.2800000000E+03     -0.4489470973E+02
    0.2810000000E+03     -0.4436174690E+02
    0.2820000000E+03     -0.4382207878E+02
    0.2830000000E+03     -0.4327699159E+02
    0.2840000000E+03     -0.4272804596E+02
    0.2850000000E+03     -0.4217488007E+02
    0.2860000000E+03     -0.4161586778E+02
    0.2870000000E+03     -0.4105317909E+02
    0.2880000000E+03     -0.4049105731E+02
    0.2890000000E+03     -0.3992039463E+02
    0.2900000000E+03     -0.3935009742E+02
    0.2910000000E+03     -0.3877671641E+02
    0.2920000000E+03     -0.3820137203E+02
    0.2930000000E+03     -0.3762225649E+02
    0.2940000000E+03     -0.3704144990E+02
    0.2950000000E+03     -0.3645606487E+02
    0.2960000000E+03     -0.3587249371E+02
    0.2970000000E+03     -0.3528642466E+02
    0.2980000000E+03     -0.3469868793E+02
    0.2990000000E+03     -0.3410972346E+02
    0.3000000000E+03     -0.3351754449E+02
    0.3010000000E+03     -0.3292819975E+02
    0.3020000000E+03     -0.3233559216E+02
    0.3030000000E+03     -0.3174749387E+02
    0.3040000000E+03     -0.3115771047E+02
    0.3050000000E+03     -0.3056766457E+02
    0.3060000000E+03     -0.2997367057E+02
    0.3070000000E+03     -0.2938497522E+02
    0.3080000000E+03     -0.2879588458E+02
    0.3090000000E+03     -0.2820084616E+02
    0.3100000000E+03     -0.2761532512E+02
    0.3110000000E+03     -0.2703146585E+02
    0.3120000000E+03     -0.2644942190E+02
    0.3130000000E+03     -0.2586589156E+02
    0.3140000000E+03     -0.2528401346E+02
    0.3150000000E+03     -0.2470448841E+02
    0.3160000000E+03     -0.2412759767E+02
    0.3170000000E+03     -0.2355411465E+02
    0.3180000000E+03     -0.2297684989E+02
    0.3190000000E+03     -0.2240657658E+02
    0.3200000000E+03     -0.2184113318E+02
    0.3210000000E+03     -0.2127559459E+02
    0.3220000000E+03     -0.2071599424E+02
    0.3230000000E+03     -0.2016176203E+02
    0.3240000000E+03     -0.1961115357E+02
    0.3250000000E+03     -0.1906633239E+02
    0.3260000000E+03     -0.1852445557E+02
    0.3270000000E+03     -0.1798696314E+02
    0.3280000000E+03     -0.1745311861E+02
    0.3290000000E+03     -0.1692478610E+02
    0.3300000000E+03     -0.1640070797E+02
    0.3310000000E+03     -0.1588477323E+02
    0.3320000000E+03     -0.1537597997E+02
    0.3330000000E+03     -0.1487483323E+02
    0.3340000000E+03     -0.1437855554E+02
    0.3350000000E+03     -0.1389139217E+02
    0.3360000000E+03     -0.1340539894E+02
    0.3370000000E+03     -0.1293150610E+02
    0.3380000000E+03     -0.1246588558E+02
    0.3390000000E+03     -0.1200779113E+02
    0.3400000000E+03     -0.1155777194E+02
    0.3410000000E+03     -0.1111826440E+02
    0.3420000000E+03     -0.1069014032E+02
    0.3430000000E+03     -0.1026686780E+02
    0.3440000000E+03     -0.9857871546E+01
    0.3450000000E+03     -0.9452654045E+01
    0.3460000000E+03     -0.9058945040E+01
    0.3470000000E+03     -0.8678237893E+01
    0.3480000000E+03     -0.8308707302E+01
    0.3490000000E+03     -0.7947985176E+01
    0.3500000000E+03     -0.7602001967E+01
    0.3510000000E+03     -0.7263978123E+01
    0.3520000000E+03     -0.6941898671E+01
    0.3530000000E+03     -0.6630301560E+01
    0.3540000000E+03     -0.6334458851E+01
    0.3550000000E+03     -0.6049845806E+01
    0.3560000000E+03     -0.5775370766E+01
    0.3570000000E+03     -0.5519114571E+01
    0.3580000000E+03     -0.5278168485E+01
    0.3590000000E+03     -0.5051037921E+01
    0.3600000000E+03     -0.4831567954E+01
    0.3610000000E+03     -0.4630245307E+01
    0.3620000000E+03     -0.4449891634E+01
    0.3630000000E+03     -0.4283802484E+01
    0.3640000000E+03     -0.4130775008E+01
    0.3650000000E+03     -0.3998969466E+01
    0.3660000000E+03     -0.3880293249E+01
    0.3670000000E+03     -0.3781535891E+01
    0.3680000000E+03     -0.3705659623E+01
    0.3690000000E+03     -0.3649108194E+01
    0.3700000000E+03     -0.3607610544E+01
    0.3710000000E+03     -0.3586439747E+01
    0.3720000000E+03     -0.3581746982E+01
    0.3730000000E+03     -0.3597447142E+01
    0.3740000000E+03     -0.3631276948E+01
    0.3750000000E+03     -0.3690938215E+01
    0.3760000000E+03     -0.3767206707E+01
    0.3770000000E+03     -0.3866958148E+01
    0.3780000000E+03     -0.3984075819E+01
    0.3790000000E+03     -0.4129139754E+01
    0.3800000000E+03     -0.4288887412E+01
    0.3810000000E+03     -0.4480799226E+01
    0.3820000000E+03     -0.4692862447E+01
    0.3830000000E+03     -0.4926691318E+01
    0.3840000000E+03     -0.5190958373E+01
    0.3850000000E+03     -0.5474836191E+01
    0.3860000000E+03     -0.5785847831E+01
    0.3870000000E+03     -0.6120832340E+01
    0.3880000000E+03     -0.6489961996E+01
    0.3890000000E+03     -0.6884104711E+01
    0.3900000000E+03     -0.7291057209E+01
    0.3910000000E+03     -0.7728972026E+01
    0.3920000000E+03     -0.8197426713E+01
    0.3930000000E+03     -0.8699146692E+01
    0.3940000000E+03     -0.9217701705E+01
    0.3950000000E+03     -0.9781163007E+01
    0.3960000000E+03     -0.1037725314E+02
    0.3970000000E+03     -0.1098614862E+02
    0.3980000000E+03     -0.1163834082E+02
    0.3990000000E+03     -0.1231018551E+02
    0.4000000000E+03     -0.1302328210E+02
    0.4010000000E+03     -0.1375136341E+02
    0.4020000000E+03     -0.1452260579E+02
    0.4030000000E+03     -0.1533528180E+02
    0.4040000000E+03     -0.1617631291E+02
    0.4050000000E+03     -0.1704036001E+02
    0.4060000000E+03     -0.1794842396E+02
    0.4070000000E+03     -0.1889215991E+02
    0.4080000000E+03     -0.1986254365E+02
    0.4090000000E+03     -0.2087809968E+02
    0.4100000000E+03     -0.2193411878E+02
    0.4110000000E+03     -0.2301446074E+02
    0.4120000000E+03     -0.2413089418E+02
    0.4130000000E+03     -0.2529857534E+02
    0.4140000000E+03     -0.2647399362E+02
    0.4150000000E+03     -0.2772663980E+02
    0.4160000000E+03     -0.2901140438E+02
    0.4170000000E+03     -0.3034272967E+02
    0.4180000000E+03     -0.3169968037E+02
    0.4190000000E+03     -0.3309466309E+02
    0.4200000000E+03     -0.3454507450E+02
    0.4210000000E+03     -0.3602283610E+02
    0.4220000000E+03     -0.3754214535E+02
    0.4230000000E+03     -0.3912338954E+02
    0.4240000000E+03     -0.4074246660E+02
    0.4250000000E+03     -0.4240701800E+02
    0.4260000000E+03     -0.4411381730E+02
    0.4270000000E+03     -0.4586720171E+02
    0.4280000000E+03     -0.4767127969E+02
    0.4290000000E+03     -0.4951609691E+02
    0.4300000000E+03     -0.5140856310E+02
    0.4310000000E+03     -0.5336940913E+02
    0.4320000000E+03     -0.5535082804E+02
    0.4330000000E+03     -0.5739476894E+02
    0.4340000000E+03     -0.5946994267E+02
    0.4350000000E+03     -0.6160232589E+02
    0.4360000000E+03     -0.6379323871E+02
    0.4370000000E+03     -0.6604746753E+02
    0.4380000000E+03     -0.6833608040E+02
    0.4390000000E+03     -0.7068195856E+02
    0.4400000000E+03     -0.7307922789E+02
    0.4410000000E+03     -0.7553892615E+02
    0.4420000000E+03     -0.7805595368E+02
    0.4430000000E+03     -0.8064014476E+02
    0.4440000000E+03     -0.8324977051E+02
    0.4450000000E+03     -0.8592774569E+02
    0.4460000000E+03     -0.8866319655E+02
    0.4470000000E+03     -0.9145200919E+02
    0.4480000000E+03     -0.9433202900E+02
    0.4490000000E+03     -0.9723676304E+02
    0.4500000000E+03     -0.1002096860E+03
    0.4510000000E+03     -0.1032415881E+03
    0.4520000000E+03     -0.1063584895E+03
    0.4530000000E+03     -0.1095361677E+03
    0.4540000000E+03     -0.1127566957E+03
    0.4550000000E+03     -0.1160329709E+03
    0.4560000000E+03     -0.1193749305E+03
    0.4570000000E+03     -0.1228390141E+03
    0.4580000000E+03     -0.1263113510E+03
    0.4590000000E+03     -0.1298664182E+03
    0.4600000000E+03     -0.1334851196E+03
    0.4610000000E+03     -0.1371532322E+03
    0.4620000000E+03     -0.1408871576E+03
    0.4630000000E+03     -0.1447095298E+03
    0.4640000000E+03     -0.1486019226E+03
    0.4650000000E+03     -0.1525298432E+03
    0.4660000000E+03     -0.1565380336E+03
    0.4670000000E+03     -0.1606509868E+03
    0.4680000000E+03     -0.1648020442E+03
    0.4690000000E+03     -0.1690260066E+03
    0.4700000000E+03     -0.1733325747E+03
    0.4710000000E+03     -0.1777291126E+03
    0.4720000000E+03     -0.1821891311E+03
    0.4730000000E+03     -0.1867695430E+03
    0.4740000000E+03     -0.1913679626E+03
    0.4750000000E+03     -0.1960672118E+03
    0.4760000000E+03     -0.2008699546E+03
    0.4770000000E+03     -0.2057261855E+03
    0.4780000000E+03     -0.2106452267E+03
    0.4790000000E+03     -0.2156693198E+03
    0.4800000000E+03     -0.2207609260E+03
    0.4810000000E+03     -0.2259190024E+03
    0.4820000000E+03     -0.2312120315E+03
    0.4830000000E+03     -0.2365434253E+03
    0.4840000000E+03     -0.2419909202E+03
    0.4850000000E+03     -0.2475118464E+03
