    0.00000000E+00      -6.593248397667895233E+01
    1.00000000E+00      -6.359339785014282143E+01
    2.00000000E+00      -6.192556962554346001E+01
    3.00000000E+00      -6.064123164906169450E+01
    4.00000000E+00      -5.962246377483944570E+01
    5.00000000E+00      -5.880477542799900448E+01
    6.00000000E+00      -5.814749796685765659E+01
    7.00000000E+00      -5.762246623632501041E+01
    8.00000000E+00      -5.720909669433723366E+01
    9.00000000E+00      -5.689153158382515585E+01
    1.00000000E+01      -5.665747335503812110E+01
    1.10000000E+01      -5.649691205189566290E+01
    1.20000000E+01      -5.640130058859477913E+01
    1.30000000E+01      -5.636399659558202302E+01
    1.40000000E+01      -5.637920501126910722E+01
    1.50000000E+01      -5.644158392862419760E+01
    1.60000000E+01      -5.654698487368415272E+01
    1.70000000E+01      -5.669116130468438541E+01
    1.80000000E+01      -5.687091162704865610E+01
    1.90000000E+01      -5.708284549598585045E+01
    2.00000000E+01      -5.732464609990830695E+01
    2.10000000E+01      -5.759361856334845697E+01
    2.20000000E+01      -5.788730364848862564E+01
    2.30000000E+01      -5.820387272347699081E+01
    2.40000000E+01      -5.854194526045586144E+01
    2.50000000E+01      -5.889964143835942423E+01
    2.60000000E+01      -5.927487423873509442E+01
    2.70000000E+01      -5.966661020132715976E+01
    2.80000000E+01      -6.007331239289607083E+01
    2.90000000E+01      -6.049373324119488871E+01
    3.00000000E+01      -6.092664580323736345E+01
    3.10000000E+01      -6.137095867327417409E+01
    3.20000000E+01      -6.182573637177239334E+01
    3.30000000E+01      -6.229016256283040320E+01
    3.40000000E+01      -6.276325692792426025E+01
    3.50000000E+01      -6.324414856682534491E+01
    3.60000000E+01      -6.373206718123520886E+01
    3.70000000E+01      -6.422629885465840971E+01
    3.80000000E+01      -6.472619541917930519E+01
    3.90000000E+01      -6.523125783770348107E+01
    4.00000000E+01      -6.574053693653087294E+01
    4.10000000E+01      -6.625356598940680897E+01
    4.20000000E+01      -6.676964195442388927E+01
    4.30000000E+01      -6.728866334442983543E+01
    4.40000000E+01      -6.780970968862067139E+01
    4.50000000E+01      -6.833252327327619469E+01
    4.60000000E+01      -6.885629909110258495E+01
    4.70000000E+01      -6.938135883535261428E+01
    4.80000000E+01      -6.990657265202145254E+01
    4.90000000E+01      -7.043193253685723221E+01
    5.00000000E+01      -7.095728898837234055E+01
    5.10000000E+01      -7.148151277328844344E+01
    5.20000000E+01      -7.200492768219675099E+01
    5.30000000E+01      -7.252727687728594219E+01
    5.40000000E+01      -7.304824946817944920E+01
    5.50000000E+01      -7.356772828239019191E+01
    5.60000000E+01      -7.408490994802679097E+01
    5.70000000E+01      -7.459959519698287522E+01
    5.80000000E+01      -7.511151376130993640E+01
    5.90000000E+01      -7.562079874190504825E+01
    6.00000000E+01      -7.612703197912316000E+01
    6.10000000E+01      -7.663023105354051268E+01
    6.20000000E+01      -7.712957422618757164E+01
    6.30000000E+01      -7.762540426195602095E+01
    6.40000000E+01      -7.811717557764615094E+01
    6.50000000E+01      -7.860509064837361848E+01
    6.60000000E+01      -7.908904401070441281E+01
    6.70000000E+01      -7.956824572335000312E+01
    6.80000000E+01      -8.004331138075332319E+01
    6.90000000E+01      -8.051306368780325329E+01
    7.00000000E+01      -8.097836967228914773E+01
    7.10000000E+01      -8.143847251540984189E+01
    7.20000000E+01      -8.189392940324734127E+01
    7.30000000E+01      -8.234467218347828066E+01
    7.40000000E+01      -8.278944321253339922E+01
    7.50000000E+01      -8.322937639567072665E+01
    7.60000000E+01      -8.366324741064573800E+01
    7.70000000E+01      -8.409213905126790678E+01
    7.80000000E+01      -8.451455469193871295E+01
    7.90000000E+01      -8.493193413547243154E+01
    8.00000000E+01      -8.534299496232534921E+01
    8.10000000E+01      -8.574826010826046740E+01
    8.20000000E+01      -8.614867986363361752E+01
    8.30000000E+01      -8.654311587193052446E+01
    8.40000000E+01      -8.693166591131131327E+01
    8.50000000E+01      -8.731532462497244751E+01
    8.60000000E+01      -8.769214049723933613E+01
    8.70000000E+01      -8.806327553230340754E+01
    8.80000000E+01      -8.842843970700170075E+01
    8.90000000E+01      -8.878781288300643837E+01
    9.00000000E+01      -8.914225224356169974E+01
    9.10000000E+01      -8.948974139426837837E+01
    9.20000000E+01      -8.983105163180272257E+01
    9.30000000E+01      -9.016785417028705751E+01
    9.40000000E+01      -9.049853023557926690E+01
    9.50000000E+01      -9.082266968113373196E+01
    9.60000000E+01      -9.114154448264281427E+01
    9.70000000E+01      -9.145427343619059002E+01
    9.80000000E+01      -9.176059435817415988E+01
    9.90000000E+01      -9.206186030103827989E+01
    1.00000000E+02      -9.235618404575626528E+01
    1.01000000E+02      -9.264551911826248443E+01
    1.02000000E+02      -9.292908505300994193E+01
    1.03000000E+02      -9.320667262791658914E+01
    1.04000000E+02      -9.347919137586842453E+01
    1.05000000E+02      -9.374462504449303424E+01
    1.06000000E+02      -9.400489237855191504E+01
    1.07000000E+02      -9.425908457624728953E+01
    1.08000000E+02      -9.450808789066041982E+01
    1.09000000E+02      -9.475106890776197588E+01
    1.10000000E+02      -9.498807329635138785E+01
    1.11000000E+02      -9.521972442741508758E+01
    1.12000000E+02      -9.544470902762378728E+01
    1.13000000E+02      -9.566435341627339994E+01
    1.14000000E+02      -9.587851304837505495E+01
    1.15000000E+02      -9.608740876798520958E+01
    1.16000000E+02      -9.629040730648677027E+01
    1.17000000E+02      -9.648747856539677059E+01
    1.18000000E+02      -9.667816343761052167E+01
    1.19000000E+02      -9.686285246533344662E+01
    1.20000000E+02      -9.704326069678182876E+01
    1.21000000E+02      -9.721700561975131905E+01
    1.22000000E+02      -9.738437408252622163E+01
    1.23000000E+02      -9.754724743307571089E+01
    1.24000000E+02      -9.770416466702710068E+01
    1.25000000E+02      -9.785515786099250590E+01
    1.26000000E+02      -9.800053562966178333E+01
    1.27000000E+02      -9.814069010919894254E+01
    1.28000000E+02      -9.827519690894524729E+01
    1.29000000E+02      -9.840340183299969112E+01
    1.30000000E+02      -9.852650872056375420E+01
    1.31000000E+02      -9.864518741887997066E+01
    1.32000000E+02      -9.875621260141025459E+01
    1.33000000E+02      -9.886318633888851082E+01
    1.34000000E+02      -9.896460710090588009E+01
    1.35000000E+02      -9.905936744806359684E+01
    1.36000000E+02      -9.914982072913090860E+01
    1.37000000E+02      -9.923399501943032419E+01
    1.38000000E+02      -9.931280236548747098E+01
    1.39000000E+02      -9.938641200304965651E+01
    1.40000000E+02      -9.945427441268230950E+01
    1.41000000E+02      -9.951744289274330413E+01
    1.42000000E+02      -9.957310982930476939E+01
    1.43000000E+02      -9.962550393116663372E+01
    1.44000000E+02      -9.967156617387200868E+01
    1.45000000E+02      -9.971217216222549951E+01
    1.46000000E+02      -9.974658849879170930E+01
    1.47000000E+02      -9.977582283967177545E+01
    1.48000000E+02      -9.980006543730388557E+01
    1.49000000E+02      -9.981951629321093833E+01
    1.50000000E+02      -9.983388323566879308E+01
    1.51000000E+02      -9.984353515875528728E+01
    1.52000000E+02      -9.985422171509827649E+01
    1.53000000E+02      -9.985172867492775595E+01
    1.54000000E+02      -9.984434848275969898E+01
    1.55000000E+02      -9.983433766427452838E+01
    1.56000000E+02      -9.981501047403554594E+01
    1.57000000E+02      -9.979147592696364200E+01
    1.58000000E+02      -9.976427204065959131E+01
    1.59000000E+02      -9.973062091969887888E+01
    1.60000000E+02      -9.969067735501567995E+01
    1.61000000E+02      -9.964739760241474187E+01
    1.62000000E+02      -9.959737849651838815E+01
    1.63000000E+02      -9.954307143387387669E+01
    1.64000000E+02      -9.948345030701722180E+01
    1.65000000E+02      -9.941809770648370659E+01
    1.66000000E+02      -9.934840309896509325E+01
    1.67000000E+02      -9.927321579164828336E+01
    1.68000000E+02      -9.919319101932461535E+01
    1.69000000E+02      -9.911004361460919654E+01
    1.70000000E+02      -9.902003198114226734E+01
    1.71000000E+02      -9.892571569743569171E+01
    1.72000000E+02      -9.882652458080093538E+01
    1.73000000E+02      -9.872090106268416321E+01
    1.74000000E+02      -9.860576199923644936E+01
    1.75000000E+02      -9.848980782038535153E+01
    1.76000000E+02      -9.836806084911341941E+01
    1.77000000E+02      -9.823999969518746411E+01
    1.78000000E+02      -9.810919093896637833E+01
    1.79000000E+02      -9.797164126575927412E+01
    1.80000000E+02      -9.782901947942565357E+01
    1.81000000E+02      -9.768138303139249956E+01
    1.82000000E+02      -9.752924424453641450E+01
    1.83000000E+02      -9.737154556249271309E+01
    1.84000000E+02      -9.720912067356522357E+01
    1.85000000E+02      -9.704257905573587095E+01
    1.86000000E+02      -9.686890433493073260E+01
    1.87000000E+02      -9.668991243417377746E+01
    1.88000000E+02      -9.650495121206159865E+01
    1.89000000E+02      -9.631431689157153642E+01
    1.90000000E+02      -9.611954548672775900E+01
    1.91000000E+02      -9.591876130920837795E+01
    1.92000000E+02      -9.570892136028970754E+01
    1.93000000E+02      -9.549790192346091544E+01
    1.94000000E+02      -9.528049290829341089E+01
    1.95000000E+02      -9.505388968435119068E+01
    1.96000000E+02      -9.482655493819157755E+01
    1.97000000E+02      -9.459277709477584040E+01
    1.98000000E+02      -9.435468800037170922E+01
    1.99000000E+02      -9.411149695373143231E+01
    2.00000000E+02      -9.386343893080021417E+01
    2.01000000E+02      -9.360794274971823370E+01
    2.02000000E+02      -9.334744231493215239E+01
    2.03000000E+02      -9.308176335829313075E+01
    2.04000000E+02      -9.281147571044976985E+01
    2.05000000E+02      -9.253530079356397664E+01
    2.06000000E+02      -9.225356041916649019E+01
    2.07000000E+02      -9.196556930893103754E+01
    2.08000000E+02      -9.167328931295315897E+01
    2.09000000E+02      -9.137567075199450528E+01
    2.10000000E+02      -9.107174409131522452E+01
    2.11000000E+02      -9.076307653260420238E+01
    2.12000000E+02      -9.044979721351529633E+01
    2.13000000E+02      -9.013003861854787147E+01
    2.14000000E+02      -8.980562131895686662E+01
    2.15000000E+02      -8.947626087578947818E+01
    2.16000000E+02      -8.914245131841863667E+01
    2.17000000E+02      -8.880146901120434677E+01
    2.18000000E+02      -8.845678221571262156E+01
    2.19000000E+02      -8.810606349256823933E+01
    2.20000000E+02      -8.775279556724245822E+01
    2.21000000E+02      -8.739139374761845147E+01
    2.22000000E+02      -8.702429364665414369E+01
    2.23000000E+02      -8.665726803007538592E+01
    2.24000000E+02      -8.627835400166924273E+01
    2.25000000E+02      -8.589368699767629778E+01
    2.26000000E+02      -8.550541690454821264E+01
    2.27000000E+02      -8.511227918134073889E+01
    2.28000000E+02      -8.471464125622998154E+01
    2.29000000E+02      -8.430931758086200034E+01
    2.30000000E+02      -8.390013450753878033E+01
    2.31000000E+02      -8.348675191818739449E+01
    2.32000000E+02      -8.306518975083719170E+01
    2.33000000E+02      -8.263795434261675155E+01
    2.34000000E+02      -8.220699211579750454E+01
    2.35000000E+02      -8.176986656754280602E+01
    2.36000000E+02      -8.132670243826697742E+01
    2.37000000E+02      -8.088112325917001044E+01
    2.38000000E+02      -8.042684738055805838E+01
    2.39000000E+02      -7.996948495038787996E+01
    2.40000000E+02      -7.950517107822935259E+01
    2.41000000E+02      -7.903583599158565676E+01
    2.42000000E+02      -7.856311771736483252E+01
    2.43000000E+02      -7.808267520039345300E+01
    2.44000000E+02      -7.759624093442226922E+01
    2.45000000E+02      -7.710309876638467586E+01
    2.46000000E+02      -7.660623117114420211E+01
    2.47000000E+02      -7.610358380570079362E+01
    2.48000000E+02      -7.559564350263218557E+01
    2.49000000E+02      -7.508189457698728120E+01
    2.50000000E+02      -7.456470239671881473E+01
    2.51000000E+02      -7.403996329612101590E+01
    2.52000000E+02      -7.351074143170382058E+01
    2.53000000E+02      -7.297601609767417585E+01
    2.54000000E+02      -7.243558942477221763E+01
    2.55000000E+02      -7.188765668912793672E+01
    2.56000000E+02      -7.133715205590243613E+01
    2.57000000E+02      -7.077883433780635869E+01
    2.58000000E+02      -7.021687983439306890E+01
    2.59000000E+02      -6.964968824244107282E+01
    2.60000000E+02      -6.907696929291824972E+01
    2.61000000E+02      -6.850009943122978484E+01
    2.62000000E+02      -6.791291677297095930E+01
    2.63000000E+02      -6.732338119528259313E+01
    2.64000000E+02      -6.672840877107347524E+01
    2.65000000E+02      -6.612661923698152577E+01
    2.66000000E+02      -6.552297466478313481E+01
    2.67000000E+02      -6.491117608404721295E+01
    2.68000000E+02      -6.429448993640954768E+01
    2.69000000E+02      -6.367487555227245366E+01
    2.70000000E+02      -6.304878597331236278E+01
    2.71000000E+02      -6.241711751368831074E+01
    2.72000000E+02      -6.178195908849130547E+01
    2.73000000E+02      -6.114144172004426991E+01
    2.74000000E+02      -6.049608754876072680E+01
    2.75000000E+02      -5.984569692841733968E+01
    2.76000000E+02      -5.919225998685698187E+01
    2.77000000E+02      -5.853278290570716536E+01
    2.78000000E+02      -5.787099541627804911E+01
    2.79000000E+02      -5.720232234566475427E+01
    2.80000000E+02      -5.652965635105039155E+01
    2.81000000E+02      -5.585593373558486974E+01
    2.82000000E+02      -5.517566991268660104E+01
    2.83000000E+02      -5.449035036002288734E+01
    2.84000000E+02      -5.380161774015988385E+01
    2.85000000E+02      -5.310883717189545905E+01
    2.86000000E+02      -5.241051394722427403E+01
    2.87000000E+02      -5.170860210430811321E+01
    2.88000000E+02      -5.100769287205304181E+01
    2.89000000E+02      -5.029832545944492495E+01
    2.90000000E+02      -4.958967279407198703E+01
    2.91000000E+02      -4.887816255024637258E+01
    2.92000000E+02      -4.816494323170746839E+01
    2.93000000E+02      -4.744824523988182818E+01
    2.94000000E+02      -4.673006977417509233E+01
    2.95000000E+02      -4.600786811855624592E+01
    2.96000000E+02      -4.528743572949434792E+01
    2.97000000E+02      -4.456490315680395042E+01
    2.98000000E+02      -4.384079455441798245E+01
    2.99000000E+02      -4.311575188438411033E+01
    3.00000000E+02      -4.238773047409023320E+01
    3.01000000E+02      -4.166266171445141708E+01
    3.02000000E+02      -4.093452436194758093E+01
    3.03000000E+02      -4.021121897219683206E+01
    3.04000000E+02      -3.948622544432993209E+01
    3.05000000E+02      -3.876144312039951956E+01
    3.06000000E+02      -3.803315711344595229E+01
    3.07000000E+02      -3.731017066256146109E+01
    3.08000000E+02      -3.658688333814035332E+01
    3.09000000E+02      -3.585802289235408580E+01
    3.10000000E+02      -3.513865809326063072E+01
    3.11000000E+02      -3.442151051756928837E+01
    3.12000000E+02      -3.370613074393014585E+01
    3.13000000E+02      -3.298942570245827710E+01
    3.14000000E+02      -3.227461281881670629E+01
    3.15000000E+02      -3.156249907610009586E+01
    3.16000000E+02      -3.085318426133136427E+01
    3.17000000E+02      -3.014745308036918914E+01
    3.18000000E+02      -2.943827978937889611E+01
    3.19000000E+02      -2.873622041472236788E+01
    3.20000000E+02      -2.803911896373148238E+01
    3.21000000E+02      -2.734222857651303684E+01
    3.22000000E+02      -2.665129201716746365E+01
    3.23000000E+02      -2.596608199409212148E+01
    3.24000000E+02      -2.528464737345467483E+01
    3.25000000E+02      -2.460912294077689921E+01
    3.26000000E+02      -2.393662122122015035E+01
    3.27000000E+02      -2.326868961050178086E+01
    3.28000000E+02      -2.260479214086200273E+01
    3.29000000E+02      -2.194629934194500720E+01
    3.30000000E+02      -2.129244429196234023E+01
    3.31000000E+02      -2.064687394208277738E+01
    3.32000000E+02      -2.000873444878499186E+01
    3.33000000E+02      -1.937827205236072814E+01
    3.34000000E+02      -1.875283505159433162E+01
    3.35000000E+02      -1.813677452222447073E+01
    3.36000000E+02      -1.752202473624612367E+01
    3.37000000E+02      -1.691964134757409965E+01
    3.38000000E+02      -1.632567153914834535E+01
    3.39000000E+02      -1.573941509143452322E+01
    3.40000000E+02      -1.516126207911412394E+01
    3.41000000E+02      -1.459405643350447690E+01
    3.42000000E+02      -1.403822146632711565E+01
    3.43000000E+02      -1.348718964724804437E+01
    3.44000000E+02      -1.295074409942145621E+01
    3.45000000E+02      -1.241821986992846405E+01
    3.46000000E+02      -1.189711931577886617E+01
    3.47000000E+02      -1.138953069548125541E+01
    3.48000000E+02      -1.089298508592884218E+01
    3.49000000E+02      -1.040549254694025194E+01
    3.50000000E+02      -9.933311796253576631E+00
    3.51000000E+02      -9.468841886585607881E+00
    3.52000000E+02      -9.020426399046584720E+00
    3.53000000E+02      -8.582588085411146039E+00
    3.54000000E+02      -8.160974175641342754E+00
    3.55000000E+02      -7.750945888431772346E+00
    3.56000000E+02      -7.350927449269249792E+00
    3.57000000E+02      -6.969068115549191589E+00
    3.58000000E+02      -6.602639616904809827E+00
    3.59000000E+02      -6.250464536221727485E+00
    3.60000000E+02      -5.905723548932030553E+00
    3.61000000E+02      -5.579417527625366802E+00
    3.62000000E+02      -5.274462010217860097E+00
    3.63000000E+02      -4.983363269334688539E+00
    3.64000000E+02      -4.705602379487856979E+00
    3.65000000E+02      -4.449080893741950149E+00
    3.66000000E+02      -4.206006056135549898E+00
    3.67000000E+02      -3.983006455441966853E+00
    3.68000000E+02      -3.783254247596517406E+00
    3.69000000E+02      -3.602907305089786849E+00
    3.70000000E+02      -3.437467385986849866E+00
    3.71000000E+02      -3.292516170041665635E+00
    3.72000000E+02      -3.163845200529352031E+00
    3.73000000E+02      -3.055478292955115638E+00
    3.74000000E+02      -2.966133029637888274E+00
    3.75000000E+02      -2.902900586808130345E+00
    3.76000000E+02      -2.855967752607569299E+00
    3.77000000E+02      -2.832730798954174123E+00
    3.78000000E+02      -2.826923890477076373E+00
    3.79000000E+02      -2.849199695950404010E+00
    3.80000000E+02      -2.885809976579651437E+00
    3.81000000E+02      -2.955332598155394397E+00
    3.82000000E+02      -3.044964414062008462E+00
    3.83000000E+02      -3.156457816688373885E+00
    3.84000000E+02      -3.298189929658577046E+00
    3.85000000E+02      -3.460091457208648524E+00
    3.86000000E+02      -3.648396454723581872E+00
    3.87000000E+02      -3.861443774281099639E+00
    3.88000000E+02      -4.108813738422497863E+00
    3.89000000E+02      -4.381373403100326414E+00
    3.90000000E+02      -4.666111034313246364E+00
    3.91000000E+02      -4.981869728742196912E+00
    3.92000000E+02      -5.328408260801836605E+00
    3.93000000E+02      -5.708359558573022241E+00
    3.94000000E+02      -6.104710020097002143E+00
    3.95000000E+02      -6.547078699776932353E+00
    3.96000000E+02      -7.021592838196113462E+00
    3.97000000E+02      -7.508886687895312662E+00
    3.98000000E+02      -8.039599110810115690E+00
    3.99000000E+02      -8.590286029009178037E+00
    4.00000000E+02      -9.181892643654748554E+00
    4.01000000E+02      -9.788400222985103483E+00
    4.02000000E+02      -1.043742251626218831E+01
    4.03000000E+02      -1.112963350719775235E+01
    4.04000000E+02      -1.184904031918387091E+01
    4.05000000E+02      -1.259168799591253673E+01
    4.06000000E+02      -1.337812504029835736E+01
    4.07000000E+02      -1.420086698045025742E+01
    4.08000000E+02      -1.505012530318464314E+01
    4.09000000E+02      -1.594480415151457464E+01
    4.10000000E+02      -1.688003728955055749E+01
    4.11000000E+02      -1.783942363315264856E+01
    4.12000000E+02      -1.883526992375965392E+01
    4.13000000E+02      -1.988202451725493347E+01
    4.14000000E+02      -2.093637479652653610E+01
    4.15000000E+02      -2.206823361010293638E+01
    4.16000000E+02      -2.323165861560966050E+01
    4.17000000E+02      -2.444240779520015394E+01
    4.18000000E+02      -2.567802560326646244E+01
    4.19000000E+02      -2.695171137849803245E+01
    4.20000000E+02      -2.828164148607294237E+01
    4.21000000E+02      -2.963872696922163641E+01
    4.22000000E+02      -3.103634945067580020E+01
    4.23000000E+02      -3.249751664788465177E+01
    4.24000000E+02      -3.399669008885513222E+01
    4.25000000E+02      -3.554048721256668841E+01
    4.26000000E+02      -3.712725962276573455E+01
    4.27000000E+02      -3.875959718690256750E+01
    4.28000000E+02      -4.044350457235242402E+01
    4.29000000E+02      -4.216774425652812397E+01
    4.30000000E+02      -4.393890625095929181E+01
    4.31000000E+02      -4.577922929122115647E+01
    4.32000000E+02      -4.763918985377068793E+01
    4.33000000E+02      -4.956253525705079710E+01
    4.34000000E+02      -5.151651482420976436E+01
    4.35000000E+02      -5.352724917788992798E+01
    4.36000000E+02      -5.559764958496208465E+01
    4.37000000E+02      -5.773011074072684323E+01
    4.38000000E+02      -5.989784141208048140E+01
    4.39000000E+02      -6.212124665078709995E+01
    4.40000000E+02      -6.439707507935355579E+01
    4.41000000E+02      -6.673480765332470810E+01
    4.42000000E+02      -6.912978100494484579E+01
    4.43000000E+02      -7.159270271795804774E+01
    4.44000000E+02      -7.408030336068014776E+01
    4.45000000E+02      -7.663635351319800293E+01
    4.46000000E+02      -7.925093371278609311E+01
    4.47000000E+02      -8.191882189593280827E+01
    4.48000000E+02      -8.467826140948574221E+01
    4.49000000E+02      -8.746061364931057369E+01
    4.50000000E+02      -9.031178350138480937E+01
    4.51000000E+02      -9.322171228329654014E+01
    4.52000000E+02      -9.621769063916991627E+01
    4.53000000E+02      -9.927366145697425281E+01
    4.54000000E+02      -1.023725262735691217E+02
    4.55000000E+02      -1.055261276708636728E+02
    4.56000000E+02      -1.087445717653911856E+02
    4.57000000E+02      -1.120854175183642951E+02
    4.58000000E+02      -1.154350085300114301E+02
    4.59000000E+02      -1.188661348777544049E+02
    4.60000000E+02      -1.223630644767266062E+02
    4.61000000E+02      -1.259077100911829916E+02
    4.62000000E+02      -1.295178087632824031E+02
    4.63000000E+02      -1.332170550473686603E+02
    4.64000000E+02      -1.369869569795858411E+02
    4.65000000E+02      -1.407906301514897791E+02
    4.66000000E+02      -1.446735992161277977E+02
    4.67000000E+02      -1.486634253938403276E+02
    4.68000000E+02      -1.526918863374460784E+02
    4.69000000E+02      -1.567917680232506541E+02
    4.70000000E+02      -1.609722746899072376E+02
    4.71000000E+02      -1.652459375709016172E+02
    4.72000000E+02      -1.695818692217301873E+02
    4.73000000E+02      -1.740383420902956573E+02
    4.74000000E+02      -1.785124533953797368E+02
    4.75000000E+02      -1.830876594381127802E+02
    4.76000000E+02      -1.877673177090194372E+02
    4.77000000E+02      -1.924967541084345726E+02
    4.78000000E+02      -1.972910614534933416E+02
    4.79000000E+02      -2.021895851306338159E+02
    4.80000000E+02      -2.071572923715878574E+02
    4.81000000E+02      -2.121908910441864577E+02
    4.82000000E+02      -2.173581869844068137E+02
    4.83000000E+02      -2.225618477677647320E+02
    4.84000000E+02      -2.278828429430444089E+02
    4.85000000E+02      -2.332773280022386757E+02
    4.86000000E+02      -2.387556314356345979E+02
    4.87000000E+02      -2.443275483795162586E+02
    4.88000000E+02      -2.500026854653563646E+02
    4.89000000E+02      -2.557426953594852534E+02
    4.90000000E+02      -2.615863104993198363E+02
    4.91000000E+02      -2.674770477907453028E+02
    4.92000000E+02      -2.734857950806338636E+02
    4.93000000E+02      -2.796062278798502234E+02
    4.94000000E+02      -2.857837535566371230E+02
    4.95000000E+02      -2.921111631118413356E+02
    4.96000000E+02      -2.984884156044293491E+02
    4.97000000E+02      -3.049712097779568580E+02
    4.98000000E+02      -3.115660862717498389E+02
    4.99000000E+02      -3.182622557850275484E+02
    5.00000000E+02      -3.250308864065166858E+02
    5.01000000E+02      -3.319050612351578025E+02
    5.02000000E+02      -3.388947044140380171E+02
    5.03000000E+02      -3.459359960024897305E+02
    5.04000000E+02      -3.531037031449098436E+02
    5.05000000E+02      -3.604003955223318485E+02
    5.06000000E+02      -3.672964547266904560E+02
    5.07000000E+02      -3.635190667038271499E+02
    5.08000000E+02      -3.802948901378270534E+02
    5.09000000E+02      -3.889320133439917413E+02
    5.10000000E+02      -3.978713511964027134E+02
