    0.00000000E+00      -7.838113816781198693E-10
    1.00000000E+00      -6.057407855104647359E-04
    2.00000000E+00      -4.390129479138540902E-02
    3.00000000E+00      -1.302527051129384605E-01
    4.00000000E+00      -2.601336948767946633E-01
    5.00000000E+00      -4.342223578264496897E-01
    6.00000000E+00      -6.528888847812233109E-01
    7.00000000E+00      -9.167714566027819201E-01
    8.00000000E+00      -1.226729167097215578E+00
    9.00000000E+00      -1.583219620777617020E+00
    1.00000000E+01      -1.986634108375502361E+00
    1.10000000E+01      -2.438658363691990072E+00
    1.20000000E+01      -2.939943343505721174E+00
    1.30000000E+01      -3.491221177112137752E+00
    1.40000000E+01      -4.094498118447097212E+00
    1.50000000E+01      -4.750534503701260292E+00
    1.60000000E+01      -5.459920358987446320E+00
    1.70000000E+01      -6.224634798041712713E+00
    1.80000000E+01      -7.045799084319583017E+00
    1.90000000E+01      -7.926739903415764843E+00
    2.00000000E+01      -8.867677049052460347E+00
    2.10000000E+01      -9.872548060216871590E+00
    2.20000000E+01      -1.094196939888092857E+01
    2.30000000E+01      -1.208000714663586450E+01
    2.40000000E+01      -1.328775841395406587E+01
    2.50000000E+01      -1.457169616994389116E+01
    2.60000000E+01      -1.593365427199671558E+01
    2.70000000E+01      -1.738277990358926672E+01
    2.80000000E+01      -1.892379231998700106E+01
    2.90000000E+01      -2.056949400830717423E+01
    3.00000000E+01      -2.233150979731794905E+01
    3.10000000E+01      -2.422495936950076612E+01
    3.20000000E+01      -2.626111196142664994E+01
    3.30000000E+01      -2.845145232802906321E+01
    3.40000000E+01      -3.080744314702337761E+01
    3.50000000E+01      -3.333205281189361813E+01
    3.60000000E+01      -3.602065112031061744E+01
    3.70000000E+01      -3.885071493959554800E+01
    3.80000000E+01      -4.182334609086935018E+01
    3.90000000E+01      -4.490726427619722472E+01
    4.00000000E+01      -4.808370393689142475E+01
    4.10000000E+01      -5.133797430720073862E+01
    4.20000000E+01      -5.465524750940539889E+01
    4.30000000E+01      -5.802099470676466808E+01
    4.40000000E+01      -6.142963462550869735E+01
    4.50000000E+01      -6.487535499284786056E+01
    4.60000000E+01      -6.835469427024600009E+01
    4.70000000E+01      -7.186857218021486915E+01
    4.80000000E+01      -7.541765525251958024E+01
    4.90000000E+01      -7.900971453798865696E+01
    5.00000000E+01      -8.262727460336827789E+01
    5.10000000E+01      -8.628547995506323787E+01
    5.20000000E+01      -8.996147052454580262E+01
    5.30000000E+01      -9.366853745789831009E+01
    5.40000000E+01      -9.741087236808471062E+01
    5.50000000E+01      -1.011790386494558334E+02
    5.60000000E+01      -1.049746312974612010E+02
    5.70000000E+01      -1.087940098860963190E+02
    5.80000000E+01      -1.126453009423612457E+02
    5.90000000E+01      -1.165085983161980039E+02
    6.00000000E+01      -1.203991784065710817E+02
    6.10000000E+01      -1.243125543466876479E+02
    6.20000000E+01      -1.282401280959584255E+02
    6.30000000E+01      -1.322010240725062431E+02
    6.40000000E+01      -1.361691578819086317E+02
    6.50000000E+01      -1.401563942178099751E+02
    6.60000000E+01      -1.441654636360381119E+02
    6.70000000E+01      -1.482025006787903294E+02
    6.80000000E+01      -1.522508501942293151E+02
    6.90000000E+01      -1.563117189005849923E+02
    7.00000000E+01      -1.603933172607803499E+02
    7.10000000E+01      -1.645069698669576610E+02
    7.20000000E+01      -1.686153434038228625E+02
    7.30000000E+01      -1.727618340386197815E+02
    7.40000000E+01      -1.769256746234268576E+02
    7.50000000E+01      -1.811066583613211378E+02
    7.60000000E+01      -1.853209758252784241E+02
    7.70000000E+01      -1.895601946640862252E+02
    7.80000000E+01      -1.938142813185523892E+02
    7.90000000E+01      -1.980785410789370644E+02
    8.00000000E+01      -2.023654289474521875E+02
    8.10000000E+01      -2.066781256774671647E+02
    8.20000000E+01      -2.110216481806233446E+02
    8.30000000E+01      -2.153747144959776278E+02
    8.40000000E+01      -2.197340265663269463E+02
    8.50000000E+01      -2.241191594595997856E+02
    8.60000000E+01      -2.285023414627179079E+02
    8.70000000E+01      -2.329008315834165046E+02
    8.80000000E+01      -2.373123338527805117E+02
    8.90000000E+01      -2.417511525881881482E+02
    9.00000000E+01      -2.461648324908648249E+02
    9.10000000E+01      -2.506016409375745582E+02
    9.20000000E+01      -2.550425511918564609E+02
    9.30000000E+01      -2.594813030767315922E+02
    9.40000000E+01      -2.639340600879758654E+02
    9.50000000E+01      -2.683813401259282614E+02
    9.60000000E+01      -2.728478732479909468E+02
    9.70000000E+01      -2.773146006370031387E+02
    9.80000000E+01      -2.817828558612791312E+02
    9.90000000E+01      -2.862592877456817178E+02
    1.00000000E+02      -2.907517900988027577E+02
    1.01000000E+02      -2.952330958436634774E+02
    1.02000000E+02      -2.997148547195636183E+02
    1.03000000E+02      -3.042000504840795543E+02
    1.04000000E+02      -3.086742686196981822E+02
    1.05000000E+02      -3.131574349856234676E+02
    1.06000000E+02      -3.176444932824504122E+02
    1.07000000E+02      -3.221220367729684995E+02
    1.08000000E+02      -3.266104220698685481E+02
    1.09000000E+02      -3.310955826961305206E+02
    1.10000000E+02      -3.355961106901196445E+02
    1.11000000E+02      -3.400955788345595465E+02
    1.12000000E+02      -3.446042558390129216E+02
    1.13000000E+02      -3.491086881367791648E+02
    1.14000000E+02      -3.536421188662840223E+02
    1.15000000E+02      -3.581654344690415428E+02
    1.16000000E+02      -3.626875247008182441E+02
    1.17000000E+02      -3.672485613002909304E+02
    1.18000000E+02      -3.718197880725690538E+02
    1.19000000E+02      -3.763877512030265962E+02
    1.20000000E+02      -3.809591744172103063E+02
    1.21000000E+02      -3.855593220262196610E+02
    1.22000000E+02      -3.901567178191315861E+02
    1.23000000E+02      -3.947733444998862069E+02
    1.24000000E+02      -3.994171630928406103E+02
    1.25000000E+02      -4.040670840792663512E+02
    1.26000000E+02      -4.087468453624915128E+02
    1.27000000E+02      -4.134398859457787694E+02
    1.28000000E+02      -4.181882823616715541E+02
    1.29000000E+02      -4.229733567883095020E+02
    1.30000000E+02      -4.277792174500903002E+02
    1.31000000E+02      -4.326025302358898443E+02
    1.32000000E+02      -4.374769934315406772E+02
    1.33000000E+02      -4.423671428632319476E+02
    1.34000000E+02      -4.473067872954220547E+02
    1.35000000E+02      -4.522680603726262234E+02
    1.36000000E+02      -4.572659532856871465E+02
    1.37000000E+02      -4.623171368369180527E+02
    1.38000000E+02      -4.673824009495706377E+02
    1.39000000E+02      -4.724975600506916180E+02
    1.40000000E+02      -4.776882807945266904E+02
    1.41000000E+02      -4.829079139856289657E+02
    1.42000000E+02      -4.881899585342171122E+02
    1.43000000E+02      -4.934707488796636881E+02
    1.44000000E+02      -4.988195760841706488E+02
    1.45000000E+02      -5.042300436845798686E+02
    1.46000000E+02      -5.096858975439618007E+02
    1.47000000E+02      -5.151913522068243765E+02
    1.48000000E+02      -5.207131553159460964E+02
    1.49000000E+02      -5.262728074069839295E+02
    1.50000000E+02      -5.318665204692765656E+02
    1.51000000E+02      -5.375296490735001953E+02
    1.52000000E+02      -5.432135006183966652E+02
    1.53000000E+02      -5.489081830465165694E+02
    1.54000000E+02      -5.546085360498068439E+02
    1.55000000E+02      -5.603559878423561713E+02
    1.56000000E+02      -5.660976010995595971E+02
    1.57000000E+02      -5.718267774125611140E+02
    1.58000000E+02      -5.775892149285064079E+02
    1.59000000E+02      -5.833570910850748987E+02
    1.60000000E+02      -5.891391695102338417E+02
    1.61000000E+02      -5.948978276498219202E+02
    1.62000000E+02      -6.006692251026906888E+02
    1.63000000E+02      -6.064809379586949944E+02
    1.64000000E+02      -6.122498871061270620E+02
    1.65000000E+02      -6.180209920633742513E+02
    1.66000000E+02      -6.238024231197568952E+02
    1.67000000E+02      -6.295851619423419834E+02
    1.68000000E+02      -6.353718185364950841E+02
    1.69000000E+02      -6.411448063093621386E+02
    1.70000000E+02      -6.469259022402720802E+02
    1.71000000E+02      -6.527104474242651122E+02
    1.72000000E+02      -6.584721634359739255E+02
    1.73000000E+02      -6.642267943769174963E+02
    1.74000000E+02      -6.699769979407428764E+02
    1.75000000E+02      -6.757398486661468269E+02
    1.76000000E+02      -6.814955535216404314E+02
    1.77000000E+02      -6.872400334826534163E+02
    1.78000000E+02      -6.929797721150662255E+02
    1.79000000E+02      -6.987334445605783912E+02
    1.80000000E+02      -7.044656718991845992E+02
    1.81000000E+02      -7.102126241243477125E+02
    1.82000000E+02      -7.159573516012214895E+02
    1.83000000E+02      -7.216845271032007076E+02
    1.84000000E+02      -7.274010420186768897E+02
    1.85000000E+02      -7.330908794635633967E+02
    1.86000000E+02      -7.387871561155643576E+02
    1.87000000E+02      -7.444890006953864940E+02
    1.88000000E+02      -7.501704750154021895E+02
    1.89000000E+02      -7.558114972329294687E+02
    1.90000000E+02      -7.614643884973866079E+02
    1.91000000E+02      -7.670848651606875137E+02
    1.92000000E+02      -7.726922256584903153E+02
    1.93000000E+02      -7.782998956119581635E+02
    1.94000000E+02      -7.839058182293629216E+02
    1.95000000E+02      -7.894806620388626470E+02
    1.96000000E+02      -7.950809795995774039E+02
    1.97000000E+02      -8.006151022668409496E+02
    1.98000000E+02      -8.061584166251886927E+02
    1.99000000E+02      -8.116828932955259006E+02
    2.00000000E+02      -8.172044756324321497E+02
    2.01000000E+02      -8.227175081272662283E+02
    2.02000000E+02      -8.281824219421837370E+02
    2.03000000E+02      -8.336278790286778531E+02
    2.04000000E+02      -8.390595844208173730E+02
    2.05000000E+02      -8.444832207822942109E+02
    2.06000000E+02      -8.499014991518652096E+02
    2.07000000E+02      -8.553003889745211836E+02
    2.08000000E+02      -8.606743256302181635E+02
    2.09000000E+02      -8.660289180228746773E+02
    2.10000000E+02      -8.713683571181534262E+02
    2.11000000E+02      -8.766878022328396582E+02
    2.12000000E+02      -8.820152327619339303E+02
    2.13000000E+02      -8.873157611425115192E+02
    2.14000000E+02      -8.926158842205200017E+02
    2.15000000E+02      -8.978941375965532643E+02
    2.16000000E+02      -9.031329212022224056E+02
    2.17000000E+02      -9.083982212424352838E+02
    2.18000000E+02      -9.136450660903110474E+02
    2.19000000E+02      -9.188797771930148883E+02
    2.20000000E+02      -9.241459438980446066E+02
    2.21000000E+02      -9.293713820379871322E+02
    2.22000000E+02      -9.346153928685343999E+02
    2.23000000E+02      -9.398538034456714740E+02
    2.24000000E+02      -9.450682813184557745E+02
    2.25000000E+02      -9.502702133805869380E+02
    2.26000000E+02      -9.555122940181718150E+02
    2.27000000E+02      -9.607768832339370420E+02
    2.28000000E+02      -9.659982509732035396E+02
    2.29000000E+02      -9.712236075385371805E+02
    2.30000000E+02      -9.764772781756673794E+02
    2.31000000E+02      -9.816745911890975549E+02
    2.32000000E+02      -9.868568083763548202E+02
    2.33000000E+02      -9.919349199654861877E+02
    2.34000000E+02      -9.970533739020265784E+02
    2.35000000E+02      -1.002184545821381107E+03
    2.36000000E+02      -1.007329708253865647E+03
    2.37000000E+02      -1.012388510696766389E+03
    2.38000000E+02      -1.017411456634128626E+03
    2.39000000E+02      -1.022362503974221909E+03
    2.40000000E+02      -1.027314385842552838E+03
    2.41000000E+02      -1.032118124439821258E+03
    2.42000000E+02      -1.036951823981156849E+03
    2.43000000E+02      -1.041691672147517238E+03
    2.44000000E+02      -1.046456890266291566E+03
    2.45000000E+02      -1.051123378194587303E+03
    2.46000000E+02      -1.055901741139831302E+03
    2.47000000E+02      -1.060678295012975468E+03
    2.48000000E+02      -1.065577255557149783E+03
    2.49000000E+02      -1.070579044317473745E+03
    2.50000000E+02      -1.075566980436595259E+03
    2.51000000E+02      -1.080780718401586455E+03
    2.52000000E+02      -1.086137214570297147E+03
    2.53000000E+02      -1.091549187776196050E+03
    2.54000000E+02      -1.097078008284093812E+03
    2.55000000E+02      -1.102682230094785155E+03
    2.56000000E+02      -1.108383607629949438E+03
    2.57000000E+02      -1.114163007191026736E+03
    2.58000000E+02      -1.120065518940621587E+03
    2.59000000E+02      -1.125932735277319807E+03
    2.60000000E+02      -1.131921139266005412E+03
    2.61000000E+02      -1.137854623710431042E+03
    2.62000000E+02      -1.143911382894951657E+03
    2.63000000E+02      -1.149922451912205815E+03
    2.64000000E+02      -1.155954013024649157E+03
    2.65000000E+02      -1.162062403022831404E+03
    2.66000000E+02      -1.168123518689826142E+03
    2.67000000E+02      -1.174213552034806071E+03
    2.68000000E+02      -1.180325267438182891E+03
    2.69000000E+02      -1.186462540071908279E+03
    2.70000000E+02      -1.192560975223175546E+03
    2.71000000E+02      -1.198681244879007636E+03
    2.72000000E+02      -1.204825026904651622E+03
    2.73000000E+02      -1.210902416971135153E+03
    2.74000000E+02      -1.217098752473996683E+03
    2.75000000E+02      -1.223225893850015609E+03
    2.76000000E+02      -1.229402654034936859E+03
    2.77000000E+02      -1.235534275145430911E+03
    2.78000000E+02      -1.241580683986817803E+03
    2.79000000E+02      -1.247714628463945701E+03
    2.80000000E+02      -1.253811039768224873E+03
    2.81000000E+02      -1.259781140748410508E+03
    2.82000000E+02      -1.265880328594368621E+03
    2.83000000E+02      -1.271939266314256656E+03
    2.84000000E+02      -1.277983341835970805E+03
    2.85000000E+02      -1.284133072063850250E+03
    2.86000000E+02      -1.290174392787776014E+03
    2.87000000E+02      -1.296210399798298567E+03
    2.88000000E+02      -1.302273225073329741E+03
    2.89000000E+02      -1.308290431894180074E+03
    2.90000000E+02      -1.314234540364900568E+03
    2.91000000E+02      -1.320129973300659913E+03
    2.92000000E+02      -1.326139914918274371E+03
    2.93000000E+02      -1.332045017146309874E+03
    2.94000000E+02      -1.337983790948793285E+03
    2.95000000E+02      -1.344251437172426449E+03
    2.96000000E+02      -1.350159990655694855E+03
    2.97000000E+02      -1.356093042315158527E+03
    2.98000000E+02      -1.362050736374996632E+03
    2.99000000E+02      -1.367943144560171277E+03
    3.00000000E+02      -1.373829183293453752E+03
    3.01000000E+02      -1.379736265420702694E+03
    3.02000000E+02      -1.385633190306776669E+03
    3.03000000E+02      -1.391479349588060359E+03
    3.04000000E+02      -1.397518610606824950E+03
    3.05000000E+02      -1.403542292095846278E+03
    3.06000000E+02      -1.409189976642315742E+03
    3.07000000E+02      -1.415170683561129408E+03
    3.08000000E+02      -1.421299995089590084E+03
    3.09000000E+02      -1.427359827252093964E+03
    3.10000000E+02      -1.433645313721128332E+03
    3.11000000E+02      -1.439978815603124531E+03
    3.12000000E+02      -1.446477920484318020E+03
    3.13000000E+02      -1.453040171587255827E+03
    3.14000000E+02      -1.459606673531414344E+03
    3.15000000E+02      -1.466280946095819672E+03
    3.16000000E+02      -1.472950874551312154E+03
    3.17000000E+02      -1.479746909657635115E+03
    3.18000000E+02      -1.486607175861190626E+03
    3.19000000E+02      -1.493585259970133848E+03
    3.20000000E+02      -1.500576592642804826E+03
    3.21000000E+02      -1.507553449401066246E+03
    3.22000000E+02      -1.514619295598018653E+03
    3.23000000E+02      -1.521566185842008053E+03
    3.24000000E+02      -1.528690758212309447E+03
    3.25000000E+02      -1.535838889498380013E+03
    3.26000000E+02      -1.542939686262601754E+03
    3.27000000E+02      -1.549957384638782969E+03
    3.28000000E+02      -1.557141270561766760E+03
    3.29000000E+02      -1.564222388846418653E+03
    3.30000000E+02      -1.571252157749740036E+03
    3.31000000E+02      -1.578231425364337156E+03
    3.32000000E+02      -1.585019632269551721E+03
    3.33000000E+02      -1.591827958015915101E+03
    3.34000000E+02      -1.598518181484343131E+03
    3.35000000E+02      -1.605219874486667322E+03
    3.36000000E+02      -1.611869462639315316E+03
    3.37000000E+02      -1.618613189727644567E+03
    3.38000000E+02      -1.625487831661490418E+03
    3.39000000E+02      -1.632454150146064421E+03
    3.40000000E+02      -1.639499862223288801E+03
    3.41000000E+02      -1.647100466415322444E+03
    3.42000000E+02      -1.655077325068028586E+03
    3.43000000E+02      -1.663308257445769414E+03
    3.44000000E+02      -1.672132180010739830E+03
    3.45000000E+02      -1.681348617758001637E+03
    3.46000000E+02      -1.690782517628842470E+03
    3.47000000E+02      -1.700424578339612708E+03
    3.48000000E+02      -1.710180951828868274E+03
    3.49000000E+02      -1.720093333039851132E+03
    3.50000000E+02      -1.730115063710792128E+03
    3.51000000E+02      -1.739997905650227040E+03
    3.52000000E+02      -1.749879444607704500E+03
    3.53000000E+02      -1.759814010085721748E+03
    3.54000000E+02      -1.769724014263582831E+03
    3.55000000E+02      -1.779569410313339176E+03
    3.56000000E+02      -1.789547547340736855E+03
    3.57000000E+02      -1.799476446877195031E+03
    3.58000000E+02      -1.809386144246033837E+03
    3.59000000E+02      -1.819377613283242681E+03
    3.60000000E+02      -1.829319489294221512E+03
    3.61000000E+02      -1.839306001225987757E+03
    3.62000000E+02      -1.849400955235711081E+03
    3.63000000E+02      -1.859376204203339057E+03
    3.64000000E+02      -1.869504199629708637E+03
    3.65000000E+02      -1.879707658242598200E+03
    3.66000000E+02      -1.889802129434704739E+03
    3.67000000E+02      -1.899962166530259310E+03
    3.68000000E+02      -1.910258824033104474E+03
    3.69000000E+02      -1.920506651783182406E+03
    3.70000000E+02      -1.930759040459460721E+03
    3.71000000E+02      -1.941089383113035638E+03
    3.72000000E+02      -1.951413718179121133E+03
    3.73000000E+02      -1.961818884221816461E+03
    3.74000000E+02      -1.972196079409239019E+03
    3.75000000E+02      -1.982618225417632630E+03
    3.76000000E+02      -1.993030049383462483E+03
    3.77000000E+02      -2.003500898816933386E+03
    3.78000000E+02      -2.014013159815235213E+03
    3.79000000E+02      -2.024594115219922514E+03
    3.80000000E+02      -2.035111222697792527E+03
    3.81000000E+02      -2.045738051119640659E+03
    3.82000000E+02      -2.056310207955887563E+03
    3.83000000E+02      -2.066890352410287051E+03
    3.84000000E+02      -2.077523395802099458E+03
    3.85000000E+02      -2.088240686426113371E+03
    3.86000000E+02      -2.098933744757102431E+03
    3.87000000E+02      -2.109689269529670128E+03
    3.88000000E+02      -2.120380555786988680E+03
    3.89000000E+02      -2.131094993496280949E+03
    3.90000000E+02      -2.141949781035039905E+03
    3.91000000E+02      -2.152676729040070768E+03
    3.92000000E+02      -2.163547066011781681E+03
    3.93000000E+02      -2.174438160897747366E+03
    3.94000000E+02      -2.185265617419517184E+03
    3.95000000E+02      -2.196104171922869682E+03
    3.96000000E+02      -2.206972215916133337E+03
    3.97000000E+02      -2.217881908686199040E+03
    3.98000000E+02      -2.228861841284119691E+03
    3.99000000E+02      -2.239744376863925027E+03
    4.00000000E+02      -2.250735791066445927E+03
    4.01000000E+02      -2.261745170367138599E+03
    4.02000000E+02      -2.272712763172342875E+03
    4.03000000E+02      -2.283742721623904345E+03
    4.04000000E+02      -2.294653416042431672E+03
    4.05000000E+02      -2.305781635424894375E+03
    4.06000000E+02      -2.316762166668562713E+03
    4.07000000E+02      -2.327734185280684414E+03
    4.08000000E+02      -2.338795685406174925E+03
    4.09000000E+02      -2.349943899386692465E+03
    4.10000000E+02      -2.361029104163731517E+03
    4.11000000E+02      -2.372154507306369851E+03
    4.12000000E+02      -2.383248900129743561E+03
    4.13000000E+02      -2.394383190308448320E+03
    4.14000000E+02      -2.405416134511896416E+03
    4.15000000E+02      -2.416579766203017243E+03
    4.16000000E+02      -2.427755936611676134E+03
    4.17000000E+02      -2.438875860385269789E+03
    4.18000000E+02      -2.450070196207997469E+03
    4.19000000E+02      -2.461257473743617538E+03
    4.20000000E+02      -2.472503141656035950E+03
    4.21000000E+02      -2.483597225372860976E+03
    4.22000000E+02      -2.494908871918787554E+03
    4.23000000E+02      -2.505925695320287559E+03
    4.24000000E+02      -2.517100901537280151E+03
    4.25000000E+02      -2.528280628073700427E+03
    4.26000000E+02      -2.539386359100726622E+03
    4.27000000E+02      -2.550673795100234202E+03
    4.28000000E+02      -2.561938624332643485E+03
    4.29000000E+02      -2.573068571363866795E+03
    4.30000000E+02      -2.584331418311598100E+03
    4.31000000E+02      -2.595482345298006294E+03
    4.32000000E+02      -2.606642138466037977E+03
    4.33000000E+02      -2.617899791598432785E+03
    4.34000000E+02      -2.629135275907828145E+03
    4.35000000E+02      -2.640272667936968901E+03
    4.36000000E+02      -2.651554479669354805E+03
    4.37000000E+02      -2.662605773429007513E+03
    4.38000000E+02      -2.673713815273607452E+03
    4.39000000E+02      -2.685020636586338696E+03
    4.40000000E+02      -2.696257782845799738E+03
    4.41000000E+02      -2.707311054988873366E+03
    4.42000000E+02      -2.718457475607851848E+03
    4.43000000E+02      -2.729609121412490367E+03
    4.44000000E+02      -2.740798258632903526E+03
    4.45000000E+02      -2.751987008655934005E+03
    4.46000000E+02      -2.763206355074122257E+03
    4.47000000E+02      -2.774275073689565943E+03
    4.48000000E+02      -2.785339085870460622E+03
    4.49000000E+02      -2.796441353860904655E+03
    4.50000000E+02      -2.807461037499327176E+03
    4.51000000E+02      -2.818666980941740348E+03
    4.52000000E+02      -2.829623577078878043E+03
    4.53000000E+02      -2.840676840206327142E+03
    4.54000000E+02      -2.851646535881267482E+03
    4.55000000E+02      -2.862643058708291392E+03
    4.56000000E+02      -2.873627265657979478E+03
    4.57000000E+02      -2.884885667286117041E+03
    4.58000000E+02      -2.895640333506452407E+03
    4.59000000E+02      -2.906677342167183269E+03
    4.60000000E+02      -2.917674243140676481E+03
    4.61000000E+02      -2.928571855840998523E+03
    4.62000000E+02      -2.939417240160297297E+03
    4.63000000E+02      -2.950209728499554330E+03
    4.64000000E+02      -2.961194375709805172E+03
    4.65000000E+02      -2.971975093517357891E+03
    4.66000000E+02      -2.982965565371327557E+03
    4.67000000E+02      -2.993600578195952039E+03
    4.68000000E+02      -3.004244137432833668E+03
    4.69000000E+02      -3.015110201942737149E+03
    4.70000000E+02      -3.025864633256189336E+03
    4.71000000E+02      -3.036723777111938034E+03
    4.72000000E+02      -3.047404621777767261E+03
    4.73000000E+02      -3.057976167790167437E+03
    4.74000000E+02      -3.068533307279835753E+03
    4.75000000E+02      -3.078902046269332459E+03
    4.76000000E+02      -3.089678177998465799E+03
    4.77000000E+02      -3.100086475253727258E+03
    4.78000000E+02      -3.110814712747072008E+03
    4.79000000E+02      -3.121127690882547085E+03
    4.80000000E+02      -3.131545487824902921E+03
    4.81000000E+02      -3.142050051920623901E+03
    4.82000000E+02      -3.152018152759208988E+03
    4.83000000E+02      -3.162656014636646887E+03
    4.84000000E+02      -3.173096712777408356E+03
    4.85000000E+02      -3.183425678809376677E+03
    4.86000000E+02      -3.193735093250751561E+03
    4.87000000E+02      -3.203836660604998542E+03
    4.88000000E+02      -3.213875164706465966E+03
    4.89000000E+02      -3.175411662389975390E+03
    4.90000000E+02      -3.065288574064092245E+03
    4.91000000E+02      -3.120063162892649416E+03
    4.92000000E+02      -3.261178893230302492E+03
    4.93000000E+02      -3.297006563228758750E+03
    4.94000000E+02      -3.323940679554465078E+03
    4.95000000E+02      -3.407242286498454632E+03
    4.96000000E+02      -3.420059737677103840E+03
    4.97000000E+02      -3.432525236957124434E+03
    4.98000000E+02      -3.429041334010413266E+03
    4.99000000E+02      -3.438419502987555461E+03
    5.00000000E+02      -3.447200862466313993E+03
    5.01000000E+02      -3.459689543437358225E+03
    5.02000000E+02      -3.461669121657017968E+03
    5.03000000E+02      -3.468342547021879000E+03
    5.04000000E+02      -3.473499045439937618E+03
    5.05000000E+02      -3.526545509758463595E+03
    5.06000000E+02      -3.576138132461255736E+03
    5.07000000E+02      -4.003496571641881019E+03
    5.08000000E+02      -3.847503893395070918E+03
    5.09000000E+02      -3.670407110549800564E+03
    5.10000000E+02      -3.560237160695120110E+03
