    0.00000000E+00      -4.913909901545746095E+01
    1.00000000E+00      -4.609994046257240541E+01
    2.00000000E+00      -4.373750372098190553E+01
    3.00000000E+00      -4.176417700813514955E+01
    4.00000000E+00      -4.006190997229320772E+01
    5.00000000E+00      -3.856623899803859956E+01
    6.00000000E+00      -3.723617640004856355E+01
    7.00000000E+00      -3.604359021650058992E+01
    8.00000000E+00      -3.496833674476845033E+01
    9.00000000E+00      -3.399453209207756288E+01
    1.00000000E+01      -3.310935987399322755E+01
    1.10000000E+01      -3.230301774905426271E+01
    1.20000000E+01      -3.156740297244293103E+01
    1.30000000E+01      -3.089539079235298047E+01
    1.40000000E+01      -3.028153060243827710E+01
    1.50000000E+01      -2.972051522002918134E+01
    1.60000000E+01      -2.920747466252548108E+01
    1.70000000E+01      -2.873892180488807568E+01
    1.80000000E+01      -2.831157904730541119E+01
    1.90000000E+01      -2.792226855324012647E+01
    2.00000000E+01      -2.756805108354789624E+01
    2.10000000E+01      -2.724663735793334851E+01
    2.20000000E+01      -2.695571307705146680E+01
    2.30000000E+01      -2.669321636722785840E+01
    2.40000000E+01      -2.645758244262439618E+01
    2.50000000E+01      -2.624675084517700085E+01
    2.60000000E+01      -2.605937476323348889E+01
    2.70000000E+01      -2.589390182362300763E+01
    2.80000000E+01      -2.574906281994087109E+01
    2.90000000E+01      -2.562389749155742535E+01
    3.00000000E+01      -2.551667095587951550E+01
    3.10000000E+01      -2.542667800055248151E+01
    3.20000000E+01      -2.535272343323928723E+01
    3.30000000E+01      -2.529378446803790936E+01
    3.40000000E+01      -2.524938575790626416E+01
    3.50000000E+01      -2.521877801285488019E+01
    3.60000000E+01      -2.520054869220954785E+01
    3.70000000E+01      -2.519485299156410107E+01
    3.80000000E+01      -2.519985309110385785E+01
    3.90000000E+01      -2.521555152402622113E+01
    4.00000000E+01      -2.524181039498550305E+01
    4.10000000E+01      -2.527753640578491101E+01
    4.20000000E+01      -2.532174010442001233E+01
    4.30000000E+01      -2.537484660611850629E+01
    4.40000000E+01      -2.543581315742236981E+01
    4.50000000E+01      -2.550435055659515271E+01
    4.60000000E+01      -2.557968573139411816E+01
    4.70000000E+01      -2.566167734430534253E+01
    4.80000000E+01      -2.574975761638385663E+01
    4.90000000E+01      -2.584345459805232892E+01
    5.00000000E+01      -2.594226191805107007E+01
    5.10000000E+01      -2.604636269674999127E+01
    5.20000000E+01      -2.615528441832763562E+01
    5.30000000E+01      -2.626843047009212384E+01
    5.40000000E+01      -2.638564739988548169E+01
    5.50000000E+01      -2.650701756642562756E+01
    5.60000000E+01      -2.663187701867324719E+01
    5.70000000E+01      -2.675964996085864911E+01
    5.80000000E+01      -2.689074273274642835E+01
    5.90000000E+01      -2.702406249807578931E+01
    6.00000000E+01      -2.716022176907760510E+01
    6.10000000E+01      -2.729845818744403729E+01
    6.20000000E+01      -2.743877488241893658E+01
    6.30000000E+01      -2.758087961242896924E+01
    6.40000000E+01      -2.772467528150779614E+01
    6.50000000E+01      -2.787044012413722882E+01
    6.60000000E+01      -2.801703436539871106E+01
    6.70000000E+01      -2.816499918566448102E+01
    6.80000000E+01      -2.831405717001659283E+01
    6.90000000E+01      -2.846381679044467816E+01
    7.00000000E+01      -2.861387657986385236E+01
    7.10000000E+01      -2.876485097275478253E+01
    7.20000000E+01      -2.891620445118648419E+01
    7.30000000E+01      -2.906710685656768689E+01
    7.40000000E+01      -2.921813349292976270E+01
    7.50000000E+01      -2.936942115293247113E+01
    7.60000000E+01      -2.952019600437385449E+01
    7.70000000E+01      -2.967086212204200635E+01
    7.80000000E+01      -2.982098607586128125E+01
    7.90000000E+01      -2.997115255759460339E+01
    8.00000000E+01      -3.012006959186298261E+01
    8.10000000E+01      -3.026800492273074994E+01
    8.20000000E+01      -3.041559879348976025E+01
    8.30000000E+01      -3.056218504772884259E+01
    8.40000000E+01      -3.070729811356765637E+01
    8.50000000E+01      -3.085174050794345746E+01
    8.60000000E+01      -3.099492846296531567E+01
    8.70000000E+01      -3.113679310546619305E+01
    8.80000000E+01      -3.127732612059814343E+01
    8.90000000E+01      -3.141638222203952679E+01
    9.00000000E+01      -3.155401120947105298E+01
    9.10000000E+01      -3.168984193967086682E+01
    9.20000000E+01      -3.182406553493244061E+01
    9.30000000E+01      -3.195677006111842999E+01
    9.40000000E+01      -3.208799579606754548E+01
    9.50000000E+01      -3.221689702437622316E+01
    9.60000000E+01      -3.234406974778873689E+01
    9.70000000E+01      -3.246952290700180299E+01
    9.80000000E+01      -3.259266690777046449E+01
    9.90000000E+01      -3.271378712223274476E+01
    1.00000000E+02      -3.283298088477356202E+01
    1.01000000E+02      -3.295007918642265565E+01
    1.02000000E+02      -3.306457455323440797E+01
    1.03000000E+02      -3.317757733033401735E+01
    1.04000000E+02      -3.328791378305656679E+01
    1.05000000E+02      -3.339634096489650972E+01
    1.06000000E+02      -3.350255153940422304E+01
    1.07000000E+02      -3.360622979567749269E+01
    1.08000000E+02      -3.370767472551567323E+01
    1.09000000E+02      -3.380648830400211580E+01
    1.10000000E+02      -3.390270672605736024E+01
    1.11000000E+02      -3.399676097796661622E+01
    1.12000000E+02      -3.408861763642532594E+01
    1.13000000E+02      -3.417755299673778779E+01
    1.14000000E+02      -3.426428882644874818E+01
    1.15000000E+02      -3.434798931942684419E+01
    1.16000000E+02      -3.442922749982578523E+01
    1.17000000E+02      -3.450753255055649049E+01
    1.18000000E+02      -3.458377285168869264E+01
    1.19000000E+02      -3.465672130749923951E+01
    1.20000000E+02      -3.472697548435432680E+01
    1.21000000E+02      -3.479510421918136842E+01
    1.22000000E+02      -3.486008159683449037E+01
    1.23000000E+02      -3.492288257048828370E+01
    1.24000000E+02      -3.498295174406273134E+01
    1.25000000E+02      -3.503957311676246889E+01
    1.26000000E+02      -3.509389923380119569E+01
    1.27000000E+02      -3.514560361073715455E+01
    1.28000000E+02      -3.519401694701416261E+01
    1.29000000E+02      -3.523980527983410127E+01
    1.30000000E+02      -3.528284738825065858E+01
    1.31000000E+02      -3.532272057102424867E+01
    1.32000000E+02      -3.535965895519954927E+01
    1.33000000E+02      -3.539405839012367494E+01
    1.34000000E+02      -3.542508448527557618E+01
    1.35000000E+02      -3.545384669171077974E+01
    1.36000000E+02      -3.547955496476394899E+01
    1.37000000E+02      -3.550248102710945375E+01
    1.38000000E+02      -3.552238447831375368E+01
    1.39000000E+02      -3.553972104058964021E+01
    1.40000000E+02      -3.555421629415256746E+01
    1.41000000E+02      -3.556508785353405244E+01
    1.42000000E+02      -3.557331131265861757E+01
    1.43000000E+02      -3.557788281009895570E+01
    1.44000000E+02      -3.558005769417984254E+01
    1.45000000E+02      -3.557883700595600374E+01
    1.46000000E+02      -3.557489958272678621E+01
    1.47000000E+02      -3.556789255009395845E+01
    1.48000000E+02      -3.555759875343544252E+01
    1.49000000E+02      -3.554414944217903383E+01
    1.50000000E+02      -3.552785596118671663E+01
    1.51000000E+02      -3.550916531549198396E+01
    1.52000000E+02      -3.548732326791984804E+01
    1.53000000E+02      -3.546234577761394746E+01
    1.54000000E+02      -3.543402874336941011E+01
    1.55000000E+02      -3.540293471382362611E+01
    1.56000000E+02      -3.536847008631927736E+01
    1.57000000E+02      -3.533131025598747499E+01
    1.58000000E+02      -3.529136268661720521E+01
    1.59000000E+02      -3.524846851692898042E+01
    1.60000000E+02      -3.520278353856308229E+01
    1.61000000E+02      -3.515401807294590242E+01
    1.62000000E+02      -3.510204221175415285E+01
    1.63000000E+02      -3.504650232063038118E+01
    1.64000000E+02      -3.498826019333107240E+01
    1.65000000E+02      -3.492701926694614656E+01
    1.66000000E+02      -3.486277058587772615E+01
    1.67000000E+02      -3.479549173877937562E+01
    1.68000000E+02      -3.472531887756092317E+01
    1.69000000E+02      -3.465173582599861390E+01
    1.70000000E+02      -3.457618842886192567E+01
    1.71000000E+02      -3.449675312505466707E+01
    1.72000000E+02      -3.441424174473984010E+01
    1.73000000E+02      -3.432848045097095735E+01
    1.74000000E+02      -3.424081881211502321E+01
    1.75000000E+02      -3.414957500861389406E+01
    1.76000000E+02      -3.405517256127102144E+01
    1.77000000E+02      -3.395743459330303438E+01
    1.78000000E+02      -3.385694134102566011E+01
    1.79000000E+02      -3.375303360687000520E+01
    1.80000000E+02      -3.364639010892612703E+01
    1.81000000E+02      -3.353661371634704835E+01
    1.82000000E+02      -3.342432358728153474E+01
    1.83000000E+02      -3.330950502918464906E+01
    1.84000000E+02      -3.319165846572620637E+01
    1.85000000E+02      -3.306991098688347108E+01
    1.86000000E+02      -3.294574035571319826E+01
    1.87000000E+02      -3.281859986351234681E+01
    1.88000000E+02      -3.268895913527710206E+01
    1.89000000E+02      -3.255654370651943452E+01
    1.90000000E+02      -3.242094768450958497E+01
    1.91000000E+02      -3.228196653590900667E+01
    1.92000000E+02      -3.214000022278530366E+01
    1.93000000E+02      -3.199555137620670209E+01
    1.94000000E+02      -3.184885226057273755E+01
    1.95000000E+02      -3.169863769279224286E+01
    1.96000000E+02      -3.154566936062080273E+01
    1.97000000E+02      -3.138929197059375653E+01
    1.98000000E+02      -3.123046943412525067E+01
    1.99000000E+02      -3.106874459849101910E+01
    2.00000000E+02      -3.090471500025493512E+01
    2.01000000E+02      -3.073810456560356030E+01
    2.02000000E+02      -3.056818738446933637E+01
    2.03000000E+02      -3.039578947292072186E+01
    2.04000000E+02      -3.022006535397273908E+01
    2.05000000E+02      -3.004189766810638318E+01
    2.06000000E+02      -2.986116647587520490E+01
    2.07000000E+02      -2.967763231561881909E+01
    2.08000000E+02      -2.949084766076309094E+01
    2.09000000E+02      -2.930202664302093396E+01
    2.10000000E+02      -2.911058704422218213E+01
    2.11000000E+02      -2.891629588471156964E+01
    2.12000000E+02      -2.871934641764861951E+01
    2.13000000E+02      -2.852000985906822095E+01
    2.14000000E+02      -2.831732977793914685E+01
    2.15000000E+02      -2.811261388526660809E+01
    2.16000000E+02      -2.790541930363876233E+01
    2.17000000E+02      -2.769529992209178815E+01
    2.18000000E+02      -2.748300640152198682E+01
    2.19000000E+02      -2.726853290067417035E+01
    2.20000000E+02      -2.705238289998275647E+01
    2.21000000E+02      -2.683265653119785199E+01
    2.22000000E+02      -2.661050000653964887E+01
    2.23000000E+02      -2.638634399936897168E+01
    2.24000000E+02      -2.615971174703342328E+01
    2.25000000E+02      -2.593075673149330029E+01
    2.26000000E+02      -2.569924938545925031E+01
    2.27000000E+02      -2.546636979149085889E+01
    2.28000000E+02      -2.523033641145927319E+01
    2.29000000E+02      -2.499302498863441357E+01
    2.30000000E+02      -2.475260916219455609E+01
    2.31000000E+02      -2.451019617782337079E+01
    2.32000000E+02      -2.426607259975177655E+01
    2.33000000E+02      -2.402044974134666333E+01
    2.34000000E+02      -2.377257318661910901E+01
    2.35000000E+02      -2.352322515712482343E+01
    2.36000000E+02      -2.327191577718955884E+01
    2.37000000E+02      -2.301807369158965955E+01
    2.38000000E+02      -2.276271593437892804E+01
    2.39000000E+02      -2.250525578723651776E+01
    2.40000000E+02      -2.224636754260761151E+01
    2.41000000E+02      -2.198632490502101788E+01
    2.42000000E+02      -2.172464470432502637E+01
    2.43000000E+02      -2.146085938678485761E+01
    2.44000000E+02      -2.119593648479682813E+01
    2.45000000E+02      -2.092984671757919202E+01
    2.46000000E+02      -2.066164959834319959E+01
    2.47000000E+02      -2.039170254634124646E+01
    2.48000000E+02      -2.012143891916973004E+01
    2.49000000E+02      -1.984960244463188062E+01
    2.50000000E+02      -1.957678265736801038E+01
    2.51000000E+02      -1.930302947626811871E+01
    2.52000000E+02      -1.902922242747051129E+01
    2.53000000E+02      -1.875402808056575665E+01
    2.54000000E+02      -1.847735327349407086E+01
    2.55000000E+02      -1.820147111879093060E+01
    2.56000000E+02      -1.792354336248142133E+01
    2.57000000E+02      -1.764487470553619275E+01
    2.58000000E+02      -1.736497431860668073E+01
    2.59000000E+02      -1.708476179705364117E+01
    2.60000000E+02      -1.680346800254089246E+01
    2.61000000E+02      -1.652306315170032391E+01
    2.62000000E+02      -1.624282565580112347E+01
    2.63000000E+02      -1.596174295113784858E+01
    2.64000000E+02      -1.568080212043029853E+01
    2.65000000E+02      -1.539988839493496009E+01
    2.66000000E+02      -1.511958426104290076E+01
    2.67000000E+02      -1.483872410522205421E+01
    2.68000000E+02      -1.455942438410026618E+01
    2.69000000E+02      -1.427951975033981391E+01
    2.70000000E+02      -1.400085833535892554E+01
    2.71000000E+02      -1.372197225557071754E+01
    2.72000000E+02      -1.344502000377876350E+01
    2.73000000E+02      -1.316830432282192298E+01
    2.74000000E+02      -1.289182838664753028E+01
    2.75000000E+02      -1.261740445957881995E+01
    2.76000000E+02      -1.234364676342708655E+01
    2.77000000E+02      -1.207144503162605353E+01
    2.78000000E+02      -1.180146312580806800E+01
    2.79000000E+02      -1.153240510688526221E+01
    2.80000000E+02      -1.126545551286441871E+01
    2.81000000E+02      -1.099823380873901435E+01
    2.82000000E+02      -1.073411188886863776E+01
    2.83000000E+02      -1.047315622733337470E+01
    2.84000000E+02      -1.021313124762279578E+01
    2.85000000E+02      -9.956603689653702460E+00
    2.86000000E+02      -9.702476023299523078E+00
    2.87000000E+02      -9.447450710995026313E+00
    2.88000000E+02      -9.197102947695084296E+00
    2.89000000E+02      -8.949751018149681769E+00
    2.90000000E+02      -8.706127374036141120E+00
    2.91000000E+02      -8.464866890175171577E+00
    2.92000000E+02      -8.225325061542816840E+00
    2.93000000E+02      -7.991222037536926948E+00
    2.94000000E+02      -7.760410635335274421E+00
    2.95000000E+02      -7.532257585389443122E+00
    2.96000000E+02      -7.307956783635445319E+00
    2.97000000E+02      -7.088826312286682807E+00
    2.98000000E+02      -6.872759877307244025E+00
    2.99000000E+02      -6.660481973154373847E+00
    3.00000000E+02      -6.455058722359963141E+00
    3.01000000E+02      -6.254789500100441657E+00
    3.02000000E+02      -6.057337089044876777E+00
    3.03000000E+02      -5.865150003297157966E+00
    3.04000000E+02      -5.678400947315521918E+00
    3.05000000E+02      -5.495822949869461738E+00
    3.06000000E+02      -5.321615992648430549E+00
    3.07000000E+02      -5.153427703840561591E+00
    3.08000000E+02      -4.990903391105957709E+00
    3.09000000E+02      -4.827980949146576606E+00
    3.10000000E+02      -4.672568588120766364E+00
    3.11000000E+02      -4.524711935384102546E+00
    3.12000000E+02      -4.385525091154404365E+00
    3.13000000E+02      -4.252888618571587287E+00
    3.14000000E+02      -4.126395134789772712E+00
    3.15000000E+02      -4.007773442728348456E+00
    3.16000000E+02      -3.897262691123314138E+00
    3.17000000E+02      -3.793195946676559682E+00
    3.18000000E+02      -3.697922109229393239E+00
    3.19000000E+02      -3.611145524842567678E+00
    3.20000000E+02      -3.530500202042885061E+00
    3.21000000E+02      -3.458321838242836233E+00
    3.22000000E+02      -3.397034092409439321E+00
    3.23000000E+02      -3.345130427343673940E+00
    3.24000000E+02      -3.301069854361839528E+00
    3.25000000E+02      -3.265391780597992177E+00
    3.26000000E+02      -3.239586441380806203E+00
    3.27000000E+02      -3.225661172134704824E+00
    3.28000000E+02      -3.219427777988739248E+00
    3.29000000E+02      -3.221336870057411428E+00
    3.30000000E+02      -3.237748338444061513E+00
    3.31000000E+02      -3.264655991060562368E+00
    3.32000000E+02      -3.300414963228531118E+00
    3.33000000E+02      -3.350702195031471486E+00
    3.34000000E+02      -3.409203542930908437E+00
    3.35000000E+02      -3.478656275732345815E+00
    3.36000000E+02      -3.562502502066917653E+00
    3.37000000E+02      -3.654012604219742055E+00
    3.38000000E+02      -3.760601787431068654E+00
    3.39000000E+02      -3.877653642160721059E+00
    3.40000000E+02      -4.009661553962059699E+00
    3.41000000E+02      -4.152274368865318976E+00
    3.42000000E+02      -4.311549364192314826E+00
    3.43000000E+02      -4.483165247900315009E+00
    3.44000000E+02      -4.672958402497597419E+00
    3.45000000E+02      -4.875920830828972541E+00
    3.46000000E+02      -5.091801239712067328E+00
    3.47000000E+02      -5.323850689990349494E+00
    3.48000000E+02      -5.567780299646683417E+00
    3.49000000E+02      -5.824651359183617316E+00
    3.50000000E+02      -6.099762512905426703E+00
    3.51000000E+02      -6.392903773648567878E+00
    3.52000000E+02      -6.699064089519806586E+00
    3.53000000E+02      -7.020578919513054572E+00
    3.54000000E+02      -7.359229682547875129E+00
    3.55000000E+02      -7.718829615576096259E+00
    3.56000000E+02      -8.093825473053284369E+00
    3.57000000E+02      -8.485536678297348701E+00
    3.58000000E+02      -8.890287874800987922E+00
    3.59000000E+02      -9.315978287322350226E+00
    3.60000000E+02      -9.762335522634812079E+00
    3.61000000E+02      -1.022293013201458045E+01
    3.62000000E+02      -1.070845270024044105E+01
    3.63000000E+02      -1.121415354178649970E+01
    3.64000000E+02      -1.173755381868583747E+01
    3.65000000E+02      -1.227933867142898627E+01
    3.66000000E+02      -1.284525827930671760E+01
    3.67000000E+02      -1.342847715185386726E+01
    3.68000000E+02      -1.403464534745914527E+01
    3.69000000E+02      -1.466486066447002479E+01
    3.70000000E+02      -1.531125795708400794E+01
    3.71000000E+02      -1.597620540724498817E+01
    3.72000000E+02      -1.666658542917472730E+01
    3.73000000E+02      -1.737868447468978772E+01
    3.74000000E+02      -1.811361060903770337E+01
    3.75000000E+02      -1.887517572806579480E+01
    3.76000000E+02      -1.966204134987098584E+01
    3.77000000E+02      -2.046511934564811597E+01
    3.78000000E+02      -2.130323777960044751E+01
    3.79000000E+02      -2.216507571802837262E+01
    3.80000000E+02      -2.305259388552410016E+01
    3.81000000E+02      -2.395917492972118268E+01
    3.82000000E+02      -2.489287961886627087E+01
    3.83000000E+02      -2.585180416570407758E+01
    3.84000000E+02      -2.683268004523021588E+01
    3.85000000E+02      -2.784521388874751935E+01
    3.86000000E+02      -2.889173692332012067E+01
    3.87000000E+02      -2.996190959082347760E+01
    3.88000000E+02      -3.106012710796100507E+01
    3.89000000E+02      -3.218766222761375673E+01
    3.90000000E+02      -3.335070127115947969E+01
    3.91000000E+02      -3.453404779599411256E+01
    3.92000000E+02      -3.574343106017811067E+01
    3.93000000E+02      -3.697733205424053438E+01
    3.94000000E+02      -3.825452191994888551E+01
    3.95000000E+02      -3.957044011221630342E+01
    3.96000000E+02      -4.090606146918041475E+01
    3.97000000E+02      -4.227101158962948091E+01
    3.98000000E+02      -4.366731786595089204E+01
    3.99000000E+02      -4.510514575110180147E+01
    4.00000000E+02      -4.657435631619198091E+01
    4.01000000E+02      -4.806551834808094270E+01
    4.02000000E+02      -4.960962650047046907E+01
    4.03000000E+02      -5.117829492555362947E+01
    4.04000000E+02      -5.278237673507435090E+01
    4.05000000E+02      -5.442083786295158632E+01
    4.06000000E+02      -5.608477192984325654E+01
    4.07000000E+02      -5.779340229795677431E+01
    4.08000000E+02      -5.953098444507820375E+01
    4.09000000E+02      -6.130463270710212953E+01
    4.10000000E+02      -6.311129520700676210E+01
    4.11000000E+02      -6.496488766239387758E+01
    4.12000000E+02      -6.685928031669361360E+01
    4.13000000E+02      -6.878027902410728700E+01
    4.14000000E+02      -7.075283168123466737E+01
    4.15000000E+02      -7.276717546449405916E+01
    4.16000000E+02      -7.482002061472637422E+01
    4.17000000E+02      -7.690240955219967134E+01
    4.18000000E+02      -7.903406514094574220E+01
    4.19000000E+02      -8.121065941320163972E+01
    4.20000000E+02      -8.342036869989139802E+01
    4.21000000E+02      -8.567877864704830415E+01
    4.22000000E+02      -8.798090533779365785E+01
    4.23000000E+02      -9.031998941169483430E+01
    4.24000000E+02      -9.270707395539982087E+01
    4.25000000E+02      -9.513765875862343080E+01
    4.26000000E+02      -9.761199180649025209E+01
    4.27000000E+02      -1.001316568838189340E+02
    4.28000000E+02      -1.026917127059529520E+02
    4.29000000E+02      -1.053080019341538645E+02
    4.30000000E+02      -1.079694408910105921E+02
    4.31000000E+02      -1.106643398092816568E+02
    4.32000000E+02      -1.134253768609593607E+02
    4.33000000E+02      -1.162288050638268686E+02
    4.34000000E+02      -1.190727688358853555E+02
    4.35000000E+02      -1.219673794345687128E+02
    4.36000000E+02      -1.249049697356055475E+02
    4.37000000E+02      -1.278980731354783273E+02
    4.38000000E+02      -1.309628255652020528E+02
    4.39000000E+02      -1.340617889301608159E+02
    4.40000000E+02      -1.372314562486241414E+02
    4.41000000E+02      -1.404221509532759740E+02
    4.42000000E+02      -1.436583983586857869E+02
    4.43000000E+02      -1.469641082273552968E+02
    4.44000000E+02      -1.503108154522011830E+02
    4.45000000E+02      -1.537331598238776280E+02
    4.46000000E+02      -1.572225757824013783E+02
    4.47000000E+02      -1.607520571039746358E+02
    4.48000000E+02      -1.643387587057183339E+02
    4.49000000E+02      -1.679959112690518452E+02
    4.50000000E+02      -1.716872127936909749E+02
    4.51000000E+02      -1.754345181124041630E+02
    4.52000000E+02      -1.792509123669694020E+02
    4.53000000E+02      -1.831310260878632619E+02
    4.54000000E+02      -1.870658053146431996E+02
    4.55000000E+02      -1.910751103298495366E+02
    4.56000000E+02      -1.951361607895920827E+02
    4.57000000E+02      -1.992498736219237401E+02
    4.58000000E+02      -2.034346317784617497E+02
    4.59000000E+02      -2.076772629158328130E+02
    4.60000000E+02      -2.119858772294352605E+02
    4.61000000E+02      -2.163531317846606328E+02
    4.62000000E+02      -2.207818917767832829E+02
    4.63000000E+02      -2.252883353369067265E+02
    4.64000000E+02      -2.298569589541981770E+02
    4.65000000E+02      -2.344749916182587697E+02
    4.66000000E+02      -2.391861006455252721E+02
    4.67000000E+02      -2.439506525831053807E+02
    4.68000000E+02      -2.487950388626883580E+02
    4.69000000E+02      -2.537013641284535481E+02
    4.70000000E+02      -2.586636438207457900E+02
    4.71000000E+02      -2.637000036226342559E+02
    4.72000000E+02      -2.688237312720845580E+02
    4.73000000E+02      -2.740036079125235915E+02
    4.74000000E+02      -2.792357680337260604E+02
    4.75000000E+02      -2.845736291097234130E+02
    4.76000000E+02      -2.899932084368298888E+02
    4.77000000E+02      -2.954644276486466765E+02
    4.78000000E+02      -3.010093088136742949E+02
    4.79000000E+02      -3.066368803517650008E+02
    4.80000000E+02      -3.123573944853375792E+02
    4.81000000E+02      -3.181635025577376723E+02
    4.82000000E+02      -3.240323250131438613E+02
    4.83000000E+02      -3.299614437805245757E+02
    4.84000000E+02      -3.359334000633786559E+02
    4.85000000E+02      -3.420267802016566634E+02
    4.86000000E+02      -3.482146051810811400E+02
    4.87000000E+02      -3.544930986301730513E+02
    4.88000000E+02      -3.608096268312762618E+02
    4.89000000E+02      -3.672214748697112441E+02
    4.90000000E+02      -3.737272068397830367E+02
    4.91000000E+02      -3.802895066277812361E+02
    4.92000000E+02      -3.869480293528865218E+02
    4.93000000E+02      -3.936893620179723143E+02
    4.94000000E+02      -4.005070968406031966E+02
    4.95000000E+02      -4.074205865548680663E+02
    4.96000000E+02      -4.144285353259871840E+02
    4.97000000E+02      -4.214915716336797118E+02
    4.98000000E+02      -4.286862959699462294E+02
    4.99000000E+02      -4.359496677057574630E+02
    5.00000000E+02      -4.433182193772624373E+02
    5.01000000E+02      -4.507796048508714080E+02
    5.02000000E+02      -4.583500712202618956E+02
    5.03000000E+02      -4.659893055097888350E+02
    5.04000000E+02      -4.737134607122968077E+02
    5.05000000E+02      -4.815362222777436614E+02
    5.06000000E+02      -4.894092636393140197E+02
    5.07000000E+02      -4.974288100884984374E+02
    5.08000000E+02      -5.055235798941682219E+02
    5.09000000E+02      -5.136586330966780451E+02
    5.10000000E+02      -5.219513631002733973E+02
