    0.00000000E+00      -6.520437913776369290E-10
    1.00000000E+00      -6.057406537596148142E-04
    2.00000000E+00      -4.466439633883669685E-02
    3.00000000E+00      -1.325997582650764173E-01
    4.00000000E+00      -2.649235916560140902E-01
    5.00000000E+00      -4.424623345910985162E-01
    6.00000000E+00      -6.656805185107393941E-01
    7.00000000E+00      -9.352352140955044746E-01
    8.00000000E+00      -1.252170137825982410E+00
    9.00000000E+00      -1.616920491852554598E+00
    1.00000000E+01      -2.030880747443972734E+00
    1.10000000E+01      -2.494585968068862680E+00
    1.20000000E+01      -3.009945525636004149E+00
    1.30000000E+01      -3.578017117427210181E+00
    1.40000000E+01      -4.199189519473058851E+00
    1.50000000E+01      -4.876390289349892271E+00
    1.60000000E+01      -5.611090375259369267E+00
    1.70000000E+01      -6.404985617973451895E+00
    1.80000000E+01      -7.259290856342857978E+00
    1.90000000E+01      -8.178751118110284324E+00
    2.00000000E+01      -9.164806195494278995E+00
    2.10000000E+01      -1.021990727889996720E+01
    2.20000000E+01      -1.134748769922796896E+01
    2.30000000E+01      -1.255364828146798573E+01
    2.40000000E+01      -1.384185721022038251E+01
    2.50000000E+01      -1.521707085569948958E+01
    2.60000000E+01      -1.668683090902936783E+01
    2.70000000E+01      -1.825851992964226156E+01
    2.80000000E+01      -1.994155616236309925E+01
    2.90000000E+01      -2.175039756115552336E+01
    3.00000000E+01      -2.369495923607200893E+01
    3.10000000E+01      -2.579521715437181228E+01
    3.20000000E+01      -2.806378243537255912E+01
    3.30000000E+01      -3.051525527127455462E+01
    3.40000000E+01      -3.314784425715151883E+01
    3.50000000E+01      -3.596530897834873031E+01
    3.60000000E+01      -3.895654362727123043E+01
    3.70000000E+01      -4.210282630171184337E+01
    3.80000000E+01      -4.538882115965620301E+01
    3.90000000E+01      -4.878229184433564569E+01
    4.00000000E+01      -5.225725026472491663E+01
    4.10000000E+01      -5.580120597818836359E+01
    4.20000000E+01      -5.939023467104516385E+01
    4.30000000E+01      -6.302518015790883510E+01
    4.40000000E+01      -6.667927092829222602E+01
    4.50000000E+01      -7.035749004946046625E+01
    4.60000000E+01      -7.405455421583337738E+01
    4.70000000E+01      -7.776461368916079664E+01
    4.80000000E+01      -8.148661067916145839E+01
    4.90000000E+01      -8.522611095687989291E+01
    5.00000000E+01      -8.898310190049778612E+01
    5.10000000E+01      -9.275747680402673723E+01
    5.20000000E+01      -9.654647221078630537E+01
    5.30000000E+01      -1.003568118012517516E+02
    5.40000000E+01      -1.041794262062885537E+02
    5.50000000E+01      -1.080124555544825853E+02
    5.60000000E+01      -1.118728359733977413E+02
    5.70000000E+01      -1.157462806131406978E+02
    5.80000000E+01      -1.196255533380699489E+02
    5.90000000E+01      -1.235366191529574280E+02
    6.00000000E+01      -1.274575150948812734E+02
    6.10000000E+01      -1.313959916550015805E+02
    6.20000000E+01      -1.353583218520052469E+02
    6.30000000E+01      -1.393383061192171226E+02
    6.40000000E+01      -1.433211993997001628E+02
    6.50000000E+01      -1.473319686321060544E+02
    6.60000000E+01      -1.513638374025595112E+02
    6.70000000E+01      -1.554178629478624316E+02
    6.80000000E+01      -1.594844242090789521E+02
    6.90000000E+01      -1.635831257915531296E+02
    7.00000000E+01      -1.676926432485593068E+02
    7.10000000E+01      -1.718300750836465340E+02
    7.20000000E+01      -1.760012949615186244E+02
    7.30000000E+01      -1.801962079268203070E+02
    7.40000000E+01      -1.844192285504086612E+02
    7.50000000E+01      -1.886573590781904386E+02
    7.60000000E+01      -1.929264719582929501E+02
    7.70000000E+01      -1.972076327327119998E+02
    7.80000000E+01      -2.015278123354667059E+02
    7.90000000E+01      -2.058547526125564673E+02
    8.00000000E+01      -2.102098251090614554E+02
    8.10000000E+01      -2.145890047194513954E+02
    8.20000000E+01      -2.189826359041176147E+02
    8.30000000E+01      -2.233991928043988651E+02
    8.40000000E+01      -2.278351639121627557E+02
    8.50000000E+01      -2.322840617168631638E+02
    8.60000000E+01      -2.367409492449173172E+02
    8.70000000E+01      -2.412125209076769181E+02
    8.80000000E+01      -2.456846174517774557E+02
    8.90000000E+01      -2.501716085739357140E+02
    9.00000000E+01      -2.546619684510742445E+02
    9.10000000E+01      -2.591662236992591488E+02
    9.20000000E+01      -2.636847657535444114E+02
    9.30000000E+01      -2.682006320459788640E+02
    9.40000000E+01      -2.727117316060948724E+02
    9.50000000E+01      -2.772189296617236778E+02
    9.60000000E+01      -2.817362909544216336E+02
    9.70000000E+01      -2.862517815776454313E+02
    9.80000000E+01      -2.907779072806928298E+02
    9.90000000E+01      -2.952950906245541773E+02
    1.00000000E+02      -2.998222432148085090E+02
    1.01000000E+02      -3.043475126887938700E+02
    1.02000000E+02      -3.088710035829143408E+02
    1.03000000E+02      -3.134010504067233569E+02
    1.04000000E+02      -3.179341164705383562E+02
    1.05000000E+02      -3.224599896021602490E+02
    1.06000000E+02      -3.269889293215849193E+02
    1.07000000E+02      -3.315119536810000227E+02
    1.08000000E+02      -3.360399186572213353E+02
    1.09000000E+02      -3.405538202493236213E+02
    1.10000000E+02      -3.450964055674066344E+02
    1.11000000E+02      -3.496326406800850464E+02
    1.12000000E+02      -3.541703508389088029E+02
    1.13000000E+02      -3.587098774481918326E+02
    1.14000000E+02      -3.632576248090359741E+02
    1.15000000E+02      -3.678066697900765121E+02
    1.16000000E+02      -3.723637417087305721E+02
    1.17000000E+02      -3.769284962758545134E+02
    1.18000000E+02      -3.814995466662968511E+02
    1.19000000E+02      -3.860765765571945849E+02
    1.20000000E+02      -3.906678942575611018E+02
    1.21000000E+02      -3.952746901092973530E+02
    1.22000000E+02      -3.998862606482023239E+02
    1.23000000E+02      -4.045274689747834600E+02
    1.24000000E+02      -4.091853205618194806E+02
    1.25000000E+02      -4.138636744668740448E+02
    1.26000000E+02      -4.185460031117941071E+02
    1.27000000E+02      -4.232805835784433839E+02
    1.28000000E+02      -4.280249320656048440E+02
    1.29000000E+02      -4.327960860265293377E+02
    1.30000000E+02      -4.376058217600279932E+02
    1.31000000E+02      -4.424319090307626539E+02
    1.32000000E+02      -4.472934985255365063E+02
    1.33000000E+02      -4.522103820296888443E+02
    1.34000000E+02      -4.571581755152128608E+02
    1.35000000E+02      -4.621528905362999922E+02
    1.36000000E+02      -4.671604776379631403E+02
    1.37000000E+02      -4.722118413836460604E+02
    1.38000000E+02      -4.773195642459786541E+02
    1.39000000E+02      -4.824622990362272503E+02
    1.40000000E+02      -4.876676248062817649E+02
    1.41000000E+02      -4.929191043266255292E+02
    1.42000000E+02      -4.982124343080301969E+02
    1.43000000E+02      -5.035683896290440771E+02
    1.44000000E+02      -5.089610894130669294E+02
    1.45000000E+02      -5.144168496819675056E+02
    1.46000000E+02      -5.199169301947017630E+02
    1.47000000E+02      -5.254501481664617586E+02
    1.48000000E+02      -5.310596286027086990E+02
    1.49000000E+02      -5.367061892306633126E+02
    1.50000000E+02      -5.423772051198939153E+02
    1.51000000E+02      -5.480993020695914311E+02
    1.52000000E+02      -5.538785654247672028E+02
    1.53000000E+02      -5.596177191870829120E+02
    1.54000000E+02      -5.653910064730284830E+02
    1.55000000E+02      -5.711810691318555655E+02
    1.56000000E+02      -5.769826555527038181E+02
    1.57000000E+02      -5.827973041011882742E+02
    1.58000000E+02      -5.886059218839272944E+02
    1.59000000E+02      -5.944232550176725454E+02
    1.60000000E+02      -6.002565010687299036E+02
    1.61000000E+02      -6.060944971404869648E+02
    1.62000000E+02      -6.119275564598328856E+02
    1.63000000E+02      -6.177936757342185956E+02
    1.64000000E+02      -6.236536642028222559E+02
    1.65000000E+02      -6.294805968561695408E+02
    1.66000000E+02      -6.353280198087531971E+02
    1.67000000E+02      -6.411716075405138326E+02
    1.68000000E+02      -6.470213648587805437E+02
    1.69000000E+02      -6.528568695994999871E+02
    1.70000000E+02      -6.586944460355753108E+02
    1.71000000E+02      -6.645187831092516717E+02
    1.72000000E+02      -6.703519121020772218E+02
    1.73000000E+02      -6.761833152618319218E+02
    1.74000000E+02      -6.819852864257836700E+02
    1.75000000E+02      -6.878042268303170204E+02
    1.76000000E+02      -6.936300747160676110E+02
    1.77000000E+02      -6.994389700038136652E+02
    1.78000000E+02      -7.052823968130524008E+02
    1.79000000E+02      -7.110931453172997863E+02
    1.80000000E+02      -7.168835056464176887E+02
    1.81000000E+02      -7.226772667479153824E+02
    1.82000000E+02      -7.284885602456743072E+02
    1.83000000E+02      -7.342686456064748199E+02
    1.84000000E+02      -7.400576634725475742E+02
    1.85000000E+02      -7.458393004135132287E+02
    1.86000000E+02      -7.516297306559135905E+02
    1.87000000E+02      -7.574123495692028882E+02
    1.88000000E+02      -7.631792931763147863E+02
    1.89000000E+02      -7.689105468455127266E+02
    1.90000000E+02      -7.746511944518415476E+02
    1.91000000E+02      -7.803956040159155236E+02
    1.92000000E+02      -7.861305528241482534E+02
    1.93000000E+02      -7.918646512120412808E+02
    1.94000000E+02      -7.975881293130041740E+02
    1.95000000E+02      -8.033078349606894335E+02
    1.96000000E+02      -8.090041956537424994E+02
    1.97000000E+02      -8.147025255104126700E+02
    1.98000000E+02      -8.203946988491297816E+02
    1.99000000E+02      -8.260445733357855715E+02
    2.00000000E+02      -8.316877603062202979E+02
    2.01000000E+02      -8.372994228238767391E+02
    2.02000000E+02      -8.429133189825051886E+02
    2.03000000E+02      -8.485423044756762465E+02
    2.04000000E+02      -8.541441437544008295E+02
    2.05000000E+02      -8.597421820640629448E+02
    2.06000000E+02      -8.653165062897237476E+02
    2.07000000E+02      -8.708810558036302609E+02
    2.08000000E+02      -8.764354651598264354E+02
    2.09000000E+02      -8.819786023973733791E+02
    2.10000000E+02      -8.874897871681472452E+02
    2.11000000E+02      -8.929892481939652953E+02
    2.12000000E+02      -8.985003543822753045E+02
    2.13000000E+02      -9.039858336138163395E+02
    2.14000000E+02      -9.094393129083537133E+02
    2.15000000E+02      -9.149269440966218099E+02
    2.16000000E+02      -9.203875668962177770E+02
    2.17000000E+02      -9.258298642732729604E+02
    2.18000000E+02      -9.312551749717595158E+02
    2.19000000E+02      -9.366798244360488752E+02
    2.20000000E+02      -9.421364546224167498E+02
    2.21000000E+02      -9.475419838364314273E+02
    2.22000000E+02      -9.529570361838113968E+02
    2.23000000E+02      -9.583670990906493898E+02
    2.24000000E+02      -9.637496110001102352E+02
    2.25000000E+02      -9.691412561875949905E+02
    2.26000000E+02      -9.745069610725131497E+02
    2.27000000E+02      -9.798914623147957172E+02
    2.28000000E+02      -9.851989676361426973E+02
    2.29000000E+02      -9.905237040475858521E+02
    2.30000000E+02      -9.958125583621331316E+02
    2.31000000E+02      -1.001101321095202366E+03
    2.32000000E+02      -1.006337339861984219E+03
    2.33000000E+02      -1.011510538127975451E+03
    2.34000000E+02      -1.016657385561764386E+03
    2.35000000E+02      -1.021754592262076585E+03
    2.36000000E+02      -1.026809851963318579E+03
    2.37000000E+02      -1.031796181485753550E+03
    2.38000000E+02      -1.036751626262821446E+03
    2.39000000E+02      -1.041629529294207714E+03
    2.40000000E+02      -1.046435770575858442E+03
    2.41000000E+02      -1.051166247289659623E+03
    2.42000000E+02      -1.055831352987227547E+03
    2.43000000E+02      -1.060432257590210384E+03
    2.44000000E+02      -1.064980476388273019E+03
    2.45000000E+02      -1.069591167308264176E+03
    2.46000000E+02      -1.074100763807566182E+03
    2.47000000E+02      -1.078744395650107435E+03
    2.48000000E+02      -1.083365007394555960E+03
    2.49000000E+02      -1.088149874106736206E+03
    2.50000000E+02      -1.092996464966539861E+03
    2.51000000E+02      -1.098018632265238011E+03
    2.52000000E+02      -1.103200874513499002E+03
    2.53000000E+02      -1.108448496875536875E+03
    2.54000000E+02      -1.113808431820903024E+03
    2.55000000E+02      -1.119326172316315024E+03
    2.56000000E+02      -1.124920567300059702E+03
    2.57000000E+02      -1.130595479962839818E+03
    2.58000000E+02      -1.136312160337122805E+03
    2.59000000E+02      -1.142183739183408761E+03
    2.60000000E+02      -1.148027805922885364E+03
    2.61000000E+02      -1.153967103163853608E+03
    2.62000000E+02      -1.159919530444056818E+03
    2.63000000E+02      -1.165980540896759521E+03
    2.64000000E+02      -1.171994568614975378E+03
    2.65000000E+02      -1.178096771913687007E+03
    2.66000000E+02      -1.184169052104087314E+03
    2.67000000E+02      -1.190307939055748193E+03
    2.68000000E+02      -1.196481337221200874E+03
    2.69000000E+02      -1.202664039666875397E+03
    2.70000000E+02      -1.208864254986556716E+03
    2.71000000E+02      -1.215064860866772051E+03
    2.72000000E+02      -1.221302707549711386E+03
    2.73000000E+02      -1.227504953458712862E+03
    2.74000000E+02      -1.233765876830655998E+03
    2.75000000E+02      -1.239975427124550606E+03
    2.76000000E+02      -1.246251981229003832E+03
    2.77000000E+02      -1.252513855513351700E+03
    2.78000000E+02      -1.258614652812360418E+03
    2.79000000E+02      -1.264865139312384144E+03
    2.80000000E+02      -1.271120349857621477E+03
    2.81000000E+02      -1.277227541596154879E+03
    2.82000000E+02      -1.283439606030870891E+03
    2.83000000E+02      -1.289699586295610061E+03
    2.84000000E+02      -1.295942579918829324E+03
    2.85000000E+02      -1.302186239802632372E+03
    2.86000000E+02      -1.308348287778235317E+03
    2.87000000E+02      -1.314524554968824305E+03
    2.88000000E+02      -1.320720460514597107E+03
    2.89000000E+02      -1.326886517720675329E+03
    2.90000000E+02      -1.333030073344159973E+03
    2.91000000E+02      -1.339181329682019168E+03
    2.92000000E+02      -1.345221758230320120E+03
    2.93000000E+02      -1.351278315813065092E+03
    2.94000000E+02      -1.357306456167605575E+03
    2.95000000E+02      -1.363296610206951300E+03
    2.96000000E+02      -1.369343519910726172E+03
    2.97000000E+02      -1.375356137441411192E+03
    2.98000000E+02      -1.381370641723266090E+03
    2.99000000E+02      -1.387319759551231982E+03
    3.00000000E+02      -1.393299131035397295E+03
    3.01000000E+02      -1.399239731252811907E+03
    3.02000000E+02      -1.405213333570494797E+03
    3.03000000E+02      -1.411192056154945021E+03
    3.04000000E+02      -1.417136543656071808E+03
    3.05000000E+02      -1.423141779940844572E+03
    3.06000000E+02      -1.429145775920487722E+03
    3.07000000E+02      -1.435147507941022923E+03
    3.08000000E+02      -1.441155784446638791E+03
    3.09000000E+02      -1.447285756683806540E+03
    3.10000000E+02      -1.453478735437800424E+03
    3.11000000E+02      -1.459737052669301193E+03
    3.12000000E+02      -1.466026910126269286E+03
    3.13000000E+02      -1.472430883114731841E+03
    3.14000000E+02      -1.478810285774769000E+03
    3.15000000E+02      -1.485242020207710084E+03
    3.16000000E+02      -1.491854337825147013E+03
    3.17000000E+02      -1.498469418397222398E+03
    3.18000000E+02      -1.505133978719191873E+03
    3.19000000E+02      -1.511850589143883553E+03
    3.20000000E+02      -1.518536566293689248E+03
    3.21000000E+02      -1.525354026700080794E+03
    3.22000000E+02      -1.532215589867431845E+03
    3.23000000E+02      -1.538934298304739059E+03
    3.24000000E+02      -1.545762271494353627E+03
    3.25000000E+02      -1.552524342998840439E+03
    3.26000000E+02      -1.559275107182824286E+03
    3.27000000E+02      -1.566109817139451479E+03
    3.28000000E+02      -1.572797157447975223E+03
    3.29000000E+02      -1.579471286700972087E+03
    3.30000000E+02      -1.585903158980317130E+03
    3.31000000E+02      -1.592453146305979772E+03
    3.32000000E+02      -1.598883507873654935E+03
    3.33000000E+02      -1.604980170782653659E+03
    3.34000000E+02      -1.611133410770203682E+03
    3.35000000E+02      -1.617280240880847487E+03
    3.36000000E+02      -1.623270649182857596E+03
    3.37000000E+02      -1.629403646959379330E+03
    3.38000000E+02      -1.635578032560117208E+03
    3.39000000E+02      -1.641897999529817753E+03
    3.40000000E+02      -1.648624018040187366E+03
    3.41000000E+02      -1.655662428544350405E+03
    3.42000000E+02      -1.663201055396719312E+03
    3.43000000E+02      -1.671273590129545482E+03
    3.44000000E+02      -1.679643639840309334E+03
    3.45000000E+02      -1.688511663796940411E+03
    3.46000000E+02      -1.697650034776230314E+03
    3.47000000E+02      -1.706986164623454897E+03
    3.48000000E+02      -1.716540631353009303E+03
    3.49000000E+02      -1.726231726267298654E+03
    3.50000000E+02      -1.735944647823625019E+03
    3.51000000E+02      -1.745704853737058329E+03
    3.52000000E+02      -1.755511177653000232E+03
    3.53000000E+02      -1.765318031942787457E+03
    3.54000000E+02      -1.775101378480310359E+03
    3.55000000E+02      -1.784954154871901665E+03
    3.56000000E+02      -1.794823406370059274E+03
    3.57000000E+02      -1.804630716907651731E+03
    3.58000000E+02      -1.814537882784680733E+03
    3.59000000E+02      -1.824460042837444917E+03
    3.60000000E+02      -1.834456305277126148E+03
    3.61000000E+02      -1.844458101499503755E+03
    3.62000000E+02      -1.854478534251914880E+03
    3.63000000E+02      -1.864547749745623605E+03
    3.64000000E+02      -1.874641719836552284E+03
    3.65000000E+02      -1.884775171927655265E+03
    3.66000000E+02      -1.894948688140053036E+03
    3.67000000E+02      -1.905131358824228755E+03
    3.68000000E+02      -1.915354483273124515E+03
    3.69000000E+02      -1.925637687651598753E+03
    3.70000000E+02      -1.935893369136020965E+03
    3.71000000E+02      -1.946245051763236916E+03
    3.72000000E+02      -1.956645948188986495E+03
    3.73000000E+02      -1.966948853526163020E+03
    3.74000000E+02      -1.977369145254982868E+03
    3.75000000E+02      -1.987816609823730232E+03
    3.76000000E+02      -1.998312968098448664E+03
    3.77000000E+02      -2.008854215302817011E+03
    3.78000000E+02      -2.019407189230823860E+03
    3.79000000E+02      -2.029951401227426913E+03
    3.80000000E+02      -2.040530163864152655E+03
    3.81000000E+02      -2.051171445826723357E+03
    3.82000000E+02      -2.061782667916038008E+03
    3.83000000E+02      -2.072462944080692523E+03
    3.84000000E+02      -2.083121341848001975E+03
    3.85000000E+02      -2.093844303472623324E+03
    3.86000000E+02      -2.104574268821793339E+03
    3.87000000E+02      -2.115359541306016126E+03
    3.88000000E+02      -2.126107243280351213E+03
    3.89000000E+02      -2.136952561050095937E+03
    3.90000000E+02      -2.147774742516475726E+03
    3.91000000E+02      -2.158597688188694065E+03
    3.92000000E+02      -2.169433869866283203E+03
    3.93000000E+02      -2.180349672899302732E+03
    3.94000000E+02      -2.191230925871417185E+03
    3.95000000E+02      -2.202129092223489351E+03
    3.96000000E+02      -2.213091880832928837E+03
    3.97000000E+02      -2.224029503454151381E+03
    3.98000000E+02      -2.235014443359289089E+03
    3.99000000E+02      -2.245972214239358436E+03
    4.00000000E+02      -2.256949304536613454E+03
    4.01000000E+02      -2.268014874151067488E+03
    4.02000000E+02      -2.279074445480955546E+03
    4.03000000E+02      -2.290161410510723726E+03
    4.04000000E+02      -2.301257462270671567E+03
    4.05000000E+02      -2.312312848149106230E+03
    4.06000000E+02      -2.323398844278704928E+03
    4.07000000E+02      -2.334494413933855867E+03
    4.08000000E+02      -2.345579484944793876E+03
    4.09000000E+02      -2.356750638431700281E+03
    4.10000000E+02      -2.367871508111044932E+03
    4.11000000E+02      -2.379003197641502993E+03
    4.12000000E+02      -2.390138191806964187E+03
    4.13000000E+02      -2.401302451971886967E+03
    4.14000000E+02      -2.412482360965380394E+03
    4.15000000E+02      -2.423665211695000835E+03
    4.16000000E+02      -2.434901555315575479E+03
    4.17000000E+02      -2.446116402390090116E+03
    4.18000000E+02      -2.457384422739746697E+03
    4.19000000E+02      -2.468639423238897962E+03
    4.20000000E+02      -2.479777150236323450E+03
    4.21000000E+02      -2.491080861493900557E+03
    4.22000000E+02      -2.502135303883188499E+03
    4.23000000E+02      -2.513457852289267066E+03
    4.24000000E+02      -2.524707444444804423E+03
    4.25000000E+02      -2.535991972202903526E+03
    4.26000000E+02      -2.547176438485176732E+03
    4.27000000E+02      -2.558473514191262893E+03
    4.28000000E+02      -2.569800303301486110E+03
    4.29000000E+02      -2.581078222803473636E+03
    4.30000000E+02      -2.592281874938125839E+03
    4.31000000E+02      -2.603538481786941702E+03
    4.32000000E+02      -2.614838229020512244E+03
    4.33000000E+02      -2.626197139772571063E+03
    4.34000000E+02      -2.637468175103660997E+03
    4.35000000E+02      -2.648728276302508675E+03
    4.36000000E+02      -2.659902873391504727E+03
    4.37000000E+02      -2.671128695781496390E+03
    4.38000000E+02      -2.682427968680958656E+03
    4.39000000E+02      -2.693580097577955712E+03
    4.40000000E+02      -2.704772561744580344E+03
    4.41000000E+02      -2.716103423667032075E+03
    4.42000000E+02      -2.727376646359301049E+03
    4.43000000E+02      -2.738559124794667696E+03
    4.44000000E+02      -2.749830975210766155E+03
    4.45000000E+02      -2.761014891684409577E+03
    4.46000000E+02      -2.772227126399372537E+03
    4.47000000E+02      -2.783346659883549364E+03
    4.48000000E+02      -2.794511681268536449E+03
    4.49000000E+02      -2.805716364698849247E+03
    4.50000000E+02      -2.817030300417267426E+03
    4.51000000E+02      -2.828087195711091681E+03
    4.52000000E+02      -2.839097256479545649E+03
    4.53000000E+02      -2.850265647065279609E+03
    4.54000000E+02      -2.861481419249931605E+03
    4.55000000E+02      -2.872617661407141895E+03
    4.56000000E+02      -2.883631806384405536E+03
    4.57000000E+02      -2.894721568876454512E+03
    4.58000000E+02      -2.905592605278427072E+03
    4.59000000E+02      -2.916737101745535256E+03
    4.60000000E+02      -2.927931924081193301E+03
    4.61000000E+02      -2.938940245246409177E+03
    4.62000000E+02      -2.949736838970411554E+03
    4.63000000E+02      -2.960724553181417377E+03
    4.64000000E+02      -2.971709971203278656E+03
    4.65000000E+02      -2.982582810194544891E+03
    4.66000000E+02      -2.993564836345945878E+03
    4.67000000E+02      -3.004204944549560423E+03
    4.68000000E+02      -3.015145066132246939E+03
    4.69000000E+02      -3.025843539627157952E+03
    4.70000000E+02      -3.036949805810701037E+03
    4.71000000E+02      -3.047664650806322243E+03
    4.72000000E+02      -3.058393916211299711E+03
    4.73000000E+02      -3.069038543563102394E+03
    4.74000000E+02      -3.079793061326956376E+03
    4.75000000E+02      -3.090502671276036381E+03
    4.76000000E+02      -3.101025261849162234E+03
    4.77000000E+02      -3.111504647789889077E+03
    4.78000000E+02      -3.122292131438473007E+03
    4.79000000E+02      -3.133083385187504518E+03
    4.80000000E+02      -3.143330086485152151E+03
    4.81000000E+02      -3.153624484261499674E+03
    4.82000000E+02      -3.116096378821923281E+03
    4.83000000E+02      -3.066714564909809269E+03
    4.84000000E+02      -3.021844880053889938E+03
    4.85000000E+02      -3.298657873854994250E+03
    4.86000000E+02      -3.322391322687617503E+03
    4.87000000E+02      -3.340240015782168484E+03
    4.88000000E+02      -3.143138818222563714E+03
    4.89000000E+02      -3.145955781380587723E+03
    4.90000000E+02      -3.182677833045454463E+03
    4.91000000E+02      -3.254288554209575523E+03
    4.92000000E+02      -3.024125046744011343E+03
    4.93000000E+02      -3.249295614985778229E+03
    4.94000000E+02      -3.353098499762440042E+03
    4.95000000E+02      -3.445447482574600144E+03
    4.96000000E+02      -3.457126313389686402E+03
    4.97000000E+02      -3.466580281607864890E+03
    4.98000000E+02      -3.478785598682152340E+03
    4.99000000E+02      -3.490808336468908237E+03
    5.00000000E+02      -3.503465215493983123E+03
    5.01000000E+02      -3.512518866823724238E+03
    5.02000000E+02      -3.503179375387626351E+03
    5.03000000E+02      -3.516208541741216322E+03
    5.04000000E+02      -3.528758698902063770E+03
    5.05000000E+02      -3.539589933885465143E+03
    5.06000000E+02      -3.561052106052869931E+03
    5.07000000E+02      -3.783434165330836549E+03
    5.08000000E+02      -3.752308262766164262E+03
    5.09000000E+02      -3.690123789732868318E+03
    5.10000000E+02      -3.680133254817366833E+03
