    0.00000000E+00      -1.493260280553401458E+02
    1.00000000E+00      -1.485867571628802466E+02
    2.00000000E+00      -1.485058821852468895E+02
    3.00000000E+00      -1.487956877386347401E+02
    4.00000000E+00      -1.493381342248209762E+02
    5.00000000E+00      -1.500686292278730321E+02
    6.00000000E+00      -1.509463596360907900E+02
    7.00000000E+00      -1.519430165005066442E+02
    8.00000000E+00      -1.530378615779952156E+02
    9.00000000E+00      -1.542151538322829651E+02
    1.00000000E+01      -1.554624581689164984E+02
    1.10000000E+01      -1.567692717693896043E+02
    1.20000000E+01      -1.581271510252879011E+02
    1.30000000E+01      -1.595290545353815901E+02
    1.40000000E+01      -1.609692188010700988E+02
    1.50000000E+01      -1.624421355750561702E+02
    1.60000000E+01      -1.639428598418050456E+02
    1.70000000E+01      -1.654675875751451599E+02
    1.80000000E+01      -1.670123135431819605E+02
    1.90000000E+01      -1.685736841962822723E+02
    2.00000000E+01      -1.701486630675532865E+02
    2.10000000E+01      -1.717344019169137823E+02
    2.20000000E+01      -1.733281417221912193E+02
    2.30000000E+01      -1.749275654808768081E+02
    2.40000000E+01      -1.765304683757164526E+02
    2.50000000E+01      -1.781342327849158096E+02
    2.60000000E+01      -1.797369710051604557E+02
    2.70000000E+01      -1.813360109863021421E+02
    2.80000000E+01      -1.829297644764334905E+02
    2.90000000E+01      -1.845161001498960900E+02
    3.00000000E+01      -1.860929579886757779E+02
    3.10000000E+01      -1.876585423562825667E+02
    3.20000000E+01      -1.892110935773850429E+02
    3.30000000E+01      -1.907482265865580189E+02
    3.40000000E+01      -1.922688442848772752E+02
    3.50000000E+01      -1.937712645324097025E+02
    3.60000000E+01      -1.952541615844854164E+02
    3.70000000E+01      -1.967158773842417645E+02
    3.80000000E+01      -1.981551300536991107E+02
    3.90000000E+01      -1.995719035866820263E+02
    4.00000000E+01      -2.009657042085343051E+02
    4.10000000E+01      -2.023372291273587393E+02
    4.20000000E+01      -2.036859625045360076E+02
    4.30000000E+01      -2.050117605401352989E+02
    4.40000000E+01      -2.063167475450933921E+02
    4.50000000E+01      -2.076013295644112873E+02
    4.60000000E+01      -2.088654988215454864E+02
    4.70000000E+01      -2.101105700762161064E+02
    4.80000000E+01      -2.113372930156216967E+02
    4.90000000E+01      -2.125453767188043344E+02
    5.00000000E+01      -2.137361359641105878E+02
    5.10000000E+01      -2.149096516774185943E+02
    5.20000000E+01      -2.160671094570458877E+02
    5.30000000E+01      -2.172088444589787173E+02
    5.40000000E+01      -2.183348739904501485E+02
    5.50000000E+01      -2.194451312984489846E+02
    5.60000000E+01      -2.205404766414464461E+02
    5.70000000E+01      -2.216213143442907381E+02
    5.80000000E+01      -2.226878236991503286E+02
    5.90000000E+01      -2.237399044039809155E+02
    6.00000000E+01      -2.247779290655777800E+02
    6.10000000E+01      -2.258016997746341872E+02
    6.20000000E+01      -2.268114340485223579E+02
    6.30000000E+01      -2.278073646666632044E+02
    6.40000000E+01      -2.287892500346676457E+02
    6.50000000E+01      -2.297569531442747461E+02
    6.60000000E+01      -2.307113832196370709E+02
    6.70000000E+01      -2.316510022993349480E+02
    6.80000000E+01      -2.325779211412333893E+02
    6.90000000E+01      -2.334914777104892778E+02
    7.00000000E+01      -2.343912455470451164E+02
    7.10000000E+01      -2.352760597330668020E+02
    7.20000000E+01      -2.361472349099964845E+02
    7.30000000E+01      -2.370051063022726225E+02
    7.40000000E+01      -2.378484543751143860E+02
    7.50000000E+01      -2.386787012189776647E+02
    7.60000000E+01      -2.394951429668032574E+02
    7.70000000E+01      -2.402988498944939124E+02
    7.80000000E+01      -2.410890490173512148E+02
    7.90000000E+01      -2.418656661951133060E+02
    8.00000000E+01      -2.426287610706091868E+02
    8.10000000E+01      -2.433797650833764123E+02
    8.20000000E+01      -2.441171389648840773E+02
    8.30000000E+01      -2.448418305202537226E+02
    8.40000000E+01      -2.455553449283503937E+02
    8.50000000E+01      -2.462572809409500110E+02
    8.60000000E+01      -2.469469684980028319E+02
    8.70000000E+01      -2.476253134960458624E+02
    8.80000000E+01      -2.482930014555492448E+02
    8.90000000E+01      -2.489491098749601292E+02
    9.00000000E+01      -2.495948619445004510E+02
    9.10000000E+01      -2.502299548274056065E+02
    9.20000000E+01      -2.508542268665657389E+02
    9.30000000E+01      -2.514689982536398816E+02
    9.40000000E+01      -2.520739649998174059E+02
    9.50000000E+01      -2.526693799945675778E+02
    9.60000000E+01      -2.532545737273209738E+02
    9.70000000E+01      -2.538301435381324040E+02
    9.80000000E+01      -2.543971290814840245E+02
    9.90000000E+01      -2.549551363171228218E+02
    1.00000000E+02      -2.555039169293046939E+02
    1.01000000E+02      -2.560440684336387562E+02
    1.02000000E+02      -2.565752125874311673E+02
    1.03000000E+02      -2.570974805418551909E+02
    1.04000000E+02      -2.576115259130635309E+02
    1.05000000E+02      -2.581161885357611823E+02
    1.06000000E+02      -2.586108719402142810E+02
    1.07000000E+02      -2.590982682428472685E+02
    1.08000000E+02      -2.595756876960546720E+02
    1.09000000E+02      -2.600443769775480973E+02
    1.10000000E+02      -2.605046234096550393E+02
    1.11000000E+02      -2.609554933680371391E+02
    1.12000000E+02      -2.613978478483074355E+02
    1.13000000E+02      -2.618313184397445070E+02
    1.14000000E+02      -2.622548571134136068E+02
    1.15000000E+02      -2.626695848054402518E+02
    1.16000000E+02      -2.630742311038226831E+02
    1.17000000E+02      -2.634687269081511545E+02
    1.18000000E+02      -2.638539459708296704E+02
    1.19000000E+02      -2.642287582501919019E+02
    1.20000000E+02      -2.645934945869409489E+02
    1.21000000E+02      -2.649477651573867547E+02
    1.22000000E+02      -2.652905461311490285E+02
    1.23000000E+02      -2.656228429631480026E+02
    1.24000000E+02      -2.659443580469266522E+02
    1.25000000E+02      -2.662549582019598233E+02
    1.26000000E+02      -2.665536583343670713E+02
    1.27000000E+02      -2.668401868187972354E+02
    1.28000000E+02      -2.671150685449280786E+02
    1.29000000E+02      -2.673770668677204299E+02
    1.30000000E+02      -2.676263472855241048E+02
    1.31000000E+02      -2.678623932756633508E+02
    1.32000000E+02      -2.680848573560976433E+02
    1.33000000E+02      -2.682947246425935077E+02
    1.34000000E+02      -2.684903015907072472E+02
    1.35000000E+02      -2.686730159389005053E+02
    1.36000000E+02      -2.688405428070724952E+02
    1.37000000E+02      -2.689929499587194073E+02
    1.38000000E+02      -2.691316087309421050E+02
    1.39000000E+02      -2.692535492873900580E+02
    1.40000000E+02      -2.693610528384485292E+02
    1.41000000E+02      -2.694542447727323520E+02
    1.42000000E+02      -2.695319473713786351E+02
    1.43000000E+02      -2.695935862868242907E+02
    1.44000000E+02      -2.696396196776219654E+02
    1.45000000E+02      -2.696716921942458498E+02
    1.46000000E+02      -2.696885962093398916E+02
    1.47000000E+02      -2.696912650203482258E+02
    1.48000000E+02      -2.696788351291940558E+02
    1.49000000E+02      -2.696534620158524262E+02
    1.50000000E+02      -2.696146179147214639E+02
    1.51000000E+02      -2.695618956799768853E+02
    1.52000000E+02      -2.694992212367394018E+02
    1.53000000E+02      -2.694228246294111955E+02
    1.54000000E+02      -2.693356827807762670E+02
    1.55000000E+02      -2.692381902074591267E+02
    1.56000000E+02      -2.691294121093266654E+02
    1.57000000E+02      -2.690121746392139244E+02
    1.58000000E+02      -2.688868943404556262E+02
    1.59000000E+02      -2.687529384678379643E+02
    1.60000000E+02      -2.686112948919796395E+02
    1.61000000E+02      -2.684626476008594977E+02
    1.62000000E+02      -2.683055186889284300E+02
    1.63000000E+02      -2.681427633285672414E+02
    1.64000000E+02      -2.679729031480998742E+02
    1.65000000E+02      -2.677978657389209616E+02
    1.66000000E+02      -2.676167709644102501E+02
    1.67000000E+02      -2.674299027592093694E+02
    1.68000000E+02      -2.672374133074806082E+02
    1.69000000E+02      -2.670401915589497435E+02
    1.70000000E+02      -2.668373108718694198E+02
    1.71000000E+02      -2.666297355148159909E+02
    1.72000000E+02      -2.664176912245490598E+02
    1.73000000E+02      -2.662003749267348098E+02
    1.74000000E+02      -2.659789905485847044E+02
    1.75000000E+02      -2.657538257202283489E+02
    1.76000000E+02      -2.655231219081358063E+02
    1.77000000E+02      -2.652891132047549831E+02
    1.78000000E+02      -2.650524777414427149E+02
    1.79000000E+02      -2.648115332143531191E+02
    1.80000000E+02      -2.645664153330178010E+02
    1.81000000E+02      -2.643175052151233899E+02
    1.82000000E+02      -2.640654125654288578E+02
    1.83000000E+02      -2.638086169653722095E+02
    1.84000000E+02      -2.635486341349930512E+02
    1.85000000E+02      -2.632855968189575719E+02
    1.86000000E+02      -2.630199728215263235E+02
    1.87000000E+02      -2.627506128189303922E+02
    1.88000000E+02      -2.624778465459273207E+02
    1.89000000E+02      -2.622022532181032943E+02
    1.90000000E+02      -2.619221347540766942E+02
    1.91000000E+02      -2.616399338001535284E+02
    1.92000000E+02      -2.613538005024344670E+02
    1.93000000E+02      -2.610651901111156690E+02
    1.94000000E+02      -2.607732209161073911E+02
    1.95000000E+02      -2.604789506740086722E+02
    1.96000000E+02      -2.601811227410250353E+02
    1.97000000E+02      -2.598799855115973401E+02
    1.98000000E+02      -2.595756922693141746E+02
    1.99000000E+02      -2.592695635723100054E+02
    2.00000000E+02      -2.589593394657746899E+02
    2.01000000E+02      -2.586445947935023355E+02
    2.02000000E+02      -2.583269397037253725E+02
    2.03000000E+02      -2.580067185473778295E+02
    2.04000000E+02      -2.576826112496816563E+02
    2.05000000E+02      -2.573567913270705390E+02
    2.06000000E+02      -2.570266262607798922E+02
    2.07000000E+02      -2.566938954222165989E+02
    2.08000000E+02      -2.563578848133944916E+02
    2.09000000E+02      -2.560176479111575532E+02
    2.10000000E+02      -2.556743537753970372E+02
    2.11000000E+02      -2.553269025067017424E+02
    2.12000000E+02      -2.549762382016667175E+02
    2.13000000E+02      -2.546210069831610667E+02
    2.14000000E+02      -2.542630864137933600E+02
    2.15000000E+02      -2.539009606342912662E+02
    2.16000000E+02      -2.535349326308966624E+02
    2.17000000E+02      -2.531648587331325757E+02
    2.18000000E+02      -2.527902616405078220E+02
    2.19000000E+02      -2.524105802963637757E+02
    2.20000000E+02      -2.520259847825543034E+02
    2.21000000E+02      -2.516371502464787113E+02
    2.22000000E+02      -2.512433434699811983E+02
    2.23000000E+02      -2.508445979629793214E+02
    2.24000000E+02      -2.504412321339511323E+02
    2.25000000E+02      -2.500313170708865869E+02
    2.26000000E+02      -2.496163709748686301E+02
    2.27000000E+02      -2.491959936211966919E+02
    2.28000000E+02      -2.487700825140961456E+02
    2.29000000E+02      -2.483326891901121485E+02
    2.30000000E+02      -2.478901727877707231E+02
    2.31000000E+02      -2.474417535842546272E+02
    2.32000000E+02      -2.469865866255165088E+02
    2.33000000E+02      -2.465209028723799634E+02
    2.34000000E+02      -2.460443341413662779E+02
    2.35000000E+02      -2.455607006059178161E+02
    2.36000000E+02      -2.450658343013525950E+02
    2.37000000E+02      -2.445629652676322507E+02
    2.38000000E+02      -2.440436213438549089E+02
    2.39000000E+02      -2.435138633328639912E+02
    2.40000000E+02      -2.429710432657190609E+02
    2.41000000E+02      -2.424125272606649446E+02
    2.42000000E+02      -2.418433079829589474E+02
    2.43000000E+02      -2.412544997318797755E+02
    2.44000000E+02      -2.406490041793474006E+02
    2.45000000E+02      -2.400317861617692756E+02
    2.46000000E+02      -2.393941970917546200E+02
    2.47000000E+02      -2.387368721140698540E+02
    2.48000000E+02      -2.380632273841799247E+02
    2.49000000E+02      -2.373720807626993405E+02
    2.50000000E+02      -2.366665020173565495E+02
    2.51000000E+02      -2.359441212791168141E+02
    2.52000000E+02      -2.352061872662195015E+02
    2.53000000E+02      -2.344566443756372678E+02
    2.54000000E+02      -2.336903121679239916E+02
    2.55000000E+02      -2.329103260257431316E+02
    2.56000000E+02      -2.321194211792350757E+02
    2.57000000E+02      -2.313159666069001901E+02
    2.58000000E+02      -2.305005794747882533E+02
    2.59000000E+02      -2.296720906135776090E+02
    2.60000000E+02      -2.288324946973622787E+02
    2.61000000E+02      -2.279805226687491881E+02
    2.62000000E+02      -2.271135990720392215E+02
    2.63000000E+02      -2.262397030417957353E+02
    2.64000000E+02      -2.253519780759849596E+02
    2.65000000E+02      -2.244477021208182919E+02
    2.66000000E+02      -2.235430071287007081E+02
    2.67000000E+02      -2.226270611629039990E+02
    2.68000000E+02      -2.217006638616473424E+02
    2.69000000E+02      -2.207664981920422065E+02
    2.70000000E+02      -2.198205027890541601E+02
    2.71000000E+02      -2.188677940073573041E+02
    2.72000000E+02      -2.179044670232721614E+02
    2.73000000E+02      -2.169325124573112475E+02
    2.74000000E+02      -2.159518122727201330E+02
    2.75000000E+02      -2.149610467453637170E+02
    2.76000000E+02      -2.139603781591319489E+02
    2.77000000E+02      -2.129573189437539327E+02
    2.78000000E+02      -2.119441613478736031E+02
    2.79000000E+02      -2.109183650117517459E+02
    2.80000000E+02      -2.098854829425142157E+02
    2.81000000E+02      -2.088460684663766074E+02
    2.82000000E+02      -2.077930613940731632E+02
    2.83000000E+02      -2.067333568039500165E+02
    2.84000000E+02      -2.056657847308703708E+02
    2.85000000E+02      -2.045902210486271429E+02
    2.86000000E+02      -2.035056760877520787E+02
    2.87000000E+02      -2.024117458856814551E+02
    2.88000000E+02      -2.013078095180132436E+02
    2.89000000E+02      -2.001955864739754247E+02
    2.90000000E+02      -1.990709811647572565E+02
    2.91000000E+02      -1.979419695588910031E+02
    2.92000000E+02      -1.967971077480503368E+02
    2.93000000E+02      -1.956462491520830440E+02
    2.94000000E+02      -1.944835727171191024E+02
    2.95000000E+02      -1.933019110973143029E+02
    2.96000000E+02      -1.921162431704030382E+02
    2.97000000E+02      -1.909262716884874749E+02
    2.98000000E+02      -1.897155928493627357E+02
    2.99000000E+02      -1.885008067887426364E+02
    3.00000000E+02      -1.872691883661934185E+02
    3.01000000E+02      -1.860256426975280988E+02
    3.02000000E+02      -1.847711811669320809E+02
    3.03000000E+02      -1.835043168033623147E+02
    3.04000000E+02      -1.822171022848376083E+02
    3.05000000E+02      -1.809255458589793193E+02
    3.06000000E+02      -1.796199329852276492E+02
    3.07000000E+02      -1.782995103726313459E+02
    3.08000000E+02      -1.769607180215568292E+02
    3.09000000E+02      -1.756074577051364827E+02
    3.10000000E+02      -1.742416569635421979E+02
    3.11000000E+02      -1.728699305712395358E+02
    3.12000000E+02      -1.714830578708239841E+02
    3.13000000E+02      -1.700801407981813895E+02
    3.14000000E+02      -1.686639451629632163E+02
    3.15000000E+02      -1.672294546215013611E+02
    3.16000000E+02      -1.657890059000962424E+02
    3.17000000E+02      -1.643325058150255131E+02
    3.18000000E+02      -1.628609468357787478E+02
    3.19000000E+02      -1.613773400716633546E+02
    3.20000000E+02      -1.598842631744370806E+02
    3.21000000E+02      -1.583726247938499796E+02
    3.22000000E+02      -1.568530346740187156E+02
    3.23000000E+02      -1.553157261645571339E+02
    3.24000000E+02      -1.537645566331372606E+02
    3.25000000E+02      -1.521986811112762439E+02
    3.26000000E+02      -1.506172516386174607E+02
    3.27000000E+02      -1.490265571529195654E+02
    3.28000000E+02      -1.474195310965330350E+02
    3.29000000E+02      -1.457903647747040736E+02
    3.30000000E+02      -1.441315877384656119E+02
    3.31000000E+02      -1.424678805841282951E+02
    3.32000000E+02      -1.407855105901286947E+02
    3.33000000E+02      -1.390682508971692073E+02
    3.34000000E+02      -1.373396887279265570E+02
    3.35000000E+02      -1.355873097002656209E+02
    3.36000000E+02      -1.338169233243131089E+02
    3.37000000E+02      -1.320188187531345534E+02
    3.38000000E+02      -1.301990506195613193E+02
    3.39000000E+02      -1.283627796115503656E+02
    3.40000000E+02      -1.265110843743347431E+02
    3.41000000E+02      -1.246443851644323075E+02
    3.42000000E+02      -1.227668028085642362E+02
    3.43000000E+02      -1.208867976491489316E+02
    3.44000000E+02      -1.190034427436218465E+02
    3.45000000E+02      -1.171118394157999063E+02
    3.46000000E+02      -1.152173511780016923E+02
    3.47000000E+02      -1.133186915617585981E+02
    3.48000000E+02      -1.114196754538603926E+02
    3.49000000E+02      -1.095163589113541747E+02
    3.50000000E+02      -1.076103533066958988E+02
    3.51000000E+02      -1.057134629160315598E+02
    3.52000000E+02      -1.038096004387513602E+02
    3.53000000E+02      -1.019101024673470164E+02
    3.54000000E+02      -1.000095670822226310E+02
    3.55000000E+02      -9.811064874270566349E+01
    3.56000000E+02      -9.621677597036220675E+01
    3.57000000E+02      -9.432185936934881454E+01
    3.58000000E+02      -9.243270657753207331E+01
    3.59000000E+02      -9.055132308678336983E+01
    3.60000000E+02      -8.866625601408638602E+01
    3.61000000E+02      -8.678876847989492660E+01
    3.62000000E+02      -8.491455414920680766E+01
    3.63000000E+02      -8.304708309128515964E+01
    3.64000000E+02      -8.118968398805343156E+01
    3.65000000E+02      -7.934577291674547439E+01
    3.66000000E+02      -7.750543306145452505E+01
    3.67000000E+02      -7.566950182459883933E+01
    3.68000000E+02      -7.384426719817899709E+01
    3.69000000E+02      -7.202680080413453823E+01
    3.70000000E+02      -7.022119757236548310E+01
    3.71000000E+02      -6.842610760621361976E+01
    3.72000000E+02      -6.664372369583331590E+01
    3.73000000E+02      -6.488073463068910485E+01
    3.74000000E+02      -6.312455294264116645E+01
    3.75000000E+02      -6.137755443138637901E+01
    3.76000000E+02      -5.964212982618817449E+01
    3.77000000E+02      -5.792999346350887180E+01
    3.78000000E+02      -5.622386993636944652E+01
    3.79000000E+02      -5.453542070073643089E+01
    3.80000000E+02      -5.286098328215637565E+01
    3.81000000E+02      -5.120867974387117982E+01
    3.82000000E+02      -4.957107134332516551E+01
    3.83000000E+02      -4.794752020418280125E+01
    3.84000000E+02      -4.634572322509819031E+01
    3.85000000E+02      -4.477264994831391931E+01
    3.86000000E+02      -4.320313376869642497E+01
    3.87000000E+02      -4.166428431572028757E+01
    3.88000000E+02      -4.014556508307912708E+01
    3.89000000E+02      -3.863742055959635735E+01
    3.90000000E+02      -3.715893466753521324E+01
    3.91000000E+02      -3.569173233426743508E+01
    3.92000000E+02      -3.424746967695289612E+01
    3.93000000E+02      -3.283282344817751408E+01
    3.94000000E+02      -3.144000398629912141E+01
    3.95000000E+02      -3.007047031243898871E+01
    3.96000000E+02      -2.872716093977549079E+01
    3.97000000E+02      -2.741454833170034888E+01
    3.98000000E+02      -2.611693960876771214E+01
    3.99000000E+02      -2.484918609290950897E+01
    4.00000000E+02      -2.361613406410076621E+01
    4.01000000E+02      -2.241101019439854625E+01
    4.02000000E+02      -2.122930379613869789E+01
    4.03000000E+02      -2.007999757799887064E+01
    4.04000000E+02      -1.895574911247574690E+01
    4.05000000E+02      -1.785579433088757995E+01
    4.06000000E+02      -1.680537710740798119E+01
    4.07000000E+02      -1.578228661633663776E+01
    4.08000000E+02      -1.479203157482304576E+01
    4.09000000E+02      -1.382753613574066165E+01
    4.10000000E+02      -1.288865068584316376E+01
    4.11000000E+02      -1.199541411764555576E+01
    4.12000000E+02      -1.113739773893364671E+01
    4.13000000E+02      -1.032061880949520472E+01
    4.14000000E+02      -9.534319218542510299E+00
    4.15000000E+02      -8.790694471743041305E+00
    4.16000000E+02      -8.093219406265848903E+00
    4.17000000E+02      -7.425980168223464517E+00
    4.18000000E+02      -6.810625940855675964E+00
    4.19000000E+02      -6.204936903264457015E+00
    4.20000000E+02      -5.631932674270206718E+00
    4.21000000E+02      -5.117119275327855377E+00
    4.22000000E+02      -4.651025867384010581E+00
    4.23000000E+02      -4.209695465691471128E+00
    4.24000000E+02      -3.818897436667317624E+00
    4.25000000E+02      -3.486677795477295394E+00
    4.26000000E+02      -3.193158999379808183E+00
    4.27000000E+02      -2.948066735934550042E+00
    4.28000000E+02      -2.747664712198162551E+00
    4.29000000E+02      -2.593845185186797853E+00
    4.30000000E+02      -2.487720696549946542E+00
    4.31000000E+02      -2.435269125565970416E+00
    4.32000000E+02      -2.415374789215708251E+00
    4.33000000E+02      -2.453279818236911769E+00
    4.34000000E+02      -2.551004128825003381E+00
    4.35000000E+02      -2.697503389153713460E+00
    4.36000000E+02      -2.888512952081943030E+00
    4.37000000E+02      -3.140053727492774005E+00
    4.38000000E+02      -3.467245694078588958E+00
    4.39000000E+02      -3.832268855363214488E+00
    4.40000000E+02      -4.253115428906017570E+00
    4.41000000E+02      -4.735114777755075721E+00
    4.42000000E+02      -5.283584261141800908E+00
    4.43000000E+02      -5.877655412364834575E+00
    4.44000000E+02      -6.520624213680708436E+00
    4.45000000E+02      -7.217518842607820062E+00
    4.46000000E+02      -7.977872046470725564E+00
    4.47000000E+02      -8.801604440730148582E+00
    4.48000000E+02      -9.716821017969483165E+00
    4.49000000E+02      -1.065574685513609055E+01
    4.50000000E+02      -1.168031974212833646E+01
    4.51000000E+02      -1.278454803146057728E+01
    4.52000000E+02      -1.393709184957304004E+01
    4.53000000E+02      -1.514489194081732037E+01
    4.54000000E+02      -1.641509167553492787E+01
    4.55000000E+02      -1.777119995170840028E+01
    4.56000000E+02      -1.918389915052437189E+01
    4.57000000E+02      -2.067988157674306038E+01
    4.58000000E+02      -2.224298071238779428E+01
    4.59000000E+02      -2.388230898586668971E+01
    4.60000000E+02      -2.560679993016281131E+01
    4.61000000E+02      -2.737782824208595756E+01
    4.62000000E+02      -2.924264455476411584E+01
    4.63000000E+02      -3.115077733650439384E+01
    4.64000000E+02      -3.317387613311046124E+01
    4.65000000E+02      -3.528069690364980460E+01
    4.66000000E+02      -3.741239936167010427E+01
    4.67000000E+02      -3.964733930846312404E+01
    4.68000000E+02      -4.196102843882152200E+01
    4.69000000E+02      -4.434704397229113937E+01
    4.70000000E+02      -4.681773971655973554E+01
    4.71000000E+02      -4.939835806546368957E+01
    4.72000000E+02      -5.206297435640924931E+01
    4.73000000E+02      -5.479683179391184211E+01
    4.74000000E+02      -5.763321888848775387E+01
    4.75000000E+02      -6.053800362005465985E+01
    4.76000000E+02      -6.354019552545258165E+01
    4.77000000E+02      -6.662149774964534288E+01
    4.78000000E+02      -6.983529074286677485E+01
    4.79000000E+02      -7.308440263878189569E+01
    4.80000000E+02      -7.646783865645163303E+01
    4.81000000E+02      -7.993951027590416913E+01
    4.82000000E+02      -8.350969696027793532E+01
    4.83000000E+02      -8.716203931701936369E+01
    4.84000000E+02      -9.087411386036880856E+01
    4.85000000E+02      -9.468390710495047813E+01
    4.86000000E+02      -9.867436022527151351E+01
    4.87000000E+02      -1.023836922327206338E+02
    4.88000000E+02      -1.044240110493880564E+02
    4.89000000E+02      -1.106913666958604807E+02
    4.90000000E+02      -1.194687836424597407E+02
    4.91000000E+02      -1.180099252446704412E+02
    4.92000000E+02      -1.234825208604485596E+02
    4.93000000E+02      -1.277594712733440900E+02
    4.94000000E+02      -1.333410772609674382E+02
    4.95000000E+02      -1.284120307032168853E+02
    4.96000000E+02      -1.384278081560657370E+02
    4.97000000E+02      -1.356645794653483676E+02
    4.98000000E+02      -1.361142400943824100E+02
    4.99000000E+02      -1.365251582891830253E+02
    5.00000000E+02      -1.366271309455075311E+02
    5.01000000E+02      -1.434143769571707594E+02
    5.02000000E+02      -1.458070682592839944E+02
    5.03000000E+02      -1.468943365077172416E+02
    5.04000000E+02      -1.479841674459782439E+02
    5.05000000E+02      -1.491819245030671368E+02
    5.06000000E+02      -1.505185131629147577E+02
    5.07000000E+02      -1.519261495518182414E+02
    5.08000000E+02      -1.465544772719183015E+02
    5.09000000E+02      -1.599146926238351512E+02
    5.10000000E+02      -1.665732581515946436E+02
