    0.0000000000E+00     -0.1026409564E+02
    0.1000000000E+01     -0.8120515358E+01
    0.2000000000E+01     -0.6647686713E+01
    0.3000000000E+01     -0.5557869983E+01
    0.4000000000E+01     -0.4733313838E+01
    0.5000000000E+01     -0.4109576023E+01
    0.6000000000E+01     -0.3645848262E+01
    0.7000000000E+01     -0.3313965678E+01
    0.8000000000E+01     -0.3093487922E+01
    0.9000000000E+01     -0.2968664721E+01
    0.1000000000E+02     -0.2927084920E+01
    0.1100000000E+02     -0.2958538526E+01
    0.1200000000E+02     -0.3054731106E+01
    0.1300000000E+02     -0.3208959015E+01
    0.1400000000E+02     -0.3415466449E+01
    0.1500000000E+02     -0.3668911102E+01
    0.1600000000E+02     -0.3964640445E+01
    0.1700000000E+02     -0.4298977513E+01
    0.1800000000E+02     -0.4668395922E+01
    0.1900000000E+02     -0.5069898505E+01
    0.2000000000E+02     -0.5500937455E+01
    0.2100000000E+02     -0.5958834832E+01
    0.2200000000E+02     -0.6441343801E+01
    0.2300000000E+02     -0.6946353151E+01
    0.2400000000E+02     -0.7472042735E+01
    0.2500000000E+02     -0.8016852430E+01
    0.2600000000E+02     -0.8578896794E+01
    0.2700000000E+02     -0.9156828307E+01
    0.2800000000E+02     -0.9749581192E+01
    0.2900000000E+02     -0.1035572575E+02
    0.3000000000E+02     -0.1097402267E+02
    0.3100000000E+02     -0.1160354017E+02
    0.3200000000E+02     -0.1224309274E+02
    0.3300000000E+02     -0.1289187248E+02
    0.3400000000E+02     -0.1354911591E+02
    0.3500000000E+02     -0.1421395453E+02
    0.3600000000E+02     -0.1488546102E+02
    0.3700000000E+02     -0.1556269519E+02
    0.3800000000E+02     -0.1624506411E+02
    0.3900000000E+02     -0.1693191777E+02
    0.4000000000E+02     -0.1762294890E+02
    0.4100000000E+02     -0.1831748515E+02
    0.4200000000E+02     -0.1901504345E+02
    0.4300000000E+02     -0.1971501333E+02
    0.4400000000E+02     -0.2041672840E+02
    0.4500000000E+02     -0.2111944366E+02
    0.4600000000E+02     -0.2182351812E+02
    0.4700000000E+02     -0.2252779196E+02
    0.4800000000E+02     -0.2323231928E+02
    0.4900000000E+02     -0.2393615545E+02
    0.5000000000E+02     -0.2463927398E+02
    0.5100000000E+02     -0.2534177323E+02
    0.5200000000E+02     -0.2604283015E+02
    0.5300000000E+02     -0.2674255327E+02
    0.5400000000E+02     -0.2743984191E+02
    0.5500000000E+02     -0.2813509169E+02
    0.5600000000E+02     -0.2882802202E+02
    0.5700000000E+02     -0.2951811323E+02
    0.5800000000E+02     -0.3020520900E+02
    0.5900000000E+02     -0.3088863572E+02
    0.6000000000E+02     -0.3156908053E+02
    0.6100000000E+02     -0.3224573742E+02
    0.6200000000E+02     -0.3291876169E+02
    0.6300000000E+02     -0.3358719660E+02
    0.6400000000E+02     -0.3425200574E+02
    0.6500000000E+02     -0.3491205638E+02
    0.6600000000E+02     -0.3556734492E+02
    0.6700000000E+02     -0.3621842582E+02
    0.6800000000E+02     -0.3686381174E+02
    0.6900000000E+02     -0.3750490705E+02
    0.7000000000E+02     -0.3814036488E+02
    0.7100000000E+02     -0.3877062299E+02
    0.7200000000E+02     -0.3939566150E+02
    0.7300000000E+02     -0.4001505179E+02
    0.7400000000E+02     -0.4062866485E+02
    0.7500000000E+02     -0.4123658970E+02
    0.7600000000E+02     -0.4183886023E+02
    0.7700000000E+02     -0.4243601617E+02
    0.7800000000E+02     -0.4302661389E+02
    0.7900000000E+02     -0.4361125063E+02
    0.8000000000E+02     -0.4419067385E+02
    0.8100000000E+02     -0.4476351612E+02
    0.8200000000E+02     -0.4533029548E+02
    0.8300000000E+02     -0.4589112654E+02
    0.8400000000E+02     -0.4644646084E+02
    0.8500000000E+02     -0.4699521292E+02
    0.8600000000E+02     -0.4753757372E+02
    0.8700000000E+02     -0.4807360199E+02
    0.8800000000E+02     -0.4860386620E+02
    0.8900000000E+02     -0.4912850409E+02
    0.9000000000E+02     -0.4964677275E+02
    0.9100000000E+02     -0.5015936309E+02
    0.9200000000E+02     -0.5066598389E+02
    0.9300000000E+02     -0.5116613096E+02
    0.9400000000E+02     -0.5166087768E+02
    0.9500000000E+02     -0.5214926448E+02
    0.9600000000E+02     -0.5263089208E+02
    0.9700000000E+02     -0.5310653584E+02
    0.9800000000E+02     -0.5357687074E+02
    0.9900000000E+02     -0.5404008384E+02
    0.1000000000E+03     -0.5449837167E+02
    0.1010000000E+03     -0.5495043029E+02
    0.1020000000E+03     -0.5539533179E+02
    0.1030000000E+03     -0.5583637830E+02
    0.1040000000E+03     -0.5627064964E+02
    0.1050000000E+03     -0.5669868266E+02
    0.1060000000E+03     -0.5712021987E+02
    0.1070000000E+03     -0.5753615462E+02
    0.1080000000E+03     -0.5794592337E+02
    0.1090000000E+03     -0.5834842627E+02
    0.1100000000E+03     -0.5874530198E+02
    0.1110000000E+03     -0.5913693858E+02
    0.1120000000E+03     -0.5952302113E+02
    0.1130000000E+03     -0.5990269585E+02
    0.1140000000E+03     -0.6027738128E+02
    0.1150000000E+03     -0.6064538111E+02
    0.1160000000E+03     -0.6100662802E+02
    0.1170000000E+03     -0.6136189187E+02
    0.1180000000E+03     -0.6171196696E+02
    0.1190000000E+03     -0.6205689496E+02
    0.1200000000E+03     -0.6239494770E+02
    0.1210000000E+03     -0.6272884952E+02
    0.1220000000E+03     -0.6305557745E+02
    0.1230000000E+03     -0.6337611420E+02
    0.1240000000E+03     -0.6369108918E+02
    0.1250000000E+03     -0.6400130645E+02
    0.1260000000E+03     -0.6430528361E+02
    0.1270000000E+03     -0.6460503894E+02
    0.1280000000E+03     -0.6489676548E+02
    0.1290000000E+03     -0.6518429270E+02
    0.1300000000E+03     -0.6546418216E+02
    0.1310000000E+03     -0.6573974810E+02
    0.1320000000E+03     -0.6600970973E+02
    0.1330000000E+03     -0.6627388434E+02
    0.1340000000E+03     -0.6653207543E+02
    0.1350000000E+03     -0.6678487854E+02
    0.1360000000E+03     -0.6703168288E+02
    0.1370000000E+03     -0.6727270625E+02
    0.1380000000E+03     -0.6750847985E+02
    0.1390000000E+03     -0.6773897585E+02
    0.1400000000E+03     -0.6796402569E+02
    0.1410000000E+03     -0.6818341040E+02
    0.1420000000E+03     -0.6839707103E+02
    0.1430000000E+03     -0.6860585335E+02
    0.1440000000E+03     -0.6880744354E+02
    0.1450000000E+03     -0.6900414018E+02
    0.1460000000E+03     -0.6919512253E+02
    0.1470000000E+03     -0.6938006992E+02
    0.1480000000E+03     -0.6955942871E+02
    0.1490000000E+03     -0.6973455864E+02
    0.1500000000E+03     -0.6990486985E+02
    0.1510000000E+03     -0.7006933801E+02
    0.1520000000E+03     -0.7022809165E+02
    0.1530000000E+03     -0.7038239215E+02
    0.1540000000E+03     -0.7053079907E+02
    0.1550000000E+03     -0.7067567835E+02
    0.1560000000E+03     -0.7081353715E+02
    0.1570000000E+03     -0.7094604950E+02
    0.1580000000E+03     -0.7107243663E+02
    0.1590000000E+03     -0.7119471901E+02
    0.1600000000E+03     -0.7131171412E+02
    0.1610000000E+03     -0.7142283529E+02
    0.1620000000E+03     -0.7152825896E+02
    0.1630000000E+03     -0.7162773307E+02
    0.1640000000E+03     -0.7172256362E+02
    0.1650000000E+03     -0.7181216038E+02
    0.1660000000E+03     -0.7189614802E+02
    0.1670000000E+03     -0.7197459280E+02
    0.1680000000E+03     -0.7205068557E+02
    0.1690000000E+03     -0.7211956747E+02
    0.1700000000E+03     -0.7218278688E+02
    0.1710000000E+03     -0.7224143416E+02
    0.1720000000E+03     -0.7229507725E+02
    0.1730000000E+03     -0.7234245349E+02
    0.1740000000E+03     -0.7238108507E+02
    0.1750000000E+03     -0.7241898091E+02
    0.1760000000E+03     -0.7245030188E+02
    0.1770000000E+03     -0.7247475955E+02
    0.1780000000E+03     -0.7249617810E+02
    0.1790000000E+03     -0.7251158259E+02
    0.1800000000E+03     -0.7252359752E+02
    0.1810000000E+03     -0.7252844438E+02
    0.1820000000E+03     -0.7252867617E+02
    0.1830000000E+03     -0.7252405521E+02
    0.1840000000E+03     -0.7251333448E+02
    0.1850000000E+03     -0.7249779085E+02
    0.1860000000E+03     -0.7247835274E+02
    0.1870000000E+03     -0.7245275041E+02
    0.1880000000E+03     -0.7242113211E+02
    0.1890000000E+03     -0.7238425412E+02
    0.1900000000E+03     -0.7234176382E+02
    0.1910000000E+03     -0.7229278555E+02
    0.1920000000E+03     -0.7224067334E+02
    0.1930000000E+03     -0.7218239428E+02
    0.1940000000E+03     -0.7211747544E+02
    0.1950000000E+03     -0.7204853241E+02
    0.1960000000E+03     -0.7197099229E+02
    0.1970000000E+03     -0.7189005800E+02
    0.1980000000E+03     -0.7180191687E+02
    0.1990000000E+03     -0.7170946152E+02
    0.2000000000E+03     -0.7161011768E+02
    0.2010000000E+03     -0.7150532725E+02
    0.2020000000E+03     -0.7139760540E+02
    0.2030000000E+03     -0.7128283093E+02
    0.2040000000E+03     -0.7116161098E+02
    0.2050000000E+03     -0.7103556508E+02
    0.2060000000E+03     -0.7090393967E+02
    0.2070000000E+03     -0.7076764181E+02
    0.2080000000E+03     -0.7062579800E+02
    0.2090000000E+03     -0.7047777989E+02
    0.2100000000E+03     -0.7032348574E+02
    0.2110000000E+03     -0.7016501187E+02
    0.2120000000E+03     -0.7000097204E+02
    0.2130000000E+03     -0.6983278766E+02
    0.2140000000E+03     -0.6965741649E+02
    0.2150000000E+03     -0.6947776588E+02
    0.2160000000E+03     -0.6929283578E+02
    0.2170000000E+03     -0.6910307016E+02
    0.2180000000E+03     -0.6890795713E+02
    0.2190000000E+03     -0.6870755907E+02
    0.2200000000E+03     -0.6850202667E+02
    0.2210000000E+03     -0.6828939210E+02
    0.2220000000E+03     -0.6807166838E+02
    0.2230000000E+03     -0.6784993429E+02
    0.2240000000E+03     -0.6761967902E+02
    0.2250000000E+03     -0.6738729954E+02
    0.2260000000E+03     -0.6714607978E+02
    0.2270000000E+03     -0.6689996375E+02
    0.2280000000E+03     -0.6664904595E+02
    0.2290000000E+03     -0.6639266081E+02
    0.2300000000E+03     -0.6613169992E+02
    0.2310000000E+03     -0.6586424574E+02
    0.2320000000E+03     -0.6559240529E+02
    0.2330000000E+03     -0.6531490176E+02
    0.2340000000E+03     -0.6503091293E+02
    0.2350000000E+03     -0.6474217952E+02
    0.2360000000E+03     -0.6444694991E+02
    0.2370000000E+03     -0.6414574846E+02
    0.2380000000E+03     -0.6383964721E+02
    0.2390000000E+03     -0.6352479182E+02
    0.2400000000E+03     -0.6320674275E+02
    0.2410000000E+03     -0.6288029671E+02
    0.2420000000E+03     -0.6255426277E+02
    0.2430000000E+03     -0.6221997388E+02
    0.2440000000E+03     -0.6188052713E+02
    0.2450000000E+03     -0.6153416477E+02
    0.2460000000E+03     -0.6118197447E+02
    0.2470000000E+03     -0.6082625109E+02
    0.2480000000E+03     -0.6046083113E+02
    0.2490000000E+03     -0.6009133767E+02
    0.2500000000E+03     -0.5972107765E+02
    0.2510000000E+03     -0.5934029607E+02
    0.2520000000E+03     -0.5895378965E+02
    0.2530000000E+03     -0.5855979456E+02
    0.2540000000E+03     -0.5816203775E+02
    0.2550000000E+03     -0.5776007820E+02
    0.2560000000E+03     -0.5734882718E+02
    0.2570000000E+03     -0.5693699588E+02
    0.2580000000E+03     -0.5651604341E+02
    0.2590000000E+03     -0.5609249797E+02
    0.2600000000E+03     -0.5566080436E+02
    0.2610000000E+03     -0.5522491104E+02
    0.2620000000E+03     -0.5477999671E+02
    0.2630000000E+03     -0.5433095741E+02
    0.2640000000E+03     -0.5387777372E+02
    0.2650000000E+03     -0.5342084344E+02
    0.2660000000E+03     -0.5295923997E+02
    0.2670000000E+03     -0.5249025450E+02
    0.2680000000E+03     -0.5201230149E+02
    0.2690000000E+03     -0.5153087631E+02
    0.2700000000E+03     -0.5104380689E+02
    0.2710000000E+03     -0.5054946570E+02
    0.2720000000E+03     -0.5005514710E+02
    0.2730000000E+03     -0.4955346231E+02
    0.2740000000E+03     -0.4904529478E+02
    0.2750000000E+03     -0.4853197284E+02
    0.2760000000E+03     -0.4801429121E+02
    0.2770000000E+03     -0.4749221489E+02
    0.2780000000E+03     -0.4696641072E+02
    0.2790000000E+03     -0.4643485902E+02
    0.2800000000E+03     -0.4589918804E+02
    0.2810000000E+03     -0.4535652430E+02
    0.2820000000E+03     -0.4481043533E+02
    0.2830000000E+03     -0.4426031387E+02
    0.2840000000E+03     -0.4370457778E+02
    0.2850000000E+03     -0.4314390997E+02
    0.2860000000E+03     -0.4258489379E+02
    0.2870000000E+03     -0.4201780655E+02
    0.2880000000E+03     -0.4144792326E+02
    0.2890000000E+03     -0.4087522907E+02
    0.2900000000E+03     -0.4029808904E+02
    0.2910000000E+03     -0.3971521642E+02
    0.2920000000E+03     -0.3913186832E+02
    0.2930000000E+03     -0.3854600979E+02
    0.2940000000E+03     -0.3795843849E+02
    0.2950000000E+03     -0.3736903627E+02
    0.2960000000E+03     -0.3677636176E+02
    0.2970000000E+03     -0.3618534537E+02
    0.2980000000E+03     -0.3559049803E+02
    0.2990000000E+03     -0.3499322676E+02
    0.3000000000E+03     -0.3439663943E+02
    0.3010000000E+03     -0.3379781754E+02
    0.3020000000E+03     -0.3319892766E+02
    0.3030000000E+03     -0.3260309333E+02
    0.3040000000E+03     -0.3200256716E+02
    0.3050000000E+03     -0.3140106237E+02
    0.3060000000E+03     -0.3080695725E+02
    0.3070000000E+03     -0.3021341878E+02
    0.3080000000E+03     -0.2961418091E+02
    0.3090000000E+03     -0.2901791568E+02
    0.3100000000E+03     -0.2841837014E+02
    0.3110000000E+03     -0.2782124931E+02
    0.3120000000E+03     -0.2722662155E+02
    0.3130000000E+03     -0.2663317749E+02
    0.3140000000E+03     -0.2604403228E+02
    0.3150000000E+03     -0.2545407476E+02
    0.3160000000E+03     -0.2486535713E+02
    0.3170000000E+03     -0.2427832809E+02
    0.3180000000E+03     -0.2369083483E+02
    0.3190000000E+03     -0.2311071339E+02
    0.3200000000E+03     -0.2253413456E+02
    0.3210000000E+03     -0.2196150442E+02
    0.3220000000E+03     -0.2139142328E+02
    0.3230000000E+03     -0.2082328070E+02
    0.3240000000E+03     -0.2026015512E+02
    0.3250000000E+03     -0.1970183940E+02
    0.3260000000E+03     -0.1914973213E+02
    0.3270000000E+03     -0.1859920666E+02
    0.3280000000E+03     -0.1805720168E+02
    0.3290000000E+03     -0.1751906414E+02
    0.3300000000E+03     -0.1698404154E+02
    0.3310000000E+03     -0.1645798001E+02
    0.3320000000E+03     -0.1593503325E+02
    0.3330000000E+03     -0.1541974688E+02
    0.3340000000E+03     -0.1490940353E+02
    0.3350000000E+03     -0.1440725322E+02
    0.3360000000E+03     -0.1390835868E+02
    0.3370000000E+03     -0.1341953835E+02
    0.3380000000E+03     -0.1294737400E+02
    0.3390000000E+03     -0.1247412894E+02
    0.3400000000E+03     -0.1201229927E+02
    0.3410000000E+03     -0.1155896537E+02
    0.3420000000E+03     -0.1111339550E+02
    0.3430000000E+03     -0.1067707527E+02
    0.3440000000E+03     -0.1025061263E+02
    0.3450000000E+03     -0.9838275101E+01
    0.3460000000E+03     -0.9437568076E+01
    0.3470000000E+03     -0.9043133300E+01
    0.3480000000E+03     -0.8655299247E+01
    0.3490000000E+03     -0.8283156176E+01
    0.3500000000E+03     -0.7921651574E+01
    0.3510000000E+03     -0.7571288845E+01
    0.3520000000E+03     -0.7233250911E+01
    0.3530000000E+03     -0.6905518315E+01
    0.3540000000E+03     -0.6597443562E+01
    0.3550000000E+03     -0.6298712149E+01
    0.3560000000E+03     -0.6012725797E+01
    0.3570000000E+03     -0.5747082808E+01
    0.3580000000E+03     -0.5491641295E+01
    0.3590000000E+03     -0.5250819513E+01
    0.3600000000E+03     -0.5015483154E+01
    0.3610000000E+03     -0.4806697304E+01
    0.3620000000E+03     -0.4611247911E+01
    0.3630000000E+03     -0.4419024560E+01
    0.3640000000E+03     -0.4254782781E+01
    0.3650000000E+03     -0.4108878028E+01
    0.3660000000E+03     -0.3974891030E+01
    0.3670000000E+03     -0.3860606042E+01
    0.3680000000E+03     -0.3770019197E+01
    0.3690000000E+03     -0.3689850023E+01
    0.3700000000E+03     -0.3629718060E+01
    0.3710000000E+03     -0.3590062930E+01
    0.3720000000E+03     -0.3572703648E+01
    0.3730000000E+03     -0.3574627496E+01
    0.3740000000E+03     -0.3588609558E+01
    0.3750000000E+03     -0.3632772901E+01
    0.3760000000E+03     -0.3690376763E+01
    0.3770000000E+03     -0.3781286107E+01
    0.3780000000E+03     -0.3890728196E+01
    0.3790000000E+03     -0.4017130310E+01
    0.3800000000E+03     -0.4162319726E+01
    0.3810000000E+03     -0.4339502248E+01
    0.3820000000E+03     -0.4527397223E+01
    0.3830000000E+03     -0.4749168787E+01
    0.3840000000E+03     -0.4990632177E+01
    0.3850000000E+03     -0.5265356732E+01
    0.3860000000E+03     -0.5553997295E+01
    0.3870000000E+03     -0.5870080998E+01
    0.3880000000E+03     -0.6210343788E+01
    0.3890000000E+03     -0.6576237312E+01
    0.3900000000E+03     -0.6977789107E+01
    0.3910000000E+03     -0.7405186265E+01
    0.3920000000E+03     -0.7859056931E+01
    0.3930000000E+03     -0.8350998231E+01
    0.3940000000E+03     -0.8851386917E+01
    0.3950000000E+03     -0.9389174962E+01
    0.3960000000E+03     -0.9969668610E+01
    0.3970000000E+03     -0.1057119819E+02
    0.3980000000E+03     -0.1119502754E+02
    0.3990000000E+03     -0.1184880428E+02
    0.4000000000E+03     -0.1254239558E+02
    0.4010000000E+03     -0.1325572087E+02
    0.4020000000E+03     -0.1401481241E+02
    0.4030000000E+03     -0.1480151838E+02
    0.4040000000E+03     -0.1562023200E+02
    0.4050000000E+03     -0.1648273051E+02
    0.4060000000E+03     -0.1737570235E+02
    0.4070000000E+03     -0.1830909425E+02
    0.4080000000E+03     -0.1927449655E+02
    0.4090000000E+03     -0.2026869801E+02
    0.4100000000E+03     -0.2130947098E+02
    0.4110000000E+03     -0.2238398704E+02
    0.4120000000E+03     -0.2349258622E+02
    0.4130000000E+03     -0.2463047770E+02
    0.4140000000E+03     -0.2581660007E+02
    0.4150000000E+03     -0.2703166635E+02
    0.4160000000E+03     -0.2828356812E+02
    0.4170000000E+03     -0.2959425378E+02
    0.4180000000E+03     -0.3092901520E+02
    0.4190000000E+03     -0.3232039989E+02
    0.4200000000E+03     -0.3374056437E+02
    0.4210000000E+03     -0.3521162069E+02
    0.4220000000E+03     -0.3671739932E+02
    0.4230000000E+03     -0.3828231241E+02
    0.4240000000E+03     -0.3987443921E+02
    0.4250000000E+03     -0.4152327850E+02
    0.4260000000E+03     -0.4321933136E+02
    0.4270000000E+03     -0.4496086865E+02
    0.4280000000E+03     -0.4675843790E+02
    0.4290000000E+03     -0.4859778953E+02
    0.4300000000E+03     -0.5046407325E+02
    0.4310000000E+03     -0.5240500674E+02
    0.4320000000E+03     -0.5438056972E+02
    0.4330000000E+03     -0.5641044231E+02
    0.4340000000E+03     -0.5849368677E+02
    0.4350000000E+03     -0.6061598530E+02
    0.4360000000E+03     -0.6280296835E+02
    0.4370000000E+03     -0.6502547059E+02
    0.4380000000E+03     -0.6728989586E+02
    0.4390000000E+03     -0.6962464471E+02
    0.4400000000E+03     -0.7203501523E+02
    0.4410000000E+03     -0.7447312481E+02
    0.4420000000E+03     -0.7696022507E+02
    0.4430000000E+03     -0.7952464282E+02
    0.4440000000E+03     -0.8213620382E+02
    0.4450000000E+03     -0.8482316505E+02
    0.4460000000E+03     -0.8754524506E+02
    0.4470000000E+03     -0.9030631097E+02
    0.4480000000E+03     -0.9313815278E+02
    0.4490000000E+03     -0.9602257630E+02
    0.4500000000E+03     -0.9902852393E+02
    0.4510000000E+03     -0.1020273851E+03
    0.4520000000E+03     -0.1051141376E+03
    0.4530000000E+03     -0.1082667668E+03
    0.4540000000E+03     -0.1114748783E+03
    0.4550000000E+03     -0.1147390732E+03
    0.4560000000E+03     -0.1180735176E+03
    0.4570000000E+03     -0.1214692408E+03
    0.4580000000E+03     -0.1249231597E+03
    0.4590000000E+03     -0.1284294923E+03
    0.4600000000E+03     -0.1320292803E+03
    0.4610000000E+03     -0.1357037298E+03
    0.4620000000E+03     -0.1394293369E+03
    0.4630000000E+03     -0.1432218278E+03
    0.4640000000E+03     -0.1470963167E+03
    0.4650000000E+03     -0.1510348822E+03
    0.4660000000E+03     -0.1550450449E+03
    0.4670000000E+03     -0.1591445652E+03
    0.4680000000E+03     -0.1633164917E+03
    0.4690000000E+03     -0.1675403799E+03
    0.4700000000E+03     -0.1718466052E+03
    0.4710000000E+03     -0.1762107137E+03
    0.4720000000E+03     -0.1806800692E+03
    0.4730000000E+03     -0.1851954121E+03
    0.4740000000E+03     -0.1897835209E+03
    0.4750000000E+03     -0.1944704223E+03
    0.4760000000E+03     -0.1992448976E+03
    0.4770000000E+03     -0.2040945428E+03
    0.4780000000E+03     -0.2090074905E+03
    0.4790000000E+03     -0.2139942366E+03
    0.4800000000E+03     -0.2190865046E+03
    0.4810000000E+03     -0.2242597353E+03
    0.4820000000E+03     -0.2294926511E+03
    0.4830000000E+03     -0.2348298526E+03
    0.4840000000E+03     -0.2402365201E+03
    0.4850000000E+03     -0.2457747518E+03
