    0.00000000E+00      -4.465877047653012966E+01
    1.00000000E+00      -4.161984017963224147E+01
    2.00000000E+00      -3.925756404275708888E+01
    3.00000000E+00      -3.728440866346173976E+01
    4.00000000E+00      -3.558241305227094387E+01
    5.00000000E+00      -3.408683780307584499E+01
    6.00000000E+00      -3.275704727048688625E+01
    7.00000000E+00      -3.156515905732923244E+01
    8.00000000E+00      -3.049069568986707424E+01
    9.00000000E+00      -2.951741615409665798E+01
    1.00000000E+01      -2.863298866624646877E+01
    1.10000000E+01      -2.782750973577314113E+01
    1.20000000E+01      -2.709292981500440334E+01
    1.30000000E+01      -2.642234209651761745E+01
    1.40000000E+01      -2.580988058919721340E+01
    1.50000000E+01      -2.525016233796888088E+01
    1.60000000E+01      -2.473865882034116481E+01
    1.70000000E+01      -2.427175412053876613E+01
    1.80000000E+01      -2.384603706474118923E+01
    1.90000000E+01      -2.345850357885175441E+01
    2.00000000E+01      -2.310628596420102809E+01
    2.10000000E+01      -2.278696963662915920E+01
    2.20000000E+01      -2.249855557555967067E+01
    2.30000000E+01      -2.223849854345136379E+01
    2.40000000E+01      -2.200518426770978664E+01
    2.50000000E+01      -2.179706159705930446E+01
    2.60000000E+01      -2.161226597900205348E+01
    2.70000000E+01      -2.144919702882581447E+01
    2.80000000E+01      -2.130720249290281032E+01
    2.90000000E+01      -2.118486962194257472E+01
    3.00000000E+01      -2.108090547199063991E+01
    3.10000000E+01      -2.099417481298261379E+01
    3.20000000E+01      -2.092373863334470485E+01
    3.30000000E+01      -2.086833176488691066E+01
    3.40000000E+01      -2.082751402730756496E+01
    3.50000000E+01      -2.079995093221479152E+01
    3.60000000E+01      -2.078535697336011623E+01
    3.70000000E+01      -2.078287527437024806E+01
    3.80000000E+01      -2.079191092128568386E+01
    3.90000000E+01      -2.081164148921781276E+01
    4.00000000E+01      -2.084198835964017604E+01
    4.10000000E+01      -2.088171294803434108E+01
    4.20000000E+01      -2.093040261144452785E+01
    4.30000000E+01      -2.098779324168973659E+01
    4.40000000E+01      -2.105285683746152614E+01
    4.50000000E+01      -2.112557957048230861E+01
    4.60000000E+01      -2.120547685499006008E+01
    4.70000000E+01      -2.129188517207914089E+01
    4.80000000E+01      -2.138440129632764553E+01
    4.90000000E+01      -2.148300055141263698E+01
    5.00000000E+01      -2.158717141027265285E+01
    5.10000000E+01      -2.169698867673688625E+01
    5.20000000E+01      -2.181172296876722072E+01
    5.30000000E+01      -2.193066594476514553E+01
    5.40000000E+01      -2.205385545368009304E+01
    5.50000000E+01      -2.218079302186780666E+01
    5.60000000E+01      -2.231123921747022365E+01
    5.70000000E+01      -2.244512483949475978E+01
    5.80000000E+01      -2.258224359626584743E+01
    5.90000000E+01      -2.272236732120328639E+01
    6.00000000E+01      -2.286484805221372341E+01
    6.10000000E+01      -2.300963965530210231E+01
    6.20000000E+01      -2.315625635261350368E+01
    6.30000000E+01      -2.330502871150785182E+01
    6.40000000E+01      -2.345555136079602931E+01
    6.50000000E+01      -2.360724500293546413E+01
    6.60000000E+01      -2.376055929536634181E+01
    6.70000000E+01      -2.391515824670606349E+01
    6.80000000E+01      -2.407126120204740261E+01
    6.90000000E+01      -2.422800162906461452E+01
    7.00000000E+01      -2.438535234803968166E+01
    7.10000000E+01      -2.454302564735227321E+01
    7.20000000E+01      -2.470097241277509426E+01
    7.30000000E+01      -2.485988089914136623E+01
    7.40000000E+01      -2.501849696512037013E+01
    7.50000000E+01      -2.517723355169110988E+01
    7.60000000E+01      -2.533563498134427761E+01
    7.70000000E+01      -2.549387142534070705E+01
    7.80000000E+01      -2.565154508228116725E+01
    7.90000000E+01      -2.580943915719800685E+01
    8.00000000E+01      -2.596629319066816066E+01
    8.10000000E+01      -2.612272468681150173E+01
    8.20000000E+01      -2.627822414512449001E+01
    8.30000000E+01      -2.643302444095426296E+01
    8.40000000E+01      -2.658673415059858058E+01
    8.50000000E+01      -2.673949251050763820E+01
    8.60000000E+01      -2.689137933130079006E+01
    8.70000000E+01      -2.704219207639508937E+01
    8.80000000E+01      -2.719170269841962551E+01
    8.90000000E+01      -2.733928022260480617E+01
    9.00000000E+01      -2.748541924829297756E+01
    9.10000000E+01      -2.763000312919431423E+01
    9.20000000E+01      -2.777359316224866603E+01
    9.30000000E+01      -2.791531810636335109E+01
    9.40000000E+01      -2.805553511256986354E+01
    9.50000000E+01      -2.819417325134092067E+01
    9.60000000E+01      -2.833054820174985622E+01
    9.70000000E+01      -2.846534589404874538E+01
    9.80000000E+01      -2.859840468044095729E+01
    9.90000000E+01      -2.872958937759214137E+01
    1.00000000E+02      -2.885838500137143825E+01
    1.01000000E+02      -2.898522857303434108E+01
    1.02000000E+02      -2.911020234699063991E+01
    1.03000000E+02      -2.923295793409162258E+01
    1.04000000E+02      -2.935302612657361720E+01
    1.05000000E+02      -2.947113791580014919E+01
    1.06000000E+02      -2.958737150306516384E+01
    1.07000000E+02      -2.970127633685880397E+01
    1.08000000E+02      -2.981268182868772243E+01
    1.09000000E+02      -2.992188260431104396E+01
    1.10000000E+02      -3.002864835138135646E+01
    1.11000000E+02      -3.013312063093000148E+01
    1.12000000E+02      -3.023535022611432765E+01
    1.13000000E+02      -3.033490828151517604E+01
    1.14000000E+02      -3.043235418672376369E+01
    1.15000000E+02      -3.052707800741010402E+01
    1.16000000E+02      -3.061929712171369289E+01
    1.17000000E+02      -3.070846739883237575E+01
    1.18000000E+02      -3.079519716377073024E+01
    1.19000000E+02      -3.087932399387174343E+01
    1.20000000E+02      -3.096090135450177883E+01
    1.21000000E+02      -3.104015741224103664E+01
    1.22000000E+02      -3.111643228406720851E+01
    1.23000000E+02      -3.119042036409192775E+01
    1.24000000E+02      -3.126154968614392970E+01
    1.25000000E+02      -3.132985458249860500E+01
    1.26000000E+02      -3.139541468496137355E+01
    1.27000000E+02      -3.145833757991605495E+01
    1.28000000E+02      -3.151849064702802394E+01
    1.29000000E+02      -3.157601508970075344E+01
    1.30000000E+02      -3.163058946008496974E+01
    1.31000000E+02      -3.168217435951047634E+01
    1.32000000E+02      -3.173050866002851222E+01
    1.33000000E+02      -3.177675703639798854E+01
    1.34000000E+02      -3.182063332671933864E+01
    1.35000000E+02      -3.186104515666776393E+01
    1.36000000E+02      -3.189856616134458278E+01
    1.37000000E+02      -3.193279722804837917E+01
    1.38000000E+02      -3.196417937154584621E+01
    1.39000000E+02      -3.199317864055448268E+01
    1.40000000E+02      -3.201904008264356349E+01
    1.41000000E+02      -3.204198197002225612E+01
    1.42000000E+02      -3.206243256206327175E+01
    1.43000000E+02      -3.208036628837400173E+01
    1.44000000E+02      -3.209553328628354762E+01
    1.45000000E+02      -3.210728261346631740E+01
    1.46000000E+02      -3.211602309818082546E+01
    1.47000000E+02      -3.212161693448835109E+01
    1.48000000E+02      -3.212461957807355617E+01
    1.49000000E+02      -3.212468907708936428E+01
    1.50000000E+02      -3.212163040513807033E+01
    1.51000000E+02      -3.211556318874173854E+01
    1.52000000E+02      -3.210655758256726955E+01
    1.53000000E+02      -3.209443632240110134E+01
    1.54000000E+02      -3.207977816934400295E+01
    1.55000000E+02      -3.206251010770612453E+01
    1.56000000E+02      -3.204229733819776271E+01
    1.57000000E+02      -3.201836506004148220E+01
    1.58000000E+02      -3.199148056382947658E+01
    1.59000000E+02      -3.196154448861890529E+01
    1.60000000E+02      -3.192897031183057521E+01
    1.61000000E+02      -3.189328125591092800E+01
    1.62000000E+02      -3.185502335901075099E+01
    1.63000000E+02      -3.181458911771589015E+01
    1.64000000E+02      -3.176982954616361354E+01
    1.65000000E+02      -3.172264525766187404E+01
    1.66000000E+02      -3.167190841312223171E+01
    1.67000000E+02      -3.161930224771314357E+01
    1.68000000E+02      -3.156310591573529933E+01
    1.69000000E+02      -3.150427273387723659E+01
    1.70000000E+02      -3.144256321067624782E+01
    1.71000000E+02      -3.137695971603208278E+01
    1.72000000E+02      -3.130937079067044948E+01
    1.73000000E+02      -3.123833331937604640E+01
    1.74000000E+02      -3.116484961385541652E+01
    1.75000000E+02      -3.108837017888837551E+01
    1.76000000E+02      -3.100891212100797389E+01
    1.77000000E+02      -3.092688116903119777E+01
    1.78000000E+02      -3.084127119655423854E+01
    1.79000000E+02      -3.075217918033414577E+01
    1.80000000E+02      -3.066092834348493312E+01
    1.81000000E+02      -3.056665298814588283E+01
    1.82000000E+02      -3.046914002771192287E+01
    1.83000000E+02      -3.036899158830457424E+01
    1.84000000E+02      -3.026579908008390163E+01
    1.85000000E+02      -3.015949288482480739E+01
    1.86000000E+02      -3.005042353744321559E+01
    1.87000000E+02      -2.993859664077573512E+01
    1.88000000E+02      -2.982368073339277004E+01
    1.89000000E+02      -2.970598325605207179E+01
    1.90000000E+02      -2.958627048606687282E+01
    1.91000000E+02      -2.946292427654081081E+01
    1.92000000E+02      -2.933669111604505275E+01
    1.93000000E+02      -2.920798275346570705E+01
    1.94000000E+02      -2.907627520437055324E+01
    1.95000000E+02      -2.894227758521848415E+01
    1.96000000E+02      -2.880418947810941432E+01
    1.97000000E+02      -2.866373631830030178E+01
    1.98000000E+02      -2.852091059560590480E+01
    1.99000000E+02      -2.837548056716733669E+01
    2.00000000E+02      -2.822733375901990627E+01
    2.01000000E+02      -2.807570139045530055E+01
    2.02000000E+02      -2.792133608932309841E+01
    2.03000000E+02      -2.776448002929502223E+01
    2.04000000E+02      -2.760575667495542262E+01
    2.05000000E+02      -2.744360295409970973E+01
    2.06000000E+02      -2.727910420770459865E+01
    2.07000000E+02      -2.711159232730680202E+01
    2.08000000E+02      -2.694160041684919094E+01
    2.09000000E+02      -2.676946345443540309E+01
    2.10000000E+02      -2.659493819351011012E+01
    2.11000000E+02      -2.641729191417508815E+01
    2.12000000E+02      -2.623729286069684719E+01
    2.13000000E+02      -2.605478784913831447E+01
    2.14000000E+02      -2.586934045429044460E+01
    2.15000000E+02      -2.568199912185483669E+01
    2.16000000E+02      -2.549267802114301418E+01
    2.17000000E+02      -2.530013916368299220E+01
    2.18000000E+02      -2.510539392108731960E+01
    2.19000000E+02      -2.490804300184064601E+01
    2.20000000E+02      -2.470864633197599147E+01
    2.21000000E+02      -2.450683710450940822E+01
    2.22000000E+02      -2.430249068612867092E+01
    2.23000000E+02      -2.409564921731763576E+01
    2.24000000E+02      -2.388651797647290920E+01
    2.25000000E+02      -2.367581645126157497E+01
    2.26000000E+02      -2.346261749143415187E+01
    2.27000000E+02      -2.324691763992124294E+01
    2.28000000E+02      -2.302970913524442409E+01
    2.29000000E+02      -2.281006053561979030E+01
    2.30000000E+02      -2.258820811385923122E+01
    2.31000000E+02      -2.236432478303724025E+01
    2.32000000E+02      -2.213836274022870754E+01
    2.33000000E+02      -2.191102400893979762E+01
    2.34000000E+02      -2.168135825271421169E+01
    2.35000000E+02      -2.144980040664487575E+01
    2.36000000E+02      -2.121632555599027370E+01
    2.37000000E+02      -2.098143253202253078E+01
    2.38000000E+02      -2.074514285201841091E+01
    2.39000000E+02      -2.050704828376584743E+01
    2.40000000E+02      -2.026684168453031276E+01
    2.41000000E+02      -2.002467754955106471E+01
    2.42000000E+02      -1.978122953052335475E+01
    2.43000000E+02      -1.953748015041166042E+01
    2.44000000E+02      -1.929151449079328273E+01
    2.45000000E+02      -1.904395905608945583E+01
    2.46000000E+02      -1.879516253347211574E+01
    2.47000000E+02      -1.854526737804227565E+01
    2.48000000E+02      -1.829506102676206325E+01
    2.49000000E+02      -1.804303685302549098E+01
    2.50000000E+02      -1.779089180106931423E+01
    2.51000000E+02      -1.753705433482938503E+01
    2.52000000E+02      -1.728235069389157985E+01
    2.53000000E+02      -1.702759412402921413E+01
    2.54000000E+02      -1.677194151754193996E+01
    2.55000000E+02      -1.651580182189756130E+01
    2.56000000E+02      -1.625836089725309108E+01
    2.57000000E+02      -1.599994871492200410E+01
    2.58000000E+02      -1.574172899598889863E+01
    2.59000000E+02      -1.548253718490415132E+01
    2.60000000E+02      -1.522294280404859101E+01
    2.61000000E+02      -1.496374819154553926E+01
    2.62000000E+02      -1.470377353305631196E+01
    2.63000000E+02      -1.444396064157300508E+01
    2.64000000E+02      -1.418438271159940278E+01
    2.65000000E+02      -1.392428568477445161E+01
    2.66000000E+02      -1.366475949163251435E+01
    2.67000000E+02      -1.340597489948087251E+01
    2.68000000E+02      -1.314715984935575044E+01
    2.69000000E+02      -1.288867661828809297E+01
    2.70000000E+02      -1.263111660356336152E+01
    2.71000000E+02      -1.237450805778317964E+01
    2.72000000E+02      -1.211876211042218721E+01
    2.73000000E+02      -1.186373702163510835E+01
    2.74000000E+02      -1.161062846059613740E+01
    2.75000000E+02      -1.135787764663510835E+01
    2.76000000E+02      -1.110595599288754975E+01
    2.77000000E+02      -1.085668918962293183E+01
    2.78000000E+02      -1.060852674121671235E+01
    2.79000000E+02      -1.036159143323712861E+01
    2.80000000E+02      -1.011718181247525727E+01
    2.81000000E+02      -9.874589954565101024E+00
    2.82000000E+02      -9.632901524255805370E+00
    2.83000000E+02      -9.394270752618842479E+00
    2.84000000E+02      -9.157551025102668163E+00
    2.85000000E+02      -8.923705612371497509E+00
    2.86000000E+02      -8.692880903432898876E+00
    2.87000000E+02      -8.463910435388617870E+00
    2.88000000E+02      -8.236508940408759472E+00
    2.89000000E+02      -8.013453875730567333E+00
    2.90000000E+02      -7.793209468076758739E+00
    2.91000000E+02      -7.576534365366034862E+00
    2.92000000E+02      -7.362788234899573681E+00
    2.93000000E+02      -7.154753302286200878E+00
    2.94000000E+02      -6.946149324129157421E+00
    2.95000000E+02      -6.741916989038520214E+00
    2.96000000E+02      -6.542905424783759472E+00
    2.97000000E+02      -6.348309670637183544E+00
    2.98000000E+02      -6.155773197362952587E+00
    2.99000000E+02      -5.968382810304694530E+00
    3.00000000E+02      -5.787852798650794384E+00
    3.01000000E+02      -5.610019837568335888E+00
    3.02000000E+02      -5.438133631895118114E+00
    3.03000000E+02      -5.271213923643164989E+00
    3.04000000E+02      -5.109392200658851024E+00
    3.05000000E+02      -4.952882741640143749E+00
    3.06000000E+02      -4.803266440580420849E+00
    3.07000000E+02      -4.658417020986609813E+00
    3.08000000E+02      -4.518968139837317821E+00
    3.09000000E+02      -4.386342679212622997E+00
    3.10000000E+02      -4.259375725935035106E+00
    3.11000000E+02      -4.138989721487098095E+00
    3.12000000E+02      -4.025423561285071727E+00
    3.13000000E+02      -3.916325126836829540E+00
    3.14000000E+02      -3.817420219133429882E+00
    3.15000000E+02      -3.724862192819648143E+00
    3.16000000E+02      -3.638357137392096874E+00
    3.17000000E+02      -3.561329339693122265E+00
    3.18000000E+02      -3.491560970495276806E+00
    3.19000000E+02      -3.429993902395301220E+00
    3.20000000E+02      -3.374984060476355907E+00
    3.21000000E+02      -3.331712578485541698E+00
    3.22000000E+02      -3.297792886446051952E+00
    3.23000000E+02      -3.269166742513709423E+00
    3.24000000E+02      -3.252190207193427440E+00
    3.25000000E+02      -3.246835266302161571E+00
    3.26000000E+02      -3.245973621557288524E+00
    3.27000000E+02      -3.257820879171424266E+00
    3.28000000E+02      -3.282879327486091015E+00
    3.29000000E+02      -3.315952514360480663E+00
    3.30000000E+02      -3.359457586954169628E+00
    3.31000000E+02      -3.409505163381629345E+00
    3.32000000E+02      -3.473420535276465770E+00
    3.33000000E+02      -3.550525759409003612E+00
    3.34000000E+02      -3.639189099023871776E+00
    3.35000000E+02      -3.736118112752967235E+00
    3.36000000E+02      -3.843625758836799022E+00
    3.37000000E+02      -3.966121350477271434E+00
    3.38000000E+02      -4.102447842310004589E+00
    3.39000000E+02      -4.249522839735083934E+00
    3.40000000E+02      -4.407962177942328807E+00
    3.41000000E+02      -4.580192540834479686E+00
    3.42000000E+02      -4.766598497579627391E+00
    3.43000000E+02      -4.968211804578833934E+00
    3.44000000E+02      -5.180476759622626659E+00
    3.45000000E+02      -5.408883367727332470E+00
    3.46000000E+02      -5.653499816606574413E+00
    3.47000000E+02      -5.909549986074500438E+00
    3.48000000E+02      -6.183843229959540722E+00
    3.49000000E+02      -6.472700213144355175E+00
    3.50000000E+02      -6.773962651441626903E+00
    3.51000000E+02      -7.095934246728949901E+00
    3.52000000E+02      -7.432500039289527294E+00
    3.53000000E+02      -7.784159337232642528E+00
    3.54000000E+02      -8.153223429868750927E+00
    3.55000000E+02      -8.540283595274024364E+00
    3.56000000E+02      -8.943606589983039257E+00
    3.57000000E+02      -9.363661740968757030E+00
    3.58000000E+02      -9.801774357507758495E+00
    3.59000000E+02      -1.025779781217389619E+01
    3.60000000E+02      -1.073268828267865693E+01
    3.61000000E+02      -1.122990778560452974E+01
    3.62000000E+02      -1.174391559238248384E+01
    3.63000000E+02      -1.228098026389890229E+01
    3.64000000E+02      -1.283550438756757295E+01
    3.65000000E+02      -1.340504578227811372E+01
    3.66000000E+02      -1.400324097747617280E+01
    3.67000000E+02      -1.461787757749372041E+01
    3.68000000E+02      -1.525478449935727632E+01
    3.69000000E+02      -1.591594586248212373E+01
    3.70000000E+02      -1.659734216804319118E+01
    3.71000000E+02      -1.730270281905942653E+01
    3.72000000E+02      -1.802846780891233180E+01
    3.73000000E+02      -1.877119818801694606E+01
    3.74000000E+02      -1.954561052198224758E+01
    3.75000000E+02      -2.034219375724607204E+01
    3.76000000E+02      -2.116156843776517604E+01
    3.77000000E+02      -2.200915858621412013E+01
    3.78000000E+02      -2.287456003303342555E+01
    3.79000000E+02      -2.376641807431989406E+01
    3.80000000E+02      -2.468406066770368312E+01
    3.81000000E+02      -2.562394515151792262E+01
    3.82000000E+02      -2.658806077117734645E+01
    3.83000000E+02      -2.757651213283353542E+01
    3.84000000E+02      -2.859552249784284328E+01
    3.85000000E+02      -2.964339015359693263E+01
    3.86000000E+02      -3.071719477052503322E+01
    3.87000000E+02      -3.181769261236005519E+01
    3.88000000E+02      -3.294471005077176784E+01
    3.89000000E+02      -3.410382488841825221E+01
    3.90000000E+02      -3.528627107019239162E+01
    3.91000000E+02      -3.650418398256116603E+01
    3.92000000E+02      -3.775051942939573024E+01
    3.93000000E+02      -3.901608065242582057E+01
    3.94000000E+02      -4.032586589927488063E+01
    3.95000000E+02      -4.165547606820874904E+01
    3.96000000E+02      -4.302101746673398708E+01
    3.97000000E+02      -4.442101327056699489E+01
    3.98000000E+02      -4.585124704713636135E+01
    3.99000000E+02      -4.730792043084912990E+01
    4.00000000E+02      -4.880314198608213161E+01
    4.01000000E+02      -5.033493599767499660E+01
    4.02000000E+02      -5.190136299009137844E+01
    4.03000000E+02      -5.350207409734540676E+01
    4.04000000E+02      -5.512675932521634792E+01
    4.05000000E+02      -5.679932925576978420E+01
    4.06000000E+02      -5.850408283347898220E+01
    4.07000000E+02      -6.024645469064527248E+01
    4.08000000E+02      -6.201515493268781398E+01
    4.09000000E+02      -6.383349422092252468E+01
    4.10000000E+02      -6.567904201621823290E+01
    4.11000000E+02      -6.756912312383465746E+01
    4.12000000E+02      -6.949612340802960375E+01
    4.13000000E+02      -7.145892331476025561E+01
    4.14000000E+02      -7.345953783864788988E+01
    4.15000000E+02      -7.550276759738736132E+01
    4.16000000E+02      -7.758725724096112231E+01
    4.17000000E+02      -7.970419112319760302E+01
    4.18000000E+02      -8.186527392740063647E+01
    4.19000000E+02      -8.407939592475705126E+01
    4.20000000E+02      -8.632921520347409228E+01
    4.21000000E+02      -8.860720584268383959E+01
    4.22000000E+02      -9.092187616700940112E+01
    4.23000000E+02      -9.329534712905697802E+01
    4.24000000E+02      -9.570754364604763964E+01
    4.25000000E+02      -9.816385409707837084E+01
    4.26000000E+02      -1.006781937229137895E+02
    4.27000000E+02      -1.032315913187962053E+02
    4.28000000E+02      -1.058170245038967607E+02
    4.29000000E+02      -1.084564081775646684E+02
    4.30000000E+02      -1.111486643301945207E+02
    4.31000000E+02      -1.138783974396687029E+02
    4.32000000E+02      -1.166707023727398393E+02
    4.33000000E+02      -1.195055903541546343E+02
    4.34000000E+02      -1.223944903361301897E+02
    4.35000000E+02      -1.253213363038998125E+02
    4.36000000E+02      -1.282842039215069292E+02
    4.37000000E+02      -1.313156231986980913E+02
    4.38000000E+02      -1.343836583244305132E+02
    4.39000000E+02      -1.375069048749905107E+02
    4.40000000E+02      -1.406860863315563677E+02
    4.41000000E+02      -1.439314131485920427E+02
    4.42000000E+02      -1.472319850670795915E+02
    4.43000000E+02      -1.505744892107944963E+02
    4.44000000E+02      -1.539579175459843157E+02
    4.45000000E+02      -1.574027996408443926E+02
    4.46000000E+02      -1.609050876247387407E+02
    4.47000000E+02      -1.644690925228100298E+02
    4.48000000E+02      -1.680872424590092180E+02
    4.49000000E+02      -1.717680345522861955E+02
    4.50000000E+02      -1.755022356855373857E+02
    4.51000000E+02      -1.792925787913303850E+02
    4.52000000E+02      -1.831301275240879534E+02
    4.53000000E+02      -1.870487799393635271E+02
    4.54000000E+02      -1.910127627002697466E+02
    4.55000000E+02      -1.950370931970577715E+02
    4.56000000E+02      -1.991285991417866228E+02
    4.57000000E+02      -2.032739827978115557E+02
    4.58000000E+02      -2.075010621296864031E+02
    4.59000000E+02      -2.117697925316792009E+02
    4.60000000E+02      -2.161150338398914812E+02
    4.61000000E+02      -2.205279597389202593E+02
    4.62000000E+02      -2.249868001090984819E+02
    4.63000000E+02      -2.295166168558102129E+02
    4.64000000E+02      -2.341131824004154680E+02
    4.65000000E+02      -2.387645672308903215E+02
    4.66000000E+02      -2.435024448382359026E+02
    4.67000000E+02      -2.483032772290211199E+02
    4.68000000E+02      -2.531543913828831194E+02
    4.69000000E+02      -2.580891588079434200E+02
    4.70000000E+02      -2.630820297944050594E+02
    4.71000000E+02      -2.681427345621090694E+02
    4.72000000E+02      -2.732887695180874630E+02
    4.73000000E+02      -2.785106181847554012E+02
    4.74000000E+02      -2.837774675237637325E+02
    4.75000000E+02      -2.891600582348805233E+02
    4.76000000E+02      -2.945710676657658382E+02
    4.77000000E+02      -3.000727312314015194E+02
    4.78000000E+02      -3.056644436466198727E+02
    4.79000000E+02      -3.113370485054951473E+02
    4.80000000E+02      -3.170327532040577694E+02
    4.81000000E+02      -3.228446683036785885E+02
    4.82000000E+02      -3.287291899668675228E+02
    4.83000000E+02      -3.346859675394993587E+02
    4.84000000E+02      -3.407390577542286678E+02
    4.85000000E+02      -3.468504789220791622E+02
    4.86000000E+02      -3.530501529323559566E+02
    4.87000000E+02      -3.593087093579273983E+02
    4.88000000E+02      -3.656625075685482784E+02
    4.89000000E+02      -3.721001761304837032E+02
    4.90000000E+02      -3.786382767903309627E+02
    4.91000000E+02      -3.852230504500370785E+02
    4.92000000E+02      -3.919273417937260433E+02
    4.93000000E+02      -3.986860053288441463E+02
    4.94000000E+02      -4.055107308375340267E+02
    4.95000000E+02      -4.124811761128407284E+02
    4.96000000E+02      -4.195410593497257992E+02
    4.97000000E+02      -4.266811447488766476E+02
    4.98000000E+02      -4.339314309703808590E+02
    4.99000000E+02      -4.412666890966397091E+02
    5.00000000E+02      -4.486345853554707332E+02
    5.01000000E+02      -4.560903321253758236E+02
    5.02000000E+02      -4.636842775690060421E+02
    5.03000000E+02      -4.713157655345898434E+02
    5.04000000E+02      -4.790262301313381954E+02
    5.05000000E+02      -4.869149214970570370E+02
    5.06000000E+02      -4.948778920518856808E+02
    5.07000000E+02      -5.029460654007893368E+02
    5.08000000E+02      -5.111010372983914181E+02
    5.09000000E+02      -5.193524498688678932E+02
    5.10000000E+02      -5.276425437676410866E+02
