    0.00000000E+00      -1.186150995579173895E+01
    1.00000000E+00      -9.522623532289621551E+00
    2.00000000E+00      -7.855989636691270483E+00
    3.00000000E+00      -6.573844134412689222E+00
    4.00000000E+00      -5.558491936257092370E+00
    5.00000000E+00      -4.745421771263687027E+00
    6.00000000E+00      -4.093824975728971971E+00
    7.00000000E+00      -3.575639593718556775E+00
    8.00000000E+00      -3.170342116920260800E+00
    9.00000000E+00      -2.862240993488563312E+00
    1.00000000E+01      -2.638924458600564016E+00
    1.10000000E+01      -2.490051822574792517E+00
    1.20000000E+01      -2.407498007245345129E+00
    1.30000000E+01      -2.384564206540567888E+00
    1.40000000E+01      -2.415507113631798042E+00
    1.50000000E+01      -2.494975335966779006E+00
    1.60000000E+01      -2.618212747924013151E+00
    1.70000000E+01      -2.781565039489401592E+00
    1.80000000E+01      -2.981665790850279940E+00
    1.90000000E+01      -3.215437671240402473E+00
    2.00000000E+01      -3.480240345537645830E+00
    2.10000000E+01      -3.773524291884137405E+00
    2.20000000E+01      -4.092945945287106646E+00
    2.30000000E+01      -4.436496211752278818E+00
    2.40000000E+01      -4.802359439736215485E+00
    2.50000000E+01      -5.188876284357143653E+00
    2.60000000E+01      -5.594165366213752044E+00
    2.70000000E+01      -6.017033485999314202E+00
    2.80000000E+01      -6.456336310204101814E+00
    2.90000000E+01      -6.910634130775911821E+00
    3.00000000E+01      -7.378815208166821016E+00
    3.10000000E+01      -7.859877548716945661E+00
    3.20000000E+01      -8.352531090915185530E+00
    3.30000000E+01      -8.856107075769436676E+00
    3.40000000E+01      -9.369771080860850532E+00
    3.50000000E+01      -9.892867906555515845E+00
    3.60000000E+01      -1.042425435485875340E+01
    3.70000000E+01      -1.096302816395273538E+01
    3.80000000E+01      -1.150840830344332488E+01
    3.90000000E+01      -1.205999302079526814E+01
    4.00000000E+01      -1.261758363091012569E+01
    4.10000000E+01      -1.318037266710398825E+01
    4.20000000E+01      -1.374791741843892368E+01
    4.30000000E+01      -1.431955464494040342E+01
    4.40000000E+01      -1.489468735510109099E+01
    4.50000000E+01      -1.547258257011508675E+01
    4.60000000E+01      -1.605347172084821494E+01
    4.70000000E+01      -1.663645507821438940E+01
    4.80000000E+01      -1.722147335608115526E+01
    4.90000000E+01      -1.780753075268676611E+01
    5.00000000E+01      -1.839455048677137228E+01
    5.10000000E+01      -1.898264438572896751E+01
    5.20000000E+01      -1.957111671806870135E+01
    5.30000000E+01      -2.015980353399736913E+01
    5.40000000E+01      -2.074788089126905533E+01
    5.50000000E+01      -2.133561421728318663E+01
    5.60000000E+01      -2.192273564783481987E+01
    5.70000000E+01      -2.250870062487756940E+01
    5.80000000E+01      -2.309348294332249196E+01
    5.90000000E+01      -2.367620500603316458E+01
    6.00000000E+01      -2.425801590650899442E+01
    6.10000000E+01      -2.483765870642474027E+01
    6.20000000E+01      -2.541537097056953343E+01
    6.30000000E+01      -2.599036029127983483E+01
    6.40000000E+01      -2.656329505990816386E+01
    6.50000000E+01      -2.713297282469084593E+01
    6.60000000E+01      -2.769984622236898275E+01
    6.70000000E+01      -2.826399116714110704E+01
    6.80000000E+01      -2.882437761158308120E+01
    6.90000000E+01      -2.938157725434376033E+01
    7.00000000E+01      -2.993529379887132080E+01
    7.10000000E+01      -3.048531241349501641E+01
    7.20000000E+01      -3.103173761984890433E+01
    7.30000000E+01      -3.157417136298118265E+01
    7.40000000E+01      -3.211247374333998295E+01
    7.50000000E+01      -3.264661482286265226E+01
    7.60000000E+01      -3.317650446558928223E+01
    7.70000000E+01      -3.370267220151236387E+01
    7.80000000E+01      -3.422384325002877148E+01
    7.90000000E+01      -3.474049477635508509E+01
    8.00000000E+01      -3.525354848692750664E+01
    8.10000000E+01      -3.576142752945980163E+01
    8.20000000E+01      -3.626463238366505237E+01
    8.30000000E+01      -3.676303223457744451E+01
    8.40000000E+01      -3.725719054027086230E+01
    8.50000000E+01      -3.774618729397280248E+01
    8.60000000E+01      -3.822985607951505216E+01
    8.70000000E+01      -3.870837310825100275E+01
    8.80000000E+01      -3.918235428009739252E+01
    8.90000000E+01      -3.965214732482655080E+01
    9.00000000E+01      -4.011639151310173901E+01
    9.10000000E+01      -4.057631148335149618E+01
    9.20000000E+01      -4.103161471390722426E+01
    9.30000000E+01      -4.148155684846079083E+01
    9.40000000E+01      -4.192654714810287686E+01
    9.50000000E+01      -4.236705688021702798E+01
    9.60000000E+01      -4.280170274602806302E+01
    9.70000000E+01      -4.323149474321490260E+01
    9.80000000E+01      -4.365618940077347787E+01
    9.90000000E+01      -4.407511800231969090E+01
    1.00000000E+02      -4.448936167063748570E+01
    1.01000000E+02      -4.489885634214243026E+01
    1.02000000E+02      -4.530257588771728905E+01
    1.03000000E+02      -4.570267836896328362E+01
    1.04000000E+02      -4.609691263858785959E+01
    1.05000000E+02      -4.648617467198146613E+01
    1.06000000E+02      -4.686943995307756694E+01
    1.07000000E+02      -4.724804495025983186E+01
    1.08000000E+02      -4.762077544124422701E+01
    1.09000000E+02      -4.798776260654067727E+01
    1.10000000E+02      -4.834971293907238277E+01
    1.11000000E+02      -4.870718561306221517E+01
    1.12000000E+02      -4.905943385262599321E+01
    1.13000000E+02      -4.940653748095592590E+01
    1.14000000E+02      -4.974915378454698356E+01
    1.15000000E+02      -5.008614221850967141E+01
    1.16000000E+02      -5.041713409761523934E+01
    1.17000000E+02      -5.074299670297278197E+01
    1.18000000E+02      -5.106404880022255810E+01
    1.19000000E+02      -5.138062824269382389E+01
    1.20000000E+02      -5.169066321647351714E+01
    1.21000000E+02      -5.199763760769365462E+01
    1.22000000E+02      -5.229843726551717253E+01
    1.23000000E+02      -5.259349959956107767E+01
    1.24000000E+02      -5.288408228273129197E+01
    1.25000000E+02      -5.316970871233007045E+01
    1.26000000E+02      -5.344978147472811969E+01
    1.27000000E+02      -5.372648767295850547E+01
    1.28000000E+02      -5.399612738711385163E+01
    1.29000000E+02      -5.426146479703111680E+01
    1.30000000E+02      -5.451972784923946591E+01
    1.31000000E+02      -5.477482995188420745E+01
    1.32000000E+02      -5.502486619104256960E+01
    1.33000000E+02      -5.526937206632083388E+01
    1.34000000E+02      -5.550881765184549721E+01
    1.35000000E+02      -5.574336276350168617E+01
    1.36000000E+02      -5.597239740223249527E+01
    1.37000000E+02      -5.619703638863375517E+01
    1.38000000E+02      -5.641680599779447647E+01
    1.39000000E+02      -5.663151298097891839E+01
    1.40000000E+02      -5.684128888005016478E+01
    1.41000000E+02      -5.704672330811245473E+01
    1.42000000E+02      -5.724622544397225710E+01
    1.43000000E+02      -5.744158764656258853E+01
    1.44000000E+02      -5.763060758712327214E+01
    1.45000000E+02      -5.781495298242753478E+01
    1.46000000E+02      -5.799460740091836186E+01
    1.47000000E+02      -5.816847798561303051E+01
    1.48000000E+02      -5.833767217893710466E+01
    1.49000000E+02      -5.850320006238853665E+01
    1.50000000E+02      -5.866357132636567684E+01
    1.51000000E+02      -5.881902087510189148E+01
    1.52000000E+02      -5.896845176054721804E+01
    1.53000000E+02      -5.911462080788424345E+01
    1.54000000E+02      -5.925509406889414521E+01
    1.55000000E+02      -5.939219247021338077E+01
    1.56000000E+02      -5.952382552211729916E+01
    1.57000000E+02      -5.965025042004509004E+01
    1.58000000E+02      -5.977120846470443638E+01
    1.59000000E+02      -5.988833635493738683E+01
    1.60000000E+02      -6.000062140852769943E+01
    1.61000000E+02      -6.010760085384918483E+01
    1.62000000E+02      -6.020947749384304615E+01
    1.63000000E+02      -6.030584318034907909E+01
    1.64000000E+02      -6.039773076337387891E+01
    1.65000000E+02      -6.048500285397840770E+01
    1.66000000E+02      -6.056702159026263388E+01
    1.67000000E+02      -6.064387129673360022E+01
    1.68000000E+02      -6.071854039125701519E+01
    1.69000000E+02      -6.078633216635881098E+01
    1.70000000E+02      -6.084917059128729733E+01
    1.71000000E+02      -6.090779277992060514E+01
    1.72000000E+02      -6.096194147302394839E+01
    1.73000000E+02      -6.100958116685597332E+01
    1.74000000E+02      -6.104777322693353625E+01
    1.75000000E+02      -6.108716311475819083E+01
    1.76000000E+02      -6.112054616452751787E+01
    1.77000000E+02      -6.114618923289327057E+01
    1.78000000E+02      -6.116988510389438005E+01
    1.79000000E+02      -6.118821231795100601E+01
    1.80000000E+02      -6.120395517775414618E+01
    1.81000000E+02      -6.121205803200228246E+01
    1.82000000E+02      -6.121617945616690548E+01
    1.83000000E+02      -6.121560019354893001E+01
    1.84000000E+02      -6.120954528178645404E+01
    1.85000000E+02      -6.119908950694462391E+01
    1.86000000E+02      -6.118489850086717041E+01
    1.87000000E+02      -6.116595724255403610E+01
    1.88000000E+02      -6.114060931147633227E+01
    1.89000000E+02      -6.111071815558334919E+01
    1.90000000E+02      -6.107570770273542138E+01
    1.91000000E+02      -6.103467869300020965E+01
    1.92000000E+02      -6.099045747828295561E+01
    1.93000000E+02      -6.094106322906537088E+01
    1.94000000E+02      -6.088510831149852010E+01
    1.95000000E+02      -6.082534526877662273E+01
    1.96000000E+02      -6.075895258046312364E+01
    1.97000000E+02      -6.068922626350632044E+01
    1.98000000E+02      -6.061242402724547418E+01
    1.99000000E+02      -6.053200207867285343E+01
    2.00000000E+02      -6.044590641122868391E+01
    2.01000000E+02      -6.035423335742762418E+01
    2.02000000E+02      -6.025991743065042527E+01
    2.03000000E+02      -6.015927435744179519E+01
    2.04000000E+02      -6.005347105914352568E+01
    2.05000000E+02      -5.994280294312721225E+01
    2.06000000E+02      -5.982713931875860425E+01
    2.07000000E+02      -5.970718562004713448E+01
    2.08000000E+02      -5.958249198629146548E+01
    2.09000000E+02      -5.945208221122248204E+01
    2.10000000E+02      -5.931621545606849821E+01
    2.11000000E+02      -5.917588526669515403E+01
    2.12000000E+02      -5.903125681199690433E+01
    2.13000000E+02      -5.888328448433986040E+01
    2.14000000E+02      -5.872800236505081983E+01
    2.15000000E+02      -5.856855507900564106E+01
    2.16000000E+02      -5.840458511521665486E+01
    2.17000000E+02      -5.823654351856185230E+01
    2.18000000E+02      -5.806402100210635098E+01
    2.19000000E+02      -5.788645548333970936E+01
    2.20000000E+02      -5.770457808773590358E+01
    2.21000000E+02      -5.751612003620339664E+01
    2.22000000E+02      -5.732321394777482482E+01
    2.23000000E+02      -5.712642609381673964E+01
    2.24000000E+02      -5.692313171185178788E+01
    2.25000000E+02      -5.671654542239939900E+01
    2.26000000E+02      -5.650305404055489333E+01
    2.27000000E+02      -5.628477447906134756E+01
    2.28000000E+02      -5.606267537369949849E+01
    2.29000000E+02      -5.583568244783764811E+01
    2.30000000E+02      -5.560449538363700839E+01
    2.31000000E+02      -5.536790305872073503E+01
    2.32000000E+02      -5.512764314941687616E+01
    2.33000000E+02      -5.488197675517385932E+01
    2.34000000E+02      -5.463059626130944224E+01
    2.35000000E+02      -5.437467211212588580E+01
    2.36000000E+02      -5.411405093881858619E+01
    2.37000000E+02      -5.384804543138107391E+01
    2.38000000E+02      -5.357737398410773011E+01
    2.39000000E+02      -5.329940806988252433E+01
    2.40000000E+02      -5.301879852120855929E+01
    2.41000000E+02      -5.273204042082743825E+01
    2.42000000E+02      -5.244385588013192745E+01
    2.43000000E+02      -5.214933660086335721E+01
    2.44000000E+02      -5.185057879514152290E+01
    2.45000000E+02      -5.154631414748819651E+01
    2.46000000E+02      -5.123701825069820615E+01
    2.47000000E+02      -5.092340698321441295E+01
    2.48000000E+02      -5.060256792320961239E+01
    2.49000000E+02      -5.027902652411813023E+01
    2.50000000E+02      -4.995392324212098600E+01
    2.51000000E+02      -4.962107692072259368E+01
    2.52000000E+02      -4.928360681161375823E+01
    2.53000000E+02      -4.893981660571972014E+01
    2.54000000E+02      -4.859304561636036368E+01
    2.55000000E+02      -4.824324782583953919E+01
    2.56000000E+02      -4.788580330305358501E+01
    2.57000000E+02      -4.752710380493754627E+01
    2.58000000E+02      -4.716183323583191367E+01
    2.59000000E+02      -4.679430119840053948E+01
    2.60000000E+02      -4.642100763199942293E+01
    2.61000000E+02      -4.604420201953126224E+01
    2.62000000E+02      -4.566060854164043548E+01
    2.63000000E+02      -4.527320302040407540E+01
    2.64000000E+02      -4.488400287025233837E+01
    2.65000000E+02      -4.449123381131885679E+01
    2.66000000E+02      -4.409422157409226628E+01
    2.67000000E+02      -4.369254232845360519E+01
    2.68000000E+02      -4.328408062686303737E+01
    2.69000000E+02      -4.287467973092662277E+01
    2.70000000E+02      -4.246022800048904600E+01
    2.71000000E+02      -4.204027678952643754E+01
    2.72000000E+02      -4.162067904574887933E+01
    2.73000000E+02      -4.119655848813800247E+01
    2.74000000E+02      -4.076795479313096138E+01
    2.75000000E+02      -4.033567308059519263E+01
    2.76000000E+02      -3.990046273155694934E+01
    2.77000000E+02      -3.946319548245610775E+01
    2.78000000E+02      -3.902290848300417991E+01
    2.79000000E+02      -3.857939809300096812E+01
    2.80000000E+02      -3.813300456567758800E+01
    2.81000000E+02      -3.768188952056316765E+01
    2.82000000E+02      -3.723000239401681455E+01
    2.83000000E+02      -3.677568224824590715E+01
    2.84000000E+02      -3.631741226774266096E+01
    2.85000000E+02      -3.585603640119170876E+01
    2.86000000E+02      -3.539766254259830447E+01
    2.87000000E+02      -3.493399836083499821E+01
    2.88000000E+02      -3.446943031677601965E+01
    2.89000000E+02      -3.400299964014066489E+01
    2.90000000E+02      -3.353431687068751188E+01
    2.91000000E+02      -3.306245784445291491E+01
    2.92000000E+02      -3.259234551976060601E+01
    2.93000000E+02      -3.212026532513646515E+01
    2.94000000E+02      -3.164778504178485008E+01
    2.95000000E+02      -3.117557475164158376E+01
    2.96000000E+02      -3.070216506051456662E+01
    2.97000000E+02      -3.023159106967596443E+01
    2.98000000E+02      -2.975959453506020935E+01
    2.99000000E+02      -2.928578021291269096E+01
    3.00000000E+02      -2.881449053746273847E+01
    3.01000000E+02      -2.834285773949323328E+01
    3.02000000E+02      -2.787471480092590781E+01
    3.03000000E+02      -2.741007507552949818E+01
    3.04000000E+02      -2.694312617492487760E+01
    3.05000000E+02      -2.647571567802315684E+01
    3.06000000E+02      -2.601589582774413856E+01
    3.07000000E+02      -2.555901573768442603E+01
    3.08000000E+02      -2.509900390270723136E+01
    3.09000000E+02      -2.464336608147805663E+01
    3.10000000E+02      -2.418521022105215224E+01
    3.11000000E+02      -2.373141855730300875E+01
    3.12000000E+02      -2.328178271751476558E+01
    3.13000000E+02      -2.283470321733130248E+01
    3.14000000E+02      -2.239278977208396526E+01
    3.15000000E+02      -2.195097080858050020E+01
    3.16000000E+02      -2.151219881658999356E+01
    3.17000000E+02      -2.107665763639470669E+01
    3.18000000E+02      -2.064436099010145398E+01
    3.19000000E+02      -2.021812512173874410E+01
    3.20000000E+02      -1.979820381624249848E+01
    3.21000000E+02      -1.938406151610052319E+01
    3.22000000E+02      -1.897311899166179927E+01
    3.23000000E+02      -1.856736694842202695E+01
    3.24000000E+02      -1.816750013206711145E+01
    3.25000000E+02      -1.777236105369029673E+01
    3.26000000E+02      -1.738613244479147824E+01
    3.27000000E+02      -1.700338694367183479E+01
    3.28000000E+02      -1.663060154540089997E+01
    3.29000000E+02      -1.626191240300050112E+01
    3.30000000E+02      -1.589778552444277437E+01
    3.31000000E+02      -1.554287830374760659E+01
    3.32000000E+02      -1.519372211310638221E+01
    3.33000000E+02      -1.485233166704511376E+01
    3.34000000E+02      -1.451725494170187147E+01
    3.35000000E+02      -1.419305501210128995E+01
    3.36000000E+02      -1.387326617383023830E+01
    3.37000000E+02      -1.356488824200442167E+01
    3.38000000E+02      -1.327258734947627516E+01
    3.39000000E+02      -1.298055045476740332E+01
    3.40000000E+02      -1.270244276204703482E+01
    3.41000000E+02      -1.243446444796955319E+01
    3.42000000E+02      -1.217409317318907114E+01
    3.43000000E+02      -1.192588137167131634E+01
    3.44000000E+02      -1.168961073162591191E+01
    3.45000000E+02      -1.146418113384952875E+01
    3.46000000E+02      -1.125080869121102722E+01
    3.47000000E+02      -1.104701750569602581E+01
    3.48000000E+02      -1.085036793637646468E+01
    3.49000000E+02      -1.067310315214654537E+01
    3.50000000E+02      -1.050439316134525569E+01
    3.51000000E+02      -1.035039108649453254E+01
    3.52000000E+02      -1.021067733417822154E+01
    3.53000000E+02      -1.008361580951696368E+01
    3.54000000E+02      -9.974424387631920297E+00
    3.55000000E+02      -9.876694713557121474E+00
    3.56000000E+02      -9.791033042432722766E+00
    3.57000000E+02      -9.728693791968730409E+00
    3.58000000E+02      -9.676364362543431241E+00
    3.59000000E+02      -9.638095553569478113E+00
    3.60000000E+02      -9.610517850449291188E+00
    3.61000000E+02      -9.607533833548409063E+00
    3.62000000E+02      -9.617152557313424666E+00
    3.63000000E+02      -9.632091903664154131E+00
    3.64000000E+02      -9.677791541280207355E+00
    3.65000000E+02      -9.740132945427653510E+00
    3.66000000E+02      -9.814621269540843684E+00
    3.67000000E+02      -9.910428389977646191E+00
    3.68000000E+02      -1.003701496014928551E+01
    3.69000000E+02      -1.016822596413640412E+01
    3.70000000E+02      -1.032276896394414933E+01
    3.71000000E+02      -1.049725516683047744E+01
    3.72000000E+02      -1.069359399874320360E+01
    3.73000000E+02      -1.090969879070853921E+01
    3.74000000E+02      -1.114009031124970051E+01
    3.75000000E+02      -1.140261117515711220E+01
    3.76000000E+02      -1.167782818765936526E+01
    3.77000000E+02      -1.198855125422215195E+01
    3.78000000E+02      -1.231915959420239659E+01
    3.79000000E+02      -1.266506251420451434E+01
    3.80000000E+02      -1.303034418944826456E+01
    3.81000000E+02      -1.342956537248192461E+01
    3.82000000E+02      -1.384280006454883249E+01
    3.83000000E+02      -1.428913506500048669E+01
    3.84000000E+02      -1.475551852707376810E+01
    3.85000000E+02      -1.525500957465356322E+01
    3.86000000E+02      -1.576740907814910742E+01
    3.87000000E+02      -1.630936102203650506E+01
    3.88000000E+02      -1.687841881725562843E+01
    3.89000000E+02      -1.747278791207445892E+01
    3.90000000E+02      -1.810213338520934911E+01
    3.91000000E+02      -1.875725982880776854E+01
    3.92000000E+02      -1.944328509976713093E+01
    3.93000000E+02      -2.016291460029406579E+01
    3.94000000E+02      -2.089425626078246268E+01
    3.95000000E+02      -2.166531294894030424E+01
    3.96000000E+02      -2.247615371046213539E+01
    3.97000000E+02      -2.330723081117121609E+01
    3.98000000E+02      -2.416130438477357956E+01
    3.99000000E+02      -2.504479836167393358E+01
    4.00000000E+02      -2.597315954377500447E+01
    4.01000000E+02      -2.691948425101673337E+01
    4.02000000E+02      -2.791469122709332140E+01
    4.03000000E+02      -2.893296932296453150E+01
    4.04000000E+02      -2.998508187367206546E+01
    4.05000000E+02      -3.108597023931888970E+01
    4.06000000E+02      -3.221409642167946430E+01
    4.07000000E+02      -3.338063307299835714E+01
    4.08000000E+02      -3.457926848095467420E+01
    4.09000000E+02      -3.580755166809631618E+01
    4.10000000E+02      -3.708384788020139666E+01
    4.11000000E+02      -3.839326574776878687E+01
    4.12000000E+02      -3.974060288777200611E+01
    4.13000000E+02      -4.112095514016782971E+01
    4.14000000E+02      -4.254480214074811073E+01
    4.15000000E+02      -4.399351435464432569E+01
    4.16000000E+02      -4.548372685124723347E+01
    4.17000000E+02      -4.702867293108811708E+01
    4.18000000E+02      -4.859957405512778195E+01
    4.19000000E+02      -5.023095312139576407E+01
    4.20000000E+02      -5.188810863865165146E+01
    4.21000000E+02      -5.359265328717975052E+01
    4.22000000E+02      -5.532859138406438859E+01
    4.23000000E+02      -5.712570280076561602E+01
    4.24000000E+02      -5.896217582242189081E+01
    4.25000000E+02      -6.085021401110662254E+01
    4.26000000E+02      -6.277867861681243511E+01
    4.27000000E+02      -6.474918072607925978E+01
    4.28000000E+02      -6.678405305144934800E+01
    4.29000000E+02      -6.885854224728046802E+01
    4.30000000E+02      -7.096229020885749605E+01
    4.31000000E+02      -7.313889164717494396E+01
    4.32000000E+02      -7.534776479688099471E+01
    4.33000000E+02      -7.761858108204415885E+01
    4.34000000E+02      -7.992690604350156036E+01
    4.35000000E+02      -8.229012169882281569E+01
    4.36000000E+02      -8.471498603893070367E+01
    4.37000000E+02      -8.717237844581342188E+01
    4.38000000E+02      -8.967577251496351209E+01
    4.39000000E+02      -9.224619909988342670E+01
    4.40000000E+02      -9.488919822506233004E+01
    4.41000000E+02      -9.756073802274278250E+01
    4.42000000E+02      -1.002862368133626774E+02
    4.43000000E+02      -1.030827725665420189E+02
    4.44000000E+02      -1.059185881878491386E+02
    4.45000000E+02      -1.088441957177836343E+02
    4.46000000E+02      -1.117939385961051926E+02
    4.47000000E+02      -1.147864724819790467E+02
    4.48000000E+02      -1.178446368186976656E+02
    4.49000000E+02      -1.209522725330442086E+02
    4.50000000E+02      -1.241824348693024263E+02
    4.51000000E+02      -1.274071370580475673E+02
    4.52000000E+02      -1.307095146487243369E+02
    4.53000000E+02      -1.340874447869844630E+02
    4.54000000E+02      -1.375225486320685491E+02
    4.55000000E+02      -1.410189355130549416E+02
    4.56000000E+02      -1.445689643165804341E+02
    4.57000000E+02      -1.481874801677893743E+02
    4.58000000E+02      -1.518818668821602955E+02
    4.59000000E+02      -1.556093523202706024E+02
    4.60000000E+02      -1.594292291030995443E+02
    4.61000000E+02      -1.633139867974221602E+02
    4.62000000E+02      -1.672676561747919664E+02
    4.63000000E+02      -1.712792561290096387E+02
    4.64000000E+02      -1.753657183177545562E+02
    4.65000000E+02      -1.795113268050607189E+02
    4.66000000E+02      -1.837348443247154250E+02
    4.67000000E+02      -1.880458755889683857E+02
    4.68000000E+02      -1.924240650006811961E+02
    4.69000000E+02      -1.968693598239458993E+02
    4.70000000E+02      -2.013879081647153839E+02
    4.71000000E+02      -2.059447222981378331E+02
    4.72000000E+02      -2.106163226075712487E+02
    4.73000000E+02      -2.153305117889083817E+02
    4.74000000E+02      -2.201404174529723718E+02
    4.75000000E+02      -2.250339557091481879E+02
    4.76000000E+02      -2.300143374822344526E+02
    4.77000000E+02      -2.350735893620420143E+02
    4.78000000E+02      -2.402023378611318662E+02
    4.79000000E+02      -2.453817527367044136E+02
    4.80000000E+02      -2.506641888879947260E+02
    4.81000000E+02      -2.560415791427492991E+02
    4.82000000E+02      -2.614653532952777937E+02
    4.83000000E+02      -2.669926628391966119E+02
    4.84000000E+02      -2.726005399113763019E+02
    4.85000000E+02      -2.783028994892500236E+02
    4.86000000E+02      -2.840747787978742167E+02
    4.87000000E+02      -2.899463679476883158E+02
    4.88000000E+02      -2.959036546834520891E+02
    4.89000000E+02      -3.019393050261549547E+02
    4.90000000E+02      -3.080699953244309768E+02
    4.91000000E+02      -3.142947902265712514E+02
    4.92000000E+02      -3.205523531812485203E+02
    4.93000000E+02      -3.269552908433377638E+02
    4.94000000E+02      -3.334948752185571834E+02
    4.95000000E+02      -3.400609255727156892E+02
    4.96000000E+02      -3.467333667430337414E+02
    4.97000000E+02      -3.535030035232901469E+02
    4.98000000E+02      -3.603769548482503637E+02
    4.99000000E+02      -3.673116952444668755E+02
    5.00000000E+02      -3.743922757628150180E+02
    5.01000000E+02      -3.815074959400351986E+02
    5.02000000E+02      -3.887310677932817384E+02
    5.03000000E+02      -3.961108073031771823E+02
    5.04000000E+02      -4.036211350127830997E+02
    5.05000000E+02      -4.111155303873363778E+02
    5.06000000E+02      -4.178467000688668236E+02
    5.07000000E+02      -4.187553643501140073E+02
    5.08000000E+02      -4.331124976203553274E+02
    5.09000000E+02      -4.396755688118990406E+02
    5.10000000E+02      -4.501659003191869601E+02
