    0.00000000E+00      -1.196041745436184698E+02
    1.00000000E+00      -1.172652230809715235E+02
    2.00000000E+00      -1.155963601989012801E+02
    3.00000000E+00      -1.143098563107003116E+02
    4.00000000E+00      -1.132879354436688715E+02
    5.00000000E+00      -1.124661853816167110E+02
    6.00000000E+00      -1.118037950545356267E+02
    7.00000000E+00      -1.112725576835025691E+02
    8.00000000E+00      -1.108520660067249679E+02
    9.00000000E+00      -1.105265454845309847E+02
    1.00000000E+01      -1.102835843735181385E+02
    1.10000000E+01      -1.101130290555108928E+02
    1.20000000E+01      -1.100065091794629240E+02
    1.30000000E+01      -1.099573204272699201E+02
    1.40000000E+01      -1.099596966001943343E+02
    1.50000000E+01      -1.100083042210706168E+02
    1.60000000E+01      -1.100985332832012915E+02
    1.70000000E+01      -1.102266943361417049E+02
    1.80000000E+01      -1.103891955818787807E+02
    1.90000000E+01      -1.105830672674153590E+02
    2.00000000E+01      -1.108058019890256816E+02
    2.10000000E+01      -1.110546671906293028E+02
    2.20000000E+01      -1.113274537042987191E+02
    2.30000000E+01      -1.116220068014033728E+02
    2.40000000E+01      -1.119365096920908087E+02
    2.50000000E+01      -1.122694354885995978E+02
    2.60000000E+01      -1.126188968466401690E+02
    2.70000000E+01      -1.129834855526958250E+02
    2.80000000E+01      -1.133621585855533027E+02
    2.90000000E+01      -1.137534939085405910E+02
    3.00000000E+01      -1.141561953262232834E+02
    3.10000000E+01      -1.145693580547620201E+02
    3.20000000E+01      -1.149918498983413571E+02
    3.30000000E+01      -1.154227845512603068E+02
    3.40000000E+01      -1.158614354491972023E+02
    3.50000000E+01      -1.163068339258704924E+02
    3.60000000E+01      -1.167581544671945863E+02
    3.70000000E+01      -1.172144327193771147E+02
    3.80000000E+01      -1.176751655295763754E+02
    3.90000000E+01      -1.181395943611667150E+02
    4.00000000E+01      -1.186073433931258165E+02
    4.10000000E+01      -1.190778092609059655E+02
    4.20000000E+01      -1.195504775258985006E+02
    4.30000000E+01      -1.200247662430436009E+02
    4.40000000E+01      -1.204999757744178766E+02
    4.50000000E+01      -1.209753667001885020E+02
    4.60000000E+01      -1.214513214723945254E+02
    4.70000000E+01      -1.219265713642623865E+02
    4.80000000E+01      -1.224012306395259344E+02
    4.90000000E+01      -1.228743755626299077E+02
    5.00000000E+01      -1.233460094821446233E+02
    5.10000000E+01      -1.238161879260831171E+02
    5.20000000E+01      -1.242840541603316211E+02
    5.30000000E+01      -1.247498016061533832E+02
    5.40000000E+01      -1.252122638667740517E+02
    5.50000000E+01      -1.256718336907022291E+02
    5.60000000E+01      -1.261282678192753934E+02
    5.70000000E+01      -1.265810496287692928E+02
    5.80000000E+01      -1.270299585852578872E+02
    5.90000000E+01      -1.274744374593526715E+02
    6.00000000E+01      -1.279149359138489359E+02
    6.10000000E+01      -1.283508701938942806E+02
    6.20000000E+01      -1.287823641176608191E+02
    6.30000000E+01      -1.292084124479249851E+02
    6.40000000E+01      -1.296300511129473136E+02
    6.50000000E+01      -1.300462375327286111E+02
    6.60000000E+01      -1.304567958868381368E+02
    6.70000000E+01      -1.308623859064926194E+02
    6.80000000E+01      -1.312614955364067839E+02
    6.90000000E+01      -1.316557278134667115E+02
    7.00000000E+01      -1.320433639006030546E+02
    7.10000000E+01      -1.324251317281548666E+02
    7.20000000E+01      -1.328009844205614911E+02
    7.30000000E+01      -1.331704631675773101E+02
    7.40000000E+01      -1.335334536498219506E+02
    7.50000000E+01      -1.338900886557337628E+02
    7.60000000E+01      -1.342404748771612333E+02
    7.70000000E+01      -1.345851077311479287E+02
    7.80000000E+01      -1.349225881853879230E+02
    7.90000000E+01      -1.352534878307294832E+02
    8.00000000E+01      -1.355784206194610135E+02
    8.10000000E+01      -1.358962187496752279E+02
    8.20000000E+01      -1.362073996525530504E+02
    8.30000000E+01      -1.365121677075319724E+02
    8.40000000E+01      -1.368108671635662006E+02
    8.50000000E+01      -1.371024343697161214E+02
    8.60000000E+01      -1.373872206010662751E+02
    8.70000000E+01      -1.376651810793944435E+02
    8.80000000E+01      -1.379368582707636790E+02
    8.90000000E+01      -1.382022892804623382E+02
    9.00000000E+01      -1.384610436837927239E+02
    9.10000000E+01      -1.387135575653326498E+02
    9.20000000E+01      -1.389595264247425632E+02
    9.30000000E+01      -1.391986149512038367E+02
    9.40000000E+01      -1.394320925725430982E+02
    9.50000000E+01      -1.396584111193467663E+02
    9.60000000E+01      -1.398776948298134641E+02
    9.70000000E+01      -1.400905245214042054E+02
    9.80000000E+01      -1.402979281397809075E+02
    9.90000000E+01      -1.404977346674811827E+02
    1.00000000E+02      -1.406924638564039753E+02
    1.01000000E+02      -1.408803337807574110E+02
    1.02000000E+02      -1.410605881155741201E+02
    1.03000000E+02      -1.412367498280753182E+02
    1.04000000E+02      -1.414058528097619103E+02
    1.05000000E+02      -1.415682242680148022E+02
    1.06000000E+02      -1.417239694129482643E+02
    1.07000000E+02      -1.418736842786700265E+02
    1.08000000E+02      -1.420171324016799019E+02
    1.09000000E+02      -1.421527825328328447E+02
    1.10000000E+02      -1.422825684994266169E+02
    1.11000000E+02      -1.424067499630425857E+02
    1.12000000E+02      -1.425252421356078969E+02
    1.13000000E+02      -1.426368019687750177E+02
    1.14000000E+02      -1.427431327884358154E+02
    1.15000000E+02      -1.428424164799314724E+02
    1.16000000E+02      -1.429346763375022249E+02
    1.17000000E+02      -1.430206341044784324E+02
    1.18000000E+02      -1.431012083960038410E+02
    1.19000000E+02      -1.431763199693330364E+02
    1.20000000E+02      -1.432445047127355622E+02
    1.21000000E+02      -1.433079554019302861E+02
    1.22000000E+02      -1.433639311000977443E+02
    1.23000000E+02      -1.434135534646727876E+02
    1.24000000E+02      -1.434571515770901726E+02
    1.25000000E+02      -1.434959864767540978E+02
    1.26000000E+02      -1.435283214568433152E+02
    1.27000000E+02      -1.435559823566389070E+02
    1.28000000E+02      -1.435754033445653306E+02
    1.29000000E+02      -1.435905746461164938E+02
    1.30000000E+02      -1.435979665294096606E+02
    1.31000000E+02      -1.436003983365178840E+02
    1.32000000E+02      -1.435970374543492483E+02
    1.33000000E+02      -1.435877770939648883E+02
    1.34000000E+02      -1.435721693828043328E+02
    1.35000000E+02      -1.435508812928844975E+02
    1.36000000E+02      -1.435234425067708628E+02
    1.37000000E+02      -1.434896252944406854E+02
    1.38000000E+02      -1.434503418966003494E+02
    1.39000000E+02      -1.434056659582809345E+02
    1.40000000E+02      -1.433553256660041200E+02
    1.41000000E+02      -1.432987341172800200E+02
    1.42000000E+02      -1.432365074781507985E+02
    1.43000000E+02      -1.431690005715743439E+02
    1.44000000E+02      -1.430940713879924999E+02
    1.45000000E+02      -1.430141087171894299E+02
    1.46000000E+02      -1.429279365790814893E+02
    1.47000000E+02      -1.428356696946819113E+02
    1.48000000E+02      -1.427374724305507527E+02
    1.49000000E+02      -1.426346377725519972E+02
    1.50000000E+02      -1.425271480737526701E+02
    1.51000000E+02      -1.424134310323086368E+02
    1.52000000E+02      -1.422941729838301228E+02
    1.53000000E+02      -1.421698452296939479E+02
    1.54000000E+02      -1.420395719005998956E+02
    1.55000000E+02      -1.419055179585509734E+02
    1.56000000E+02      -1.417639158214249449E+02
    1.57000000E+02      -1.416169533037853228E+02
    1.58000000E+02      -1.414636018182889359E+02
    1.59000000E+02      -1.413059453014091389E+02
    1.60000000E+02      -1.411428669239201383E+02
    1.61000000E+02      -1.409736715548013137E+02
    1.62000000E+02      -1.407985819913253920E+02
    1.63000000E+02      -1.406174558745504157E+02
    1.64000000E+02      -1.404315637824863927E+02
    1.65000000E+02      -1.402402423650298999E+02
    1.66000000E+02      -1.400432111422803985E+02
    1.67000000E+02      -1.398405373967059688E+02
    1.68000000E+02      -1.396352151687995331E+02
    1.69000000E+02      -1.394227536301866905E+02
    1.70000000E+02      -1.392043880594235645E+02
    1.71000000E+02      -1.389813112923682468E+02
    1.72000000E+02      -1.387530115786746876E+02
    1.73000000E+02      -1.385186891925793873E+02
    1.74000000E+02      -1.382763032901373492E+02
    1.75000000E+02      -1.380319916279793517E+02
    1.76000000E+02      -1.377810495244146125E+02
    1.77000000E+02      -1.375238325162597732E+02
    1.78000000E+02      -1.372629698265616582E+02
    1.79000000E+02      -1.369959582621038692E+02
    1.80000000E+02      -1.367251627936300622E+02
    1.81000000E+02      -1.364476191564270096E+02
    1.82000000E+02      -1.361652269467984127E+02
    1.83000000E+02      -1.358779263400745378E+02
    1.84000000E+02      -1.355843985914059715E+02
    1.85000000E+02      -1.352858719939638661E+02
    1.86000000E+02      -1.349833522361975895E+02
    1.87000000E+02      -1.346741811148629324E+02
    1.88000000E+02      -1.343593295507405685E+02
    1.89000000E+02      -1.340389473379862295E+02
    1.90000000E+02      -1.337128584827103452E+02
    1.91000000E+02      -1.333802127456099527E+02
    1.92000000E+02      -1.330443312842205899E+02
    1.93000000E+02      -1.327020079786696272E+02
    1.94000000E+02      -1.323531503425718086E+02
    1.95000000E+02      -1.320001304887507843E+02
    1.96000000E+02      -1.316379937517729388E+02
    1.97000000E+02      -1.312723159680415677E+02
    1.98000000E+02      -1.308995681742478894E+02
    1.99000000E+02      -1.305221706914988147E+02
    2.00000000E+02      -1.301374950897686915E+02
    2.01000000E+02      -1.297474875098367022E+02
    2.02000000E+02      -1.293542274387826012E+02
    2.03000000E+02      -1.289537409269057946E+02
    2.04000000E+02      -1.285463771484599249E+02
    2.05000000E+02      -1.281341450772986548E+02
    2.06000000E+02      -1.277161699256200933E+02
    2.07000000E+02      -1.272933027110800737E+02
    2.08000000E+02      -1.268645512833998197E+02
    2.09000000E+02      -1.264294768536735916E+02
    2.10000000E+02      -1.259878220041089349E+02
    2.11000000E+02      -1.255420000946421766E+02
    2.12000000E+02      -1.250900335060239428E+02
    2.13000000E+02      -1.246334847046334886E+02
    2.14000000E+02      -1.241700037433572703E+02
    2.15000000E+02      -1.237020412420195186E+02
    2.16000000E+02      -1.232284266387384974E+02
    2.17000000E+02      -1.227496200210687363E+02
    2.18000000E+02      -1.222650727112584406E+02
    2.19000000E+02      -1.217751408582360142E+02
    2.20000000E+02      -1.212796593389746391E+02
    2.21000000E+02      -1.207769871845182621E+02
    2.22000000E+02      -1.202689095113698983E+02
    2.23000000E+02      -1.197566358477149748E+02
    2.24000000E+02      -1.192351659731746309E+02
    2.25000000E+02      -1.187119212045606815E+02
    2.26000000E+02      -1.181792664697666311E+02
    2.27000000E+02      -1.176416174780849957E+02
    2.28000000E+02      -1.170986717690054917E+02
    2.29000000E+02      -1.165500621730268591E+02
    2.30000000E+02      -1.159966123830333942E+02
    2.31000000E+02      -1.154362903716780835E+02
    2.32000000E+02      -1.148712104402755045E+02
    2.33000000E+02      -1.143004911956184202E+02
    2.34000000E+02      -1.137230797535546714E+02
    2.35000000E+02      -1.131407889870267951E+02
    2.36000000E+02      -1.125513348467454904E+02
    2.37000000E+02      -1.119556641029000872E+02
    2.38000000E+02      -1.113550313659750515E+02
    2.39000000E+02      -1.107452760918338441E+02
    2.40000000E+02      -1.101320104186695659E+02
    2.41000000E+02      -1.095095613710389131E+02
    2.42000000E+02      -1.088878924839471125E+02
    2.43000000E+02      -1.082573470691957169E+02
    2.44000000E+02      -1.076213147714540952E+02
    2.45000000E+02      -1.069778846513752484E+02
    2.46000000E+02      -1.063285154499851757E+02
    2.47000000E+02      -1.056757326067697846E+02
    2.48000000E+02      -1.050125333110143089E+02
    2.49000000E+02      -1.043447118340798312E+02
    2.50000000E+02      -1.036761489319421941E+02
    2.51000000E+02      -1.029962205607250922E+02
    2.52000000E+02      -1.023102700961560600E+02
    2.53000000E+02      -1.016163846012011760E+02
    2.54000000E+02      -1.009184015164889985E+02
    2.55000000E+02      -1.002156405518569642E+02
    2.56000000E+02      -9.950317069397239322E+01
    2.57000000E+02      -9.879013438451035256E+01
    2.58000000E+02      -9.806731424036367173E+01
    2.59000000E+02      -9.734154292636482353E+01
    2.60000000E+02      -9.660684881729936535E+01
    2.61000000E+02      -9.586765223786166246E+01
    2.62000000E+02      -9.511894143440692062E+01
    2.63000000E+02      -9.436579393081298406E+01
    2.64000000E+02      -9.360737841085462208E+01
    2.65000000E+02      -9.284516007567687268E+01
    2.66000000E+02      -9.207793190817280049E+01
    2.67000000E+02      -9.130242446551962132E+01
    2.68000000E+02      -9.051735353398068185E+01
    2.69000000E+02      -8.972772353233700926E+01
    2.70000000E+02      -8.893209996887414093E+01
    2.71000000E+02      -8.812877303406527574E+01
    2.72000000E+02      -8.732483099864727194E+01
    2.73000000E+02      -8.651250869755564565E+01
    2.74000000E+02      -8.569314543784527416E+01
    2.75000000E+02      -8.486792121429859037E+01
    2.76000000E+02      -8.403781460433198447E+01
    2.77000000E+02      -8.320219380616141791E+01
    2.78000000E+02      -8.236232534724219079E+01
    2.79000000E+02      -8.151589175451478297E+01
    2.80000000E+02      -8.066471980766324634E+01
    2.81000000E+02      -7.980559491247801418E+01
    2.82000000E+02      -7.894196892597643966E+01
    2.83000000E+02      -7.807356108210912282E+01
    2.84000000E+02      -7.719884800210526521E+01
    2.85000000E+02      -7.631854442016152973E+01
    2.86000000E+02      -7.543885815840145881E+01
    2.87000000E+02      -7.455008774458362097E+01
    2.88000000E+02      -7.365764827768249745E+01
    2.89000000E+02      -7.276189821933327551E+01
    2.90000000E+02      -7.186072178159771795E+01
    2.91000000E+02      -7.095281769915415282E+01
    2.92000000E+02      -7.004316111000186140E+01
    2.93000000E+02      -6.913070580501040752E+01
    2.94000000E+02      -6.821586513005128438E+01
    2.95000000E+02      -6.729807683637297089E+01
    2.96000000E+02      -6.637614325315622921E+01
    2.97000000E+02      -6.545486620625412399E+01
    2.98000000E+02      -6.452876847468247945E+01
    2.99000000E+02      -6.359981687388314242E+01
    3.00000000E+02      -6.267057637030190165E+01
    3.01000000E+02      -6.173824118541485007E+01
    3.02000000E+02      -6.080421654878115589E+01
    3.03000000E+02      -5.987270961653372581E+01
    3.04000000E+02      -5.893561192786252434E+01
    3.05000000E+02      -5.799706653363934095E+01
    3.06000000E+02      -5.706508935380658443E+01
    3.07000000E+02      -5.613270544934017892E+01
    3.08000000E+02      -5.519388084856724674E+01
    3.09000000E+02      -5.425708577477304573E+01
    3.10000000E+02      -5.331690935951588983E+01
    3.11000000E+02      -5.237804552328704233E+01
    3.12000000E+02      -5.144100162431529100E+01
    3.13000000E+02      -5.050445577453753288E+01
    3.14000000E+02      -4.957154487187905545E+01
    3.15000000E+02      -4.863746453819727833E+01
    3.16000000E+02      -4.770381339288248057E+01
    3.17000000E+02      -4.677134329893557663E+01
    3.18000000E+02      -4.583673120963318581E+01
    3.19000000E+02      -4.490981054606778855E+01
    3.20000000E+02      -4.398511664474314387E+01
    3.21000000E+02      -4.306362132726168568E+01
    3.22000000E+02      -4.214428321596166427E+01
    3.23000000E+02      -4.122561880618265207E+01
    3.24000000E+02      -4.031137366660802002E+01
    3.25000000E+02      -3.940201579614473815E+01
    3.26000000E+02      -3.849761359182117815E+01
    3.27000000E+02      -3.759391055580159957E+01
    3.28000000E+02      -3.669798265372334356E+01
    3.29000000E+02      -3.580586437483249540E+01
    3.30000000E+02      -3.491640361163696582E+01
    3.31000000E+02      -3.403565037015756900E+01
    3.32000000E+02      -3.315673114473862881E+01
    3.33000000E+02      -3.228545621571062441E+01
    3.34000000E+02      -3.141862396218745701E+01
    3.35000000E+02      -3.055859680588288896E+01
    3.36000000E+02      -2.970172155762954347E+01
    3.37000000E+02      -2.885400098467177443E+01
    3.38000000E+02      -2.802284491246497922E+01
    3.39000000E+02      -2.719039205343394272E+01
    3.40000000E+02      -2.636799574827707104E+01
    3.41000000E+02      -2.555353405557504587E+01
    3.42000000E+02      -2.474677505901015095E+01
    3.43000000E+02      -2.394809310718371265E+01
    3.44000000E+02      -2.315835193472846143E+01
    3.45000000E+02      -2.238407244275255792E+01
    3.46000000E+02      -2.162097657702794962E+01
    3.47000000E+02      -2.086293281193754368E+01
    3.48000000E+02      -2.011151268610662513E+01
    3.49000000E+02      -1.937392388026161782E+01
    3.50000000E+02      -1.864779616634293191E+01
    3.51000000E+02      -1.793139038791811757E+01
    3.52000000E+02      -1.722642196107587509E+01
    3.53000000E+02      -1.653072038127972476E+01
    3.54000000E+02      -1.585511499501696520E+01
    3.55000000E+02      -1.518823485307327203E+01
    3.56000000E+02      -1.453425227755612426E+01
    3.57000000E+02      -1.389895505875280790E+01
    3.58000000E+02      -1.327429156795075826E+01
    3.59000000E+02      -1.266465520763701491E+01
    3.60000000E+02      -1.205843745239942066E+01
    3.61000000E+02      -1.147890376716783933E+01
    3.62000000E+02      -1.091326757634921663E+01
    3.63000000E+02      -1.035035408169894211E+01
    3.64000000E+02      -9.813797683901402280E+00
    3.65000000E+02      -9.296057637761595771E+00
    3.66000000E+02      -8.790608613266858384E+00
    3.67000000E+02      -8.303796207978638932E+00
    3.68000000E+02      -7.837497150738972351E+00
    3.69000000E+02      -7.384744608056980297E+00
    3.70000000E+02      -6.950291984462428019E+00
    3.71000000E+02      -6.536538895898747370E+00
    3.72000000E+02      -6.145166682525786683E+00
    3.73000000E+02      -5.772440772018644140E+00
    3.74000000E+02      -5.411333088743749187E+00
    3.75000000E+02      -5.079619670267465636E+00
    3.76000000E+02      -4.761685443091455028E+00
    3.77000000E+02      -4.475217842011961267E+00
    3.78000000E+02      -4.207231584917071388E+00
    3.79000000E+02      -3.957186382943081338E+00
    3.80000000E+02      -3.725149563261556107E+00
    3.81000000E+02      -3.524691213601517159E+00
    3.82000000E+02      -3.333386226072224456E+00
    3.83000000E+02      -3.176134720658200461E+00
    3.84000000E+02      -3.038922955029892403E+00
    3.85000000E+02      -2.934394014281469065E+00
    3.86000000E+02      -2.844608935741024691E+00
    3.87000000E+02      -2.781301361955019313E+00
    3.88000000E+02      -2.740932599156411964E+00
    3.89000000E+02      -2.726133452709081251E+00
    3.90000000E+02      -2.747000537793400365E+00
    3.91000000E+02      -2.793742790566074330E+00
    3.92000000E+02      -2.865337684032755572E+00
    3.93000000E+02      -2.976548574379893619E+00
    3.94000000E+02      -3.095665967771100480E+00
    3.95000000E+02      -3.250862515745001513E+00
    3.96000000E+02      -3.449407149552615959E+00
    3.97000000E+02      -3.669703905684190470E+00
    3.98000000E+02      -3.912492354846807796E+00
    3.99000000E+02      -4.185062623330640719E+00
    4.00000000E+02      -4.494629825678902790E+00
    4.01000000E+02      -4.825757315130221770E+00
    4.02000000E+02      -5.199978194180193469E+00
    4.03000000E+02      -5.604278592839154527E+00
    4.04000000E+02      -6.040244105951178000E+00
    4.05000000E+02      -6.517204372425812409E+00
    4.06000000E+02      -7.026745677440676019E+00
    4.07000000E+02      -7.576960170855063126E+00
    4.08000000E+02      -8.159522764132606909E+00
    4.09000000E+02      -8.770857016070994661E+00
    4.10000000E+02      -9.427488739350128100E+00
    4.11000000E+02      -1.011796446165933006E+01
    4.12000000E+02      -1.084091747154413454E+01
    4.13000000E+02      -1.159161995209685259E+01
    4.14000000E+02      -1.239283202097682945E+01
    4.15000000E+02      -1.322542871323345892E+01
    4.16000000E+02      -1.409237608451327972E+01
    4.17000000E+02      -1.501863081658190779E+01
    4.18000000E+02      -1.596936794368481927E+01
    4.19000000E+02      -1.697426923129639320E+01
    4.20000000E+02      -1.801057175987331860E+01
    4.21000000E+02      -1.909748375390588038E+01
    4.22000000E+02      -2.022149382436579756E+01
    4.23000000E+02      -2.140348003942451172E+01
    4.24000000E+02      -2.260847283897853188E+01
    4.25000000E+02      -2.387146335232934646E+01
    4.26000000E+02      -2.518480789193815284E+01
    4.27000000E+02      -2.654522573550163500E+01
    4.28000000E+02      -2.795684478336876921E+01
    4.29000000E+02      -2.941207777939668588E+01
    4.30000000E+02      -3.089448827736011438E+01
    4.31000000E+02      -3.245039038544452126E+01
    4.32000000E+02      -3.404320576505666907E+01
    4.33000000E+02      -3.568606375528430874E+01
    4.34000000E+02      -3.738923976289039786E+01
    4.35000000E+02      -3.912487261717139120E+01
    4.36000000E+02      -4.092646292292444343E+01
    4.37000000E+02      -4.276550972250221605E+01
    4.38000000E+02      -4.464414215528337593E+01
    4.39000000E+02      -4.659508015097050304E+01
    4.40000000E+02      -4.862115938889725442E+01
    4.41000000E+02      -5.067616511204211349E+01
    4.42000000E+02      -5.277842936872436042E+01
    4.43000000E+02      -5.495894184194436605E+01
    4.44000000E+02      -5.719188900825498934E+01
    4.45000000E+02      -5.949213034704258973E+01
    4.46000000E+02      -6.183275876169024343E+01
    4.47000000E+02      -6.421223485072074766E+01
    4.48000000E+02      -6.666424692280521924E+01
    4.49000000E+02      -6.917039388625813956E+01
    4.50000000E+02      -7.179478809701210196E+01
    4.51000000E+02      -7.441515137276543612E+01
    4.52000000E+02      -7.712544157237677211E+01
    4.53000000E+02      -7.989749279383501346E+01
    4.54000000E+02      -8.272505294250255758E+01
    4.55000000E+02      -8.560644823497092659E+01
    4.56000000E+02      -8.856464157903498347E+01
    4.57000000E+02      -9.158158146983875270E+01
    4.58000000E+02      -9.464858804478241439E+01
    4.59000000E+02      -9.777778023968382115E+01
    4.60000000E+02      -1.009999460466012948E+02
    4.61000000E+02      -1.043007127512053245E+02
    4.62000000E+02      -1.076452689675886774E+02
    4.63000000E+02      -1.110597087018930011E+02
    4.64000000E+02      -1.145601867702596479E+02
    4.65000000E+02      -1.181259739196200513E+02
    4.66000000E+02      -1.217620318718061441E+02
    4.67000000E+02      -1.254864233191863292E+02
    4.68000000E+02      -1.292870290339731412E+02
    4.69000000E+02      -1.331333546950288849E+02
    4.70000000E+02      -1.370632442841113345E+02
    4.71000000E+02      -1.410616944527526186E+02
    4.72000000E+02      -1.451602797719922648E+02
    4.73000000E+02      -1.493076530126661794E+02
    4.74000000E+02      -1.535179916587465243E+02
    4.75000000E+02      -1.578325021385487901E+02
    4.76000000E+02      -1.622347660369512425E+02
    4.77000000E+02      -1.667106555204179870E+02
    4.78000000E+02      -1.712474239899118231E+02
    4.79000000E+02      -1.758697728477225439E+02
    4.80000000E+02      -1.805974528942995505E+02
    4.81000000E+02      -1.853980495920211808E+02
    4.82000000E+02      -1.902668260731541352E+02
    4.83000000E+02      -1.952404427234821753E+02
    4.84000000E+02      -2.002777312150963382E+02
    4.85000000E+02      -2.054609307497546808E+02
    4.86000000E+02      -2.106791999097720520E+02
    4.87000000E+02      -2.160264817187369601E+02
    4.88000000E+02      -2.214309239738893496E+02
    4.89000000E+02      -2.269142924039431648E+02
    4.90000000E+02      -2.325056196916655438E+02
    4.91000000E+02      -2.381761513289336847E+02
    4.92000000E+02      -2.438980482944560038E+02
    4.93000000E+02      -2.497756151866440462E+02
    4.94000000E+02      -2.557756728036136167E+02
    4.95000000E+02      -2.618346597903680504E+02
    4.96000000E+02      -2.680156987795878649E+02
    4.97000000E+02      -2.742541313664794416E+02
    4.98000000E+02      -2.806059524651889205E+02
    4.99000000E+02      -2.870326257308286131E+02
    5.00000000E+02      -2.936387650801141262E+02
    5.01000000E+02      -3.002298201105829776E+02
    5.02000000E+02      -3.069675329078261257E+02
    5.03000000E+02      -3.138230275064513535E+02
    5.04000000E+02      -3.208582825602304638E+02
    5.05000000E+02      -3.278500115601152629E+02
    5.06000000E+02      -3.335387388565384299E+02
    5.07000000E+02      -3.300167717647661902E+02
    5.08000000E+02      -3.485431543527909071E+02
    5.09000000E+02      -3.527221349682465643E+02
    5.10000000E+02      -3.642434926952507794E+02
