    0.0000000000E+00     -0.1254180397E+02
    0.1000000000E+01     -0.1020480180E+02
    0.2000000000E+01     -0.8539905294E+01
    0.3000000000E+01     -0.7259352570E+01
    0.4000000000E+01     -0.6245443432E+01
    0.5000000000E+01     -0.5433672853E+01
    0.6000000000E+01     -0.4783232601E+01
    0.7000000000E+01     -0.4266050913E+01
    0.8000000000E+01     -0.3861612219E+01
    0.9000000000E+01     -0.3554219400E+01
    0.1000000000E+02     -0.3331460871E+01
    0.1100000000E+02     -0.3183007858E+01
    0.1200000000E+02     -0.3100719967E+01
    0.1300000000E+02     -0.3077898082E+01
    0.1400000000E+02     -0.3108798159E+01
    0.1500000000E+02     -0.3188068748E+01
    0.1600000000E+02     -0.3310963707E+01
    0.1700000000E+02     -0.3473826959E+01
    0.1800000000E+02     -0.3673276986E+01
    0.1900000000E+02     -0.3906244316E+01
    0.2000000000E+02     -0.4170097457E+01
    0.2100000000E+02     -0.4462274370E+01
    0.2200000000E+02     -0.4780441606E+01
    0.2300000000E+02     -0.5122580077E+01
    0.2400000000E+02     -0.5486872743E+01
    0.2500000000E+02     -0.5871671107E+01
    0.2600000000E+02     -0.6275093525E+01
    0.2700000000E+02     -0.6695931107E+01
    0.2800000000E+02     -0.7133048669E+01
    0.2900000000E+02     -0.7585006136E+01
    0.3000000000E+02     -0.8050681077E+01
    0.3100000000E+02     -0.8529078078E+01
    0.3200000000E+02     -0.9018915237E+01
    0.3300000000E+02     -0.9519513600E+01
    0.3400000000E+02     -0.1003004410E+02
    0.3500000000E+02     -0.1054983377E+02
    0.3600000000E+02     -0.1107775724E+02
    0.3700000000E+02     -0.1161291009E+02
    0.3800000000E+02     -0.1215452609E+02
    0.3900000000E+02     -0.1270218182E+02
    0.4000000000E+02     -0.1325567218E+02
    0.4100000000E+02     -0.1381419885E+02
    0.4200000000E+02     -0.1437731895E+02
    0.4300000000E+02     -0.1494437153E+02
    0.4400000000E+02     -0.1551475418E+02
    0.4500000000E+02     -0.1608773193E+02
    0.4600000000E+02     -0.1666355142E+02
    0.4700000000E+02     -0.1724128912E+02
    0.4800000000E+02     -0.1782089460E+02
    0.4900000000E+02     -0.1840137639E+02
    0.5000000000E+02     -0.1898266058E+02
    0.5100000000E+02     -0.1956486345E+02
    0.5200000000E+02     -0.2014727555E+02
    0.5300000000E+02     -0.2072976038E+02
    0.5400000000E+02     -0.2131146288E+02
    0.5500000000E+02     -0.2189266864E+02
    0.5600000000E+02     -0.2247310113E+02
    0.5700000000E+02     -0.2305221832E+02
    0.5800000000E+02     -0.2362998818E+02
    0.5900000000E+02     -0.2420554407E+02
    0.6000000000E+02     -0.2478000179E+02
    0.6100000000E+02     -0.2535213910E+02
    0.6200000000E+02     -0.2592218515E+02
    0.6300000000E+02     -0.2648933170E+02
    0.6400000000E+02     -0.2705428183E+02
    0.6500000000E+02     -0.2761582808E+02
    0.6600000000E+02     -0.2817438391E+02
    0.6700000000E+02     -0.2873007948E+02
    0.6800000000E+02     -0.2928182206E+02
    0.6900000000E+02     -0.2983027721E+02
    0.7000000000E+02     -0.3037504727E+02
    0.7100000000E+02     -0.3091597359E+02
    0.7200000000E+02     -0.3145314567E+02
    0.7300000000E+02     -0.3198616570E+02
    0.7400000000E+02     -0.3251489503E+02
    0.7500000000E+02     -0.3303931416E+02
    0.7600000000E+02     -0.3355934160E+02
    0.7700000000E+02     -0.3407551599E+02
    0.7800000000E+02     -0.3458653012E+02
    0.7900000000E+02     -0.3509288248E+02
    0.8000000000E+02     -0.3559548954E+02
    0.8100000000E+02     -0.3609277748E+02
    0.8200000000E+02     -0.3658524988E+02
    0.8300000000E+02     -0.3707279929E+02
    0.8400000000E+02     -0.3755598812E+02
    0.8500000000E+02     -0.3803386954E+02
    0.8600000000E+02     -0.3850630735E+02
    0.8700000000E+02     -0.3897347230E+02
    0.8800000000E+02     -0.3943598229E+02
    0.8900000000E+02     -0.3989416767E+02
    0.9000000000E+02     -0.4034671178E+02
    0.9100000000E+02     -0.4079479636E+02
    0.9200000000E+02     -0.4123813480E+02
    0.9300000000E+02     -0.4167599397E+02
    0.9400000000E+02     -0.4210885089E+02
    0.9500000000E+02     -0.4253705357E+02
    0.9600000000E+02     -0.4295928416E+02
    0.9700000000E+02     -0.4337654689E+02
    0.9800000000E+02     -0.4378868793E+02
    0.9900000000E+02     -0.4419491958E+02
    0.1000000000E+03     -0.4459644096E+02
    0.1010000000E+03     -0.4499307458E+02
    0.1020000000E+03     -0.4538378237E+02
    0.1030000000E+03     -0.4577086143E+02
    0.1040000000E+03     -0.4615196547E+02
    0.1050000000E+03     -0.4652797303E+02
    0.1060000000E+03     -0.4689791697E+02
    0.1070000000E+03     -0.4726311243E+02
    0.1080000000E+03     -0.4762239434E+02
    0.1090000000E+03     -0.4797577307E+02
    0.1100000000E+03     -0.4832405182E+02
    0.1110000000E+03     -0.4866778372E+02
    0.1120000000E+03     -0.4900624989E+02
    0.1130000000E+03     -0.4933945064E+02
    0.1140000000E+03     -0.4966811513E+02
    0.1150000000E+03     -0.4999103634E+02
    0.1160000000E+03     -0.5030787615E+02
    0.1170000000E+03     -0.5061949691E+02
    0.1180000000E+03     -0.5092627205E+02
    0.1190000000E+03     -0.5122850819E+02
    0.1200000000E+03     -0.5152414785E+02
    0.1210000000E+03     -0.5181664254E+02
    0.1220000000E+03     -0.5210284815E+02
    0.1230000000E+03     -0.5238326204E+02
    0.1240000000E+03     -0.5265909800E+02
    0.1250000000E+03     -0.5292999362E+02
    0.1260000000E+03     -0.5319526246E+02
    0.1270000000E+03     -0.5345709588E+02
    0.1280000000E+03     -0.5371173967E+02
    0.1290000000E+03     -0.5396209401E+02
    0.1300000000E+03     -0.5420530055E+02
    0.1310000000E+03     -0.5444525950E+02
    0.1320000000E+03     -0.5468008921E+02
    0.1330000000E+03     -0.5490935322E+02
    0.1340000000E+03     -0.5513346344E+02
    0.1350000000E+03     -0.5535263517E+02
    0.1360000000E+03     -0.5556623546E+02
    0.1370000000E+03     -0.5577531229E+02
    0.1380000000E+03     -0.5597948537E+02
    0.1390000000E+03     -0.5617857100E+02
    0.1400000000E+03     -0.5637267375E+02
    0.1410000000E+03     -0.5656231339E+02
    0.1420000000E+03     -0.5674602974E+02
    0.1430000000E+03     -0.5692554541E+02
    0.1440000000E+03     -0.5709861493E+02
    0.1450000000E+03     -0.5726699075E+02
    0.1460000000E+03     -0.5743058684E+02
    0.1470000000E+03     -0.5758836130E+02
    0.1480000000E+03     -0.5774136292E+02
    0.1490000000E+03     -0.5789066494E+02
    0.1500000000E+03     -0.5803482954E+02
    0.1510000000E+03     -0.5817398449E+02
    0.1520000000E+03     -0.5830712802E+02
    0.1530000000E+03     -0.5843691744E+02
    0.1540000000E+03     -0.5856097816E+02
    0.1550000000E+03     -0.5868167396E+02
    0.1560000000E+03     -0.5879674309E+02
    0.1570000000E+03     -0.5890657240E+02
    0.1580000000E+03     -0.5901087259E+02
    0.1590000000E+03     -0.5911132303E+02
    0.1600000000E+03     -0.5920687593E+02
    0.1610000000E+03     -0.5929706883E+02
    0.1620000000E+03     -0.5938209104E+02
    0.1630000000E+03     -0.5946154651E+02
    0.1640000000E+03     -0.5953650896E+02
    0.1650000000E+03     -0.5960678588E+02
    0.1660000000E+03     -0.5967176549E+02
    0.1670000000E+03     -0.5973152963E+02
    0.1680000000E+03     -0.5978912772E+02
    0.1690000000E+03     -0.5983978087E+02
    0.1700000000E+03     -0.5988540772E+02
    0.1710000000E+03     -0.5992678108E+02
    0.1720000000E+03     -0.5996363214E+02
    0.1730000000E+03     -0.5999396602E+02
    0.1740000000E+03     -0.6001484617E+02
    0.1750000000E+03     -0.6003681807E+02
    0.1760000000E+03     -0.6005270191E+02
    0.1770000000E+03     -0.6006088107E+02
    0.1780000000E+03     -0.6006704117E+02
    0.1790000000E+03     -0.6006775323E+02
    0.1800000000E+03     -0.6006581631E+02
    0.1810000000E+03     -0.6005623841E+02
    0.1820000000E+03     -0.6004262014E+02
    0.1830000000E+03     -0.6002428241E+02
    0.1840000000E+03     -0.6000039211E+02
    0.1850000000E+03     -0.5997206186E+02
    0.1860000000E+03     -0.5993998235E+02
    0.1870000000E+03     -0.5990301239E+02
    0.1880000000E+03     -0.5985963656E+02
    0.1890000000E+03     -0.5981164628E+02
    0.1900000000E+03     -0.5975847622E+02
    0.1910000000E+03     -0.5969922050E+02
    0.1920000000E+03     -0.5963679115E+02
    0.1930000000E+03     -0.5956908127E+02
    0.1940000000E+03     -0.5949477923E+02
    0.1950000000E+03     -0.5941664719E+02
    0.1960000000E+03     -0.5933166946E+02
    0.1970000000E+03     -0.5924336631E+02
    0.1980000000E+03     -0.5914794094E+02
    0.1990000000E+03     -0.5904883650E+02
    0.2000000000E+03     -0.5894393096E+02
    0.2010000000E+03     -0.5883344042E+02
    0.2020000000E+03     -0.5872030592E+02
    0.2030000000E+03     -0.5860075335E+02
    0.2040000000E+03     -0.5847590827E+02
    0.2050000000E+03     -0.5834620171E+02
    0.2060000000E+03     -0.5821142701E+02
    0.2070000000E+03     -0.5807233011E+02
    0.2080000000E+03     -0.5792841723E+02
    0.2090000000E+03     -0.5777873127E+02
    0.2100000000E+03     -0.5762350028E+02
    0.2110000000E+03     -0.5746383689E+02
    0.2120000000E+03     -0.5729976178E+02
    0.2130000000E+03     -0.5713228108E+02
    0.2140000000E+03     -0.5695745677E+02
    0.2150000000E+03     -0.5677846858E+02
    0.2160000000E+03     -0.5659489177E+02
    0.2170000000E+03     -0.5640717046E+02
    0.2180000000E+03     -0.5621488660E+02
    0.2190000000E+03     -0.5601752952E+02
    0.2200000000E+03     -0.5581578663E+02
    0.2210000000E+03     -0.5560738814E+02
    0.2220000000E+03     -0.5539448192E+02
    0.2230000000E+03     -0.5517769138E+02
    0.2240000000E+03     -0.5495418540E+02
    0.2250000000E+03     -0.5472749671E+02
    0.2260000000E+03     -0.5449369234E+02
    0.2270000000E+03     -0.5425508381E+02
    0.2280000000E+03     -0.5401257063E+02
    0.2290000000E+03     -0.5376509755E+02
    0.2300000000E+03     -0.5351339871E+02
    0.2310000000E+03     -0.5325617311E+02
    0.2320000000E+03     -0.5299521882E+02
    0.2330000000E+03     -0.5272881081E+02
    0.2340000000E+03     -0.5245659313E+02
    0.2350000000E+03     -0.5217981305E+02
    0.2360000000E+03     -0.5189815116E+02
    0.2370000000E+03     -0.5161104216E+02
    0.2380000000E+03     -0.5131923255E+02
    0.2390000000E+03     -0.5101995183E+02
    0.2400000000E+03     -0.5071798761E+02
    0.2410000000E+03     -0.5040963852E+02
    0.2420000000E+03     -0.5010007126E+02
    0.2430000000E+03     -0.4978396153E+02
    0.2440000000E+03     -0.4946351287E+02
    0.2450000000E+03     -0.4913740369E+02
    0.2460000000E+03     -0.4880615840E+02
    0.2470000000E+03     -0.4847067819E+02
    0.2480000000E+03     -0.4812769964E+02
    0.2490000000E+03     -0.4778188909E+02
    0.2500000000E+03     -0.4743461102E+02
    0.2510000000E+03     -0.4707928886E+02
    0.2520000000E+03     -0.4671921446E+02
    0.2530000000E+03     -0.4635269647E+02
    0.2540000000E+03     -0.4598311428E+02
    0.2550000000E+03     -0.4561040614E+02
    0.2560000000E+03     -0.4522985224E+02
    0.2570000000E+03     -0.4484812655E+02
    0.2580000000E+03     -0.4445953864E+02
    0.2590000000E+03     -0.4406867582E+02
    0.2600000000E+03     -0.4367179333E+02
    0.2610000000E+03     -0.4327133091E+02
    0.2620000000E+03     -0.4286381631E+02
    0.2630000000E+03     -0.4245246088E+02
    0.2640000000E+03     -0.4203910926E+02
    0.2650000000E+03     -0.4162215653E+02
    0.2660000000E+03     -0.4120092620E+02
    0.2670000000E+03     -0.4077474477E+02
    0.2680000000E+03     -0.4034152840E+02
    0.2690000000E+03     -0.3990713849E+02
    0.2700000000E+03     -0.3946763999E+02
    0.2710000000E+03     -0.3902242804E+02
    0.2720000000E+03     -0.3857759264E+02
    0.2730000000E+03     -0.3812793661E+02
    0.2740000000E+03     -0.3767357548E+02
    0.2750000000E+03     -0.3721539295E+02
    0.2760000000E+03     -0.3675413615E+02
    0.2770000000E+03     -0.3629061470E+02
    0.2780000000E+03     -0.3582401335E+02
    0.2790000000E+03     -0.3535392120E+02
    0.2800000000E+03     -0.3488082635E+02
    0.2810000000E+03     -0.3440279379E+02
    0.2820000000E+03     -0.3392373600E+02
    0.2830000000E+03     -0.3344208534E+02
    0.2840000000E+03     -0.3295632111E+02
    0.2850000000E+03     -0.3246725778E+02
    0.2860000000E+03     -0.3198111700E+02
    0.2870000000E+03     -0.3148939366E+02
    0.2880000000E+03     -0.3099659178E+02
    0.2890000000E+03     -0.3050183831E+02
    0.2900000000E+03     -0.3000462072E+02
    0.2910000000E+03     -0.2950396124E+02
    0.2920000000E+03     -0.2900489065E+02
    0.2930000000E+03     -0.2850378293E+02
    0.2940000000E+03     -0.2800215116E+02
    0.2950000000E+03     -0.2750061522E+02
    0.2960000000E+03     -0.2699767382E+02
    0.2970000000E+03     -0.2649750428E+02
    0.2980000000E+03     -0.2599567749E+02
    0.2990000000E+03     -0.2549197506E+02
    0.3000000000E+03     -0.2499064394E+02
    0.3010000000E+03     -0.2448878782E+02
    0.3020000000E+03     -0.2399010186E+02
    0.3030000000E+03     -0.2349491213E+02
    0.3040000000E+03     -0.2299714818E+02
    0.3050000000E+03     -0.2249889943E+02
    0.3060000000E+03     -0.2200829370E+02
    0.3070000000E+03     -0.2152039907E+02
    0.3080000000E+03     -0.2102907444E+02
    0.3090000000E+03     -0.2054202123E+02
    0.3100000000E+03     -0.2005233775E+02
    0.3110000000E+03     -0.1956686431E+02
    0.3120000000E+03     -0.1908538443E+02
    0.3130000000E+03     -0.1860632224E+02
    0.3140000000E+03     -0.1813237279E+02
    0.3150000000E+03     -0.1765842107E+02
    0.3160000000E+03     -0.1718733865E+02
    0.3170000000E+03     -0.1671930999E+02
    0.3180000000E+03     -0.1625418989E+02
    0.3190000000E+03     -0.1579526841E+02
    0.3200000000E+03     -0.1534241224E+02
    0.3210000000E+03     -0.1489514756E+02
    0.3220000000E+03     -0.1445102727E+02
    0.3230000000E+03     -0.1401177826E+02
    0.3240000000E+03     -0.1357835481E+02
    0.3250000000E+03     -0.1314963350E+02
    0.3260000000E+03     -0.1272959340E+02
    0.3270000000E+03     -0.1231285861E+02
    0.3280000000E+03     -0.1190595893E+02
    0.3290000000E+03     -0.1150310361E+02
    0.3300000000E+03     -0.1110465239E+02
    0.3310000000E+03     -0.1071540334E+02
    0.3320000000E+03     -0.1033167372E+02
    0.3330000000E+03     -0.9955685004E+01
    0.3340000000E+03     -0.9585854499E+01
    0.3350000000E+03     -0.9226684974E+01
    0.3360000000E+03     -0.8871757630E+01
    0.3370000000E+03     -0.8528156227E+01
    0.3380000000E+03     -0.8200716934E+01
    0.3390000000E+03     -0.7873357540E+01
    0.3400000000E+03     -0.7559736779E+01
    0.3410000000E+03     -0.7256059513E+01
    0.3420000000E+03     -0.6960006824E+01
    0.3430000000E+03     -0.6675846047E+01
    0.3440000000E+03     -0.6403421789E+01
    0.3450000000E+03     -0.6142136080E+01
    0.3460000000E+03     -0.5892885139E+01
    0.3470000000E+03     -0.5652875131E+01
    0.3480000000E+03     -0.5419915793E+01
    0.3490000000E+03     -0.5206043985E+01
    0.3500000000E+03     -0.5000914553E+01
    0.3510000000E+03     -0.4810138015E+01
    0.3520000000E+03     -0.4633469440E+01
    0.3530000000E+03     -0.4469231202E+01
    0.3540000000E+03     -0.4323072643E+01
    0.3550000000E+03     -0.4188125473E+01
    0.3560000000E+03     -0.4065325811E+01
    0.3570000000E+03     -0.3965628956E+01
    0.3580000000E+03     -0.3875893323E+01
    0.3590000000E+03     -0.3800216627E+01
    0.3600000000E+03     -0.3734747307E+01
    0.3610000000E+03     -0.3694137901E+01
    0.3620000000E+03     -0.3666142739E+01
    0.3630000000E+03     -0.3643228887E+01
    0.3640000000E+03     -0.3650880074E+01
    0.3650000000E+03     -0.3675334631E+01
    0.3660000000E+03     -0.3711837305E+01
    0.3670000000E+03     -0.3769579000E+01
    0.3680000000E+03     -0.3857467967E+01
    0.3690000000E+03     -0.3950400414E+01
    0.3700000000E+03     -0.4066404720E+01
    0.3710000000E+03     -0.4202384477E+01
    0.3720000000E+03     -0.4360269077E+01
    0.3730000000E+03     -0.4537938902E+01
    0.3740000000E+03     -0.4729614159E+01
    0.3750000000E+03     -0.4953209543E+01
    0.3760000000E+03     -0.5189568149E+01
    0.3770000000E+03     -0.5461372686E+01
    0.3780000000E+03     -0.5752857655E+01
    0.3790000000E+03     -0.6059730484E+01
    0.3800000000E+03     -0.6386000590E+01
    0.3810000000E+03     -0.6745961182E+01
    0.3820000000E+03     -0.7119659426E+01
    0.3830000000E+03     -0.7526552876E+01
    0.3840000000E+03     -0.7953356991E+01
    0.3850000000E+03     -0.8413371329E+01
    0.3860000000E+03     -0.8886323244E+01
    0.3870000000E+03     -0.9388661714E+01
    0.3880000000E+03     -0.9917797976E+01
    0.3890000000E+03     -0.1047233479E+02
    0.3900000000E+03     -0.1106193662E+02
    0.3910000000E+03     -0.1167731968E+02
    0.3920000000E+03     -0.1232316979E+02
    0.3930000000E+03     -0.1300305131E+02
    0.3940000000E+03     -0.1369420976E+02
    0.3950000000E+03     -0.1442490744E+02
    0.3960000000E+03     -0.1519578452E+02
    0.3970000000E+03     -0.1598689218E+02
    0.3980000000E+03     -0.1680085758E+02
    0.3990000000E+03     -0.1764434806E+02
    0.4000000000E+03     -0.1853233497E+02
    0.4010000000E+03     -0.1943828120E+02
    0.4020000000E+03     -0.2039304736E+02
    0.4030000000E+03     -0.2137119548E+02
    0.4040000000E+03     -0.2238295685E+02
    0.4050000000E+03     -0.2344314617E+02
    0.4060000000E+03     -0.2453072126E+02
    0.4070000000E+03     -0.2565697262E+02
    0.4080000000E+03     -0.2681529873E+02
    0.4090000000E+03     -0.2800310553E+02
    0.4100000000E+03     -0.2923892320E+02
    0.4110000000E+03     -0.3050792479E+02
    0.4120000000E+03     -0.3181448856E+02
    0.4130000000E+03     -0.3315372073E+02
    0.4140000000E+03     -0.3453683475E+02
    0.4150000000E+03     -0.3594507225E+02
    0.4160000000E+03     -0.3739445527E+02
    0.4170000000E+03     -0.3889914623E+02
    0.4180000000E+03     -0.4042941895E+02
    0.4190000000E+03     -0.4201993840E+02
    0.4200000000E+03     -0.4363632836E+02
    0.4210000000E+03     -0.4530067828E+02
    0.4220000000E+03     -0.4699656344E+02
    0.4230000000E+03     -0.4875348811E+02
    0.4240000000E+03     -0.5054858518E+02
    0.4250000000E+03     -0.5239580465E+02
    0.4260000000E+03     -0.5428404059E+02
    0.4270000000E+03     -0.5621457684E+02
    0.4280000000E+03     -0.5820898930E+02
    0.4290000000E+03     -0.6024301157E+02
    0.4300000000E+03     -0.6230592309E+02
    0.4310000000E+03     -0.6444212383E+02
    0.4320000000E+03     -0.6661060876E+02
    0.4330000000E+03     -0.6884053612E+02
    0.4340000000E+03     -0.7110938727E+02
    0.4350000000E+03     -0.7343166239E+02
    0.4360000000E+03     -0.7581586502E+02
    0.4370000000E+03     -0.7823274492E+02
    0.4380000000E+03     -0.8069535930E+02
    0.4390000000E+03     -0.8322530001E+02
    0.4400000000E+03     -0.8582825124E+02
    0.4410000000E+03     -0.8845948448E+02
    0.4420000000E+03     -0.9114417125E+02
    0.4430000000E+03     -0.9390075897E+02
    0.4440000000E+03     -0.9669702514E+02
    0.4450000000E+03     -0.9958206017E+02
    0.4460000000E+03     -0.1024921656E+03
    0.4470000000E+03     -0.1054445037E+03
    0.4480000000E+03     -0.1084630472E+03
    0.4490000000E+03     -0.1115312370E+03
    0.4500000000E+03     -0.1147224157E+03
    0.4510000000E+03     -0.1179073274E+03
    0.4520000000E+03     -0.1211712365E+03
    0.4530000000E+03     -0.1245098254E+03
    0.4540000000E+03     -0.1279052969E+03
    0.4550000000E+03     -0.1313616001E+03
    0.4560000000E+03     -0.1348730997E+03
    0.4570000000E+03     -0.1384524203E+03
    0.4580000000E+03     -0.1421060986E+03
    0.4590000000E+03     -0.1457943244E+03
    0.4600000000E+03     -0.1495752760E+03
    0.4610000000E+03     -0.1534220319E+03
    0.4620000000E+03     -0.1573361267E+03
    0.4630000000E+03     -0.1613090063E+03
    0.4640000000E+03     -0.1653572753E+03
    0.4650000000E+03     -0.1694652963E+03
    0.4660000000E+03     -0.1736504191E+03
    0.4670000000E+03     -0.1779235044E+03
    0.4680000000E+03     -0.1822640445E+03
    0.4690000000E+03     -0.1866702801E+03
    0.4700000000E+03     -0.1911509925E+03
    0.4710000000E+03     -0.1956713642E+03
    0.4720000000E+03     -0.2003059119E+03
    0.4730000000E+03     -0.2049831295E+03
    0.4740000000E+03     -0.2097540133E+03
    0.4750000000E+03     -0.2146100181E+03
    0.4760000000E+03     -0.2195529767E+03
    0.4770000000E+03     -0.2245745248E+03
    0.4780000000E+03     -0.2296649452E+03
    0.4790000000E+03     -0.2348078163E+03
    0.4800000000E+03     -0.2400542374E+03
    0.4810000000E+03     -0.2453946798E+03
    0.4820000000E+03     -0.2507822590E+03
    0.4830000000E+03     -0.2562734720E+03
    0.4840000000E+03     -0.2618443253E+03
    0.4850000000E+03     -0.2675132640E+03
