    0.00000000E+00      -2.384310167488625214E-10
    1.00000000E+00      -6.057402399677206187E-04
    2.00000000E+00      -3.550017621847504495E-02
    3.00000000E+00      -1.046455361458838718E-01
    4.00000000E+00      -2.080598702969281011E-01
    5.00000000E+00      -3.459267081976147296E-01
    6.00000000E+00      -5.182396649114500153E-01
    7.00000000E+00      -7.246790694081532980E-01
    8.00000000E+00      -9.654911523336477952E-01
    9.00000000E+00      -1.241299124599642756E+00
    1.00000000E+01      -1.551274910445099131E+00
    1.10000000E+01      -1.896122536566664296E+00
    1.20000000E+01      -2.275196378388790741E+00
    1.30000000E+01      -2.688722515032472060E+00
    1.40000000E+01      -3.136062630349666147E+00
    1.50000000E+01      -3.619278762655275816E+00
    1.60000000E+01      -4.136819387330181286E+00
    1.70000000E+01      -4.689181460097548992E+00
    1.80000000E+01      -5.276389388371245381E+00
    1.90000000E+01      -5.897115110051844411E+00
    2.00000000E+01      -6.553585138457942882E+00
    2.10000000E+01      -7.243987452236750890E+00
    2.20000000E+01      -7.970004563960863209E+00
    2.30000000E+01      -8.729612999415113705E+00
    2.40000000E+01      -9.524865427267302564E+00
    2.50000000E+01      -1.035480102183410622E+01
    2.60000000E+01      -1.121855452393020158E+01
    2.70000000E+01      -1.212006894147359759E+01
    2.80000000E+01      -1.305410385148324082E+01
    2.90000000E+01      -1.402397600495008589E+01
    3.00000000E+01      -1.502712965826954417E+01
    3.10000000E+01      -1.606888603319906395E+01
    3.20000000E+01      -1.714321561579637887E+01
    3.30000000E+01      -1.825063355632978812E+01
    3.40000000E+01      -1.939582190810133966E+01
    3.50000000E+01      -2.057523310992527854E+01
    3.60000000E+01      -2.178689127744846132E+01
    3.70000000E+01      -2.303616478282495450E+01
    3.80000000E+01      -2.431845971278397656E+01
    3.90000000E+01      -2.563772449625872696E+01
    4.00000000E+01      -2.699121435644758549E+01
    4.10000000E+01      -2.837514878477088587E+01
    4.20000000E+01      -2.979756513433335385E+01
    4.30000000E+01      -3.125430915344929872E+01
    4.40000000E+01      -3.274695377559208964E+01
    4.50000000E+01      -3.427056757203257575E+01
    4.60000000E+01      -3.583264658531265923E+01
    4.70000000E+01      -3.742916041632076940E+01
    4.80000000E+01      -3.905954455352923560E+01
    4.90000000E+01      -4.072636743057182684E+01
    5.00000000E+01      -4.242822899463317299E+01
    5.10000000E+01      -4.416369843775760273E+01
    5.20000000E+01      -4.593577978166058529E+01
    5.30000000E+01      -4.773968119480912264E+01
    5.40000000E+01      -4.958161908271449647E+01
    5.50000000E+01      -5.145399916059773204E+01
    5.60000000E+01      -5.336332984606042373E+01
    5.70000000E+01      -5.530230709528484567E+01
    5.80000000E+01      -5.728210592585799077E+01
    5.90000000E+01      -5.929997799748434772E+01
    6.00000000E+01      -6.134916717228657035E+01
    6.10000000E+01      -6.343440249059881353E+01
    6.20000000E+01      -6.554996967257841334E+01
    6.30000000E+01      -6.769558655488378918E+01
    6.40000000E+01      -6.987791701668334099E+01
    6.50000000E+01      -7.209471108705201914E+01
    6.60000000E+01      -7.434324411722002424E+01
    6.70000000E+01      -7.663057062963639510E+01
    6.80000000E+01      -7.894595658191212806E+01
    6.90000000E+01      -8.129310147947808218E+01
    7.00000000E+01      -8.367531046428973696E+01
    7.10000000E+01      -8.608391009343677069E+01
    7.20000000E+01      -8.852861553879830581E+01
    7.30000000E+01      -9.100076858843326022E+01
    7.40000000E+01      -9.350833527005127621E+01
    7.50000000E+01      -9.604999892360652325E+01
    7.60000000E+01      -9.861702133999730790E+01
    7.70000000E+01      -1.012241974902488835E+02
    7.80000000E+01      -1.038449001701197858E+02
    7.90000000E+01      -1.065119441587404481E+02
    8.00000000E+01      -1.092078907283095077E+02
    8.10000000E+01      -1.119312576513061686E+02
    8.20000000E+01      -1.146868730473883602E+02
    8.30000000E+01      -1.174680302661741962E+02
    8.40000000E+01      -1.202761980494143472E+02
    8.50000000E+01      -1.231142602560645400E+02
    8.60000000E+01      -1.259812060884664788E+02
    8.70000000E+01      -1.288826415406641672E+02
    8.80000000E+01      -1.318084928227336832E+02
    8.90000000E+01      -1.347634782646093754E+02
    9.00000000E+01      -1.377411166628562569E+02
    9.10000000E+01      -1.407601765282829547E+02
    9.20000000E+01      -1.437951855833825903E+02
    9.30000000E+01      -1.468566222834151631E+02
    9.40000000E+01      -1.499405896515447694E+02
    9.50000000E+01      -1.530557412146645220E+02
    9.60000000E+01      -1.562001512058093340E+02
    9.70000000E+01      -1.593656788574051006E+02
    9.80000000E+01      -1.625450791658249727E+02
    9.90000000E+01      -1.657533909348539964E+02
    1.00000000E+02      -1.689890425513901846E+02
    1.01000000E+02      -1.722452820229154895E+02
    1.02000000E+02      -1.755323576142136517E+02
    1.03000000E+02      -1.788470966877132469E+02
    1.04000000E+02      -1.821757805941042534E+02
    1.05000000E+02      -1.855374453512754371E+02
    1.06000000E+02      -1.889296609252687631E+02
    1.07000000E+02      -1.923326135628321936E+02
    1.08000000E+02      -1.957704066054388932E+02
    1.09000000E+02      -1.992264336833081870E+02
    1.10000000E+02      -2.026970055740912358E+02
    1.11000000E+02      -2.061894806473719655E+02
    1.12000000E+02      -2.097086710616927121E+02
    1.13000000E+02      -2.132570615436438857E+02
    1.14000000E+02      -2.168154925268763691E+02
    1.15000000E+02      -2.203914425470106835E+02
    1.16000000E+02      -2.240020926647202941E+02
    1.17000000E+02      -2.276299984616503025E+02
    1.18000000E+02      -2.312763951553497463E+02
    1.19000000E+02      -2.349417150550098086E+02
    1.20000000E+02      -2.386388929772579104E+02
    1.21000000E+02      -2.423403405498465872E+02
    1.22000000E+02      -2.460890109788510927E+02
    1.23000000E+02      -2.498432936675494602E+02
    1.24000000E+02      -2.536054050904899668E+02
    1.25000000E+02      -2.574022838537989628E+02
    1.26000000E+02      -2.612253257161996771E+02
    1.27000000E+02      -2.650566408632676030E+02
    1.28000000E+02      -2.689042967647837941E+02
    1.29000000E+02      -2.727692229627054985E+02
    1.30000000E+02      -2.766689417303136906E+02
    1.31000000E+02      -2.805732717838363897E+02
    1.32000000E+02      -2.844829953724165534E+02
    1.33000000E+02      -2.884284422690361680E+02
    1.34000000E+02      -2.923973033156948986E+02
    1.35000000E+02      -2.963875122930053294E+02
    1.36000000E+02      -3.003934175753688578E+02
    1.37000000E+02      -3.044020752098967932E+02
    1.38000000E+02      -3.084317327289145396E+02
    1.39000000E+02      -3.124915851497844415E+02
    1.40000000E+02      -3.165740860746864200E+02
    1.41000000E+02      -3.206761352760604495E+02
    1.42000000E+02      -3.247987554271908266E+02
    1.43000000E+02      -3.289070470899469001E+02
    1.44000000E+02      -3.330433999925553508E+02
    1.45000000E+02      -3.372091220823904223E+02
    1.46000000E+02      -3.414021144160487893E+02
    1.47000000E+02      -3.456002827182614965E+02
    1.48000000E+02      -3.498107897168893032E+02
    1.49000000E+02      -3.540436870719254330E+02
    1.50000000E+02      -3.582881793773608479E+02
    1.51000000E+02      -3.625454757212683035E+02
    1.52000000E+02      -3.668197555386332169E+02
    1.53000000E+02      -3.710971457937152991E+02
    1.54000000E+02      -3.754120156143335407E+02
    1.55000000E+02      -3.797334820161295283E+02
    1.56000000E+02      -3.840658714320275067E+02
    1.57000000E+02      -3.884129543351459688E+02
    1.58000000E+02      -3.928020271039258660E+02
    1.59000000E+02      -3.972240383304879288E+02
    1.60000000E+02      -4.016406768970323355E+02
    1.61000000E+02      -4.060711343219049922E+02
    1.62000000E+02      -4.105084322168349900E+02
    1.63000000E+02      -4.149557328758896801E+02
    1.64000000E+02      -4.194315894798855879E+02
    1.65000000E+02      -4.239095754067730013E+02
    1.66000000E+02      -4.284049962780559326E+02
    1.67000000E+02      -4.329377737528802754E+02
    1.68000000E+02      -4.374864019082256164E+02
    1.69000000E+02      -4.420331800733979435E+02
    1.70000000E+02      -4.466093470446439824E+02
    1.71000000E+02      -4.511630737439350014E+02
    1.72000000E+02      -4.557769147099857037E+02
    1.73000000E+02      -4.604012427569241481E+02
    1.74000000E+02      -4.650661419802900127E+02
    1.75000000E+02      -4.697115373776878187E+02
    1.76000000E+02      -4.743805185459627864E+02
    1.77000000E+02      -4.790588190608104924E+02
    1.78000000E+02      -4.837473551991315617E+02
    1.79000000E+02      -4.884454939070542423E+02
    1.80000000E+02      -4.931624115325839739E+02
    1.81000000E+02      -4.979171346533371434E+02
    1.82000000E+02      -5.026658464203951553E+02
    1.83000000E+02      -5.074281301596297453E+02
    1.84000000E+02      -5.122110552530143650E+02
    1.85000000E+02      -5.170079110226738521E+02
    1.86000000E+02      -5.217999333905313506E+02
    1.87000000E+02      -5.266308240670168743E+02
    1.88000000E+02      -5.314936725939132884E+02
    1.89000000E+02      -5.363788477366902043E+02
    1.90000000E+02      -5.412413976670827651E+02
    1.91000000E+02      -5.461341770858662130E+02
    1.92000000E+02      -5.510320841972365997E+02
    1.93000000E+02      -5.559748242148220925E+02
    1.94000000E+02      -5.609324051118778698E+02
    1.95000000E+02      -5.658747405484841693E+02
    1.96000000E+02      -5.708668475096842485E+02
    1.97000000E+02      -5.758692731247915617E+02
    1.98000000E+02      -5.809007384209439806E+02
    1.99000000E+02      -5.859339396613258941E+02
    2.00000000E+02      -5.909872330508665073E+02
    2.01000000E+02      -5.960551912920805080E+02
    2.02000000E+02      -6.011524145357973339E+02
    2.03000000E+02      -6.062484388913364910E+02
    2.04000000E+02      -6.113996758587245495E+02
    2.05000000E+02      -6.165567214917032288E+02
    2.06000000E+02      -6.217295959512525769E+02
    2.07000000E+02      -6.269293003441257497E+02
    2.08000000E+02      -6.321449720743103171E+02
    2.09000000E+02      -6.373571706101199652E+02
    2.10000000E+02      -6.426064843933595512E+02
    2.11000000E+02      -6.478829205965337223E+02
    2.12000000E+02      -6.531664458594618736E+02
    2.13000000E+02      -6.584945057281731806E+02
    2.14000000E+02      -6.638319997042992782E+02
    2.15000000E+02      -6.691831256749305794E+02
    2.16000000E+02      -6.745663521037390638E+02
    2.17000000E+02      -6.799527116703284264E+02
    2.18000000E+02      -6.853813106766169767E+02
    2.19000000E+02      -6.908083403435343826E+02
    2.20000000E+02      -6.963288213160153646E+02
    2.21000000E+02      -7.018093055694321265E+02
    2.22000000E+02      -7.073006936233682609E+02
    2.23000000E+02      -7.128755856601687810E+02
    2.24000000E+02      -7.184555673080317320E+02
    2.25000000E+02      -7.240400389683027242E+02
    2.26000000E+02      -7.296543878985653464E+02
    2.27000000E+02      -7.352698157045101652E+02
    2.28000000E+02      -7.409244008203804697E+02
    2.29000000E+02      -7.466076097860959635E+02
    2.30000000E+02      -7.523115109750597185E+02
    2.31000000E+02      -7.580280535349143065E+02
    2.32000000E+02      -7.637767738537422701E+02
    2.33000000E+02      -7.695639633184082413E+02
    2.34000000E+02      -7.753571579777430998E+02
    2.35000000E+02      -7.811743709668826341E+02
    2.36000000E+02      -7.870188584561037715E+02
    2.37000000E+02      -7.928818681402340189E+02
    2.38000000E+02      -7.987728033679750297E+02
    2.39000000E+02      -8.047037013665399172E+02
    2.40000000E+02      -8.106615582286258359E+02
    2.41000000E+02      -8.166301206223815825E+02
    2.42000000E+02      -8.226456646536075823E+02
    2.43000000E+02      -8.286909141866412938E+02
    2.44000000E+02      -8.347625259277328951E+02
    2.45000000E+02      -8.408438458894152063E+02
    2.46000000E+02      -8.469468002870798955E+02
    2.47000000E+02      -8.530841662548500608E+02
    2.48000000E+02      -8.592498087214275984E+02
    2.49000000E+02      -8.654657918324164712E+02
    2.50000000E+02      -8.716960244452507141E+02
    2.51000000E+02      -8.779419816371018896E+02
    2.52000000E+02      -8.842723671161925267E+02
    2.53000000E+02      -8.905906871346710432E+02
    2.54000000E+02      -8.969458945338024023E+02
    2.55000000E+02      -9.033871002989840235E+02
    2.56000000E+02      -9.098183281505093873E+02
    2.57000000E+02      -9.162793752875995779E+02
    2.58000000E+02      -9.227602414724365190E+02
    2.59000000E+02      -9.292602309209539726E+02
    2.60000000E+02      -9.357781929924453834E+02
    2.61000000E+02      -9.423538559689593512E+02
    2.62000000E+02      -9.489299045900788769E+02
    2.63000000E+02      -9.555353696111299087E+02
    2.64000000E+02      -9.621821923781072883E+02
    2.65000000E+02      -9.688739766163597551E+02
    2.66000000E+02      -9.755853368593736832E+02
    2.67000000E+02      -9.823499490201503477E+02
    2.68000000E+02      -9.891429305700232817E+02
    2.69000000E+02      -9.959450142092085798E+02
    2.70000000E+02      -1.002811440638177828E+03
    2.71000000E+02      -1.009673060436862443E+03
    2.72000000E+02      -1.016601277463260089E+03
    2.73000000E+02      -1.023541077115153030E+03
    2.74000000E+02      -1.030522754382449648E+03
    2.75000000E+02      -1.037556000773714004E+03
    2.76000000E+02      -1.044620586710426778E+03
    2.77000000E+02      -1.051705178102164382E+03
    2.78000000E+02      -1.058836302278042467E+03
    2.79000000E+02      -1.066002346614036924E+03
    2.80000000E+02      -1.073201023287646422E+03
    2.81000000E+02      -1.080335633569445235E+03
    2.82000000E+02      -1.087602286832200207E+03
    2.83000000E+02      -1.094889546543938650E+03
    2.84000000E+02      -1.102224204812679091E+03
    2.85000000E+02      -1.109586682573733924E+03
    2.86000000E+02      -1.116970743962814595E+03
    2.87000000E+02      -1.124415400260529168E+03
    2.88000000E+02      -1.131870603899900743E+03
    2.89000000E+02      -1.139356282358208318E+03
    2.90000000E+02      -1.146904841512387975E+03
    2.91000000E+02      -1.154492880324747603E+03
    2.92000000E+02      -1.162089168978301586E+03
    2.93000000E+02      -1.169712807928248367E+03
    2.94000000E+02      -1.177354925682150224E+03
    2.95000000E+02      -1.185055576957697212E+03
    2.96000000E+02      -1.192771691867972095E+03
    2.97000000E+02      -1.200525443278943385E+03
    2.98000000E+02      -1.208355551358394223E+03
    2.99000000E+02      -1.216194679459556937E+03
    3.00000000E+02      -1.224050346793447716E+03
    3.01000000E+02      -1.231965999095568804E+03
    3.02000000E+02      -1.239892478513023434E+03
    3.03000000E+02      -1.247868693925508524E+03
    3.04000000E+02      -1.255884016572224937E+03
    3.05000000E+02      -1.263927815570226812E+03
    3.06000000E+02      -1.272001429307770650E+03
    3.07000000E+02      -1.280134252351843770E+03
    3.08000000E+02      -1.288274094445684113E+03
    3.09000000E+02      -1.296442661851080629E+03
    3.10000000E+02      -1.304606353788624347E+03
    3.11000000E+02      -1.312845919231817334E+03
    3.12000000E+02      -1.321144999144266421E+03
    3.13000000E+02      -1.329445129357462065E+03
    3.14000000E+02      -1.337733378592889039E+03
    3.15000000E+02      -1.346084464397073589E+03
    3.16000000E+02      -1.354477115375908852E+03
    3.17000000E+02      -1.362896222111186034E+03
    3.18000000E+02      -1.371357400334638896E+03
    3.19000000E+02      -1.379835411069675501E+03
    3.20000000E+02      -1.388345497921209699E+03
    3.21000000E+02      -1.396831405363081103E+03
    3.22000000E+02      -1.405371857635604101E+03
    3.23000000E+02      -1.413993703394499789E+03
    3.24000000E+02      -1.422599477187417961E+03
    3.25000000E+02      -1.431226632522854288E+03
    3.26000000E+02      -1.439914186345534745E+03
    3.27000000E+02      -1.448651088880012139E+03
    3.28000000E+02      -1.457392960087797519E+03
    3.29000000E+02      -1.466138663225511664E+03
    3.30000000E+02      -1.474935259716362680E+03
    3.31000000E+02      -1.483725479771950631E+03
    3.32000000E+02      -1.492573837119763766E+03
    3.33000000E+02      -1.501419644315485357E+03
    3.34000000E+02      -1.510319299230107845E+03
    3.35000000E+02      -1.519232445864151487E+03
    3.36000000E+02      -1.528196829352766144E+03
    3.37000000E+02      -1.537132585833512849E+03
    3.38000000E+02      -1.546116829893041768E+03
    3.39000000E+02      -1.555189194600441397E+03
    3.40000000E+02      -1.564269560263166568E+03
    3.41000000E+02      -1.573336598501191020E+03
    3.42000000E+02      -1.582413340974895618E+03
    3.43000000E+02      -1.591582087123132169E+03
    3.44000000E+02      -1.600682777544343480E+03
    3.45000000E+02      -1.609868674006839228E+03
    3.46000000E+02      -1.619032891128598521E+03
    3.47000000E+02      -1.628301342432787351E+03
    3.48000000E+02      -1.637537582288123758E+03
    3.49000000E+02      -1.646835401613711838E+03
    3.50000000E+02      -1.656166792411477218E+03
    3.51000000E+02      -1.665473914878093183E+03
    3.52000000E+02      -1.674820652319004239E+03
    3.53000000E+02      -1.684186052442505343E+03
    3.54000000E+02      -1.693591516673704746E+03
    3.55000000E+02      -1.702961252436866516E+03
    3.56000000E+02      -1.712384515272273802E+03
    3.57000000E+02      -1.721840820685355538E+03
    3.58000000E+02      -1.731331581027481661E+03
    3.59000000E+02      -1.740801793569644587E+03
    3.60000000E+02      -1.750293595829953574E+03
    3.61000000E+02      -1.759774931943954698E+03
    3.62000000E+02      -1.769307005837821407E+03
    3.63000000E+02      -1.779020213355459191E+03
    3.64000000E+02      -1.788556663276873223E+03
    3.65000000E+02      -1.798205992573831054E+03
    3.66000000E+02      -1.807902860720329272E+03
    3.67000000E+02      -1.817510998305807334E+03
    3.68000000E+02      -1.827097797950243830E+03
    3.69000000E+02      -1.836827524862881546E+03
    3.70000000E+02      -1.846618777580281858E+03
    3.71000000E+02      -1.856271400496496426E+03
    3.72000000E+02      -1.865975979434995907E+03
    3.73000000E+02      -1.875675637044685345E+03
    3.74000000E+02      -1.885487261299148713E+03
    3.75000000E+02      -1.895384744174862362E+03
    3.76000000E+02      -1.905152016187853405E+03
    3.77000000E+02      -1.914919722064071721E+03
    3.78000000E+02      -1.924723476631133963E+03
    3.79000000E+02      -1.934564797163161074E+03
    3.80000000E+02      -1.944472862392609613E+03
    3.81000000E+02      -1.954539339613935226E+03
    3.82000000E+02      -1.964437143990763616E+03
    3.83000000E+02      -1.974265096503474979E+03
    3.84000000E+02      -1.984088959348722483E+03
    3.85000000E+02      -1.994067540106748083E+03
    3.86000000E+02      -2.004072083334664512E+03
    3.87000000E+02      -2.013891526132776107E+03
    3.88000000E+02      -2.023851471639080728E+03
    3.89000000E+02      -2.033826532213873179E+03
    3.90000000E+02      -2.043847826876733507E+03
    3.91000000E+02      -2.053862252394428651E+03
    3.92000000E+02      -2.063934976319179896E+03
    3.93000000E+02      -2.073934221144131243E+03
    3.94000000E+02      -2.084092068847054634E+03
    3.95000000E+02      -2.094172126653236774E+03
    3.96000000E+02      -2.104271339328688100E+03
    3.97000000E+02      -2.114286616827354010E+03
    3.98000000E+02      -2.124168650701288243E+03
    3.99000000E+02      -2.134301570601164713E+03
    4.00000000E+02      -2.144366880588835556E+03
    4.01000000E+02      -2.154440614896757779E+03
    4.02000000E+02      -2.164547667233960510E+03
    4.03000000E+02      -2.174705528418840913E+03
    4.04000000E+02      -2.184866446971652294E+03
    4.05000000E+02      -2.195167365886914922E+03
    4.06000000E+02      -2.205128783041274801E+03
    4.07000000E+02      -2.215245682602403122E+03
    4.08000000E+02      -2.225474814057064577E+03
    4.09000000E+02      -2.235565109023261812E+03
    4.10000000E+02      -2.245614342574608600E+03
    4.11000000E+02      -2.255699394866358034E+03
    4.12000000E+02      -2.265883358353963558E+03
    4.13000000E+02      -2.276044541449364260E+03
    4.14000000E+02      -2.286172444216319491E+03
    4.15000000E+02      -2.296280783444788995E+03
    4.16000000E+02      -2.306450491647058698E+03
    4.17000000E+02      -2.316664628047334190E+03
    4.18000000E+02      -2.326831101899940222E+03
    4.19000000E+02      -2.337091966396509179E+03
    4.20000000E+02      -2.347288327657237005E+03
    4.21000000E+02      -2.357336611569267461E+03
    4.22000000E+02      -2.367430861214117613E+03
    4.23000000E+02      -2.377497365220609481E+03
    4.24000000E+02      -2.387605697535345826E+03
    4.25000000E+02      -2.397741508579341371E+03
    4.26000000E+02      -2.407930955068149160E+03
    4.27000000E+02      -2.417992963846212660E+03
    4.28000000E+02      -2.428097328149306577E+03
    4.29000000E+02      -2.438182791272933628E+03
    4.30000000E+02      -2.448399072209998394E+03
    4.31000000E+02      -2.458379889959953289E+03
    4.32000000E+02      -2.468405534213124611E+03
    4.33000000E+02      -2.478659973223454472E+03
    4.34000000E+02      -2.488754804390116078E+03
    4.35000000E+02      -2.498921961065891992E+03
    4.36000000E+02      -2.508886234106405936E+03
    4.37000000E+02      -2.518724990750204597E+03
    4.38000000E+02      -2.528771594052914224E+03
    4.39000000E+02      -2.538884870609115751E+03
    4.40000000E+02      -2.548833854961445468E+03
    4.41000000E+02      -2.558750745218487737E+03
    4.42000000E+02      -2.568840084869465500E+03
    4.43000000E+02      -2.578842292881357025E+03
    4.44000000E+02      -2.588769146332967466E+03
    4.45000000E+02      -2.598722336467650166E+03
    4.46000000E+02      -2.608861068508630524E+03
    4.47000000E+02      -2.618415471682752013E+03
    4.48000000E+02      -2.628317224662410808E+03
    4.49000000E+02      -2.638048506845395877E+03
    4.50000000E+02      -2.648231030950327295E+03
    4.51000000E+02      -2.657905518625439981E+03
    4.52000000E+02      -2.667791523126054472E+03
    4.53000000E+02      -2.677589655576498899E+03
    4.54000000E+02      -2.687479290650454459E+03
    4.55000000E+02      -2.697131496979646272E+03
    4.56000000E+02      -2.706939376707079646E+03
    4.57000000E+02      -2.716660237662938471E+03
    4.58000000E+02      -2.726151005565691776E+03
    4.59000000E+02      -2.736086760666827104E+03
    4.60000000E+02      -2.745751028962598866E+03
    4.61000000E+02      -2.755481844099361751E+03
    4.62000000E+02      -2.765205454845004169E+03
    4.63000000E+02      -2.774735385856661196E+03
    4.64000000E+02      -2.784325216317734430E+03
    4.65000000E+02      -2.793785022165942337E+03
    4.66000000E+02      -2.803301489225465048E+03
    4.67000000E+02      -2.812647217158141757E+03
    4.68000000E+02      -2.821933606579643765E+03
    4.69000000E+02      -2.831687914689488935E+03
    4.70000000E+02      -2.840978433630343716E+03
    4.71000000E+02      -2.850103828302449529E+03
    4.72000000E+02      -2.859639853957502055E+03
    4.73000000E+02      -2.869014516703719437E+03
    4.74000000E+02      -2.878170184331163910E+03
    4.75000000E+02      -2.887524260334974315E+03
    4.76000000E+02      -2.896860452836431250E+03
    4.77000000E+02      -2.905824074130777717E+03
    4.78000000E+02      -2.915135220318111806E+03
    4.79000000E+02      -2.924082126871400305E+03
    4.80000000E+02      -2.933084659156227190E+03
    4.81000000E+02      -2.941857583382840858E+03
    4.82000000E+02      -2.951266665930638283E+03
    4.83000000E+02      -2.960240898807983285E+03
    4.84000000E+02      -2.969231556422836093E+03
    4.85000000E+02      -2.978028643404673858E+03
    4.86000000E+02      -2.986733680127049411E+03
    4.87000000E+02      -2.995807747049941099E+03
    4.88000000E+02      -3.004448133308962497E+03
    4.89000000E+02      -3.013049139944221679E+03
    4.90000000E+02      -3.021926982747816510E+03
    4.91000000E+02      -3.030331365784263653E+03
    4.92000000E+02      -3.038958600160624428E+03
    4.93000000E+02      -3.046775606614609387E+03
    4.94000000E+02      -3.055328412577890049E+03
    4.95000000E+02      -3.064410626294122267E+03
    4.96000000E+02      -3.072614253514355369E+03
    4.97000000E+02      -3.081046485166295042E+03
    4.98000000E+02      -3.089296971812686934E+03
    4.99000000E+02      -3.097464179850286200E+03
    5.00000000E+02      -3.105224856462875323E+03
    5.01000000E+02      -3.113188575550343558E+03
    5.02000000E+02      -3.121507612655524099E+03
    5.03000000E+02      -3.129477861225877859E+03
    5.04000000E+02      -3.137750475077421470E+03
    5.05000000E+02      -3.145450708334605679E+03
    5.06000000E+02      -3.152007343320165091E+03
    5.07000000E+02      -3.137378951594000682E+03
    5.08000000E+02      -3.159137358328531263E+03
    5.09000000E+02      -3.176671822288109979E+03
    5.10000000E+02      -3.187658959508502448E+03
