    0.00000000E+00      -1.167703844474942798E+01
    1.00000000E+00      -9.337916917536290384E+00
    2.00000000E+00      -7.673109412009011088E+00
    3.00000000E+00      -6.394932790598772065E+00
    4.00000000E+00      -5.385352721464527370E+00
    5.00000000E+00      -4.579895448504770705E+00
    6.00000000E+00      -3.938115775007985597E+00
    7.00000000E+00      -3.431766284125273181E+00
    8.00000000E+00      -3.040131845480003925E+00
    9.00000000E+00      -2.747280604676574534E+00
    1.00000000E+01      -2.541078905958214840E+00
    1.10000000E+01      -2.411705668220178289E+00
    1.20000000E+01      -2.350264055753881642E+00
    1.30000000E+01      -2.350031027058661515E+00
    1.40000000E+01      -2.405725970570869343E+00
    1.50000000E+01      -2.511914338222935861E+00
    1.60000000E+01      -2.664248672842744803E+00
    1.70000000E+01      -2.858406757773422235E+00
    1.80000000E+01      -3.091265837412151107E+00
    1.90000000E+01      -3.359334553473103391E+00
    2.00000000E+01      -3.660548649085625605E+00
    2.10000000E+01      -3.992247207888225624E+00
    2.20000000E+01      -4.351766615063183075E+00
    2.30000000E+01      -4.737348324078424433E+00
    2.40000000E+01      -5.147879348730724836E+00
    2.50000000E+01      -5.581226293038866082E+00
    2.60000000E+01      -6.035145566461664224E+00
    2.70000000E+01      -6.509030384096489819E+00
    2.80000000E+01      -7.001234413813448576E+00
    2.90000000E+01      -7.510308533424335131E+00
    3.00000000E+01      -8.035151447654584445E+00
    3.10000000E+01      -8.574764825830584414E+00
    3.20000000E+01      -9.128077145598012976E+00
    3.30000000E+01      -9.694332268763332650E+00
    3.40000000E+01      -1.027238474178500383E+01
    3.50000000E+01      -1.086150073689111650E+01
    3.60000000E+01      -1.146113289507536592E+01
    3.70000000E+01      -1.207069742684450375E+01
    3.80000000E+01      -1.268929778605286174E+01
    3.90000000E+01      -1.331633281383017220E+01
    4.00000000E+01      -1.395074203953606684E+01
    4.10000000E+01      -1.459242515192943301E+01
    4.20000000E+01      -1.524049936212884404E+01
    4.30000000E+01      -1.589482572395115767E+01
    4.40000000E+01      -1.655468620017688863E+01
    4.50000000E+01      -1.721950735946063560E+01
    4.60000000E+01      -1.788878759385022477E+01
    4.70000000E+01      -1.856278156194946405E+01
    4.80000000E+01      -1.924024224103538927E+01
    4.90000000E+01      -1.992109596678108119E+01
    5.00000000E+01      -2.060532020355219629E+01
    5.10000000E+01      -2.129209043268690493E+01
    5.20000000E+01      -2.198098286475340046E+01
    5.30000000E+01      -2.267199377360282142E+01
    5.40000000E+01      -2.336518055005342376E+01
    5.50000000E+01      -2.406026537682680555E+01
    5.60000000E+01      -2.475606485892546971E+01
    5.70000000E+01      -2.545284172666777067E+01
    5.80000000E+01      -2.615014197918696937E+01
    5.90000000E+01      -2.684815302870754294E+01
    6.00000000E+01      -2.754621384520339689E+01
    6.10000000E+01      -2.824482595524511908E+01
    6.20000000E+01      -2.894280164094141128E+01
    6.30000000E+01      -2.964020731546531806E+01
    6.40000000E+01      -3.033708138044801217E+01
    6.50000000E+01      -3.103380901018442728E+01
    6.60000000E+01      -3.172963955416832960E+01
    6.70000000E+01      -3.242426440268661736E+01
    6.80000000E+01      -3.311781987561460028E+01
    6.90000000E+01      -3.380977212177583624E+01
    7.00000000E+01      -3.450026582988846258E+01
    7.10000000E+01      -3.518845197825919513E+01
    7.20000000E+01      -3.587535178301675387E+01
    7.30000000E+01      -3.656038051387929499E+01
    7.40000000E+01      -3.724290912456979186E+01
    7.50000000E+01      -3.792352012408571227E+01
    7.60000000E+01      -3.860160027215658829E+01
    7.70000000E+01      -3.927773750207177272E+01
    7.80000000E+01      -3.995073787057970094E+01
    7.90000000E+01      -4.062084588871709911E+01
    8.00000000E+01      -4.128794378710642832E+01
    8.10000000E+01      -4.195246264771901679E+01
    8.20000000E+01      -4.261465284336497916E+01
    8.30000000E+01      -4.327369618117279515E+01
    8.40000000E+01      -4.392976307861442820E+01
    8.50000000E+01      -4.458316172576212466E+01
    8.60000000E+01      -4.523245913255721007E+01
    8.70000000E+01      -4.587905850633740101E+01
    8.80000000E+01      -4.652218695964018025E+01
    8.90000000E+01      -4.716237479656899723E+01
    9.00000000E+01      -4.779977483227901303E+01
    9.10000000E+01      -4.843278310476068782E+01
    9.20000000E+01      -4.906179740335699080E+01
    9.30000000E+01      -4.968832080821937325E+01
    9.40000000E+01      -5.031084593536559169E+01
    9.50000000E+01      -5.092935226314637021E+01
    9.60000000E+01      -5.154427800941391524E+01
    9.70000000E+01      -5.215579878331971031E+01
    9.80000000E+01      -5.276305796432041006E+01
    9.90000000E+01      -5.336766664748336098E+01
    1.00000000E+02      -5.396755736226384670E+01
    1.01000000E+02      -5.456373656165430930E+01
    1.02000000E+02      -5.515641608556086339E+01
    1.03000000E+02      -5.574519382554478852E+01
    1.04000000E+02      -5.633082663794391465E+01
    1.05000000E+02      -5.691144499525887568E+01
    1.06000000E+02      -5.748839267266646402E+01
    1.07000000E+02      -5.806149463254166676E+01
    1.08000000E+02      -5.863122283546306335E+01
    1.09000000E+02      -5.919669817364535902E+01
    1.10000000E+02      -5.975730978361150392E+01
    1.11000000E+02      -6.031477197909168808E+01
    1.12000000E+02      -6.086800234213785643E+01
    1.13000000E+02      -6.141739392453507662E+01
    1.14000000E+02      -6.196285702874354229E+01
    1.15000000E+02      -6.250426375696167725E+01
    1.16000000E+02      -6.304138883252505821E+01
    1.17000000E+02      -6.357439052685856495E+01
    1.18000000E+02      -6.410269873052800449E+01
    1.19000000E+02      -6.462657127249019595E+01
    1.20000000E+02      -6.514725955907249499E+01
    1.21000000E+02      -6.566347774591611142E+01
    1.22000000E+02      -6.617457216969103229E+01
    1.23000000E+02      -6.668288418401550643E+01
    1.24000000E+02      -6.718699734758899922E+01
    1.25000000E+02      -6.768651854066172291E+01
    1.26000000E+02      -6.818224635936837785E+01
    1.27000000E+02      -6.867379692630981936E+01
    1.28000000E+02      -6.916121730721840777E+01
    1.29000000E+02      -6.964380537474551147E+01
    1.30000000E+02      -7.012252768967061911E+01
    1.31000000E+02      -7.059713942194264291E+01
    1.32000000E+02      -7.106716670168441397E+01
    1.33000000E+02      -7.153352201059658455E+01
    1.34000000E+02      -7.199581922913546350E+01
    1.35000000E+02      -7.245345048486103678E+01
    1.36000000E+02      -7.290726987294817718E+01
    1.37000000E+02      -7.335587010918732176E+01
    1.38000000E+02      -7.380075835059449219E+01
    1.39000000E+02      -7.424266555408883050E+01
    1.40000000E+02      -7.467936944576410951E+01
    1.41000000E+02      -7.511240543962537686E+01
    1.42000000E+02      -7.553979309200565240E+01
    1.43000000E+02      -7.596482505439541910E+01
    1.44000000E+02      -7.638453979552775763E+01
    1.45000000E+02      -7.679957169711758524E+01
    1.46000000E+02      -7.721159688314708092E+01
    1.47000000E+02      -7.761867405772261463E+01
    1.48000000E+02      -7.802150480956095180E+01
    1.49000000E+02      -7.842068727584899079E+01
    1.50000000E+02      -7.881645179441454729E+01
    1.51000000E+02      -7.920778390203975050E+01
    1.52000000E+02      -7.959575399247603400E+01
    1.53000000E+02      -7.997779826955718363E+01
    1.54000000E+02      -8.035636821332934687E+01
    1.55000000E+02      -8.073008302132564040E+01
    1.56000000E+02      -8.109882204040820852E+01
    1.57000000E+02      -8.146472030192433067E+01
    1.58000000E+02      -8.182735080750478573E+01
    1.59000000E+02      -8.218496994175563941E+01
    1.60000000E+02      -8.253838241438404566E+01
    1.61000000E+02      -8.288825536294950780E+01
    1.62000000E+02      -8.323296893379790617E+01
    1.63000000E+02      -8.357393116366199592E+01
    1.64000000E+02      -8.391049858816893448E+01
    1.65000000E+02      -8.424284087664034359E+01
    1.66000000E+02      -8.457181072214495998E+01
    1.67000000E+02      -8.489579669248394111E+01
    1.68000000E+02      -8.521623884540656491E+01
    1.69000000E+02      -8.553421737503720124E+01
    1.70000000E+02      -8.584676071716728529E+01
    1.71000000E+02      -8.615569092271960017E+01
    1.72000000E+02      -8.646013818412518503E+01
    1.73000000E+02      -8.676017610515316392E+01
    1.74000000E+02      -8.705205704082379725E+01
    1.75000000E+02      -8.734323681404691797E+01
    1.76000000E+02      -8.762992769035679430E+01
    1.77000000E+02      -8.791102757837268200E+01
    1.78000000E+02      -8.819010867725353364E+01
    1.79000000E+02      -8.846453439390950280E+01
    1.80000000E+02      -8.873467907911015118E+01
    1.81000000E+02      -8.900022602898877722E+01
    1.82000000E+02      -8.926224912213854168E+01
    1.83000000E+02      -8.951983165240142171E+01
    1.84000000E+02      -8.977392236322828012E+01
    1.85000000E+02      -9.002460583283880169E+01
    1.86000000E+02      -9.027043895594886180E+01
    1.87000000E+02      -9.051195800737093577E+01
    1.88000000E+02      -9.074887314576824338E+01
    1.89000000E+02      -9.098158084179647176E+01
    1.90000000E+02      -9.121082071942998937E+01
    1.91000000E+02      -9.143515344257809829E+01
    1.92000000E+02      -9.165455170927214112E+01
    1.93000000E+02      -9.187096592205978141E+01
    1.94000000E+02      -9.208314040946186196E+01
    1.95000000E+02      -9.228998446052480631E+01
    1.96000000E+02      -9.249403195310640058E+01
    1.97000000E+02      -9.269358279008645241E+01
    1.98000000E+02      -9.288985720264952306E+01
    1.99000000E+02      -9.308199716286378589E+01
    2.00000000E+02      -9.327078246488724744E+01
    2.01000000E+02      -9.345373043957567916E+01
    2.02000000E+02      -9.363281699449487405E+01
    2.03000000E+02      -9.380816371679736676E+01
    2.04000000E+02      -9.397958262217196079E+01
    2.05000000E+02      -9.414675265549647065E+01
    2.06000000E+02      -9.431000307306874220E+01
    2.07000000E+02      -9.446822794398519818E+01
    2.08000000E+02      -9.462259264929650726E+01
    2.09000000E+02      -9.477297884372580938E+01
    2.10000000E+02      -9.492007719857554093E+01
    2.11000000E+02      -9.506254464571009066E+01
    2.12000000E+02      -9.520106953802803673E+01
    2.13000000E+02      -9.533516380223352371E+01
    2.14000000E+02      -9.546565828320797209E+01
    2.15000000E+02      -9.559170310520619296E+01
    2.16000000E+02      -9.571540850484359453E+01
    2.17000000E+02      -9.583340700538735746E+01
    2.18000000E+02      -9.594894087136106009E+01
    2.19000000E+02      -9.605951758562639498E+01
    2.20000000E+02      -9.616859849761874557E+01
    2.21000000E+02      -9.627119523734052109E+01
    2.22000000E+02      -9.637026058556273256E+01
    2.23000000E+02      -9.646740171563340027E+01
    2.24000000E+02      -9.655796494328876634E+01
    2.25000000E+02      -9.664450407986930713E+01
    2.26000000E+02      -9.672754320070578160E+01
    2.27000000E+02      -9.680769678752892560E+01
    2.28000000E+02      -9.688313424851128275E+01
    2.29000000E+02      -9.695545025742956113E+01
    2.30000000E+02      -9.702345952757366376E+01
    2.31000000E+02      -9.708845561536634250E+01
    2.32000000E+02      -9.714833903703163287E+01
    2.33000000E+02      -9.720473777813219840E+01
    2.34000000E+02      -9.725759444018819977E+01
    2.35000000E+02      -9.730697243156225795E+01
    2.36000000E+02      -9.735268826021399491E+01
    2.37000000E+02      -9.739556818553444373E+01
    2.38000000E+02      -9.743423878665396387E+01
    2.39000000E+02      -9.747044393138401119E+01
    2.40000000E+02      -9.750237824362318406E+01
    2.41000000E+02      -9.753007563583139472E+01
    2.42000000E+02      -9.755530518480861701E+01
    2.43000000E+02      -9.757586555814975782E+01
    2.44000000E+02      -9.759339234162814591E+01
    2.45000000E+02      -9.760691130968677953E+01
    2.46000000E+02      -9.761802252199902341E+01
    2.47000000E+02      -9.762562645000923567E+01
    2.48000000E+02      -9.762968500196927835E+01
    2.49000000E+02      -9.763128382373304248E+01
    2.50000000E+02      -9.763013737074413712E+01
    2.51000000E+02      -9.762520358926610697E+01
    2.52000000E+02      -9.761861911375797263E+01
    2.53000000E+02      -9.760750938024045809E+01
    2.54000000E+02      -9.759411371296789639E+01
    2.55000000E+02      -9.757662512787408104E+01
    2.56000000E+02      -9.755698342167795545E+01
    2.57000000E+02      -9.753454377170908174E+01
    2.58000000E+02      -9.750970962334156411E+01
    2.59000000E+02      -9.748234047089260912E+01
    2.60000000E+02      -9.745142868323944185E+01
    2.61000000E+02      -9.741975492780090917E+01
    2.62000000E+02      -9.738352574845100662E+01
    2.63000000E+02      -9.734601515601150368E+01
    2.64000000E+02      -9.730551570297882336E+01
    2.65000000E+02      -9.726330966851435278E+01
    2.66000000E+02      -9.722048621989722506E+01
    2.67000000E+02      -9.717360065200534791E+01
    2.68000000E+02      -9.712535594623238921E+01
    2.69000000E+02      -9.707543594783544449E+01
    2.70000000E+02      -9.702296330489969023E+01
    2.71000000E+02      -9.696911391056835328E+01
    2.72000000E+02      -9.691410509250761152E+01
    2.73000000E+02      -9.685845029491372316E+01
    2.74000000E+02      -9.680146196931070790E+01
    2.75000000E+02      -9.674221047005755736E+01
    2.76000000E+02      -9.668296822110767152E+01
    2.77000000E+02      -9.662181465967057648E+01
    2.78000000E+02      -9.655971962825185528E+01
    2.79000000E+02      -9.649731348598049863E+01
    2.80000000E+02      -9.643466706321976289E+01
    2.81000000E+02      -9.637227619789825894E+01
    2.82000000E+02      -9.630722720060782649E+01
    2.83000000E+02      -9.624170503001130328E+01
    2.84000000E+02      -9.617880284583714001E+01
    2.85000000E+02      -9.611493791506416073E+01
    2.86000000E+02      -9.605040417200268621E+01
    2.87000000E+02      -9.598468377511505878E+01
    2.88000000E+02      -9.592230241738923269E+01
    2.89000000E+02      -9.585653538965323150E+01
    2.90000000E+02      -9.579437752988940247E+01
    2.91000000E+02      -9.573249847516615318E+01
    2.92000000E+02      -9.567227674039656904E+01
    2.93000000E+02      -9.561253526522830271E+01
    2.94000000E+02      -9.555395728946075451E+01
    2.95000000E+02      -9.549780315966688704E+01
    2.96000000E+02      -9.544367138061841160E+01
    2.97000000E+02      -9.539209235716896274E+01
    2.98000000E+02      -9.534070569673838236E+01
    2.99000000E+02      -9.529160114183957830E+01
    3.00000000E+02      -9.524363353846763403E+01
    3.01000000E+02      -9.519945878191845168E+01
    3.02000000E+02      -9.515544918951979980E+01
    3.03000000E+02      -9.511806899025157236E+01
    3.04000000E+02      -9.507966476707713355E+01
    3.05000000E+02      -9.504754124417138428E+01
    3.06000000E+02      -9.501889672614686333E+01
    3.07000000E+02      -9.499451373518729724E+01
    3.08000000E+02      -9.497221581941755630E+01
    3.09000000E+02      -9.495035862519341663E+01
    3.10000000E+02      -9.493661139126686521E+01
    3.11000000E+02      -9.493072280034300547E+01
    3.12000000E+02      -9.492697198244911760E+01
    3.13000000E+02      -9.492615013439842642E+01
    3.14000000E+02      -9.492993444399087366E+01
    3.15000000E+02      -9.493991020171722539E+01
    3.16000000E+02      -9.495607854888419297E+01
    3.17000000E+02      -9.497798437504150115E+01
    3.18000000E+02      -9.500314152260887113E+01
    3.19000000E+02      -9.503601719690539085E+01
    3.20000000E+02      -9.507531735466670852E+01
    3.21000000E+02      -9.512032469387975198E+01
    3.22000000E+02      -9.517194491140014634E+01
    3.23000000E+02      -9.523308751273486905E+01
    3.24000000E+02      -9.529985572978091568E+01
    3.25000000E+02      -9.537444454020931062E+01
    3.26000000E+02      -9.545441052128205683E+01
    3.27000000E+02      -9.554144267496792509E+01
    3.28000000E+02      -9.563571892530069363E+01
    3.29000000E+02      -9.573796072638413079E+01
    3.30000000E+02      -9.584950208234420188E+01
    3.31000000E+02      -9.596992540846019892E+01
    3.32000000E+02      -9.610304254590789697E+01
    3.33000000E+02      -9.624144870812358477E+01
    3.34000000E+02      -9.639106946782465002E+01
    3.35000000E+02      -9.655130723489617139E+01
    3.36000000E+02      -9.671854350084811358E+01
    3.37000000E+02      -9.689998038762621491E+01
    3.38000000E+02      -9.709132546352827831E+01
    3.39000000E+02      -9.729419895173248278E+01
    3.40000000E+02      -9.750437827808980273E+01
    3.41000000E+02      -9.773244907113746649E+01
    3.42000000E+02      -9.796923563545476554E+01
    3.43000000E+02      -9.821361494406062320E+01
    3.44000000E+02      -9.847565692263503934E+01
    3.45000000E+02      -9.874425048995669840E+01
    3.46000000E+02      -9.902470492973714045E+01
    3.47000000E+02      -9.932342289123823775E+01
    3.48000000E+02      -9.963306774055433834E+01
    3.49000000E+02      -9.995529665513947748E+01
    3.50000000E+02      -1.002973114898389895E+02
    3.51000000E+02      -1.006484395683995672E+02
    3.52000000E+02      -1.010157801679209797E+02
    3.53000000E+02      -1.013973474828793542E+02
    3.54000000E+02      -1.017974841533263088E+02
    3.55000000E+02      -1.022149715915851402E+02
    3.56000000E+02      -1.026441836728093904E+02
    3.57000000E+02      -1.030888712714853455E+02
    3.58000000E+02      -1.035508034473799626E+02
    3.59000000E+02      -1.040321699487734577E+02
    3.60000000E+02      -1.045207287953866171E+02
    3.61000000E+02      -1.050308469598725196E+02
    3.62000000E+02      -1.055643177482683086E+02
    3.63000000E+02      -1.061103526746277339E+02
    3.64000000E+02      -1.066736738181620012E+02
    3.65000000E+02      -1.072585432184399679E+02
    3.66000000E+02      -1.078596615662366958E+02
    3.67000000E+02      -1.084841183419097206E+02
    3.68000000E+02      -1.091344539788746033E+02
    3.69000000E+02      -1.098048705435697912E+02
    3.70000000E+02      -1.104930581270358516E+02
    3.71000000E+02      -1.111998378069159799E+02
    3.72000000E+02      -1.119223904976946642E+02
    3.73000000E+02      -1.126635592360956934E+02
    3.74000000E+02      -1.134366242086811098E+02
    3.75000000E+02      -1.142378783910365883E+02
    3.76000000E+02      -1.150531413804613976E+02
    3.77000000E+02      -1.158965462250247356E+02
    3.78000000E+02      -1.167596192841714355E+02
    3.79000000E+02      -1.176473513986105672E+02
    3.80000000E+02      -1.185508989086641805E+02
    3.81000000E+02      -1.194904635081887818E+02
    3.82000000E+02      -1.204538642691599080E+02
    3.83000000E+02      -1.214380371186392722E+02
    3.84000000E+02      -1.224500636895658090E+02
    3.85000000E+02      -1.234925261043366618E+02
    3.86000000E+02      -1.245538393060390945E+02
    3.87000000E+02      -1.256474917264907845E+02
    3.88000000E+02      -1.267741048720903336E+02
    3.89000000E+02      -1.279286002256970960E+02
    3.90000000E+02      -1.290964694015541454E+02
    3.91000000E+02      -1.302921699827542170E+02
    3.92000000E+02      -1.315162788047431377E+02
    3.93000000E+02      -1.327793785628285832E+02
    3.94000000E+02      -1.340597657360170842E+02
    3.95000000E+02      -1.353899357114690929E+02
    3.96000000E+02      -1.367475339162314185E+02
    3.97000000E+02      -1.381248785501205703E+02
    3.98000000E+02      -1.395395666800008030E+02
    3.99000000E+02      -1.409807015487289164E+02
    4.00000000E+02      -1.424574310984584145E+02
    4.01000000E+02      -1.439554088666603775E+02
    4.02000000E+02      -1.454839338153809649E+02
    4.03000000E+02      -1.470740593980711992E+02
    4.04000000E+02      -1.486815257092360980E+02
    4.05000000E+02      -1.503166064382725153E+02
    4.06000000E+02      -1.519887617915350120E+02
    4.07000000E+02      -1.537033079584119832E+02
    4.08000000E+02      -1.554483973813524926E+02
    4.09000000E+02      -1.572374900486514662E+02
    4.10000000E+02      -1.590657208013557238E+02
    4.11000000E+02      -1.609239176565582738E+02
    4.12000000E+02      -1.628214668071935876E+02
    4.13000000E+02      -1.647608585492683915E+02
    4.14000000E+02      -1.667143961067462214E+02
    4.15000000E+02      -1.687362353786132871E+02
    4.16000000E+02      -1.707911945132849496E+02
    4.17000000E+02      -1.728982214885085114E+02
    4.18000000E+02      -1.750261014692272283E+02
    4.19000000E+02      -1.771939134140023953E+02
    4.20000000E+02      -1.794168841124968594E+02
    4.21000000E+02      -1.816742587652673819E+02
    4.22000000E+02      -1.839628529181330805E+02
    4.23000000E+02      -1.863210961642083703E+02
    4.24000000E+02      -1.887256141592782797E+02
    4.25000000E+02      -1.911667437673580707E+02
    4.26000000E+02      -1.936592826977988580E+02
    4.27000000E+02      -1.961828232335514031E+02
    4.28000000E+02      -1.987689502173719802E+02
    4.29000000E+02      -2.013934306277345740E+02
    4.30000000E+02      -2.040566082898270679E+02
    4.31000000E+02      -2.067847645035921005E+02
    4.32000000E+02      -2.095372309371572328E+02
    4.33000000E+02      -2.123548475263354476E+02
    4.34000000E+02      -2.152035929328388875E+02
    4.35000000E+02      -2.181003558122587265E+02
    4.36000000E+02      -2.210704655685962052E+02
    4.37000000E+02      -2.240838316270941277E+02
    4.38000000E+02      -2.271414572079787604E+02
    4.39000000E+02      -2.302365755116892387E+02
    4.40000000E+02      -2.333984381245730901E+02
    4.41000000E+02      -2.366173548762211567E+02
    4.42000000E+02      -2.398850969629469319E+02
    4.43000000E+02      -2.432288920469922004E+02
    4.44000000E+02      -2.465988974714249480E+02
    4.45000000E+02      -2.500347386842162223E+02
    4.46000000E+02      -2.535427014110367736E+02
    4.47000000E+02      -2.571038529104529289E+02
    4.48000000E+02      -2.607457349168083738E+02
    4.49000000E+02      -2.644081606734374645E+02
    4.50000000E+02      -2.681336699412908047E+02
    4.51000000E+02      -2.719259395410966818E+02
    4.52000000E+02      -2.757961046452959408E+02
    4.53000000E+02      -2.797292717491485519E+02
    4.54000000E+02      -2.837040605475752955E+02
    4.55000000E+02      -2.877281990246241321E+02
    4.56000000E+02      -2.917978456041868185E+02
    4.57000000E+02      -2.959903354995889231E+02
    4.58000000E+02      -3.002049071402410618E+02
    4.59000000E+02      -3.044901319768954409E+02
    4.60000000E+02      -3.088540358184667411E+02
    4.61000000E+02      -3.132578008799004010E+02
    4.62000000E+02      -3.177221987958740783E+02
    4.63000000E+02      -3.222722593578704391E+02
    4.64000000E+02      -3.268938562725865040E+02
    4.65000000E+02      -3.315463624568341174E+02
    4.66000000E+02      -3.362625766408285699E+02
    4.67000000E+02      -3.410983629293745025E+02
    4.68000000E+02      -3.459882866779929600E+02
    4.69000000E+02      -3.509306327643547547E+02
    4.70000000E+02      -3.559288456268453729E+02
    4.71000000E+02      -3.610523494030834399E+02
    4.72000000E+02      -3.662335103564668088E+02
    4.73000000E+02      -3.715173782690375219E+02
    4.74000000E+02      -3.768296528647600780E+02
    4.75000000E+02      -3.822487395559559218E+02
    4.76000000E+02      -3.877649433250456923E+02
    4.77000000E+02      -3.933000632108281707E+02
    4.78000000E+02      -3.989273761561611309E+02
    4.79000000E+02      -4.046388470730138351E+02
    4.80000000E+02      -4.104359517753304090E+02
    4.81000000E+02      -4.163053077592606996E+02
    4.82000000E+02      -4.222691581908705984E+02
    4.83000000E+02      -4.282760076810058081E+02
    4.84000000E+02      -4.343866922765859044E+02
    4.85000000E+02      -4.405795070933648958E+02
    4.86000000E+02      -4.468371348515332784E+02
    4.87000000E+02      -4.531584729563741121E+02
    4.88000000E+02      -4.596229929415397919E+02
    4.89000000E+02      -4.661410662750689653E+02
    4.90000000E+02      -4.727481371740262830E+02
    4.91000000E+02      -4.794025219330773098E+02
    4.92000000E+02      -4.861835181432082891E+02
    4.93000000E+02      -4.930751345399597767E+02
    4.94000000E+02      -5.000428066850557798E+02
    4.95000000E+02      -5.070974364911356815E+02
    4.96000000E+02      -5.142440821563772033E+02
    4.97000000E+02      -5.214378728784480472E+02
    4.98000000E+02      -5.287440827513031536E+02
    4.99000000E+02      -5.361702394754951229E+02
    5.00000000E+02      -5.436874277587897950E+02
    5.01000000E+02      -5.512836176961840238E+02
    5.02000000E+02      -5.589756774316605288E+02
    5.03000000E+02      -5.667435178371355278E+02
    5.04000000E+02      -5.746524253692672346E+02
    5.05000000E+02      -5.826476585191679760E+02
    5.06000000E+02      -5.906944001366913426E+02
    5.07000000E+02      -5.975584434587921123E+02
    5.08000000E+02      -6.068511556237184550E+02
    5.09000000E+02      -6.154160738647746030E+02
    5.10000000E+02      -6.239743824056180301E+02
