    0.0000000000E+00     -0.5368187497E+01
    0.1000000000E+01     -0.3892380524E+01
    0.2000000000E+01     -0.3082557057E+01
    0.3000000000E+01     -0.2651287427E+01
    0.4000000000E+01     -0.2480773400E+01
    0.5000000000E+01     -0.2506201089E+01
    0.6000000000E+01     -0.2686941708E+01
    0.7000000000E+01     -0.2994781184E+01
    0.8000000000E+01     -0.3409231726E+01
    0.9000000000E+01     -0.3914336543E+01
    0.1000000000E+02     -0.4497438880E+01
    0.1100000000E+02     -0.5149008324E+01
    0.1200000000E+02     -0.5860901363E+01
    0.1300000000E+02     -0.6625621605E+01
    0.1400000000E+02     -0.7437247879E+01
    0.1500000000E+02     -0.8290810923E+01
    0.1600000000E+02     -0.9181852330E+01
    0.1700000000E+02     -0.1010635144E+02
    0.1800000000E+02     -0.1106084776E+02
    0.1900000000E+02     -0.1204237650E+02
    0.2000000000E+02     -0.1304812907E+02
    0.2100000000E+02     -0.1407530192E+02
    0.2200000000E+02     -0.1512185016E+02
    0.2300000000E+02     -0.1618595974E+02
    0.2400000000E+02     -0.1726528805E+02
    0.2500000000E+02     -0.1835800618E+02
    0.2600000000E+02     -0.1946272719E+02
    0.2700000000E+02     -0.2057799190E+02
    0.2800000000E+02     -0.2170210021E+02
    0.2900000000E+02     -0.2283389632E+02
    0.3000000000E+02     -0.2397203624E+02
    0.3100000000E+02     -0.2511548546E+02
    0.3200000000E+02     -0.2626329705E+02
    0.3300000000E+02     -0.2741420875E+02
    0.3400000000E+02     -0.2856753641E+02
    0.3500000000E+02     -0.2972225982E+02
    0.3600000000E+02     -0.3087744068E+02
    0.3700000000E+02     -0.3203236035E+02
    0.3800000000E+02     -0.3318611846E+02
    0.3900000000E+02     -0.3433815203E+02
    0.4000000000E+02     -0.3548783795E+02
    0.4100000000E+02     -0.3663440825E+02
    0.4200000000E+02     -0.3777668342E+02
    0.4300000000E+02     -0.3891401653E+02
    0.4400000000E+02     -0.4004688057E+02
    0.4500000000E+02     -0.4117398111E+02
    0.4600000000E+02     -0.4229491454E+02
    0.4700000000E+02     -0.4340944653E+02
    0.4800000000E+02     -0.4451706762E+02
    0.4900000000E+02     -0.4561710922E+02
    0.5000000000E+02     -0.4670908113E+02
    0.5100000000E+02     -0.4779297886E+02
    0.5200000000E+02     -0.4886857968E+02
    0.5300000000E+02     -0.4993562819E+02
    0.5400000000E+02     -0.5099385882E+02
    0.5500000000E+02     -0.5204254799E+02
    0.5600000000E+02     -0.5308203991E+02
    0.5700000000E+02     -0.5411213623E+02
    0.5800000000E+02     -0.5513215552E+02
    0.5900000000E+02     -0.5614230140E+02
    0.6000000000E+02     -0.5714278250E+02
    0.6100000000E+02     -0.5813326887E+02
    0.6200000000E+02     -0.5911377083E+02
    0.6300000000E+02     -0.6008428213E+02
    0.6400000000E+02     -0.6104479108E+02
    0.6500000000E+02     -0.6199512341E+02
    0.6600000000E+02     -0.6293540965E+02
    0.6700000000E+02     -0.6386593694E+02
    0.6800000000E+02     -0.6478638614E+02
    0.6900000000E+02     -0.6569672418E+02
    0.7000000000E+02     -0.6659718219E+02
    0.7100000000E+02     -0.6748774401E+02
    0.7200000000E+02     -0.6836831634E+02
    0.7300000000E+02     -0.6923928668E+02
    0.7400000000E+02     -0.7010066435E+02
    0.7500000000E+02     -0.7095234366E+02
    0.7600000000E+02     -0.7179417148E+02
    0.7700000000E+02     -0.7262654187E+02
    0.7800000000E+02     -0.7344905062E+02
    0.7900000000E+02     -0.7426216854E+02
    0.8000000000E+02     -0.7506644033E+02
    0.8100000000E+02     -0.7586167930E+02
    0.8200000000E+02     -0.7664717566E+02
    0.8300000000E+02     -0.7742361680E+02
    0.8400000000E+02     -0.7819083584E+02
    0.8500000000E+02     -0.7894939587E+02
    0.8600000000E+02     -0.7969884780E+02
    0.8700000000E+02     -0.8043920664E+02
    0.8800000000E+02     -0.8117060365E+02
    0.8900000000E+02     -0.8189365698E+02
    0.9000000000E+02     -0.8260775892E+02
    0.9100000000E+02     -0.8331326484E+02
    0.9200000000E+02     -0.8401017200E+02
    0.9300000000E+02     -0.8469856023E+02
    0.9400000000E+02     -0.8537900185E+02
    0.9500000000E+02     -0.8605128395E+02
    0.9600000000E+02     -0.8671510639E+02
    0.9700000000E+02     -0.8737018099E+02
    0.9800000000E+02     -0.8801752699E+02
    0.9900000000E+02     -0.8865715752E+02
    0.1000000000E+03     -0.8928816112E+02
    0.1010000000E+03     -0.8991115832E+02
    0.1020000000E+03     -0.9052698061E+02
    0.1030000000E+03     -0.9113399992E+02
    0.1040000000E+03     -0.9173306311E+02
    0.1050000000E+03     -0.9232475850E+02
    0.1060000000E+03     -0.9290795799E+02
    0.1070000000E+03     -0.9348388210E+02
    0.1080000000E+03     -0.9405233082E+02
    0.1090000000E+03     -0.9461243035E+02
    0.1100000000E+03     -0.9516579016E+02
    0.1110000000E+03     -0.9571099034E+02
    0.1120000000E+03     -0.9624853976E+02
    0.1130000000E+03     -0.9677822823E+02
    0.1140000000E+03     -0.9730035837E+02
    0.1150000000E+03     -0.9781476091E+02
    0.1160000000E+03     -0.9832096722E+02
    0.1170000000E+03     -0.9881989593E+02
    0.1180000000E+03     -0.9931157392E+02
    0.1190000000E+03     -0.9979458336E+02
    0.1200000000E+03     -0.1002710103E+03
    0.1210000000E+03     -0.1007386488E+03
    0.1220000000E+03     -0.1011994233E+03
    0.1230000000E+03     -0.1016523371E+03
    0.1240000000E+03     -0.1020971842E+03
    0.1250000000E+03     -0.1025344627E+03
    0.1260000000E+03     -0.1029635197E+03
    0.1270000000E+03     -0.1033852888E+03
    0.1280000000E+03     -0.1037992654E+03
    0.1290000000E+03     -0.1042054095E+03
    0.1300000000E+03     -0.1046037536E+03
    0.1310000000E+03     -0.1049940946E+03
    0.1320000000E+03     -0.1053767566E+03
    0.1330000000E+03     -0.1057519591E+03
    0.1340000000E+03     -0.1061189178E+03
    0.1350000000E+03     -0.1064782384E+03
    0.1360000000E+03     -0.1068289093E+03
    0.1370000000E+03     -0.1071723308E+03
    0.1380000000E+03     -0.1075076097E+03
    0.1390000000E+03     -0.1078353661E+03
    0.1400000000E+03     -0.1081553850E+03
    0.1410000000E+03     -0.1084673687E+03
    0.1420000000E+03     -0.1087713240E+03
    0.1430000000E+03     -0.1090669740E+03
    0.1440000000E+03     -0.1093560228E+03
    0.1450000000E+03     -0.1096365188E+03
    0.1460000000E+03     -0.1099098575E+03
    0.1470000000E+03     -0.1101751945E+03
    0.1480000000E+03     -0.1104329568E+03
    0.1490000000E+03     -0.1106831091E+03
    0.1500000000E+03     -0.1109257806E+03
    0.1510000000E+03     -0.1111610961E+03
    0.1520000000E+03     -0.1113888044E+03
    0.1530000000E+03     -0.1116094900E+03
    0.1540000000E+03     -0.1118228932E+03
    0.1550000000E+03     -0.1120292518E+03
    0.1560000000E+03     -0.1122281662E+03
    0.1570000000E+03     -0.1124203203E+03
    0.1580000000E+03     -0.1126058675E+03
    0.1590000000E+03     -0.1127843540E+03
    0.1600000000E+03     -0.1129568462E+03
    0.1610000000E+03     -0.1131221835E+03
    0.1620000000E+03     -0.1132814910E+03
    0.1630000000E+03     -0.1134343577E+03
    0.1640000000E+03     -0.1135818696E+03
    0.1650000000E+03     -0.1137228434E+03
    0.1660000000E+03     -0.1138580221E+03
    0.1670000000E+03     -0.1139877547E+03
    0.1680000000E+03     -0.1141113411E+03
    0.1690000000E+03     -0.1142296095E+03
    0.1700000000E+03     -0.1143421208E+03
    0.1710000000E+03     -0.1144496335E+03
    0.1720000000E+03     -0.1145509338E+03
    0.1730000000E+03     -0.1146478348E+03
    0.1740000000E+03     -0.1147391264E+03
    0.1750000000E+03     -0.1148251784E+03
    0.1760000000E+03     -0.1149064458E+03
    0.1770000000E+03     -0.1149831038E+03
    0.1780000000E+03     -0.1150543466E+03
    0.1790000000E+03     -0.1151210772E+03
    0.1800000000E+03     -0.1151827496E+03
    0.1810000000E+03     -0.1152392965E+03
    0.1820000000E+03     -0.1152908949E+03
    0.1830000000E+03     -0.1153374395E+03
    0.1840000000E+03     -0.1153791795E+03
    0.1850000000E+03     -0.1154162599E+03
    0.1860000000E+03     -0.1154482469E+03
    0.1870000000E+03     -0.1154757517E+03
    0.1880000000E+03     -0.1154982868E+03
    0.1890000000E+03     -0.1155159341E+03
    0.1900000000E+03     -0.1155280749E+03
    0.1910000000E+03     -0.1155358285E+03
    0.1920000000E+03     -0.1155378884E+03
    0.1930000000E+03     -0.1155352718E+03
    0.1940000000E+03     -0.1155270332E+03
    0.1950000000E+03     -0.1155140292E+03
    0.1960000000E+03     -0.1154956645E+03
    0.1970000000E+03     -0.1154719520E+03
    0.1980000000E+03     -0.1154421955E+03
    0.1990000000E+03     -0.1154078061E+03
    0.2000000000E+03     -0.1153671025E+03
    0.2010000000E+03     -0.1153198837E+03
    0.2020000000E+03     -0.1152672888E+03
    0.2030000000E+03     -0.1152088182E+03
    0.2040000000E+03     -0.1151441101E+03
    0.2050000000E+03     -0.1150729812E+03
    0.2060000000E+03     -0.1149957257E+03
    0.2070000000E+03     -0.1149116258E+03
    0.2080000000E+03     -0.1148209874E+03
    0.2090000000E+03     -0.1147237663E+03
    0.2100000000E+03     -0.1146195420E+03
    0.2110000000E+03     -0.1145083634E+03
    0.2120000000E+03     -0.1143907153E+03
    0.2130000000E+03     -0.1142657017E+03
    0.2140000000E+03     -0.1141335177E+03
    0.2150000000E+03     -0.1139935816E+03
    0.2160000000E+03     -0.1138458916E+03
    0.2170000000E+03     -0.1136911526E+03
    0.2180000000E+03     -0.1135285910E+03
    0.2190000000E+03     -0.1133588929E+03
    0.2200000000E+03     -0.1131815326E+03
    0.2210000000E+03     -0.1129963119E+03
    0.2220000000E+03     -0.1128028545E+03
    0.2230000000E+03     -0.1126038600E+03
    0.2240000000E+03     -0.1123951877E+03
    0.2250000000E+03     -0.1121797578E+03
    0.2260000000E+03     -0.1119545985E+03
    0.2270000000E+03     -0.1117249354E+03
    0.2280000000E+03     -0.1114860446E+03
    0.2290000000E+03     -0.1112391180E+03
    0.2300000000E+03     -0.1109835119E+03
    0.2310000000E+03     -0.1107206614E+03
    0.2320000000E+03     -0.1104508128E+03
    0.2330000000E+03     -0.1101736254E+03
    0.2340000000E+03     -0.1098864207E+03
    0.2350000000E+03     -0.1095938437E+03
    0.2360000000E+03     -0.1092927778E+03
    0.2370000000E+03     -0.1089850640E+03
    0.2380000000E+03     -0.1086709910E+03
    0.2390000000E+03     -0.1083475508E+03
    0.2400000000E+03     -0.1080165262E+03
    0.2410000000E+03     -0.1076783062E+03
    0.2420000000E+03     -0.1073313926E+03
    0.2430000000E+03     -0.1069772902E+03
    0.2440000000E+03     -0.1066173959E+03
    0.2450000000E+03     -0.1062484448E+03
    0.2460000000E+03     -0.1058723096E+03
    0.2470000000E+03     -0.1054873890E+03
    0.2480000000E+03     -0.1050968477E+03
    0.2490000000E+03     -0.1046983464E+03
    0.2500000000E+03     -0.1042931307E+03
    0.2510000000E+03     -0.1038791514E+03
    0.2520000000E+03     -0.1034587123E+03
    0.2530000000E+03     -0.1030316603E+03
    0.2540000000E+03     -0.1025957333E+03
    0.2550000000E+03     -0.1021535083E+03
    0.2560000000E+03     -0.1017022385E+03
    0.2570000000E+03     -0.1012447470E+03
    0.2580000000E+03     -0.1007780796E+03
    0.2590000000E+03     -0.1003055400E+03
    0.2600000000E+03     -0.9982513569E+02
    0.2610000000E+03     -0.9933628522E+02
    0.2620000000E+03     -0.9884076951E+02
    0.2630000000E+03     -0.9833612058E+02
    0.2640000000E+03     -0.9782318835E+02
    0.2650000000E+03     -0.9730360910E+02
    0.2660000000E+03     -0.9677618695E+02
    0.2670000000E+03     -0.9623993449E+02
    0.2680000000E+03     -0.9569667306E+02
    0.2690000000E+03     -0.9514568627E+02
    0.2700000000E+03     -0.9458458440E+02
    0.2710000000E+03     -0.9401694332E+02
    0.2720000000E+03     -0.9343948078E+02
    0.2730000000E+03     -0.9285407793E+02
    0.2740000000E+03     -0.9226108337E+02
    0.2750000000E+03     -0.9165725844E+02
    0.2760000000E+03     -0.9104717588E+02
    0.2770000000E+03     -0.9042728933E+02
    0.2780000000E+03     -0.8979874587E+02
    0.2790000000E+03     -0.8916330261E+02
    0.2800000000E+03     -0.8851846026E+02
    0.2810000000E+03     -0.8786402192E+02
    0.2820000000E+03     -0.8720168034E+02
    0.2830000000E+03     -0.8653064208E+02
    0.2840000000E+03     -0.8585037145E+02
    0.2850000000E+03     -0.8516196961E+02
    0.2860000000E+03     -0.8446456651E+02
    0.2870000000E+03     -0.8375588426E+02
    0.2880000000E+03     -0.8304038973E+02
    0.2890000000E+03     -0.8231464652E+02
    0.2900000000E+03     -0.8158016040E+02
    0.2910000000E+03     -0.8083565674E+02
    0.2920000000E+03     -0.8008263960E+02
    0.2930000000E+03     -0.7932009003E+02
    0.2940000000E+03     -0.7854779827E+02
    0.2950000000E+03     -0.7776475541E+02
    0.2960000000E+03     -0.7697631349E+02
    0.2970000000E+03     -0.7617845197E+02
    0.2980000000E+03     -0.7537055037E+02
    0.2990000000E+03     -0.7455646392E+02
    0.3000000000E+03     -0.7372957173E+02
    0.3010000000E+03     -0.7289878466E+02
    0.3020000000E+03     -0.7205766294E+02
    0.3030000000E+03     -0.7120767989E+02
    0.3040000000E+03     -0.7034896393E+02
    0.3050000000E+03     -0.6948214177E+02
    0.3060000000E+03     -0.6860804626E+02
    0.3070000000E+03     -0.6772801857E+02
    0.3080000000E+03     -0.6684336812E+02
    0.3090000000E+03     -0.6595217065E+02
    0.3100000000E+03     -0.6505187602E+02
    0.3110000000E+03     -0.6414614706E+02
    0.3120000000E+03     -0.6323440819E+02
    0.3130000000E+03     -0.6232171052E+02
    0.3140000000E+03     -0.6140023176E+02
    0.3150000000E+03     -0.6047454575E+02
    0.3160000000E+03     -0.5954390113E+02
    0.3170000000E+03     -0.5861016090E+02
    0.3180000000E+03     -0.5767373024E+02
    0.3190000000E+03     -0.5673323259E+02
    0.3200000000E+03     -0.5579019600E+02
    0.3210000000E+03     -0.5484352275E+02
    0.3220000000E+03     -0.5389403316E+02
    0.3230000000E+03     -0.5294337404E+02
    0.3240000000E+03     -0.5198836191E+02
    0.3250000000E+03     -0.5103682971E+02
    0.3260000000E+03     -0.5008383400E+02
    0.3270000000E+03     -0.4912879594E+02
    0.3280000000E+03     -0.4817674917E+02
    0.3290000000E+03     -0.4722457643E+02
    0.3300000000E+03     -0.4626766533E+02
    0.3310000000E+03     -0.4531391872E+02
    0.3320000000E+03     -0.4436030803E+02
    0.3330000000E+03     -0.4341123039E+02
    0.3340000000E+03     -0.4246546846E+02
    0.3350000000E+03     -0.4151638348E+02
    0.3360000000E+03     -0.4057272474E+02
    0.3370000000E+03     -0.3963197472E+02
    0.3380000000E+03     -0.3869826852E+02
    0.3390000000E+03     -0.3776440567E+02
    0.3400000000E+03     -0.3683495258E+02
    0.3410000000E+03     -0.3591210077E+02
    0.3420000000E+03     -0.3499523397E+02
    0.3430000000E+03     -0.3408095223E+02
    0.3440000000E+03     -0.3317222633E+02
    0.3450000000E+03     -0.3226812570E+02
    0.3460000000E+03     -0.3137162187E+02
    0.3470000000E+03     -0.3048537206E+02
    0.3480000000E+03     -0.2959988042E+02
    0.3490000000E+03     -0.2873051821E+02
    0.3500000000E+03     -0.2786656356E+02
    0.3510000000E+03     -0.2700777461E+02
    0.3520000000E+03     -0.2615719668E+02
    0.3530000000E+03     -0.2531142829E+02
    0.3540000000E+03     -0.2447717052E+02
    0.3550000000E+03     -0.2365453494E+02
    0.3560000000E+03     -0.2284190724E+02
    0.3570000000E+03     -0.2203875719E+02
    0.3580000000E+03     -0.2124932874E+02
    0.3590000000E+03     -0.2047168059E+02
    0.3600000000E+03     -0.1970244707E+02
    0.3610000000E+03     -0.1894997287E+02
    0.3620000000E+03     -0.1820717384E+02
    0.3630000000E+03     -0.1747995817E+02
    0.3640000000E+03     -0.1675728517E+02
    0.3650000000E+03     -0.1605649249E+02
    0.3660000000E+03     -0.1537083893E+02
    0.3670000000E+03     -0.1469924468E+02
    0.3680000000E+03     -0.1404224748E+02
    0.3690000000E+03     -0.1339647419E+02
    0.3700000000E+03     -0.1277117444E+02
    0.3710000000E+03     -0.1215798994E+02
    0.3720000000E+03     -0.1155931345E+02
    0.3730000000E+03     -0.1097446818E+02
    0.3740000000E+03     -0.1041750317E+02
    0.3750000000E+03     -0.9876430345E+01
    0.3760000000E+03     -0.9346247421E+01
    0.3770000000E+03     -0.8835429762E+01
    0.3780000000E+03     -0.8345967563E+01
    0.3790000000E+03     -0.7880923996E+01
    0.3800000000E+03     -0.7427626912E+01
    0.3810000000E+03     -0.7005868894E+01
    0.3820000000E+03     -0.6597632280E+01
    0.3830000000E+03     -0.6206767220E+01
    0.3840000000E+03     -0.5847208349E+01
    0.3850000000E+03     -0.5511961148E+01
    0.3860000000E+03     -0.5198538345E+01
    0.3870000000E+03     -0.4908420503E+01
    0.3880000000E+03     -0.4645091728E+01
    0.3890000000E+03     -0.4406325952E+01
    0.3900000000E+03     -0.4184061856E+01
    0.3910000000E+03     -0.3980502045E+01
    0.3920000000E+03     -0.3813484044E+01
    0.3930000000E+03     -0.3677633675E+01
    0.3940000000E+03     -0.3554929481E+01
    0.3950000000E+03     -0.3467225642E+01
    0.3960000000E+03     -0.3411571847E+01
    0.3970000000E+03     -0.3382343271E+01
    0.3980000000E+03     -0.3381854136E+01
    0.3990000000E+03     -0.3405842089E+01
    0.4000000000E+03     -0.3465842449E+01
    0.4010000000E+03     -0.3555297997E+01
    0.4020000000E+03     -0.3680028683E+01
    0.4030000000E+03     -0.3827512058E+01
    0.4040000000E+03     -0.4018261943E+01
    0.4050000000E+03     -0.4235110720E+01
    0.4060000000E+03     -0.4486948365E+01
    0.4070000000E+03     -0.4767710474E+01
    0.4080000000E+03     -0.5085850873E+01
    0.4090000000E+03     -0.5436417285E+01
    0.4100000000E+03     -0.5824003282E+01
    0.4110000000E+03     -0.6247209675E+01
    0.4120000000E+03     -0.6714948790E+01
    0.4130000000E+03     -0.7220938176E+01
    0.4140000000E+03     -0.7747104188E+01
    0.4150000000E+03     -0.8331361963E+01
    0.4160000000E+03     -0.8929086965E+01
    0.4170000000E+03     -0.9585692120E+01
    0.4180000000E+03     -0.1027734477E+02
    0.4190000000E+03     -0.1100598089E+02
    0.4200000000E+03     -0.1178861048E+02
    0.4210000000E+03     -0.1260304982E+02
    0.4220000000E+03     -0.1346196999E+02
    0.4230000000E+03     -0.1436618060E+02
    0.4240000000E+03     -0.1529956121E+02
    0.4250000000E+03     -0.1629164900E+02
    0.4260000000E+03     -0.1732499342E+02
    0.4270000000E+03     -0.1840451566E+02
    0.4280000000E+03     -0.1954138949E+02
    0.4290000000E+03     -0.2071591666E+02
    0.4300000000E+03     -0.2194959886E+02
    0.4310000000E+03     -0.2322641932E+02
    0.4320000000E+03     -0.2457094307E+02
    0.4330000000E+03     -0.2595359541E+02
    0.4340000000E+03     -0.2738198114E+02
    0.4350000000E+03     -0.2885526386E+02
    0.4360000000E+03     -0.3038482192E+02
    0.4370000000E+03     -0.3196841636E+02
    0.4380000000E+03     -0.3358239567E+02
    0.4390000000E+03     -0.3528443972E+02
    0.4400000000E+03     -0.3704270472E+02
    0.4410000000E+03     -0.3884489478E+02
    0.4420000000E+03     -0.4070472427E+02
    0.4430000000E+03     -0.4261988963E+02
    0.4440000000E+03     -0.4460717331E+02
    0.4450000000E+03     -0.4662504997E+02
    0.4460000000E+03     -0.4871303761E+02
    0.4470000000E+03     -0.5085443103E+02
    0.4480000000E+03     -0.5305353108E+02
    0.4490000000E+03     -0.5532605683E+02
    0.4500000000E+03     -0.5764994123E+02
    0.4510000000E+03     -0.6004718159E+02
    0.4520000000E+03     -0.6251609662E+02
    0.4530000000E+03     -0.6504393178E+02
    0.4540000000E+03     -0.6761078996E+02
    0.4550000000E+03     -0.7024956145E+02
    0.4560000000E+03     -0.7298104195E+02
    0.4570000000E+03     -0.7573111610E+02
    0.4580000000E+03     -0.7858073966E+02
    0.4590000000E+03     -0.8151818218E+02
    0.4600000000E+03     -0.8450710303E+02
    0.4610000000E+03     -0.8753831731E+02
    0.4620000000E+03     -0.9065699817E+02
    0.4630000000E+03     -0.9382766001E+02
    0.4640000000E+03     -0.9710752851E+02
    0.4650000000E+03     -0.1004567102E+03
    0.4660000000E+03     -0.1038366410E+03
    0.4670000000E+03     -0.1073242576E+03
    0.4680000000E+03     -0.1108783414E+03
    0.4690000000E+03     -0.1145185079E+03
    0.4700000000E+03     -0.1182451121E+03
    0.4710000000E+03     -0.1220318107E+03
    0.4720000000E+03     -0.1259028589E+03
    0.4730000000E+03     -0.1298604781E+03
    0.4740000000E+03     -0.1339026371E+03
    0.4750000000E+03     -0.1380108928E+03
    0.4760000000E+03     -0.1422084091E+03
    0.4770000000E+03     -0.1464868658E+03
    0.4780000000E+03     -0.1509152214E+03
    0.4790000000E+03     -0.1553867505E+03
    0.4800000000E+03     -0.1599124984E+03
    0.4810000000E+03     -0.1645471965E+03
    0.4820000000E+03     -0.1692825277E+03
    0.4830000000E+03     -0.1740983136E+03
    0.4840000000E+03     -0.1789982321E+03
    0.4850000000E+03     -0.1839348500E+03
