    0.0000000000E+00     -0.1727221925E+02
    0.1000000000E+01     -0.1463767136E+02
    0.2000000000E+01     -0.1267731231E+02
    0.3000000000E+01     -0.1110335719E+02
    0.4000000000E+01     -0.9798158574E+01
    0.5000000000E+01     -0.8697149090E+01
    0.6000000000E+01     -0.7759507796E+01
    0.7000000000E+01     -0.6957273524E+01
    0.8000000000E+01     -0.6269843983E+01
    0.9000000000E+01     -0.5681584188E+01
    0.1000000000E+02     -0.5180077951E+01
    0.1100000000E+02     -0.4754876541E+01
    0.1200000000E+02     -0.4397998758E+01
    0.1300000000E+02     -0.4102735840E+01
    0.1400000000E+02     -0.3863350863E+01
    0.1500000000E+02     -0.3674518266E+01
    0.1600000000E+02     -0.3531372960E+01
    0.1700000000E+02     -0.3430271766E+01
    0.1800000000E+02     -0.3367996461E+01
    0.1900000000E+02     -0.3341399796E+01
    0.2000000000E+02     -0.3347737634E+01
    0.2100000000E+02     -0.3384613015E+01
    0.2200000000E+02     -0.3449538629E+01
    0.2300000000E+02     -0.3540629926E+01
    0.2400000000E+02     -0.3656112461E+01
    0.2500000000E+02     -0.3794174257E+01
    0.2600000000E+02     -0.3952930070E+01
    0.2700000000E+02     -0.4131388895E+01
    0.2800000000E+02     -0.4328266430E+01
    0.2900000000E+02     -0.4542176734E+01
    0.3000000000E+02     -0.4772064571E+01
    0.3100000000E+02     -0.5016873278E+01
    0.3200000000E+02     -0.5275272345E+01
    0.3300000000E+02     -0.5546632871E+01
    0.3400000000E+02     -0.5830104185E+01
    0.3500000000E+02     -0.6125137173E+01
    0.3600000000E+02     -0.6430485698E+01
    0.3700000000E+02     -0.6745234861E+01
    0.3800000000E+02     -0.7068552290E+01
    0.3900000000E+02     -0.7400185584E+01
    0.4000000000E+02     -0.7739903674E+01
    0.4100000000E+02     -0.8086938092E+01
    0.4200000000E+02     -0.8440720546E+01
    0.4300000000E+02     -0.8800676522E+01
    0.4400000000E+02     -0.9166224629E+01
    0.4500000000E+02     -0.9536647629E+01
    0.4600000000E+02     -0.9911988272E+01
    0.4700000000E+02     -0.1029155797E+02
    0.4800000000E+02     -0.1067524010E+02
    0.4900000000E+02     -0.1106203035E+02
    0.5000000000E+02     -0.1145187691E+02
    0.5100000000E+02     -0.1184471235E+02
    0.5200000000E+02     -0.1223999593E+02
    0.5300000000E+02     -0.1263731172E+02
    0.5400000000E+02     -0.1303620344E+02
    0.5500000000E+02     -0.1343656381E+02
    0.5600000000E+02     -0.1383842669E+02
    0.5700000000E+02     -0.1424124441E+02
    0.5800000000E+02     -0.1464475879E+02
    0.5900000000E+02     -0.1504827590E+02
    0.6000000000E+02     -0.1545294639E+02
    0.6100000000E+02     -0.1585742125E+02
    0.6200000000E+02     -0.1626204300E+02
    0.6300000000E+02     -0.1666611195E+02
    0.6400000000E+02     -0.1706981873E+02
    0.6500000000E+02     -0.1747234426E+02
    0.6600000000E+02     -0.1787425893E+02
    0.6700000000E+02     -0.1827502224E+02
    0.6800000000E+02     -0.1867453888E+02
    0.6900000000E+02     -0.1907228237E+02
    0.7000000000E+02     -0.1946881543E+02
    0.7100000000E+02     -0.1986353649E+02
    0.7200000000E+02     -0.2025677269E+02
    0.7300000000E+02     -0.2064803978E+02
    0.7400000000E+02     -0.2103712721E+02
    0.7500000000E+02     -0.2142396634E+02
    0.7600000000E+02     -0.2180845236E+02
    0.7700000000E+02     -0.2219080373E+02
    0.7800000000E+02     -0.2257040850E+02
    0.7900000000E+02     -0.2294736348E+02
    0.8000000000E+02     -0.2332234572E+02
    0.8100000000E+02     -0.2369408522E+02
    0.8200000000E+02     -0.2406301767E+02
    0.8300000000E+02     -0.2442882938E+02
    0.8400000000E+02     -0.2479188152E+02
    0.8500000000E+02     -0.2515168082E+02
    0.8600000000E+02     -0.2550789214E+02
    0.8700000000E+02     -0.2586070661E+02
    0.8800000000E+02     -0.2621039777E+02
    0.8900000000E+02     -0.2655745660E+02
    0.9000000000E+02     -0.2690054494E+02
    0.9100000000E+02     -0.2724105660E+02
    0.9200000000E+02     -0.2757843386E+02
    0.9300000000E+02     -0.2791209063E+02
    0.9400000000E+02     -0.2824183723E+02
    0.9500000000E+02     -0.2856878225E+02
    0.9600000000E+02     -0.2889175841E+02
    0.9700000000E+02     -0.2921144169E+02
    0.9800000000E+02     -0.2952664892E+02
    0.9900000000E+02     -0.2983794847E+02
    0.1000000000E+03     -0.3014521040E+02
    0.1010000000E+03     -0.3044918040E+02
    0.1020000000E+03     -0.3074942597E+02
    0.1030000000E+03     -0.3104626222E+02
    0.1040000000E+03     -0.3133898287E+02
    0.1050000000E+03     -0.3162812780E+02
    0.1060000000E+03     -0.3191263055E+02
    0.1070000000E+03     -0.3219350876E+02
    0.1080000000E+03     -0.3246942128E+02
    0.1090000000E+03     -0.3274164562E+02
    0.1100000000E+03     -0.3300983309E+02
    0.1110000000E+03     -0.3327432624E+02
    0.1120000000E+03     -0.3353452286E+02
    0.1130000000E+03     -0.3379090909E+02
    0.1140000000E+03     -0.3404355617E+02
    0.1150000000E+03     -0.3429219723E+02
    0.1160000000E+03     -0.3453623140E+02
    0.1170000000E+03     -0.3477636221E+02
    0.1180000000E+03     -0.3501217529E+02
    0.1190000000E+03     -0.3524449386E+02
    0.1200000000E+03     -0.3547151576E+02
    0.1210000000E+03     -0.3569596216E+02
    0.1220000000E+03     -0.3591593720E+02
    0.1230000000E+03     -0.3613120952E+02
    0.1240000000E+03     -0.3634289216E+02
    0.1250000000E+03     -0.3655000258E+02
    0.1260000000E+03     -0.3675260552E+02
    0.1270000000E+03     -0.3695238998E+02
    0.1280000000E+03     -0.3714716649E+02
    0.1290000000E+03     -0.3733775357E+02
    0.1300000000E+03     -0.3752267991E+02
    0.1310000000E+03     -0.3770482194E+02
    0.1320000000E+03     -0.3788302058E+02
    0.1330000000E+03     -0.3805662261E+02
    0.1340000000E+03     -0.3822638064E+02
    0.1350000000E+03     -0.3839165322E+02
    0.1360000000E+03     -0.3855251707E+02
    0.1370000000E+03     -0.3871025468E+02
    0.1380000000E+03     -0.3886367672E+02
    0.1390000000E+03     -0.3901261943E+02
    0.1400000000E+03     -0.3915735245E+02
    0.1410000000E+03     -0.3929897325E+02
    0.1420000000E+03     -0.3943509801E+02
    0.1430000000E+03     -0.3956769308E+02
    0.1440000000E+03     -0.3969565940E+02
    0.1450000000E+03     -0.3981926956E+02
    0.1460000000E+03     -0.3993901684E+02
    0.1470000000E+03     -0.4005390836E+02
    0.1480000000E+03     -0.4016544955E+02
    0.1490000000E+03     -0.4027343692E+02
    0.1500000000E+03     -0.4037662499E+02
    0.1510000000E+03     -0.4047582513E+02
    0.1520000000E+03     -0.4056978157E+02
    0.1530000000E+03     -0.4066097605E+02
    0.1540000000E+03     -0.4074742652E+02
    0.1550000000E+03     -0.4083000477E+02
    0.1560000000E+03     -0.4090897626E+02
    0.1570000000E+03     -0.4098382028E+02
    0.1580000000E+03     -0.4105382012E+02
    0.1590000000E+03     -0.4112025929E+02
    0.1600000000E+03     -0.4118282255E+02
    0.1610000000E+03     -0.4124075948E+02
    0.1620000000E+03     -0.4129467927E+02
    0.1630000000E+03     -0.4134395759E+02
    0.1640000000E+03     -0.4138918694E+02
    0.1650000000E+03     -0.4143079757E+02
    0.1660000000E+03     -0.4146797236E+02
    0.1670000000E+03     -0.4150077954E+02
    0.1680000000E+03     -0.4153076095E+02
    0.1690000000E+03     -0.4155544418E+02
    0.1700000000E+03     -0.4157602182E+02
    0.1710000000E+03     -0.4159292132E+02
    0.1720000000E+03     -0.4160578404E+02
    0.1730000000E+03     -0.4161322526E+02
    0.1740000000E+03     -0.4161343289E+02
    0.1750000000E+03     -0.4161361472E+02
    0.1760000000E+03     -0.4160921707E+02
    0.1770000000E+03     -0.4159824980E+02
    0.1780000000E+03     -0.4158513004E+02
    0.1790000000E+03     -0.4156784872E+02
    0.1800000000E+03     -0.4154833276E+02
    0.1810000000E+03     -0.4152253747E+02
    0.1820000000E+03     -0.4149321229E+02
    0.1830000000E+03     -0.4145961583E+02
    0.1840000000E+03     -0.4142171283E+02
    0.1850000000E+03     -0.4137982153E+02
    0.1860000000E+03     -0.4133444165E+02
    0.1870000000E+03     -0.4128563003E+02
    0.1880000000E+03     -0.4123150584E+02
    0.1890000000E+03     -0.4117370032E+02
    0.1900000000E+03     -0.4111164184E+02
    0.1910000000E+03     -0.4104486457E+02
    0.1920000000E+03     -0.4097467473E+02
    0.1930000000E+03     -0.4090052634E+02
    0.1940000000E+03     -0.4082077869E+02
    0.1950000000E+03     -0.4073778788E+02
    0.1960000000E+03     -0.4065058531E+02
    0.1970000000E+03     -0.4055989682E+02
    0.1980000000E+03     -0.4046348394E+02
    0.1990000000E+03     -0.4036395609E+02
    0.2000000000E+03     -0.4026027152E+02
    0.2010000000E+03     -0.4015184337E+02
    0.2020000000E+03     -0.4004041237E+02
    0.2030000000E+03     -0.3992418997E+02
    0.2040000000E+03     -0.3980428812E+02
    0.2050000000E+03     -0.3967980926E+02
    0.2060000000E+03     -0.3955160932E+02
    0.2070000000E+03     -0.3941956527E+02
    0.2080000000E+03     -0.3928361860E+02
    0.2090000000E+03     -0.3914306397E+02
    0.2100000000E+03     -0.3899834260E+02
    0.2110000000E+03     -0.3884916649E+02
    0.2120000000E+03     -0.3869680469E+02
    0.2130000000E+03     -0.3854149509E+02
    0.2140000000E+03     -0.3838060615E+02
    0.2150000000E+03     -0.3821567492E+02
    0.2160000000E+03     -0.3804687862E+02
    0.2170000000E+03     -0.3787497510E+02
    0.2180000000E+03     -0.3769959819E+02
    0.2190000000E+03     -0.3751982827E+02
    0.2200000000E+03     -0.3733666513E+02
    0.2210000000E+03     -0.3714845107E+02
    0.2220000000E+03     -0.3695661898E+02
    0.2230000000E+03     -0.3676103862E+02
    0.2240000000E+03     -0.3656133594E+02
    0.2250000000E+03     -0.3635787859E+02
    0.2260000000E+03     -0.3615003246E+02
    0.2270000000E+03     -0.3593808900E+02
    0.2280000000E+03     -0.3572317702E+02
    0.2290000000E+03     -0.3550449862E+02
    0.2300000000E+03     -0.3528220968E+02
    0.2310000000E+03     -0.3505640288E+02
    0.2320000000E+03     -0.3482754792E+02
    0.2330000000E+03     -0.3459433531E+02
    0.2340000000E+03     -0.3435702043E+02
    0.2350000000E+03     -0.3411563715E+02
    0.2360000000E+03     -0.3387178391E+02
    0.2370000000E+03     -0.3362359337E+02
    0.2380000000E+03     -0.3337164397E+02
    0.2390000000E+03     -0.3311509811E+02
    0.2400000000E+03     -0.3285608909E+02
    0.2410000000E+03     -0.3259395418E+02
    0.2420000000E+03     -0.3232830671E+02
    0.2430000000E+03     -0.3205901268E+02
    0.2440000000E+03     -0.3178690261E+02
    0.2450000000E+03     -0.3151154790E+02
    0.2460000000E+03     -0.3123271423E+02
    0.2470000000E+03     -0.3094940785E+02
    0.2480000000E+03     -0.3066217097E+02
    0.2490000000E+03     -0.3037345306E+02
    0.2500000000E+03     -0.3008261348E+02
    0.2510000000E+03     -0.2978773151E+02
    0.2520000000E+03     -0.2949001193E+02
    0.2530000000E+03     -0.2918784530E+02
    0.2540000000E+03     -0.2888407359E+02
    0.2550000000E+03     -0.2857811842E+02
    0.2560000000E+03     -0.2826761372E+02
    0.2570000000E+03     -0.2795518764E+02
    0.2580000000E+03     -0.2763997516E+02
    0.2590000000E+03     -0.2732275882E+02
    0.2600000000E+03     -0.2700311955E+02
    0.2610000000E+03     -0.2668089043E+02
    0.2620000000E+03     -0.2635535182E+02
    0.2630000000E+03     -0.2602709922E+02
    0.2640000000E+03     -0.2569876558E+02
    0.2650000000E+03     -0.2536792764E+02
    0.2660000000E+03     -0.2503364004E+02
    0.2670000000E+03     -0.2469794456E+02
    0.2680000000E+03     -0.2435909109E+02
    0.2690000000E+03     -0.2402154010E+02
    0.2700000000E+03     -0.2368012032E+02
    0.2710000000E+03     -0.2333644120E+02
    0.2720000000E+03     -0.2299234660E+02
    0.2730000000E+03     -0.2264754772E+02
    0.2740000000E+03     -0.2230096969E+02
    0.2750000000E+03     -0.2195284231E+02
    0.2760000000E+03     -0.2160354094E+02
    0.2770000000E+03     -0.2125423464E+02
    0.2780000000E+03     -0.2090332722E+02
    0.2790000000E+03     -0.2055234692E+02
    0.2800000000E+03     -0.2020029880E+02
    0.2810000000E+03     -0.1984606163E+02
    0.2820000000E+03     -0.1949351509E+02
    0.2830000000E+03     -0.1914100634E+02
    0.2840000000E+03     -0.1878660173E+02
    0.2850000000E+03     -0.1843165213E+02
    0.2860000000E+03     -0.1808012706E+02
    0.2870000000E+03     -0.1772724738E+02
    0.2880000000E+03     -0.1737542344E+02
    0.2890000000E+03     -0.1702312294E+02
    0.2900000000E+03     -0.1667129161E+02
    0.2910000000E+03     -0.1631997565E+02
    0.2920000000E+03     -0.1597089542E+02
    0.2930000000E+03     -0.1562172644E+02
    0.2940000000E+03     -0.1527393603E+02
    0.2950000000E+03     -0.1492813931E+02
    0.2960000000E+03     -0.1458375720E+02
    0.2970000000E+03     -0.1424276147E+02
    0.2980000000E+03     -0.1390302858E+02
    0.2990000000E+03     -0.1356291855E+02
    0.3000000000E+03     -0.1322679821E+02
    0.3010000000E+03     -0.1289260834E+02
    0.3020000000E+03     -0.1256485400E+02
    0.3030000000E+03     -0.1224039533E+02
    0.3040000000E+03     -0.1191800498E+02
    0.3050000000E+03     -0.1159528991E+02
    0.3060000000E+03     -0.1127936015E+02
    0.3070000000E+03     -0.1096875494E+02
    0.3080000000E+03     -0.1065939934E+02
    0.3090000000E+03     -0.1035557517E+02
    0.3100000000E+03     -0.1005135398E+02
    0.3110000000E+03     -0.9753027031E+01
    0.3120000000E+03     -0.9460484015E+01
    0.3130000000E+03     -0.9172916647E+01
    0.3140000000E+03     -0.8890935981E+01
    0.3150000000E+03     -0.8610484020E+01
    0.3160000000E+03     -0.8335548103E+01
    0.3170000000E+03     -0.8066589155E+01
    0.3180000000E+03     -0.7804119073E+01
    0.3190000000E+03     -0.7546585432E+01
    0.3200000000E+03     -0.7297885316E+01
    0.3210000000E+03     -0.7057565373E+01
    0.3220000000E+03     -0.6821276342E+01
    0.3230000000E+03     -0.6593579389E+01
    0.3240000000E+03     -0.6372313648E+01
    0.3250000000E+03     -0.6157444016E+01
    0.3260000000E+03     -0.5953079958E+01
    0.3270000000E+03     -0.5754302234E+01
    0.3280000000E+03     -0.5566867688E+01
    0.3290000000E+03     -0.5385383761E+01
    0.3300000000E+03     -0.5210526673E+01
    0.3310000000E+03     -0.5045291485E+01
    0.3320000000E+03     -0.4888170471E+01
    0.3330000000E+03     -0.4739709925E+01
    0.3340000000E+03     -0.4600178623E+01
    0.3350000000E+03     -0.4472946454E+01
    0.3360000000E+03     -0.4353238756E+01
    0.3370000000E+03     -0.4245264863E+01
    0.3380000000E+03     -0.4152433935E+01
    0.3390000000E+03     -0.4063045931E+01
    0.3400000000E+03     -0.3988629028E+01
    0.3410000000E+03     -0.3927319965E+01
    0.3420000000E+03     -0.3873814452E+01
    0.3430000000E+03     -0.3834712880E+01
    0.3440000000E+03     -0.3810196036E+01
    0.3450000000E+03     -0.3794259579E+01
    0.3460000000E+03     -0.3790877256E+01
    0.3470000000E+03     -0.3801231848E+01
    0.3480000000E+03     -0.3820542166E+01
    0.3490000000E+03     -0.3861205332E+01
    0.3500000000E+03     -0.3909311182E+01
    0.3510000000E+03     -0.3976172388E+01
    0.3520000000E+03     -0.4059199676E+01
    0.3530000000E+03     -0.4157627901E+01
    0.3540000000E+03     -0.4270808381E+01
    0.3550000000E+03     -0.4399472546E+01
    0.3560000000E+03     -0.4539156844E+01
    0.3570000000E+03     -0.4703089656E+01
    0.3580000000E+03     -0.4879513057E+01
    0.3590000000E+03     -0.5071868986E+01
    0.3600000000E+03     -0.5279072164E+01
    0.3610000000E+03     -0.5506903938E+01
    0.3620000000E+03     -0.5749236411E+01
    0.3630000000E+03     -0.5999840559E+01
    0.3640000000E+03     -0.6281675377E+01
    0.3650000000E+03     -0.6579418647E+01
    0.3660000000E+03     -0.6892137826E+01
    0.3670000000E+03     -0.7225292409E+01
    0.3680000000E+03     -0.7594468186E+01
    0.3690000000E+03     -0.7967520865E+01
    0.3700000000E+03     -0.8365615017E+01
    0.3710000000E+03     -0.8784284586E+01
    0.3720000000E+03     -0.9224190742E+01
    0.3730000000E+03     -0.9682435847E+01
    0.3740000000E+03     -0.1015919087E+02
    0.3750000000E+03     -0.1067094258E+02
    0.3760000000E+03     -0.1119522415E+02
    0.3770000000E+03     -0.1175208485E+02
    0.3780000000E+03     -0.1233234870E+02
    0.3790000000E+03     -0.1292919732E+02
    0.3800000000E+03     -0.1354370788E+02
    0.3810000000E+03     -0.1419599759E+02
    0.3820000000E+03     -0.1486460976E+02
    0.3830000000E+03     -0.1556467303E+02
    0.3840000000E+03     -0.1628918203E+02
    0.3850000000E+03     -0.1704439880E+02
    0.3860000000E+03     -0.1781376293E+02
    0.3870000000E+03     -0.1861276622E+02
    0.3880000000E+03     -0.1944380214E+02
    0.3890000000E+03     -0.2029719577E+02
    0.3900000000E+03     -0.2118454163E+02
    0.3910000000E+03     -0.2209820595E+02
    0.3920000000E+03     -0.2304642579E+02
    0.3930000000E+03     -0.2402534252E+02
    0.3940000000E+03     -0.2502296385E+02
    0.3950000000E+03     -0.2606166346E+02
    0.3960000000E+03     -0.2713262981E+02
    0.3970000000E+03     -0.2822630766E+02
    0.3980000000E+03     -0.2934586364E+02
    0.3990000000E+03     -0.3049321382E+02
    0.4000000000E+03     -0.3168646596E+02
    0.4010000000E+03     -0.3290150814E+02
    0.4020000000E+03     -0.3416077479E+02
    0.4030000000E+03     -0.3544292724E+02
    0.4040000000E+03     -0.3676199246E+02
    0.4050000000E+03     -0.3813006784E+02
    0.4060000000E+03     -0.3952852926E+02
    0.4070000000E+03     -0.4096174731E+02
    0.4080000000E+03     -0.4242650828E+02
    0.4090000000E+03     -0.4392543170E+02
    0.4100000000E+03     -0.4546850270E+02
    0.4110000000E+03     -0.4704429588E+02
    0.4120000000E+03     -0.4866176484E+02
    0.4130000000E+03     -0.5031553445E+02
    0.4140000000E+03     -0.5201044677E+02
    0.4150000000E+03     -0.5373067443E+02
    0.4160000000E+03     -0.5549423488E+02
    0.4170000000E+03     -0.5730191705E+02
    0.4180000000E+03     -0.5914393845E+02
    0.4190000000E+03     -0.6104569114E+02
    0.4200000000E+03     -0.6297622431E+02
    0.4210000000E+03     -0.6494392456E+02
    0.4220000000E+03     -0.6694577712E+02
    0.4230000000E+03     -0.6900852803E+02
    0.4240000000E+03     -0.7112085552E+02
    0.4250000000E+03     -0.7327947576E+02
    0.4260000000E+03     -0.7547367850E+02
    0.4270000000E+03     -0.7770941972E+02
    0.4280000000E+03     -0.8000639057E+02
    0.4290000000E+03     -0.8234923972E+02
    0.4300000000E+03     -0.8472730598E+02
    0.4310000000E+03     -0.8716847959E+02
    0.4320000000E+03     -0.8964730244E+02
    0.4330000000E+03     -0.9218618735E+02
    0.4340000000E+03     -0.9475142468E+02
    0.4350000000E+03     -0.9738431993E+02
    0.4360000000E+03     -0.1000769584E+03
    0.4370000000E+03     -0.1028045311E+03
    0.4380000000E+03     -0.1055771657E+03
    0.4390000000E+03     -0.1084119950E+03
    0.4400000000E+03     -0.1113150682E+03
    0.4410000000E+03     -0.1142521581E+03
    0.4420000000E+03     -0.1172483270E+03
    0.4430000000E+03     -0.1203007348E+03
    0.4440000000E+03     -0.1233965164E+03
    0.4450000000E+03     -0.1265846696E+03
    0.4460000000E+03     -0.1297901662E+03
    0.4470000000E+03     -0.1330475360E+03
    0.4480000000E+03     -0.1363622942E+03
    0.4490000000E+03     -0.1397286496E+03
    0.4500000000E+03     -0.1431977260E+03
    0.4510000000E+03     -0.1466856931E+03
    0.4520000000E+03     -0.1502303745E+03
    0.4530000000E+03     -0.1538574601E+03
    0.4540000000E+03     -0.1575475971E+03
    0.4550000000E+03     -0.1613021555E+03
    0.4560000000E+03     -0.1650975200E+03
    0.4570000000E+03     -0.1689646794E+03
    0.4580000000E+03     -0.1729190341E+03
    0.4590000000E+03     -0.1769031568E+03
    0.4600000000E+03     -0.1809679711E+03
    0.4610000000E+03     -0.1850889556E+03
    0.4620000000E+03     -0.1892896542E+03
    0.4630000000E+03     -0.1935419557E+03
    0.4640000000E+03     -0.1978667814E+03
    0.4650000000E+03     -0.2022409835E+03
    0.4660000000E+03     -0.2067055333E+03
    0.4670000000E+03     -0.2112482223E+03
    0.4680000000E+03     -0.2158578872E+03
    0.4690000000E+03     -0.2205470406E+03
    0.4700000000E+03     -0.2252901395E+03
    0.4710000000E+03     -0.2300697981E+03
    0.4720000000E+03     -0.2349597686E+03
    0.4730000000E+03     -0.2398986708E+03
    0.4740000000E+03     -0.2449484115E+03
    0.4750000000E+03     -0.2500682483E+03
    0.4760000000E+03     -0.2552709139E+03
    0.4770000000E+03     -0.2605528472E+03
    0.4780000000E+03     -0.2659127358E+03
    0.4790000000E+03     -0.2713149027E+03
    0.4800000000E+03     -0.2768047971E+03
    0.4810000000E+03     -0.2823910308E+03
    0.4820000000E+03     -0.2880279805E+03
    0.4830000000E+03     -0.2937639473E+03
    0.4840000000E+03     -0.2995891706E+03
    0.4850000000E+03     -0.3054725542E+03
