    0.00000000E+00      -2.173224519568770177E+02
    1.00000000E+00      -2.149834559728200531E+02
    2.00000000E+00      -2.133128499573371357E+02
    3.00000000E+00      -2.120229215417797661E+02
    4.00000000E+00      -2.109958447987022794E+02
    5.00000000E+00      -2.101672654825537450E+02
    6.00000000E+00      -2.094963567488170213E+02
    7.00000000E+00      -2.089548385097454286E+02
    8.00000000E+00      -2.085223550259410388E+02
    9.00000000E+00      -2.081830878000049836E+02
    1.00000000E+01      -2.079246211169096625E+02
    1.10000000E+01      -2.077369065224933422E+02
    1.20000000E+01      -2.076114134081448412E+02
    1.30000000E+01      -2.075414506844985283E+02
    1.40000000E+01      -2.075212072730804778E+02
    1.50000000E+01      -2.075453745183343983E+02
    1.60000000E+01      -2.076094225389691985E+02
    1.70000000E+01      -2.077096273643705047E+02
    1.80000000E+01      -2.078422851297813452E+02
    1.90000000E+01      -2.080044382734498924E+02
    2.00000000E+01      -2.081936730722240156E+02
    2.10000000E+01      -2.084071327211144364E+02
    2.20000000E+01      -2.086426892767935044E+02
    2.30000000E+01      -2.088980877989246494E+02
    2.40000000E+01      -2.091715258321068234E+02
    2.50000000E+01      -2.094615229944041914E+02
    2.60000000E+01      -2.097661903461716122E+02
    2.70000000E+01      -2.100839958473383433E+02
    2.80000000E+01      -2.104139185380930996E+02
    2.90000000E+01      -2.107545314988396115E+02
    3.00000000E+01      -2.111044477748959309E+02
    3.10000000E+01      -2.114627953272587604E+02
    3.20000000E+01      -2.118285552357132531E+02
    3.30000000E+01      -2.122006318809739298E+02
    3.40000000E+01      -2.125783807768761164E+02
    3.50000000E+01      -2.129606366423699058E+02
    3.60000000E+01      -2.133467681264313853E+02
    3.70000000E+01      -2.137357503500110454E+02
    3.80000000E+01      -2.141272303013405747E+02
    3.90000000E+01      -2.145202670209850169E+02
    4.00000000E+01      -2.149143038607011533E+02
    4.10000000E+01      -2.153088399358834124E+02
    4.20000000E+01      -2.157033101765713639E+02
    4.30000000E+01      -2.160971510173561967E+02
    4.40000000E+01      -2.164896038962337173E+02
    4.50000000E+01      -2.168799864208134807E+02
    4.60000000E+01      -2.172686024704757131E+02
    4.70000000E+01      -2.176540126074845887E+02
    4.80000000E+01      -2.180364696319024063E+02
    4.90000000E+01      -2.184150788186392731E+02
    5.00000000E+01      -2.187899071097648687E+02
    5.10000000E+01      -2.191608295699856228E+02
    5.20000000E+01      -2.195270373323741353E+02
    5.30000000E+01      -2.198887135422131962E+02
    5.40000000E+01      -2.202447890856577999E+02
    5.50000000E+01      -2.205954749352107740E+02
    5.60000000E+01      -2.209406841828762538E+02
    5.70000000E+01      -2.212798708847998626E+02
    5.80000000E+01      -2.216128176076612419E+02
    5.90000000E+01      -2.219391600800021536E+02
    6.00000000E+01      -2.222588973555988616E+02
    6.10000000E+01      -2.225718786023366249E+02
    6.20000000E+01      -2.228781696854433960E+02
    6.30000000E+01      -2.231768081703498012E+02
    6.40000000E+01      -2.234688147456194258E+02
    6.50000000E+01      -2.237534204445122725E+02
    6.60000000E+01      -2.240303559415782786E+02
    6.70000000E+01      -2.243000740148867465E+02
    6.80000000E+01      -2.245616526001407749E+02
    6.90000000E+01      -2.248164369653253800E+02
    7.00000000E+01      -2.250624359506922758E+02
    7.10000000E+01      -2.253008630940034038E+02
    7.20000000E+01      -2.255317251177779383E+02
    7.30000000E+01      -2.257544665416511691E+02
    7.40000000E+01      -2.259690849707270957E+02
    7.50000000E+01      -2.261757215723204411E+02
    7.60000000E+01      -2.263746824237327075E+02
    7.70000000E+01      -2.265662697335514224E+02
    7.80000000E+01      -2.267494967084652728E+02
    7.90000000E+01      -2.269246613384033537E+02
    8.00000000E+01      -2.270920287757921017E+02
    8.10000000E+01      -2.272510912284064091E+02
    8.20000000E+01      -2.274023351362715459E+02
    8.30000000E+01      -2.275460831565591491E+02
    8.40000000E+01      -2.276823221843964404E+02
    8.50000000E+01      -2.278103359638056702E+02
    8.60000000E+01      -2.279307573885465956E+02
    8.70000000E+01      -2.280431214473950661E+02
    8.80000000E+01      -2.281480672951596773E+02
    8.90000000E+01      -2.282454537652241982E+02
    9.00000000E+01      -2.283353778618196941E+02
    9.10000000E+01      -2.284177826646058804E+02
    9.20000000E+01      -2.284924207374728269E+02
    9.30000000E+01      -2.285594326617005265E+02
    9.40000000E+01      -2.286200074090897090E+02
    9.50000000E+01      -2.286719552318840272E+02
    9.60000000E+01      -2.287163105905796385E+02
    9.70000000E+01      -2.287531266569434649E+02
    9.80000000E+01      -2.287839546681656486E+02
    9.90000000E+01      -2.288064649704187161E+02
    1.00000000E+02      -2.288231431148755348E+02
    1.01000000E+02      -2.288317452206551081E+02
    1.02000000E+02      -2.288320942624281145E+02
    1.03000000E+02      -2.288272428741487658E+02
    1.04000000E+02      -2.288148190740770644E+02
    1.05000000E+02      -2.287948559192749656E+02
    1.06000000E+02      -2.287679629647913373E+02
    1.07000000E+02      -2.287340186017840153E+02
    1.08000000E+02      -2.286934059621575273E+02
    1.09000000E+02      -2.286442806022982097E+02
    1.10000000E+02      -2.285886785900960660E+02
    1.11000000E+02      -2.285265043990961260E+02
    1.12000000E+02      -2.284580779942492939E+02
    1.13000000E+02      -2.283817233369494772E+02
    1.14000000E+02      -2.282994152536424792E+02
    1.15000000E+02      -2.282094784994418717E+02
    1.16000000E+02      -2.281119236881653762E+02
    1.17000000E+02      -2.280074371128152109E+02
    1.18000000E+02      -2.278969277740265227E+02
    1.19000000E+02      -2.277800434139366246E+02
    1.20000000E+02      -2.276561162730953640E+02
    1.21000000E+02      -2.275260033326498217E+02
    1.22000000E+02      -2.273880733941490746E+02
    1.23000000E+02      -2.272433161463863200E+02
    1.24000000E+02      -2.270916916060536153E+02
    1.25000000E+02      -2.269345591262257642E+02
    1.26000000E+02      -2.267703547972063518E+02
    1.27000000E+02      -2.266003172756913102E+02
    1.28000000E+02      -2.264219780844445324E+02
    1.29000000E+02      -2.262386753888144142E+02
    1.30000000E+02      -2.260473974031205273E+02
    1.31000000E+02      -2.258495713494061476E+02
    1.32000000E+02      -2.256454308566912061E+02
    1.33000000E+02      -2.254347776892404056E+02
    1.34000000E+02      -2.252170453596203572E+02
    1.35000000E+02      -2.249926880666329509E+02
    1.36000000E+02      -2.247617564826081491E+02
    1.37000000E+02      -2.245232808348531819E+02
    1.38000000E+02      -2.242785454868148065E+02
    1.39000000E+02      -2.240278443406145072E+02
    1.40000000E+02      -2.237708967324155367E+02
    1.41000000E+02      -2.235064561905614084E+02
    1.42000000E+02      -2.232362001741579718E+02
    1.43000000E+02      -2.229595212401631272E+02
    1.44000000E+02      -2.226751181777375734E+02
    1.45000000E+02      -2.223850450157928265E+02
    1.46000000E+02      -2.220875978787238694E+02
    1.47000000E+02      -2.217837849029614574E+02
    1.48000000E+02      -2.214733851622599161E+02
    1.49000000E+02      -2.211568998327287829E+02
    1.50000000E+02      -2.208358074920992351E+02
    1.51000000E+02      -2.205076954670525140E+02
    1.52000000E+02      -2.201739784314571864E+02
    1.53000000E+02      -2.198338213833789325E+02
    1.54000000E+02      -2.194873993523227966E+02
    1.55000000E+02      -2.191360791617347843E+02
    1.56000000E+02      -2.187766672655283458E+02
    1.57000000E+02      -2.184115975548787958E+02
    1.58000000E+02      -2.180397217486328429E+02
    1.59000000E+02      -2.176627270072507656E+02
    1.60000000E+02      -2.172800123722567207E+02
    1.61000000E+02      -2.168906893016113884E+02
    1.62000000E+02      -2.164951175179607219E+02
    1.63000000E+02      -2.160935411351541973E+02
    1.64000000E+02      -2.156866611205781794E+02
    1.65000000E+02      -2.152740791175323523E+02
    1.66000000E+02      -2.148556286602555758E+02
    1.67000000E+02      -2.144314081040951407E+02
    1.68000000E+02      -2.140033385111759401E+02
    1.69000000E+02      -2.135686584958615697E+02
    1.70000000E+02      -2.131278466480593181E+02
    1.71000000E+02      -2.126820154959144986E+02
    1.72000000E+02      -2.122306538709248400E+02
    1.73000000E+02      -2.117738290539286083E+02
    1.74000000E+02      -2.113108336989111251E+02
    1.75000000E+02      -2.108432510656579382E+02
    1.76000000E+02      -2.103693839435740358E+02
    1.77000000E+02      -2.098905346275581962E+02
    1.78000000E+02      -2.094067758455215937E+02
    1.79000000E+02      -2.089170404012124038E+02
    1.80000000E+02      -2.084227123778122461E+02
    1.81000000E+02      -2.079226470436709917E+02
    1.82000000E+02      -2.074175693898736483E+02
    1.83000000E+02      -2.069074293801835722E+02
    1.84000000E+02      -2.063912648233394123E+02
    1.85000000E+02      -2.058698254733621127E+02
    1.86000000E+02      -2.053440195997985995E+02
    1.87000000E+02      -2.048112043173327095E+02
    1.88000000E+02      -2.042734915696359224E+02
    1.89000000E+02      -2.037298962588696725E+02
    1.90000000E+02      -2.031808002584888584E+02
    1.91000000E+02      -2.026252634414280749E+02
    1.92000000E+02      -2.020658743531252242E+02
    1.93000000E+02      -2.015001134989592231E+02
    1.94000000E+02      -2.009282970007783717E+02
    1.95000000E+02      -2.003517191424774921E+02
    1.96000000E+02      -1.997662919977023250E+02
    1.97000000E+02      -1.991766873987666315E+02
    1.98000000E+02      -1.985806132877054608E+02
    1.99000000E+02      -1.979791464405874706E+02
    2.00000000E+02      -1.973701644403203375E+02
    2.01000000E+02      -1.967559176572407580E+02
    2.02000000E+02      -1.961372291206656939E+02
    2.03000000E+02      -1.955112768733683026E+02
    2.04000000E+02      -1.948780648532132602E+02
    2.05000000E+02      -1.942395206567174739E+02
    2.06000000E+02      -1.935949591312832183E+02
    2.07000000E+02      -1.929448193007423527E+02
    2.08000000E+02      -1.922881812332938409E+02
    2.09000000E+02      -1.916248693187530137E+02
    2.10000000E+02      -1.909543763630366868E+02
    2.11000000E+02      -1.902791335471714831E+02
    2.12000000E+02      -1.895965232882457769E+02
    2.13000000E+02      -1.889081943918294257E+02
    2.14000000E+02      -1.882134670071112907E+02
    2.15000000E+02      -1.875131597647718138E+02
    2.16000000E+02      -1.868062812449219621E+02
    2.17000000E+02      -1.860932414932916856E+02
    2.18000000E+02      -1.853735133636086232E+02
    2.19000000E+02      -1.846479558184086329E+02
    2.20000000E+02      -1.839156667795772648E+02
    2.21000000E+02      -1.831761661568465627E+02
    2.22000000E+02      -1.824303361690412260E+02
    2.23000000E+02      -1.816792814702070302E+02
    2.24000000E+02      -1.809184063294245846E+02
    2.25000000E+02      -1.801552972843213922E+02
    2.26000000E+02      -1.793825309233083374E+02
    2.27000000E+02      -1.786039920761990345E+02
    2.28000000E+02      -1.778188145808684624E+02
    2.29000000E+02      -1.770275379552780635E+02
    2.30000000E+02      -1.762302840622882343E+02
    2.31000000E+02      -1.754254074311624265E+02
    2.32000000E+02      -1.746147683452158219E+02
    2.33000000E+02      -1.737986860799877888E+02
    2.34000000E+02      -1.729755846209167487E+02
    2.35000000E+02      -1.721470024239546603E+02
    2.36000000E+02      -1.713100422630826927E+02
    2.37000000E+02      -1.704662154180272466E+02
    2.38000000E+02      -1.696172253804556078E+02
    2.39000000E+02      -1.687588980459417201E+02
    2.40000000E+02      -1.678961448102067209E+02
    2.41000000E+02      -1.670231665110490269E+02
    2.42000000E+02      -1.661498522768537498E+02
    2.43000000E+02      -1.652669300509891457E+02
    2.44000000E+02      -1.643778131004231966E+02
    2.45000000E+02      -1.634806053378428317E+02
    2.46000000E+02      -1.625778101888294316E+02
    2.47000000E+02      -1.616705958909164167E+02
    2.48000000E+02      -1.607526471222094244E+02
    2.49000000E+02      -1.598291727768531985E+02
    2.50000000E+02      -1.589033834881423957E+02
    2.51000000E+02      -1.579657696223161167E+02
    2.52000000E+02      -1.570218631204492397E+02
    2.53000000E+02      -1.560691954314983434E+02
    2.54000000E+02      -1.551114356825868583E+02
    2.55000000E+02      -1.541475783533691413E+02
    2.56000000E+02      -1.531738167203306205E+02
    2.57000000E+02      -1.521981830090093410E+02
    2.58000000E+02      -1.512127834370634503E+02
    2.59000000E+02      -1.502228088209680266E+02
    2.60000000E+02      -1.492230319823878801E+02
    2.61000000E+02      -1.482179587803124434E+02
    2.62000000E+02      -1.472038593132323570E+02
    2.63000000E+02      -1.461835472316755897E+02
    2.64000000E+02      -1.451555157949491388E+02
    2.65000000E+02      -1.441231835240772909E+02
    2.66000000E+02      -1.430843668608735300E+02
    2.67000000E+02      -1.420364035357064552E+02
    2.68000000E+02      -1.409786422791234202E+02
    2.69000000E+02      -1.399141722755315698E+02
    2.70000000E+02      -1.388423247074983067E+02
    2.71000000E+02      -1.377627315214644170E+02
    2.72000000E+02      -1.366794540505665339E+02
    2.73000000E+02      -1.355862818654435671E+02
    2.74000000E+02      -1.344858637909213996E+02
    2.75000000E+02      -1.333775486856042392E+02
    2.76000000E+02      -1.322635660204845465E+02
    2.77000000E+02      -1.311413243942237443E+02
    2.78000000E+02      -1.300126502167708225E+02
    2.79000000E+02      -1.288765604117228634E+02
    2.80000000E+02      -1.277337848663604802E+02
    2.81000000E+02      -1.265811783457915283E+02
    2.82000000E+02      -1.254220660280711002E+02
    2.83000000E+02      -1.242560245157959855E+02
    2.84000000E+02      -1.230821918429150230E+02
    2.85000000E+02      -1.219015743272188104E+02
    2.86000000E+02      -1.207177289361874557E+02
    2.87000000E+02      -1.195231377953472531E+02
    2.88000000E+02      -1.183226958767785675E+02
    2.89000000E+02      -1.171172929213657028E+02
    2.90000000E+02      -1.159040407937294788E+02
    2.91000000E+02      -1.146820063454373724E+02
    2.92000000E+02      -1.134548222737661547E+02
    2.93000000E+02      -1.122232653327095306E+02
    2.94000000E+02      -1.109871180232889003E+02
    2.95000000E+02      -1.097449959687232024E+02
    2.96000000E+02      -1.084966106853256917E+02
    2.97000000E+02      -1.072448775436072594E+02
    2.98000000E+02      -1.059862671069144255E+02
    2.99000000E+02      -1.047226792216110027E+02
    3.00000000E+02      -1.034561015077210016E+02
    3.01000000E+02      -1.021841026836349613E+02
    3.02000000E+02      -1.009068264917745239E+02
    3.03000000E+02      -9.962952059701038365E+01
    3.04000000E+02      -9.834435549874743288E+01
    3.05000000E+02      -9.705582703494420116E+01
    3.06000000E+02      -9.576921014495147233E+01
    3.07000000E+02      -9.447999549967190092E+01
    3.08000000E+02      -9.318350042410148149E+01
    3.09000000E+02      -9.188561377076385384E+01
    3.10000000E+02      -9.058425973060494130E+01
    3.11000000E+02      -8.928083054635627036E+01
    3.12000000E+02      -8.797770326242735450E+01
    3.13000000E+02      -8.667262090004933839E+01
    3.14000000E+02      -8.536858370278915231E+01
    3.15000000E+02      -8.406237782545341020E+01
    3.16000000E+02      -8.275439800655422573E+01
    3.17000000E+02      -8.144658914378797476E+01
    3.18000000E+02      -8.013303480700542991E+01
    3.19000000E+02      -7.882628842194517915E+01
    3.20000000E+02      -7.751843991300975745E+01
    3.21000000E+02      -7.621205256304656928E+01
    3.22000000E+02      -7.490626592266326611E+01
    3.23000000E+02      -7.359899911082302992E+01
    3.24000000E+02      -7.229397269601886933E+01
    3.25000000E+02      -7.099313653407571678E+01
    3.26000000E+02      -6.969478116704104309E+01
    3.27000000E+02      -6.839477821307210093E+01
    3.28000000E+02      -6.710034548778040175E+01
    3.29000000E+02      -6.580891070825001066E+01
    3.30000000E+02      -6.451966645576013093E+01
    3.31000000E+02      -6.323767891673325181E+01
    3.32000000E+02      -6.195436561743682802E+01
    3.33000000E+02      -6.067828586448869288E+01
    3.34000000E+02      -5.940540302319406152E+01
    3.35000000E+02      -5.813594064077316403E+01
    3.36000000E+02      -5.687027084997809112E+01
    3.37000000E+02      -5.561063917384436905E+01
    3.38000000E+02      -5.436585043424694419E+01
    3.39000000E+02      -5.312002564252308190E+01
    3.40000000E+02      -5.188095210662996948E+01
    3.41000000E+02      -5.064859381581610620E+01
    3.42000000E+02      -4.942292776874220550E+01
    3.43000000E+02      -4.820367672325065911E+01
    3.44000000E+02      -4.699097410550294995E+01
    3.45000000E+02      -4.579557630403852642E+01
    3.46000000E+02      -4.460901252862951338E+01
    3.47000000E+02      -4.342557694956614256E+01
    3.48000000E+02      -4.224925856742030561E+01
    3.49000000E+02      -4.108263512615068436E+01
    3.50000000E+02      -3.992844930694392502E+01
    3.51000000E+02      -3.878108458274929404E+01
    3.52000000E+02      -3.764312739957077980E+01
    3.53000000E+02      -3.651216700890055478E+01
    3.54000000E+02      -3.540097864072723866E+01
    3.55000000E+02      -3.429771403510077477E+01
    3.56000000E+02      -3.320711214824533641E+01
    3.57000000E+02      -3.213102645364543974E+01
    3.58000000E+02      -3.106684204524336934E+01
    3.59000000E+02      -3.001794475068292201E+01
    3.60000000E+02      -2.896966475861101031E+01
    3.61000000E+02      -2.794577100391453683E+01
    3.62000000E+02      -2.693686817873223305E+01
    3.63000000E+02      -2.593126568554854572E+01
    3.64000000E+02      -2.494755231270520568E+01
    3.65000000E+02      -2.398184123735828877E+01
    3.66000000E+02      -2.303016086209519386E+01
    3.67000000E+02      -2.209465994553594470E+01
    3.68000000E+02      -2.117294617959252179E+01
    3.69000000E+02      -2.027194967407687187E+01
    3.70000000E+02      -1.938488140872633636E+01
    3.71000000E+02      -1.851834310947871387E+01
    3.72000000E+02      -1.767394431012636602E+01
    3.73000000E+02      -1.684583604901983023E+01
    3.74000000E+02      -1.602990390996402681E+01
    3.75000000E+02      -1.524105547096534075E+01
    3.76000000E+02      -1.446694567876821758E+01
    3.77000000E+02      -1.371864059714554251E+01
    3.78000000E+02      -1.298999086635141076E+01
    3.79000000E+02      -1.228124826106196643E+01
    3.80000000E+02      -1.158750595299480857E+01
    3.81000000E+02      -1.092520307128271462E+01
    3.82000000E+02      -1.026922865196084977E+01
    3.83000000E+02      -9.647089211577087653E+00
    3.84000000E+02      -9.045936815049037349E+00
    3.85000000E+02      -8.474560795891568077E+00
    3.86000000E+02      -7.920301780411511672E+00
    3.87000000E+02      -7.391037367358341825E+00
    3.88000000E+02      -6.881280009708836687E+00
    3.89000000E+02      -6.397497952989771974E+00
    3.90000000E+02      -5.947996308169797075E+00
    3.91000000E+02      -5.524429304832130683E+00
    3.92000000E+02      -5.123597104176417005E+00
    3.93000000E+02      -4.763229231424167764E+00
    3.94000000E+02      -4.411772947832480085E+00
    3.95000000E+02      -4.092669472638055694E+00
    3.96000000E+02      -3.817645429707602123E+00
    3.97000000E+02      -3.565948994671464423E+00
    3.98000000E+02      -3.338324005556762675E+00
    3.99000000E+02      -3.139335316912740925E+00
    4.00000000E+02      -2.969871343653187612E+00
    4.01000000E+02      -2.827912591937467912E+00
    4.02000000E+02      -2.721534669706136444E+00
    4.03000000E+02      -2.650049262288496355E+00
    4.04000000E+02      -2.611268785390541414E+00
    4.05000000E+02      -2.606736613977238992E+00
    4.06000000E+02      -2.639438461120710233E+00
    4.07000000E+02      -2.711581299388319710E+00
    4.08000000E+02      -2.818794414475098709E+00
    4.09000000E+02      -2.954438883419618467E+00
    4.10000000E+02      -3.132091229389891485E+00
    4.11000000E+02      -3.342801261068791607E+00
    4.12000000E+02      -3.583157196249351362E+00
    4.13000000E+02      -3.848653755457610348E+00
    4.14000000E+02      -4.169173465882897389E+00
    4.15000000E+02      -4.526955468421340001E+00
    4.16000000E+02      -4.913365246569275868E+00
    4.17000000E+02      -5.357384225893303764E+00
    4.18000000E+02      -5.829181831171274197E+00
    4.19000000E+02      -6.348478239569351089E+00
    4.20000000E+02      -6.908301896256864083E+00
    4.21000000E+02      -7.512966183088257921E+00
    4.22000000E+02      -8.160728535921782267E+00
    4.23000000E+02      -8.864314210908025515E+00
    4.24000000E+02      -9.587750195599630487E+00
    4.25000000E+02      -1.036754053279711307E+01
    4.26000000E+02      -1.120418417228339614E+01
    4.27000000E+02      -1.208989566525398196E+01
    4.28000000E+02      -1.301741922328202428E+01
    4.29000000E+02      -1.399185379089741410E+01
    4.30000000E+02      -1.499808301295107604E+01
    4.31000000E+02      -1.607011386200739622E+01
    4.32000000E+02      -1.718639868132724047E+01
    4.33000000E+02      -1.834349904659158170E+01
    4.34000000E+02      -1.957388458198821723E+01
    4.35000000E+02      -2.082511077735527039E+01
    4.36000000E+02      -2.214470542183099866E+01
    4.37000000E+02      -2.350631193847349465E+01
    4.38000000E+02      -2.490215782665601552E+01
    4.39000000E+02      -2.637775960548734844E+01
    4.40000000E+02      -2.791955245968839705E+01
    4.41000000E+02      -2.949795315142674923E+01
    4.42000000E+02      -3.112155501668295443E+01
    4.43000000E+02      -3.282155339753209233E+01
    4.44000000E+02      -3.458749968961766541E+01
    4.45000000E+02      -3.640082416108763397E+01
    4.46000000E+02      -3.826636296727648556E+01
    4.47000000E+02      -4.017485708541190803E+01
    4.48000000E+02      -4.215932512593409598E+01
    4.49000000E+02      -4.419840326912655115E+01
    4.50000000E+02      -4.634658882611385167E+01
    4.51000000E+02      -4.850297988842195451E+01
    4.52000000E+02      -5.074844796194648922E+01
    4.53000000E+02      -5.304855235580308914E+01
    4.54000000E+02      -5.540523439420341134E+01
    4.55000000E+02      -5.781241990284016907E+01
    4.56000000E+02      -6.030545887381723702E+01
    4.57000000E+02      -6.285596757389559031E+01
    4.58000000E+02      -6.544162573579652076E+01
    4.59000000E+02      -6.810800049018999403E+01
    4.60000000E+02      -7.086705156004009609E+01
    4.61000000E+02      -7.371100290406448607E+01
    4.62000000E+02      -7.658852113464800482E+01
    4.63000000E+02      -7.953654769512777989E+01
    4.64000000E+02      -8.258121981432614689E+01
    4.65000000E+02      -8.569207998814945881E+01
    4.66000000E+02      -8.887289204269600873E+01
    4.67000000E+02      -9.213660581976128583E+01
    4.68000000E+02      -9.548905988394236033E+01
    4.69000000E+02      -9.887651785260950987E+01
    4.70000000E+02      -1.023428323034471816E+02
    4.71000000E+02      -1.059015940025723523E+02
    4.72000000E+02      -1.095511835302035308E+02
    4.73000000E+02      -1.132579129103845901E+02
    4.74000000E+02      -1.170113297682995892E+02
    4.75000000E+02      -1.208738792525413430E+02
    4.76000000E+02      -1.248242430042750186E+02
    4.77000000E+02      -1.288480488872895933E+02
    4.78000000E+02      -1.329283282543341613E+02
    4.79000000E+02      -1.371189595675836301E+02
    4.80000000E+02      -1.414145779773402012E+02
    4.81000000E+02      -1.457647453370313144E+02
    4.82000000E+02      -1.502049322175602413E+02
    4.83000000E+02      -1.547528114496539331E+02
    4.84000000E+02      -1.593490021823248810E+02
    4.85000000E+02      -1.641135075158248640E+02
    4.86000000E+02      -1.689005187913584507E+02
    4.87000000E+02      -1.738304041685345567E+02
    4.88000000E+02      -1.787977581306635386E+02
    4.89000000E+02      -1.838566635519540853E+02
    4.90000000E+02      -1.890262601103908366E+02
    4.91000000E+02      -1.942692663886859066E+02
    4.92000000E+02      -1.995830721276155657E+02
    4.93000000E+02      -2.050473985735601730E+02
    4.94000000E+02      -2.106190034081968463E+02
    4.95000000E+02      -2.162867376530352033E+02
    4.96000000E+02      -2.220634193123127318E+02
    4.97000000E+02      -2.278975364631782270E+02
    4.98000000E+02      -2.338360030691414124E+02
    4.99000000E+02      -2.398718928760658002E+02
    5.00000000E+02      -2.460917774069397694E+02
    5.01000000E+02      -2.522876701309154726E+02
    5.02000000E+02      -2.586403845523759060E+02
    5.03000000E+02      -2.650842316109496437E+02
    5.04000000E+02      -2.717282906275517576E+02
    5.05000000E+02      -2.783364855612903170E+02
    5.06000000E+02      -2.841538689211751603E+02
    5.07000000E+02      -2.843115315455519863E+02
    5.08000000E+02      -2.991293384056347691E+02
    5.09000000E+02      -3.028892911237939529E+02
    5.10000000E+02      -3.127395120585146628E+02
