    0.00000000E+00      -2.253802423533293009E+01
    1.00000000E+00      -2.179881294821629822E+01
    2.00000000E+00      -2.172018758841099739E+01
    3.00000000E+00      -2.201438538525494337E+01
    4.00000000E+00      -2.256339521641152501E+01
    5.00000000E+00      -2.330268555558527410E+01
    6.00000000E+00      -2.419152779532837272E+01
    7.00000000E+00      -2.520160727533752620E+01
    8.00000000E+00      -2.631217132793048918E+01
    9.00000000E+00      -2.750755349714549780E+01
    1.00000000E+01      -2.877534000231193900E+01
    1.10000000E+01      -3.010518268360997141E+01
    1.20000000E+01      -3.148868903708885014E+01
    1.30000000E+01      -3.291881344611997662E+01
    1.40000000E+01      -3.438976173131036518E+01
    1.50000000E+01      -3.589615731830949841E+01
    1.60000000E+01      -3.743322264338153360E+01
    1.70000000E+01      -3.899714827565717457E+01
    1.80000000E+01      -4.058423446612673757E+01
    1.90000000E+01      -4.219113835720586536E+01
    2.00000000E+01      -4.381493631731959937E+01
    2.10000000E+01      -4.545290267891491709E+01
    2.20000000E+01      -4.710263044415282963E+01
    2.30000000E+01      -4.876179865193794427E+01
    2.40000000E+01      -5.042850801516565440E+01
    2.50000000E+01      -5.210030852449367700E+01
    2.60000000E+01      -5.377560949912535904E+01
    2.70000000E+01      -5.545237706280554590E+01
    2.80000000E+01      -5.712908035940731821E+01
    2.90000000E+01      -5.880405246122050045E+01
    3.00000000E+01      -6.047554269973429797E+01
    3.10000000E+01      -6.214223252428005395E+01
    3.20000000E+01      -6.380280014644618092E+01
    3.30000000E+01      -6.545527147576453331E+01
    3.40000000E+01      -6.709867917332107368E+01
    3.50000000E+01      -6.873133850847611370E+01
    3.60000000E+01      -7.035198259707780721E+01
    3.70000000E+01      -7.195873598200509491E+01
    3.80000000E+01      -7.355017919843325558E+01
    3.90000000E+01      -7.512558993981460276E+01
    4.00000000E+01      -7.668383956472629848E+01
    4.10000000E+01      -7.822483288105817678E+01
    4.20000000E+01      -7.974797621397542002E+01
    4.30000000E+01      -8.125228760256672444E+01
    4.40000000E+01      -8.273922068304622712E+01
    4.50000000E+01      -8.420868612365106287E+01
    4.60000000E+01      -8.566023537451641801E+01
    4.70000000E+01      -8.709467634400593283E+01
    4.80000000E+01      -8.851214235699976030E+01
    4.90000000E+01      -8.991241640555912795E+01
    5.00000000E+01      -9.129618378733525219E+01
    5.10000000E+01      -9.266380225173438134E+01
    5.20000000E+01      -9.401573673454353752E+01
    5.30000000E+01      -9.535224120836014094E+01
    5.40000000E+01      -9.667333844681510868E+01
    5.50000000E+01      -9.797902743802646341E+01
    5.60000000E+01      -9.926989974552074614E+01
    5.70000000E+01      -1.005467327980348671E+02
    5.80000000E+01      -1.018092103943252766E+02
    5.90000000E+01      -1.030576050854777748E+02
    6.00000000E+01      -1.042919754719385708E+02
    6.10000000E+01      -1.055124886907195503E+02
    6.20000000E+01      -1.067195004143776202E+02
    6.30000000E+01      -1.079130452527222985E+02
    6.40000000E+01      -1.090933166607772762E+02
    6.50000000E+01      -1.102600452877139503E+02
    6.60000000E+01      -1.114141156063904816E+02
    6.70000000E+01      -1.125544327341975475E+02
    6.80000000E+01      -1.136826402161294425E+02
    6.90000000E+01      -1.147985265504592860E+02
    7.00000000E+01      -1.159015382456617260E+02
    7.10000000E+01      -1.169911503433739597E+02
    7.20000000E+01      -1.180683665588056499E+02
    7.30000000E+01      -1.191334173020930791E+02
    7.40000000E+01      -1.201852651706920767E+02
    7.50000000E+01      -1.212251813079254532E+02
    7.60000000E+01      -1.222524752221559936E+02
    7.70000000E+01      -1.232680152538722211E+02
    7.80000000E+01      -1.242716244766978377E+02
    7.90000000E+01      -1.252628724691947752E+02
    8.00000000E+01      -1.262415430523013526E+02
    8.10000000E+01      -1.272087443059334362E+02
    8.20000000E+01      -1.281635908152000809E+02
    8.30000000E+01      -1.291069630762120539E+02
    8.40000000E+01      -1.300400267404528165E+02
    8.50000000E+01      -1.309621835272317583E+02
    8.60000000E+01      -1.318726064402634108E+02
    8.70000000E+01      -1.327723590578442270E+02
    8.80000000E+01      -1.336617913207063282E+02
    8.90000000E+01      -1.345402584507154131E+02
    9.00000000E+01      -1.354087402783823961E+02
    9.10000000E+01      -1.362669473474869335E+02
    9.20000000E+01      -1.371152059615613723E+02
    9.30000000E+01      -1.379538165091560984E+02
    9.40000000E+01      -1.387828177833488041E+02
    9.50000000E+01      -1.396023796611023897E+02
    9.60000000E+01      -1.404119466830069030E+02
    9.70000000E+01      -1.412120559660741890E+02
    9.80000000E+01      -1.420040170781338418E+02
    9.90000000E+01      -1.427871538594389165E+02
    1.00000000E+02      -1.435611091894587332E+02
    1.01000000E+02      -1.443258325630357319E+02
    1.02000000E+02      -1.450819116712571883E+02
    1.03000000E+02      -1.458292776213982904E+02
    1.04000000E+02      -1.465685199515918100E+02
    1.05000000E+02      -1.472981336564315313E+02
    1.06000000E+02      -1.480182371244789863E+02
    1.07000000E+02      -1.487309892096580768E+02
    1.08000000E+02      -1.494340505113849247E+02
    1.09000000E+02      -1.501281238946156407E+02
    1.10000000E+02      -1.508138239023299718E+02
    1.11000000E+02      -1.514904101612536067E+02
    1.12000000E+02      -1.521584770579846406E+02
    1.13000000E+02      -1.528183299070713872E+02
    1.14000000E+02      -1.534684263091092760E+02
    1.15000000E+02      -1.541100785271754319E+02
    1.16000000E+02      -1.547418506702432239E+02
    1.17000000E+02      -1.553639437857108021E+02
    1.18000000E+02      -1.559770838073944503E+02
    1.19000000E+02      -1.565801935440884733E+02
    1.20000000E+02      -1.571739427112532610E+02
    1.21000000E+02      -1.577576547656697983E+02
    1.22000000E+02      -1.583308268082817847E+02
    1.23000000E+02      -1.588945775239752436E+02
    1.24000000E+02      -1.594481980924518609E+02
    1.25000000E+02      -1.599924646358029747E+02
    1.26000000E+02      -1.605253177248431200E+02
    1.27000000E+02      -1.610470839899988675E+02
    1.28000000E+02      -1.615587030582154000E+02
    1.29000000E+02      -1.620593216843461448E+02
    1.30000000E+02      -1.625482287225803191E+02
    1.31000000E+02      -1.630255030724709684E+02
    1.32000000E+02      -1.634908765808703208E+02
    1.33000000E+02      -1.639452839314961636E+02
    1.34000000E+02      -1.643871978403093124E+02
    1.35000000E+02      -1.648181491194316948E+02
    1.36000000E+02      -1.652361081087054515E+02
    1.37000000E+02      -1.656410735932202840E+02
    1.38000000E+02      -1.660344077768293971E+02
    1.39000000E+02      -1.664134226630465889E+02
    1.40000000E+02      -1.667807382201334292E+02
    1.41000000E+02      -1.671357205147413367E+02
    1.42000000E+02      -1.674775361766131425E+02
    1.43000000E+02      -1.678058885725239122E+02
    1.44000000E+02      -1.681210503026867116E+02
    1.45000000E+02      -1.684245160173648799E+02
    1.46000000E+02      -1.687156571054855192E+02
    1.47000000E+02      -1.689945803506323898E+02
    1.48000000E+02      -1.692605443075788969E+02
    1.49000000E+02      -1.695154477626109326E+02
    1.50000000E+02      -1.697590028287866915E+02
    1.51000000E+02      -1.699901075815340334E+02
    1.52000000E+02      -1.702087814761815423E+02
    1.53000000E+02      -1.704185994104971940E+02
    1.54000000E+02      -1.706185294650984758E+02
    1.55000000E+02      -1.708075008078502321E+02
    1.56000000E+02      -1.709875579071720892E+02
    1.57000000E+02      -1.711597395365150476E+02
    1.58000000E+02      -1.713241100996291095E+02
    1.59000000E+02      -1.714802824038104916E+02
    1.60000000E+02      -1.716283080345509404E+02
    1.61000000E+02      -1.717699669872434640E+02
    1.62000000E+02      -1.719029251705413515E+02
    1.63000000E+02      -1.720301874971972609E+02
    1.64000000E+02      -1.721508968379838223E+02
    1.65000000E+02      -1.722662130720471794E+02
    1.66000000E+02      -1.723753050184367055E+02
    1.67000000E+02      -1.724788767141779715E+02
    1.68000000E+02      -1.725764933173103088E+02
    1.69000000E+02      -1.726691518042260611E+02
    1.70000000E+02      -1.727561701981374824E+02
    1.71000000E+02      -1.728385696355743164E+02
    1.72000000E+02      -1.729161897320790047E+02
    1.73000000E+02      -1.729881389567652548E+02
    1.74000000E+02      -1.730559654615843499E+02
    1.75000000E+02      -1.731201058421773666E+02
    1.76000000E+02      -1.731787480204855854E+02
    1.77000000E+02      -1.732338038187498057E+02
    1.78000000E+02      -1.732860838633986020E+02
    1.79000000E+02      -1.733345943922666663E+02
    1.80000000E+02      -1.733787858014019037E+02
    1.81000000E+02      -1.734187493499392474E+02
    1.82000000E+02      -1.734556862100051546E+02
    1.83000000E+02      -1.734876490342920476E+02
    1.84000000E+02      -1.735165338463174010E+02
    1.85000000E+02      -1.735421840972756797E+02
    1.86000000E+02      -1.735647001928208226E+02
    1.87000000E+02      -1.735832742085238749E+02
    1.88000000E+02      -1.735986843370390886E+02
    1.89000000E+02      -1.736111101999902928E+02
    1.90000000E+02      -1.736185114835878665E+02
    1.91000000E+02      -1.736239786055428738E+02
    1.92000000E+02      -1.736248135550902987E+02
    1.93000000E+02      -1.736236394229834730E+02
    1.94000000E+02      -1.736188560345234180E+02
    1.95000000E+02      -1.736111274480843747E+02
    1.96000000E+02      -1.735999511038442904E+02
    1.97000000E+02      -1.735856715115276927E+02
    1.98000000E+02      -1.735671654101950878E+02
    1.99000000E+02      -1.735472676207335496E+02
    2.00000000E+02      -1.735222885443853045E+02
    2.01000000E+02      -1.734922510644445026E+02
    2.02000000E+02      -1.734597058098787272E+02
    2.03000000E+02      -1.734237697038823569E+02
    2.04000000E+02      -1.733836680334551090E+02
    2.05000000E+02      -1.733410313206748867E+02
    2.06000000E+02      -1.732937236628984863E+02
    2.07000000E+02      -1.732426016759617085E+02
    2.08000000E+02      -1.731878651783825660E+02
    2.09000000E+02      -1.731281070572348142E+02
    2.10000000E+02      -1.730640769321961159E+02
    2.11000000E+02      -1.729948813729477877E+02
    2.12000000E+02      -1.729211879340490157E+02
    2.13000000E+02      -1.728420374626783484E+02
    2.14000000E+02      -1.727580475495686585E+02
    2.15000000E+02      -1.726690259345831180E+02
    2.16000000E+02      -1.725743389036996120E+02
    2.17000000E+02      -1.724744632710261101E+02
    2.18000000E+02      -1.723683813936566764E+02
    2.19000000E+02      -1.722554866364715451E+02
    2.20000000E+02      -1.721355612839596176E+02
    2.21000000E+02      -1.720092254709942097E+02
    2.22000000E+02      -1.718760355429747904E+02
    2.23000000E+02      -1.717378670424712652E+02
    2.24000000E+02      -1.715907786617079580E+02
    2.25000000E+02      -1.714354932562472129E+02
    2.26000000E+02      -1.712727675072872842E+02
    2.27000000E+02      -1.711045392316790128E+02
    2.28000000E+02      -1.709269797737268561E+02
    2.29000000E+02      -1.707363721703203225E+02
    2.30000000E+02      -1.705390302523063326E+02
    2.31000000E+02      -1.703338033608650619E+02
    2.32000000E+02      -1.701209343164717609E+02
    2.33000000E+02      -1.698962549597980285E+02
    2.34000000E+02      -1.696600107835164124E+02
    2.35000000E+02      -1.694143093745713884E+02
    2.36000000E+02      -1.691564386699372733E+02
    2.37000000E+02      -1.688905583723006600E+02
    2.38000000E+02      -1.686088698904985392E+02
    2.39000000E+02      -1.683164207239659333E+02
    2.40000000E+02      -1.680101316224807704E+02
    2.41000000E+02      -1.676894645456248725E+02
    2.42000000E+02      -1.673583823405695910E+02
    2.43000000E+02      -1.670087296439358795E+02
    2.44000000E+02      -1.666448834345700050E+02
    2.45000000E+02      -1.662739201684506440E+02
    2.46000000E+02      -1.658832609996223653E+02
    2.47000000E+02      -1.654755507256394083E+02
    2.48000000E+02      -1.650546979106055403E+02
    2.49000000E+02      -1.646213342152094299E+02
    2.50000000E+02      -1.641765454842733050E+02
    2.51000000E+02      -1.637187012003758753E+02
    2.52000000E+02      -1.632483139371523464E+02
    2.53000000E+02      -1.627711465792288834E+02
    2.54000000E+02      -1.622816908811708743E+02
    2.55000000E+02      -1.617820776720089668E+02
    2.56000000E+02      -1.612730021786900068E+02
    2.57000000E+02      -1.607561297456757927E+02
    2.58000000E+02      -1.602292949350574816E+02
    2.59000000E+02      -1.596918364810315722E+02
    2.60000000E+02      -1.591449539885414595E+02
    2.61000000E+02      -1.585899450453487987E+02
    2.62000000E+02      -1.580233105717250908E+02
    2.63000000E+02      -1.574490379677643830E+02
    2.64000000E+02      -1.568636471929983998E+02
    2.65000000E+02      -1.562662456878950650E+02
    2.66000000E+02      -1.556658659116854722E+02
    2.67000000E+02      -1.550560071545677090E+02
    2.68000000E+02      -1.544355077604321593E+02
    2.69000000E+02      -1.538086212506076151E+02
    2.70000000E+02      -1.531711947420170361E+02
    2.71000000E+02      -1.525271145678615028E+02
    2.72000000E+02      -1.518747654632223600E+02
    2.73000000E+02      -1.512119488497754389E+02
    2.74000000E+02      -1.505420520334062928E+02
    2.75000000E+02      -1.498613096485404128E+02
    2.76000000E+02      -1.491714322639653290E+02
    2.77000000E+02      -1.484800264456333423E+02
    2.78000000E+02      -1.477793524575443769E+02
    2.79000000E+02      -1.470643489691918546E+02
    2.80000000E+02      -1.463418949761451984E+02
    2.81000000E+02      -1.456129379505781287E+02
    2.82000000E+02      -1.448703678444051945E+02
    2.83000000E+02      -1.441206095077121461E+02
    2.84000000E+02      -1.433638725262624973E+02
    2.85000000E+02      -1.425984753764258528E+02
    2.86000000E+02      -1.418235224960861558E+02
    2.87000000E+02      -1.410382493257546628E+02
    2.88000000E+02      -1.402417543728859926E+02
    2.89000000E+02      -1.394372281667800451E+02
    2.90000000E+02      -1.386196635661670769E+02
    2.91000000E+02      -1.377975457024784589E+02
    2.92000000E+02      -1.369589112767042423E+02
    2.93000000E+02      -1.361135075723776424E+02
    2.94000000E+02      -1.352554548185342753E+02
    2.95000000E+02      -1.343775806332031095E+02
    2.96000000E+02      -1.334983443883737380E+02
    2.97000000E+02      -1.326106856307504529E+02
    2.98000000E+02      -1.317020541599975729E+02
    2.99000000E+02      -1.307884292244469577E+02
    3.00000000E+02      -1.298590984403179789E+02
    3.01000000E+02      -1.289149460229581052E+02
    3.02000000E+02      -1.279623587704753334E+02
    3.03000000E+02      -1.269933806497627700E+02
    3.04000000E+02      -1.260060618129117245E+02
    3.05000000E+02      -1.250119981619553471E+02
    3.06000000E+02      -1.240041352524911815E+02
    3.07000000E+02      -1.229828643580457026E+02
    3.08000000E+02      -1.219437271550321782E+02
    3.09000000E+02      -1.208883440858242864E+02
    3.10000000E+02      -1.198213840637380088E+02
    3.11000000E+02      -1.187507292826684022E+02
    3.12000000E+02      -1.176633726694179529E+02
    3.13000000E+02      -1.165600571730663830E+02
    3.14000000E+02      -1.154438025160251016E+02
    3.15000000E+02      -1.143103228207235986E+02
    3.16000000E+02      -1.131734376841248775E+02
    3.17000000E+02      -1.120213289256697351E+02
    3.18000000E+02      -1.108550238297810608E+02
    3.19000000E+02      -1.096782829883066768E+02
    3.20000000E+02      -1.084906535917451436E+02
    3.21000000E+02      -1.072892085111724043E+02
    3.22000000E+02      -1.060798492876836860E+02
    3.23000000E+02      -1.048538490562258119E+02
    3.24000000E+02      -1.036214606145420873E+02
    3.25000000E+02      -1.023733318413631821E+02
    3.26000000E+02      -1.011117467126367444E+02
    3.27000000E+02      -9.984426474063897672E+01
    3.28000000E+02      -9.856229592538679185E+01
    3.29000000E+02      -9.726028092582950535E+01
    3.30000000E+02      -9.593528457433225753E+01
    3.31000000E+02      -9.460771128796281459E+01
    3.32000000E+02      -9.326646824442090633E+01
    3.33000000E+02      -9.189610731140950861E+01
    3.34000000E+02      -9.051936569116318765E+01
    3.35000000E+02      -8.912345202481614592E+01
    3.36000000E+02      -8.771618340285735371E+01
    3.37000000E+02      -8.628909770357662978E+01
    3.38000000E+02      -8.485012032445760610E+01
    3.39000000E+02      -8.340173335401581767E+01
    3.40000000E+02      -8.194761800468208435E+01
    3.41000000E+02      -8.048983538109118285E+01
    3.42000000E+02      -7.903120398782434108E+01
    3.43000000E+02      -7.757566934363225641E+01
    3.44000000E+02      -7.612455993779244068E+01
    3.45000000E+02      -7.467496693884262982E+01
    3.46000000E+02      -7.323299787966774943E+01
    3.47000000E+02      -7.179197185305187645E+01
    3.48000000E+02      -7.035381390857750716E+01
    3.49000000E+02      -6.891879821480492296E+01
    3.50000000E+02      -6.748323112358579579E+01
    3.51000000E+02      -6.605741545935401859E+01
    3.52000000E+02      -6.463099975772442463E+01
    3.53000000E+02      -6.320908908946680782E+01
    3.54000000E+02      -6.178908298169503865E+01
    3.55000000E+02      -6.037614346393625198E+01
    3.56000000E+02      -5.896733465050588308E+01
    3.57000000E+02      -5.756132183461691199E+01
    3.58000000E+02      -5.616231369069087265E+01
    3.59000000E+02      -5.477318269158954678E+01
    3.60000000E+02      -5.338487517000417171E+01
    3.61000000E+02      -5.200467663938420770E+01
    3.62000000E+02      -5.062916655331159888E+01
    3.63000000E+02      -4.926263411883505938E+01
    3.64000000E+02      -4.790750659844147918E+01
    3.65000000E+02      -4.656806331947687028E+01
    3.66000000E+02      -4.523355426434668658E+01
    3.67000000E+02      -4.390749995438623188E+01
    3.68000000E+02      -4.259435189869495986E+01
    3.69000000E+02      -4.129063897631372271E+01
    3.70000000E+02      -3.999884705716053901E+01
    3.71000000E+02      -3.871870031585226712E+01
    3.72000000E+02      -3.745292814406807480E+01
    3.73000000E+02      -3.620614775833914933E+01
    3.74000000E+02      -3.497111512981596348E+01
    3.75000000E+02      -3.374509354080314694E+01
    3.76000000E+02      -3.253393441071043668E+01
    3.77000000E+02      -3.134509916422198117E+01
    3.78000000E+02      -3.016721067116836608E+01
    3.79000000E+02      -2.900679673771614731E+01
    3.80000000E+02      -2.786209899238551557E+01
    3.81000000E+02      -2.673705274779590368E+01
    3.82000000E+02      -2.563258880381713212E+01
    3.83000000E+02      -2.454285594662892223E+01
    3.84000000E+02      -2.347323550847599805E+01
    3.85000000E+02      -2.243073034663925469E+01
    3.86000000E+02      -2.139791232282536626E+01
    3.87000000E+02      -2.039506021123620272E+01
    3.88000000E+02      -1.941230072248967886E+01
    3.89000000E+02      -1.844331786367351711E+01
    3.90000000E+02      -1.750315706948990524E+01
    3.91000000E+02      -1.657648036633858979E+01
    3.92000000E+02      -1.567472244478071630E+01
    3.93000000E+02      -1.480547889489921332E+01
    3.94000000E+02      -1.395831390079351664E+01
    3.95000000E+02      -1.313602971756140292E+01
    3.96000000E+02      -1.233663386251086891E+01
    3.97000000E+02      -1.156997348768877387E+01
    3.98000000E+02      -1.081777882301489413E+01
    3.99000000E+02      -1.010019909758361578E+01
    4.00000000E+02      -9.410305734074288608E+00
    4.01000000E+02      -8.751578590881624820E+00
    4.02000000E+02      -8.121181988439136745E+00
    4.03000000E+02      -7.524391748292917015E+00
    4.04000000E+02      -6.954237296993458273E+00
    4.05000000E+02      -6.408505583696612717E+00
    4.06000000E+02      -5.908980861122334005E+00
    4.07000000E+02      -5.440333114985921981E+00
    4.08000000E+02      -5.003741374055469038E+00
    4.09000000E+02      -4.590890385259488227E+00
    4.10000000E+02      -4.210087941309982540E+00
    4.11000000E+02      -3.876804197721729128E+00
    4.12000000E+02      -3.573676852325523345E+00
    4.13000000E+02      -3.309428842088753431E+00
    4.14000000E+02      -3.081872738946775048E+00
    4.15000000E+02      -2.894289998386601059E+00
    4.16000000E+02      -2.752945036210665553E+00
    4.17000000E+02      -2.642202243490690439E+00
    4.18000000E+02      -2.584255880259523241E+00
    4.19000000E+02      -2.533467983643138854E+00
    4.20000000E+02      -2.523483044284010379E+00
    4.21000000E+02      -2.572020050885701625E+00
    4.22000000E+02      -2.659272136215666382E+00
    4.23000000E+02      -2.779130935950750558E+00
    4.24000000E+02      -2.948593405357176511E+00
    4.25000000E+02      -3.179582697853991835E+00
    4.26000000E+02      -3.445803792963350265E+00
    4.27000000E+02      -3.757498350974718182E+00
    4.28000000E+02      -4.114585110966661574E+00
    4.29000000E+02      -4.519862456529015304E+00
    4.30000000E+02      -4.978996044539460542E+00
    4.31000000E+02      -5.482663332766467335E+00
    4.32000000E+02      -6.027817836545953156E+00
    4.33000000E+02      -6.629094688270786406E+00
    4.34000000E+02      -7.281471012674817445E+00
    4.35000000E+02      -7.986414354110682012E+00
    4.36000000E+02      -8.745557358071753384E+00
    4.37000000E+02      -9.558330237914422156E+00
    4.38000000E+02      -1.044194564810263515E+01
    4.39000000E+02      -1.136219309461543858E+01
    4.40000000E+02      -1.233462966261672378E+01
    4.41000000E+02      -1.337553284554983080E+01
    4.42000000E+02      -1.448091124375591576E+01
    4.43000000E+02      -1.562953935754726231E+01
    4.44000000E+02      -1.683607368897887469E+01
    4.45000000E+02      -1.809263471239487231E+01
    4.46000000E+02      -1.941569867967868745E+01
    4.47000000E+02      -2.078978285477737487E+01
    4.48000000E+02      -2.225252951267416179E+01
    4.49000000E+02      -2.375355511280017495E+01
    4.50000000E+02      -2.532697991286645234E+01
    4.51000000E+02      -2.697121206349934042E+01
    4.52000000E+02      -2.868002517014051378E+01
    4.53000000E+02      -3.044077268480564058E+01
    4.54000000E+02      -3.227043711096289513E+01
    4.55000000E+02      -3.417870375006700812E+01
    4.56000000E+02      -3.614215732114630697E+01
    4.57000000E+02      -3.819885454983691631E+01
    4.58000000E+02      -4.030066682053971050E+01
    4.59000000E+02      -4.248684370080250261E+01
    4.60000000E+02      -4.475962262698690353E+01
    4.61000000E+02      -4.707816075468677042E+01
    4.62000000E+02      -4.948047038591708002E+01
    4.63000000E+02      -5.193945400212201235E+01
    4.64000000E+02      -5.449624079820009825E+01
    4.65000000E+02      -5.714179911003689227E+01
    4.66000000E+02      -5.980656738444472609E+01
    4.67000000E+02      -6.258859319919961450E+01
    4.68000000E+02      -6.543844549153240564E+01
    4.69000000E+02      -6.836796092922108414E+01
    4.70000000E+02      -7.138825886119397524E+01
    4.71000000E+02      -7.449776912159526887E+01
    4.72000000E+02      -7.770456681195886972E+01
    4.73000000E+02      -8.097659420180374923E+01
    4.74000000E+02      -8.433556984602714124E+01
    4.75000000E+02      -8.776152310222627762E+01
    4.76000000E+02      -9.130744245373884382E+01
    4.77000000E+02      -9.491927752136493268E+01
    4.78000000E+02      -9.865930109732093456E+01
    4.79000000E+02      -1.024261227767472917E+02
    4.80000000E+02      -1.063164314479125494E+02
    4.81000000E+02      -1.103068346372363919E+02
    4.82000000E+02      -1.143985304798023606E+02
    4.83000000E+02      -1.185781740893633867E+02
    4.84000000E+02      -1.228129167543282563E+02
    4.85000000E+02      -1.271442909464729780E+02
    4.86000000E+02      -1.316261971598049456E+02
    4.87000000E+02      -1.357702204760188067E+02
    4.88000000E+02      -1.377277137404797429E+02
    4.89000000E+02      -1.439653671025788242E+02
    4.90000000E+02      -1.536265215483052486E+02
    4.91000000E+02      -1.529695707955887372E+02
    4.92000000E+02      -1.605542258469411934E+02
    4.93000000E+02      -1.661846857576655054E+02
    4.94000000E+02      -1.722585949989059770E+02
    4.95000000E+02      -1.672682304666867310E+02
    4.96000000E+02      -1.793162693249085748E+02
    4.97000000E+02      -1.682077243193542415E+02
    4.98000000E+02      -1.680827410719847137E+02
    4.99000000E+02      -1.701730420939182693E+02
    5.00000000E+02      -1.729176289826189929E+02
    5.01000000E+02      -1.942201148304646665E+02
    5.02000000E+02      -1.979286034144950861E+02
    5.03000000E+02      -2.012217450314691121E+02
    5.04000000E+02      -2.045453208475863391E+02
    5.05000000E+02      -2.079730313676899129E+02
    5.06000000E+02      -2.116570592406695539E+02
    5.07000000E+02      -2.151783446935495192E+02
    5.08000000E+02      -1.984012259222125465E+02
    5.09000000E+02      -2.135337519946532154E+02
    5.10000000E+02      -2.191352210007515566E+02
