    0.00000000E+00      -4.089070132763355432E-10
    1.00000000E+00      -6.057404105931495520E-04
    2.00000000E+00      -4.658661523899980395E-02
    3.00000000E+00      -1.384782899114198329E-01
    4.00000000E+00      -2.770503544132086327E-01
    5.00000000E+00      -4.635292042527438539E-01
    6.00000000E+00      -6.981428978526058593E-01
    7.00000000E+00      -9.825111835170341479E-01
    8.00000000E+00      -1.317683948383443493E+00
    9.00000000E+00      -1.704726782989146816E+00
    1.00000000E+01      -2.144474330022283493E+00
    1.10000000E+01      -2.640169264087815382E+00
    1.20000000E+01      -3.192499806238057403E+00
    1.30000000E+01      -3.804062512931064788E+00
    1.40000000E+01      -4.478265462962715660E+00
    1.50000000E+01      -5.217305956811895129E+00
    1.60000000E+01      -6.023904346547301003E+00
    1.70000000E+01      -6.901692023112303787E+00
    1.80000000E+01      -7.857043509120366309E+00
    1.90000000E+01      -8.894912616307635744E+00
    2.00000000E+01      -1.002082486718519760E+01
    2.10000000E+01      -1.124303878929455891E+01
    2.20000000E+01      -1.256830941370242272E+01
    2.30000000E+01      -1.401062892931406623E+01
    2.40000000E+01      -1.557862504487121669E+01
    2.50000000E+01      -1.728967691774937521E+01
    2.60000000E+01      -1.914975453401348204E+01
    2.70000000E+01      -2.118080865566571447E+01
    2.80000000E+01      -2.338990457286308811E+01
    2.90000000E+01      -2.579472292312698301E+01
    3.00000000E+01      -2.840554738915307098E+01
    3.10000000E+01      -3.123195014629641264E+01
    3.20000000E+01      -3.426761361942658368E+01
    3.30000000E+01      -3.750167699407234068E+01
    3.40000000E+01      -4.092894079994562162E+01
    3.50000000E+01      -4.452226375392956470E+01
    3.60000000E+01      -4.824724840061389841E+01
    3.70000000E+01      -5.208558419089104063E+01
    3.80000000E+01      -5.600904506072940592E+01
    3.90000000E+01      -5.998032817935859384E+01
    4.00000000E+01      -6.397781925362050970E+01
    4.10000000E+01      -6.799081633901823807E+01
    4.20000000E+01      -7.200173772956986795E+01
    4.30000000E+01      -7.601405697767449965E+01
    4.40000000E+01      -8.000971718522123410E+01
    4.50000000E+01      -8.398713917740406032E+01
    4.60000000E+01      -8.795153501001641416E+01
    4.70000000E+01      -9.191445242712597974E+01
    4.80000000E+01      -9.586732609543105355E+01
    4.90000000E+01      -9.982040098807920003E+01
    5.00000000E+01      -1.037561052418232066E+02
    5.10000000E+01      -1.076986161446984624E+02
    5.20000000E+01      -1.116292722371163109E+02
    5.30000000E+01      -1.155538141573442772E+02
    5.40000000E+01      -1.194858748540837041E+02
    5.50000000E+01      -1.234190302356319080E+02
    5.60000000E+01      -1.273507611596351126E+02
    5.70000000E+01      -1.312902925611160754E+02
    5.80000000E+01      -1.352446008893348335E+02
    5.90000000E+01      -1.391924144215481647E+02
    6.00000000E+01      -1.431547050788085471E+02
    6.10000000E+01      -1.471317937475787403E+02
    6.20000000E+01      -1.511199011636726937E+02
    6.30000000E+01      -1.551288195255597202E+02
    6.40000000E+01      -1.591499713417142630E+02
    6.50000000E+01      -1.631993856385915933E+02
    6.60000000E+01      -1.672692169620058849E+02
    6.70000000E+01      -1.713675552372801576E+02
    6.80000000E+01      -1.754966379937727652E+02
    6.90000000E+01      -1.796481575516750127E+02
    7.00000000E+01      -1.838275069038631955E+02
    7.10000000E+01      -1.880460158754742679E+02
    7.20000000E+01      -1.922858321208884718E+02
    7.30000000E+01      -1.965800111636879137E+02
    7.40000000E+01      -2.009023247643870036E+02
    7.50000000E+01      -2.052573271587249337E+02
    7.60000000E+01      -2.096514626796997618E+02
    7.70000000E+01      -2.140678620684351472E+02
    7.80000000E+01      -2.185184609059715513E+02
    7.90000000E+01      -2.229852491130833982E+02
    8.00000000E+01      -2.274943772252655663E+02
    8.10000000E+01      -2.320220987987284502E+02
    8.20000000E+01      -2.365802430985575597E+02
    8.30000000E+01      -2.411437682505735154E+02
    8.40000000E+01      -2.457181746193574270E+02
    8.50000000E+01      -2.503220130051305432E+02
    8.60000000E+01      -2.549102450975406100E+02
    8.70000000E+01      -2.595180787608514379E+02
    8.80000000E+01      -2.641316956198458570E+02
    8.90000000E+01      -2.687688658254755296E+02
    9.00000000E+01      -2.733832465133426695E+02
    9.10000000E+01      -2.780140749682488490E+02
    9.20000000E+01      -2.826424388190393984E+02
    9.30000000E+01      -2.872712149141549389E+02
    9.40000000E+01      -2.919149450630666252E+02
    9.50000000E+01      -2.965573916236648415E+02
    9.60000000E+01      -3.012116504772458825E+02
    9.70000000E+01      -3.058642020758263698E+02
    9.80000000E+01      -3.105074097834402096E+02
    9.90000000E+01      -3.151666698496559320E+02
    1.00000000E+02      -3.198261228580420834E+02
    1.01000000E+02      -3.244772816318364903E+02
    1.02000000E+02      -3.291200751411419105E+02
    1.03000000E+02      -3.337746201186718054E+02
    1.04000000E+02      -3.384039329736170885E+02
    1.05000000E+02      -3.430368070604549189E+02
    1.06000000E+02      -3.476635791730734582E+02
    1.07000000E+02      -3.522829983645995640E+02
    1.08000000E+02      -3.569106999501394739E+02
    1.09000000E+02      -3.615396721086306115E+02
    1.10000000E+02      -3.661643538379237839E+02
    1.11000000E+02      -3.707829574631895184E+02
    1.12000000E+02      -3.754161189141703971E+02
    1.13000000E+02      -3.800444000917286758E+02
    1.14000000E+02      -3.846853934710827616E+02
    1.15000000E+02      -3.893028688982346921E+02
    1.16000000E+02      -3.939189771605072110E+02
    1.17000000E+02      -3.985499350549260953E+02
    1.18000000E+02      -4.031857535799629204E+02
    1.19000000E+02      -4.078122052306136993E+02
    1.20000000E+02      -4.124310845840454931E+02
    1.21000000E+02      -4.170690769527757311E+02
    1.22000000E+02      -4.217038208893429783E+02
    1.23000000E+02      -4.263651150378300372E+02
    1.24000000E+02      -4.310225146876007329E+02
    1.25000000E+02      -4.356993552057283523E+02
    1.26000000E+02      -4.403989342152590325E+02
    1.27000000E+02      -4.451199228051232240E+02
    1.28000000E+02      -4.498766170012495422E+02
    1.29000000E+02      -4.546571548034762600E+02
    1.30000000E+02      -4.594839502388119854E+02
    1.31000000E+02      -4.643262868196520685E+02
    1.32000000E+02      -4.691973026863224732E+02
    1.33000000E+02      -4.740998321698016298E+02
    1.34000000E+02      -4.790512112369726765E+02
    1.35000000E+02      -4.840375382267029636E+02
    1.36000000E+02      -4.890619580781035438E+02
    1.37000000E+02      -4.941487219135756277E+02
    1.38000000E+02      -4.992639460336267803E+02
    1.39000000E+02      -5.044355749657543129E+02
    1.40000000E+02      -5.096740986678803438E+02
    1.41000000E+02      -5.149656019176968584E+02
    1.42000000E+02      -5.203221034152222728E+02
    1.43000000E+02      -5.257228027259634473E+02
    1.44000000E+02      -5.311882987429783043E+02
    1.45000000E+02      -5.367161438671735141E+02
    1.46000000E+02      -5.423308607697249499E+02
    1.47000000E+02      -5.479828833813971869E+02
    1.48000000E+02      -5.536978361092878913E+02
    1.49000000E+02      -5.594511543795565558E+02
    1.50000000E+02      -5.652421643174652672E+02
    1.51000000E+02      -5.710748950099823560E+02
    1.52000000E+02      -5.769281644964726183E+02
    1.53000000E+02      -5.828122342482042768E+02
    1.54000000E+02      -5.887133109459332445E+02
    1.55000000E+02      -5.946405354538896972E+02
    1.56000000E+02      -6.005711069341336952E+02
    1.57000000E+02      -6.065051999601146235E+02
    1.58000000E+02      -6.124656328659552855E+02
    1.59000000E+02      -6.184083828657330741E+02
    1.60000000E+02      -6.243681714163358265E+02
    1.61000000E+02      -6.303100737169984313E+02
    1.62000000E+02      -6.362582754766426660E+02
    1.63000000E+02      -6.422129076749124579E+02
    1.64000000E+02      -6.481456456409919156E+02
    1.65000000E+02      -6.541017189351509842E+02
    1.66000000E+02      -6.600434060684101496E+02
    1.67000000E+02      -6.659921165774157998E+02
    1.68000000E+02      -6.719485025484955258E+02
    1.69000000E+02      -6.778955113340198295E+02
    1.70000000E+02      -6.838460377689352754E+02
    1.71000000E+02      -6.897967871279688552E+02
    1.72000000E+02      -6.957506780633611925E+02
    1.73000000E+02      -7.017060688707288136E+02
    1.74000000E+02      -7.076480669473494345E+02
    1.75000000E+02      -7.136045853501454985E+02
    1.76000000E+02      -7.195501700654012893E+02
    1.77000000E+02      -7.254947957836284331E+02
    1.78000000E+02      -7.314345053539791479E+02
    1.79000000E+02      -7.373884958176313376E+02
    1.80000000E+02      -7.433309420021323604E+02
    1.81000000E+02      -7.492836168874055147E+02
    1.82000000E+02      -7.552324699544515170E+02
    1.83000000E+02      -7.611806211388393422E+02
    1.84000000E+02      -7.671124635431660863E+02
    1.85000000E+02      -7.730548079513318953E+02
    1.86000000E+02      -7.789964515894389478E+02
    1.87000000E+02      -7.849486725936239964E+02
    1.88000000E+02      -7.908875125385011415E+02
    1.89000000E+02      -7.968232479504877119E+02
    1.90000000E+02      -8.027553280951979104E+02
    1.91000000E+02      -8.086731003289296495E+02
    1.92000000E+02      -8.146121140927571105E+02
    1.93000000E+02      -8.205453330289665246E+02
    1.94000000E+02      -8.264909835948474210E+02
    1.95000000E+02      -8.324154814872599673E+02
    1.96000000E+02      -8.383521834498897078E+02
    1.97000000E+02      -8.442799562095460715E+02
    1.98000000E+02      -8.502124548320753092E+02
    1.99000000E+02      -8.561475609816779979E+02
    2.00000000E+02      -8.620722594263670544E+02
    2.01000000E+02      -8.680141981265278446E+02
    2.02000000E+02      -8.739313642073875599E+02
    2.03000000E+02      -8.798600098219430947E+02
    2.04000000E+02      -8.857572080210384229E+02
    2.05000000E+02      -8.916707782749590478E+02
    2.06000000E+02      -8.975841163563504779E+02
    2.07000000E+02      -9.034927932969112589E+02
    2.08000000E+02      -9.093830475407955873E+02
    2.09000000E+02      -9.152933046346697665E+02
    2.10000000E+02      -9.212012563658281579E+02
    2.11000000E+02      -9.270957481718174904E+02
    2.12000000E+02      -9.330001973686553356E+02
    2.13000000E+02      -9.388774481140233092E+02
    2.14000000E+02      -9.447427557014107151E+02
    2.15000000E+02      -9.506100531871147723E+02
    2.16000000E+02      -9.564446200527099791E+02
    2.17000000E+02      -9.623076471301938000E+02
    2.18000000E+02      -9.681508102588322799E+02
    2.19000000E+02      -9.739777893346354176E+02
    2.20000000E+02      -9.798237007322122736E+02
    2.21000000E+02      -9.856198125734517816E+02
    2.22000000E+02      -9.914316282146528465E+02
    2.23000000E+02      -9.972711830406906302E+02
    2.24000000E+02      -1.003014060132662053E+03
    2.25000000E+02      -1.008759405333836185E+03
    2.26000000E+02      -1.014487758993578609E+03
    2.27000000E+02      -1.020219430423057929E+03
    2.28000000E+02      -1.025862452683353695E+03
    2.29000000E+02      -1.031519889051522114E+03
    2.30000000E+02      -1.037194731495708766E+03
    2.31000000E+02      -1.042799502511132232E+03
    2.32000000E+02      -1.048375936742197155E+03
    2.33000000E+02      -1.053831226652229816E+03
    2.34000000E+02      -1.059241685393461012E+03
    2.35000000E+02      -1.064668669854536347E+03
    2.36000000E+02      -1.070057330095503858E+03
    2.37000000E+02      -1.075326500304017827E+03
    2.38000000E+02      -1.080585636671680732E+03
    2.39000000E+02      -1.085695634219355270E+03
    2.40000000E+02      -1.090742508480345350E+03
    2.41000000E+02      -1.095659426021038598E+03
    2.42000000E+02      -1.100567109319291831E+03
    2.43000000E+02      -1.105321347582187627E+03
    2.44000000E+02      -1.110010705548879969E+03
    2.45000000E+02      -1.114545120463116518E+03
    2.46000000E+02      -1.119083704433597632E+03
    2.47000000E+02      -1.123536657272984030E+03
    2.48000000E+02      -1.127993576488352574E+03
    2.49000000E+02      -1.132392260071480450E+03
    2.50000000E+02      -1.136766306375278873E+03
    2.51000000E+02      -1.141295365684821263E+03
    2.52000000E+02      -1.145851285339639617E+03
    2.53000000E+02      -1.150461012537407441E+03
    2.54000000E+02      -1.155172424016851437E+03
    2.55000000E+02      -1.160004047728532896E+03
    2.56000000E+02      -1.164969542655156147E+03
    2.57000000E+02      -1.170080269028152543E+03
    2.58000000E+02      -1.175350631720927595E+03
    2.59000000E+02      -1.180632399772381177E+03
    2.60000000E+02      -1.186082197123615515E+03
    2.61000000E+02      -1.191602885156985394E+03
    2.62000000E+02      -1.197384012305938086E+03
    2.63000000E+02      -1.203091577397658511E+03
    2.64000000E+02      -1.208908781102893954E+03
    2.65000000E+02      -1.214945642724034315E+03
    2.66000000E+02      -1.220895307290369374E+03
    2.67000000E+02      -1.226943804158534931E+03
    2.68000000E+02      -1.233044346554988351E+03
    2.69000000E+02      -1.239219557901914413E+03
    2.70000000E+02      -1.245399821328399639E+03
    2.71000000E+02      -1.251629951834941949E+03
    2.72000000E+02      -1.257948952226681968E+03
    2.73000000E+02      -1.264282514938759959E+03
    2.74000000E+02      -1.270605277081038139E+03
    2.75000000E+02      -1.276996030439702736E+03
    2.76000000E+02      -1.283423735391005266E+03
    2.77000000E+02      -1.289849681552944503E+03
    2.78000000E+02      -1.296335295514470545E+03
    2.79000000E+02      -1.302798526638150634E+03
    2.80000000E+02      -1.309277229831414843E+03
    2.81000000E+02      -1.315709660037353842E+03
    2.82000000E+02      -1.322176297801586315E+03
    2.83000000E+02      -1.328704639666293133E+03
    2.84000000E+02      -1.335208274030350822E+03
    2.85000000E+02      -1.341764846999602014E+03
    2.86000000E+02      -1.348246744432883133E+03
    2.87000000E+02      -1.354747069335786364E+03
    2.88000000E+02      -1.361245001653825966E+03
    2.89000000E+02      -1.367705385196000861E+03
    2.90000000E+02      -1.374163883616095518E+03
    2.91000000E+02      -1.380581420957068985E+03
    2.92000000E+02      -1.387104360919398459E+03
    2.93000000E+02      -1.393505085622147817E+03
    2.94000000E+02      -1.399956874466017325E+03
    2.95000000E+02      -1.406668428257151390E+03
    2.96000000E+02      -1.413056388686170976E+03
    2.97000000E+02      -1.419433432964675376E+03
    2.98000000E+02      -1.425791859284056045E+03
    2.99000000E+02      -1.432076380486101698E+03
    3.00000000E+02      -1.438430230959065739E+03
    3.01000000E+02      -1.444704227320085920E+03
    3.02000000E+02      -1.450891265656191536E+03
    3.03000000E+02      -1.456965363326620718E+03
    3.04000000E+02      -1.463151770745058457E+03
    3.05000000E+02      -1.469360409292346958E+03
    3.06000000E+02      -1.475465333698710310E+03
    3.07000000E+02      -1.481529553223856055E+03
    3.08000000E+02      -1.487602459872752661E+03
    3.09000000E+02      -1.493696127057253761E+03
    3.10000000E+02      -1.499857327390640421E+03
    3.11000000E+02      -1.505947084073533915E+03
    3.12000000E+02      -1.512129870195050898E+03
    3.13000000E+02      -1.518281983476954338E+03
    3.14000000E+02      -1.524511418127636716E+03
    3.15000000E+02      -1.530639670827938971E+03
    3.16000000E+02      -1.536904943350618851E+03
    3.17000000E+02      -1.543149566532316385E+03
    3.18000000E+02      -1.549541273503549746E+03
    3.19000000E+02      -1.555873821273598878E+03
    3.20000000E+02      -1.562234466446789156E+03
    3.21000000E+02      -1.568609648369643764E+03
    3.22000000E+02      -1.575059917682188825E+03
    3.23000000E+02      -1.581449669646654002E+03
    3.24000000E+02      -1.587910667719796038E+03
    3.25000000E+02      -1.594414895876259834E+03
    3.26000000E+02      -1.600862321805165266E+03
    3.27000000E+02      -1.607198411373941781E+03
    3.28000000E+02      -1.613605355225510721E+03
    3.29000000E+02      -1.619956971968137623E+03
    3.30000000E+02      -1.626327118505003455E+03
    3.31000000E+02      -1.632538619153384388E+03
    3.32000000E+02      -1.638652261587120393E+03
    3.33000000E+02      -1.644685853686743940E+03
    3.34000000E+02      -1.650564445590983723E+03
    3.35000000E+02      -1.656401769680570396E+03
    3.36000000E+02      -1.662116068414306937E+03
    3.37000000E+02      -1.667726860350991046E+03
    3.38000000E+02      -1.673284588709144373E+03
    3.39000000E+02      -1.678804618101905362E+03
    3.40000000E+02      -1.684384045914441231E+03
    3.41000000E+02      -1.690130630297302559E+03
    3.42000000E+02      -1.696056122792440874E+03
    3.43000000E+02      -1.702146765189281723E+03
    3.44000000E+02      -1.708568071133362537E+03
    3.45000000E+02      -1.715332982706197072E+03
    3.46000000E+02      -1.722418274120973365E+03
    3.47000000E+02      -1.729912818295073521E+03
    3.48000000E+02      -1.737734144318364997E+03
    3.49000000E+02      -1.745872292804486278E+03
    3.50000000E+02      -1.754272502028861709E+03
    3.51000000E+02      -1.762851936523014047E+03
    3.52000000E+02      -1.771668423197106677E+03
    3.53000000E+02      -1.780714859655250621E+03
    3.54000000E+02      -1.789818097263751952E+03
    3.55000000E+02      -1.799099822571921777E+03
    3.56000000E+02      -1.808481613610461864E+03
    3.57000000E+02      -1.817954041936806789E+03
    3.58000000E+02      -1.827501330838378635E+03
    3.59000000E+02      -1.837202423122504342E+03
    3.60000000E+02      -1.846975491044934643E+03
    3.61000000E+02      -1.856773268512099094E+03
    3.62000000E+02      -1.866705343580330009E+03
    3.63000000E+02      -1.876612031916550450E+03
    3.64000000E+02      -1.886654675801140911E+03
    3.65000000E+02      -1.896786036451724613E+03
    3.66000000E+02      -1.906842705043519345E+03
    3.67000000E+02      -1.917004905078439606E+03
    3.68000000E+02      -1.927277231085578705E+03
    3.69000000E+02      -1.937590668507796636E+03
    3.70000000E+02      -1.947837760769494480E+03
    3.71000000E+02      -1.958194155156007582E+03
    3.72000000E+02      -1.968559585039198737E+03
    3.73000000E+02      -1.978983939781000117E+03
    3.74000000E+02      -1.989431133002777642E+03
    3.75000000E+02      -1.999930437517523387E+03
    3.76000000E+02      -2.010425553016045342E+03
    3.77000000E+02      -2.020937660771083301E+03
    3.78000000E+02      -2.031568716589755695E+03
    3.79000000E+02      -2.042249231740373489E+03
    3.80000000E+02      -2.052871909843031972E+03
    3.81000000E+02      -2.063552370069643075E+03
    3.82000000E+02      -2.074313328446873129E+03
    3.83000000E+02      -2.085000414467408518E+03
    3.84000000E+02      -2.095719327455103667E+03
    3.85000000E+02      -2.106580400946133977E+03
    3.86000000E+02      -2.117376897143115457E+03
    3.87000000E+02      -2.128249324399636407E+03
    3.88000000E+02      -2.139066077333677640E+03
    3.89000000E+02      -2.149891058691449871E+03
    3.90000000E+02      -2.160910710046136046E+03
    3.91000000E+02      -2.171844717507772657E+03
    3.92000000E+02      -2.182783102319061982E+03
    3.93000000E+02      -2.193774611906975224E+03
    3.94000000E+02      -2.204798449855219587E+03
    3.95000000E+02      -2.215755708099783078E+03
    3.96000000E+02      -2.226761409979736072E+03
    3.97000000E+02      -2.237815784537093805E+03
    3.98000000E+02      -2.248992511642648424E+03
    3.99000000E+02      -2.260080726400592994E+03
    4.00000000E+02      -2.271181347135428041E+03
    4.01000000E+02      -2.282306755800512747E+03
    4.02000000E+02      -2.293499723051231285E+03
    4.03000000E+02      -2.304692510894134102E+03
    4.04000000E+02      -2.315804843642491505E+03
    4.05000000E+02      -2.326984775172581067E+03
    4.06000000E+02      -2.338149625661645587E+03
    4.07000000E+02      -2.349442453613477028E+03
    4.08000000E+02      -2.360532977154915898E+03
    4.09000000E+02      -2.371938402207803847E+03
    4.10000000E+02      -2.383090707860992552E+03
    4.11000000E+02      -2.394493748330582093E+03
    4.12000000E+02      -2.405741751142812063E+03
    4.13000000E+02      -2.417131751704941053E+03
    4.14000000E+02      -2.428343649097567322E+03
    4.15000000E+02      -2.439661102760999711E+03
    4.16000000E+02      -2.451076069307139278E+03
    4.17000000E+02      -2.462334672465126005E+03
    4.18000000E+02      -2.473746693328302172E+03
    4.19000000E+02      -2.485103869125088750E+03
    4.20000000E+02      -2.496574535270468004E+03
    4.21000000E+02      -2.507856484476264995E+03
    4.22000000E+02      -2.519280953944777593E+03
    4.23000000E+02      -2.530569504654150478E+03
    4.24000000E+02      -2.542014032237752872E+03
    4.25000000E+02      -2.553400623265149989E+03
    4.26000000E+02      -2.564705587853055476E+03
    4.27000000E+02      -2.576146042044317710E+03
    4.28000000E+02      -2.587703180439777952E+03
    4.29000000E+02      -2.598986567250955886E+03
    4.30000000E+02      -2.610434903798553023E+03
    4.31000000E+02      -2.621846498639920810E+03
    4.32000000E+02      -2.633318134513343466E+03
    4.33000000E+02      -2.644724256790152594E+03
    4.34000000E+02      -2.656231889055391093E+03
    4.35000000E+02      -2.667519908361247872E+03
    4.36000000E+02      -2.679001306498078975E+03
    4.37000000E+02      -2.690268689330601774E+03
    4.38000000E+02      -2.701693059146126416E+03
    4.39000000E+02      -2.713259105467272093E+03
    4.40000000E+02      -2.724662301095874682E+03
    4.41000000E+02      -2.735901765230812089E+03
    4.42000000E+02      -2.747228081972444215E+03
    4.43000000E+02      -2.758684020244148996E+03
    4.44000000E+02      -2.769963837540442000E+03
    4.45000000E+02      -2.781370715198430844E+03
    4.46000000E+02      -2.792817960107012368E+03
    4.47000000E+02      -2.804220459724780540E+03
    4.48000000E+02      -2.815639932493319520E+03
    4.49000000E+02      -2.826796394691526075E+03
    4.50000000E+02      -2.838177932484623852E+03
    4.51000000E+02      -2.849528967975488740E+03
    4.52000000E+02      -2.860744097504048113E+03
    4.53000000E+02      -2.872035683053500634E+03
    4.54000000E+02      -2.883280775261776398E+03
    4.55000000E+02      -2.894708378501633888E+03
    4.56000000E+02      -2.905763654556785696E+03
    4.57000000E+02      -2.917005365102605538E+03
    4.58000000E+02      -2.928177192795837072E+03
    4.59000000E+02      -2.939473044600453250E+03
    4.60000000E+02      -2.950844012668549112E+03
    4.61000000E+02      -2.961937510094926893E+03
    4.62000000E+02      -2.972981948931023908E+03
    4.63000000E+02      -2.984168324020441105E+03
    4.64000000E+02      -2.995287003147181167E+03
    4.65000000E+02      -3.006425939699195624E+03
    4.66000000E+02      -3.017393046017444703E+03
    4.67000000E+02      -3.028472023581194208E+03
    4.68000000E+02      -3.039341065250832344E+03
    4.69000000E+02      -3.050411199466151629E+03
    4.70000000E+02      -3.061418502478204573E+03
    4.71000000E+02      -3.072787645722496109E+03
    4.72000000E+02      -3.083486496201111095E+03
    4.73000000E+02      -3.094127097027389027E+03
    4.74000000E+02      -3.105181007259209764E+03
    4.75000000E+02      -3.115718741612610756E+03
    4.76000000E+02      -3.126865340641579678E+03
    4.77000000E+02      -3.137554082651370209E+03
    4.78000000E+02      -3.148417703904469363E+03
    4.79000000E+02      -3.159184947886574264E+03
    4.80000000E+02      -3.169858290779262461E+03
    4.81000000E+02      -3.180527073514349922E+03
    4.82000000E+02      -3.190854918218906278E+03
    4.83000000E+02      -3.201653740715135427E+03
    4.84000000E+02      -3.212457201348081071E+03
    4.85000000E+02      -3.223518192109066149E+03
    4.86000000E+02      -3.233754219428140914E+03
    4.87000000E+02      -3.244080761342183905E+03
    4.88000000E+02      -3.254591515251117926E+03
    4.89000000E+02      -3.256633104254506179E+03
    4.90000000E+02      -3.323238540679449216E+03
    4.91000000E+02      -3.361203195795009378E+03
    4.92000000E+02      -3.438158198122837348E+03
    4.93000000E+02      -3.458691508302523289E+03
    4.94000000E+02      -3.472260703899468808E+03
    4.95000000E+02      -3.539003721947345184E+03
    4.96000000E+02      -3.553710761545895366E+03
    4.97000000E+02      -3.568653185793489683E+03
    4.98000000E+02      -3.564100955591231468E+03
    4.99000000E+02      -3.576515121297605219E+03
    5.00000000E+02      -3.589964335115160793E+03
    5.01000000E+02      -3.587715847880070214E+03
    5.02000000E+02      -3.602700861461198656E+03
    5.03000000E+02      -3.612002982927631820E+03
    5.04000000E+02      -3.621690848929662025E+03
    5.05000000E+02      -3.674601147086737910E+03
    5.06000000E+02      -3.677821014198187186E+03
    5.07000000E+02      -3.689802015594672412E+03
    5.08000000E+02      -3.691978480950463563E+03
    5.09000000E+02      -3.693343673040944850E+03
    5.10000000E+02      -3.698271388017950812E+03
