    0.00000000E+00      -8.880751061598123833E-12
    1.00000000E+00      -6.057400105798450623E-04
    2.00000000E+00      -3.367605884301515945E-02
    3.00000000E+00      -9.923759881811056172E-02
    4.00000000E+00      -1.971206972977241900E-01
    5.00000000E+00      -3.275911039683007120E-01
    6.00000000E+00      -4.902928364505276249E-01
    7.00000000E+00      -6.852689102536766441E-01
    8.00000000E+00      -9.131460711628984761E-01
    9.00000000E+00      -1.173251368973852404E+00
    1.00000000E+01      -1.466211564676124901E+00
    1.10000000E+01      -1.790265367610363256E+00
    1.20000000E+01      -2.147427819958702244E+00
    1.30000000E+01      -2.537264928531251407E+00
    1.40000000E+01      -2.958967561087565201E+00
    1.50000000E+01      -3.413323446206483425E+00
    1.60000000E+01      -3.898897568614721809E+00
    1.70000000E+01      -4.417144000378614876E+00
    1.80000000E+01      -4.968224690725177695E+00
    1.90000000E+01      -5.551724447982840260E+00
    2.00000000E+01      -6.166070139222770585E+00
    2.10000000E+01      -6.813345215555083101E+00
    2.20000000E+01      -7.492958162655796173E+00
    2.30000000E+01      -8.205204145978047592E+00
    2.40000000E+01      -8.947438508659768530E+00
    2.50000000E+01      -9.722757554742603503E+00
    2.60000000E+01      -1.053184370935547776E+01
    2.70000000E+01      -1.137045828683787363E+01
    2.80000000E+01      -1.224181624432099724E+01
    2.90000000E+01      -1.314598153607719055E+01
    3.00000000E+01      -1.408227289290421069E+01
    3.10000000E+01      -1.505051686655965781E+01
    3.20000000E+01      -1.604938699018282122E+01
    3.30000000E+01      -1.708118760771388267E+01
    3.40000000E+01      -1.814401501219358082E+01
    3.50000000E+01      -1.923824131415157623E+01
    3.60000000E+01      -2.036544322149886455E+01
    3.70000000E+01      -2.152220261559300241E+01
    3.80000000E+01      -2.271130333871443341E+01
    3.90000000E+01      -2.393279989541731112E+01
    4.00000000E+01      -2.518600235979554469E+01
    4.10000000E+01      -2.646869781934428545E+01
    4.20000000E+01      -2.778458327531458849E+01
    4.30000000E+01      -2.913200393681273681E+01
    4.40000000E+01      -3.050963945049538495E+01
    4.50000000E+01      -3.191751183757148169E+01
    4.60000000E+01      -3.335238794491238679E+01
    4.70000000E+01      -3.482466438703183087E+01
    4.80000000E+01      -3.632478398211129189E+01
    4.90000000E+01      -3.785253254582644189E+01
    5.00000000E+01      -3.941462620440206166E+01
    5.10000000E+01      -4.100608843644477020E+01
    5.20000000E+01      -4.262867571497120878E+01
    5.30000000E+01      -4.428573969109204711E+01
    5.40000000E+01      -4.596898541682341488E+01
    5.50000000E+01      -4.768467186821354176E+01
    5.60000000E+01      -4.943012439375885947E+01
    5.70000000E+01      -5.120276269457785645E+01
    5.80000000E+01      -5.301016287805583715E+01
    5.90000000E+01      -5.484656216460327016E+01
    6.00000000E+01      -5.671090905722506648E+01
    6.10000000E+01      -5.860487911584121434E+01
    6.20000000E+01      -6.052998749934184275E+01
    6.30000000E+01      -6.248027082023767775E+01
    6.40000000E+01      -6.446809051641685073E+01
    6.50000000E+01      -6.648566731612999092E+01
    6.60000000E+01      -6.852649708555051689E+01
    6.70000000E+01      -7.059730690392501629E+01
    6.80000000E+01      -7.269743378146608848E+01
    6.90000000E+01      -7.482551205231334279E+01
    7.00000000E+01      -7.698416506121816383E+01
    7.10000000E+01      -7.917127981242367696E+01
    7.20000000E+01      -8.138609512969583193E+01
    7.30000000E+01      -8.362859203477086112E+01
    7.40000000E+01      -8.589877260481864596E+01
    7.50000000E+01      -8.819641721534048884E+01
    7.60000000E+01      -9.052446947661189824E+01
    7.70000000E+01      -9.288095793801295486E+01
    7.80000000E+01      -9.526202591018034127E+01
    7.90000000E+01      -9.766738322664161842E+01
    8.00000000E+01      -1.001075912112879678E+02
    8.10000000E+01      -1.025719003619236673E+02
    8.20000000E+01      -1.050621190818442301E+02
    8.30000000E+01      -1.075849256866708856E+02
    8.40000000E+01      -1.101351044002484514E+02
    8.50000000E+01      -1.127101930233459370E+02
    8.60000000E+01      -1.153084840841383993E+02
    8.70000000E+01      -1.179357718219073377E+02
    8.80000000E+01      -1.205875628630842584E+02
    8.90000000E+01      -1.232655410152910918E+02
    9.00000000E+01      -1.259685554914261729E+02
    9.10000000E+01      -1.287011656568529361E+02
    9.20000000E+01      -1.314627359143810281E+02
    9.30000000E+01      -1.342457914562329506E+02
    9.40000000E+01      -1.370628007632126355E+02
    9.50000000E+01      -1.398971709545327258E+02
    9.60000000E+01      -1.427543756700817994E+02
    9.70000000E+01      -1.456380238549587602E+02
    9.80000000E+01      -1.485444514940023737E+02
    9.90000000E+01      -1.514792513778958210E+02
    1.00000000E+02      -1.544393246710149015E+02
    1.01000000E+02      -1.574218865524314879E+02
    1.02000000E+02      -1.604331394005265565E+02
    1.03000000E+02      -1.634639028304172825E+02
    1.04000000E+02      -1.665206750338801385E+02
    1.05000000E+02      -1.695959841915835113E+02
    1.06000000E+02      -1.727031405567884121E+02
    1.07000000E+02      -1.758332795815525742E+02
    1.08000000E+02      -1.789923875440736083E+02
    1.09000000E+02      -1.821692088082414784E+02
    1.10000000E+02      -1.853673244912955624E+02
    1.11000000E+02      -1.885850256627758199E+02
    1.12000000E+02      -1.918340273830576734E+02
    1.13000000E+02      -1.951003405824986885E+02
    1.14000000E+02      -1.984080022231567000E+02
    1.15000000E+02      -2.017222477363363851E+02
    1.16000000E+02      -2.050561827661292682E+02
    1.17000000E+02      -2.084191294157008087E+02
    1.18000000E+02      -2.117961915649784714E+02
    1.19000000E+02      -2.152013266826936615E+02
    1.20000000E+02      -2.186309976333880059E+02
    1.21000000E+02      -2.220816793667152069E+02
    1.22000000E+02      -2.255658853542233828E+02
    1.23000000E+02      -2.290610103008980332E+02
    1.24000000E+02      -2.325833710890874499E+02
    1.25000000E+02      -2.361259929306374943E+02
    1.26000000E+02      -2.396874331293679461E+02
    1.27000000E+02      -2.432646639950742156E+02
    1.28000000E+02      -2.468730141399400964E+02
    1.29000000E+02      -2.505010536514696469E+02
    1.30000000E+02      -2.541588829965489822E+02
    1.31000000E+02      -2.578252029265456713E+02
    1.32000000E+02      -2.615146236241455426E+02
    1.33000000E+02      -2.652336752531164166E+02
    1.34000000E+02      -2.689563484842901744E+02
    1.35000000E+02      -2.727092502815328317E+02
    1.36000000E+02      -2.764937933504825196E+02
    1.37000000E+02      -2.802882525143634211E+02
    1.38000000E+02      -2.841136739536752884E+02
    1.39000000E+02      -2.879455426533836544E+02
    1.40000000E+02      -2.917971818866244575E+02
    1.41000000E+02      -2.956847059771853310E+02
    1.42000000E+02      -2.995832748970881312E+02
    1.43000000E+02      -3.034995454732004418E+02
    1.44000000E+02      -3.074369807797270369E+02
    1.45000000E+02      -3.113890341458427429E+02
    1.46000000E+02      -3.153729010516425433E+02
    1.47000000E+02      -3.193708362632681883E+02
    1.48000000E+02      -3.233838217143642169E+02
    1.49000000E+02      -3.274372763115686666E+02
    1.50000000E+02      -3.314986427878706081E+02
    1.51000000E+02      -3.355892616621117668E+02
    1.52000000E+02      -3.397278343326029244E+02
    1.53000000E+02      -3.438523805176280348E+02
    1.54000000E+02      -3.479981104718999632E+02
    1.55000000E+02      -3.521771052794692878E+02
    1.56000000E+02      -3.563604463044036947E+02
    1.57000000E+02      -3.605626337713874818E+02
    1.58000000E+02      -3.647994930954457686E+02
    1.59000000E+02      -3.690526748546355975E+02
    1.60000000E+02      -3.733188478527731604E+02
    1.61000000E+02      -3.776058997843872476E+02
    1.62000000E+02      -3.819188463245320690E+02
    1.63000000E+02      -3.862584024060927277E+02
    1.64000000E+02      -3.906137035067790748E+02
    1.65000000E+02      -3.949775427383144688E+02
    1.66000000E+02      -3.993657550360646837E+02
    1.67000000E+02      -4.037650177910522871E+02
    1.68000000E+02      -4.081943730359289475E+02
    1.69000000E+02      -4.126469547610799964E+02
    1.70000000E+02      -4.171151269605286416E+02
    1.71000000E+02      -4.216154658372745416E+02
    1.72000000E+02      -4.261243519055014985E+02
    1.73000000E+02      -4.306531716602878532E+02
    1.74000000E+02      -4.352071093380591265E+02
    1.75000000E+02      -4.397804489248626396E+02
    1.76000000E+02      -4.443785801478250050E+02
    1.77000000E+02      -4.489894734253682600E+02
    1.78000000E+02      -4.536222414468459192E+02
    1.79000000E+02      -4.582780465041487332E+02
    1.80000000E+02      -4.629492781368905980E+02
    1.81000000E+02      -4.676474874414645910E+02
    1.82000000E+02      -4.723726683210602459E+02
    1.83000000E+02      -4.771072313511951961E+02
    1.84000000E+02      -4.818651002519693520E+02
    1.85000000E+02      -4.866454410359056055E+02
    1.86000000E+02      -4.914459747832181620E+02
    1.87000000E+02      -4.962759354757922665E+02
    1.88000000E+02      -5.011235739445817217E+02
    1.89000000E+02      -5.059850356192273466E+02
    1.90000000E+02      -5.108723900764018708E+02
    1.91000000E+02      -5.157805665248847617E+02
    1.92000000E+02      -5.207091905694728666E+02
    1.93000000E+02      -5.256621678650844842E+02
    1.94000000E+02      -5.306392556171708748E+02
    1.95000000E+02      -5.356369336008021946E+02
    1.96000000E+02      -5.406611516319621842E+02
    1.97000000E+02      -5.457024559070823670E+02
    1.98000000E+02      -5.507730000400381414E+02
    1.99000000E+02      -5.558634669017578744E+02
    2.00000000E+02      -5.609709205962017222E+02
    2.01000000E+02      -5.660944919813618981E+02
    2.02000000E+02      -5.712503913454206668E+02
    2.03000000E+02      -5.764275562801392425E+02
    2.04000000E+02      -5.816304589429178122E+02
    2.05000000E+02      -5.868456569661489084E+02
    2.06000000E+02      -5.920934174616529617E+02
    2.07000000E+02      -5.973505461897457280E+02
    2.08000000E+02      -6.026453823731515058E+02
    2.09000000E+02      -6.079605332595851905E+02
    2.10000000E+02      -6.132985006401031569E+02
    2.11000000E+02      -6.186644795878671630E+02
    2.12000000E+02      -6.240466035132940306E+02
    2.13000000E+02      -6.294610129770424010E+02
    2.14000000E+02      -6.348864341130761204E+02
    2.15000000E+02      -6.403476382367507540E+02
    2.16000000E+02      -6.458187118117343744E+02
    2.17000000E+02      -6.513218750420599008E+02
    2.18000000E+02      -6.568514701732538015E+02
    2.19000000E+02      -6.623992411618105507E+02
    2.20000000E+02      -6.680028781333421648E+02
    2.21000000E+02      -6.736028383814868903E+02
    2.22000000E+02      -6.792261165384779815E+02
    2.23000000E+02      -6.849018046049804980E+02
    2.24000000E+02      -6.905746179905499957E+02
    2.25000000E+02      -6.962862424157265195E+02
    2.26000000E+02      -7.020033438522200413E+02
    2.27000000E+02      -7.077574521328799619E+02
    2.28000000E+02      -7.135403857305564088E+02
    2.29000000E+02      -7.193503027700658095E+02
    2.30000000E+02      -7.251884810684223339E+02
    2.31000000E+02      -7.310457223392959349E+02
    2.32000000E+02      -7.369291460725412435E+02
    2.33000000E+02      -7.428393141288331663E+02
    2.34000000E+02      -7.487699866154080155E+02
    2.35000000E+02      -7.547479792858232486E+02
    2.36000000E+02      -7.607335141026856036E+02
    2.37000000E+02      -7.667481689977739734E+02
    2.38000000E+02      -7.728078369593849857E+02
    2.39000000E+02      -7.788886512284909713E+02
    2.40000000E+02      -7.849933447029320632E+02
    2.41000000E+02      -7.911284615135314198E+02
    2.42000000E+02      -7.972841305969996029E+02
    2.43000000E+02      -8.034672814019768339E+02
    2.44000000E+02      -8.096867351195478477E+02
    2.45000000E+02      -8.159397682301250825E+02
    2.46000000E+02      -8.222146578681877145E+02
    2.47000000E+02      -8.284912805829069384E+02
    2.48000000E+02      -8.348178120108589155E+02
    2.49000000E+02      -8.411855039510232928E+02
    2.50000000E+02      -8.475582650871617716E+02
    2.51000000E+02      -8.539698177651914648E+02
    2.52000000E+02      -8.603915990037880874E+02
    2.53000000E+02      -8.668820502810444850E+02
    2.54000000E+02      -8.733840215520053789E+02
    2.55000000E+02      -8.799120850833676286E+02
    2.56000000E+02      -8.864657233340096809E+02
    2.57000000E+02      -8.930307808204324829E+02
    2.58000000E+02      -8.996397463919163329E+02
    2.59000000E+02      -9.062889516905477194E+02
    2.60000000E+02      -9.129713893948146506E+02
    2.61000000E+02      -9.196789214021043790E+02
    2.62000000E+02      -9.264208409256332288E+02
    2.63000000E+02      -9.331633461821325000E+02
    2.64000000E+02      -9.399271988170758050E+02
    2.65000000E+02      -9.467763369462732044E+02
    2.66000000E+02      -9.536267785802074286E+02
    2.67000000E+02      -9.605261952789774114E+02
    2.68000000E+02      -9.674103221536679484E+02
    2.69000000E+02      -9.743620942735137760E+02
    2.70000000E+02      -9.813284554732642846E+02
    2.71000000E+02      -9.883029695302229811E+02
    2.72000000E+02      -9.953307871258302839E+02
    2.73000000E+02      -1.002385631494323661E+03
    2.74000000E+02      -1.009469327940772018E+03
    2.75000000E+02      -1.016580831274120897E+03
    2.76000000E+02      -1.023710732062022316E+03
    2.77000000E+02      -1.030891816006404497E+03
    2.78000000E+02      -1.038074057602897255E+03
    2.79000000E+02      -1.045313206703703599E+03
    2.80000000E+02      -1.052576872574433082E+03
    2.81000000E+02      -1.059823758849334126E+03
    2.82000000E+02      -1.067135885181636922E+03
    2.83000000E+02      -1.074501865184133294E+03
    2.84000000E+02      -1.081884822670377389E+03
    2.85000000E+02      -1.089294416431360787E+03
    2.86000000E+02      -1.096743156136817333E+03
    2.87000000E+02      -1.104208558317413008E+03
    2.88000000E+02      -1.111701624313428056E+03
    2.89000000E+02      -1.119226249198513869E+03
    2.90000000E+02      -1.126810506424066261E+03
    2.91000000E+02      -1.134423067044866912E+03
    2.92000000E+02      -1.142025271258833982E+03
    2.93000000E+02      -1.149674740834504973E+03
    2.94000000E+02      -1.157353066574821696E+03
    2.95000000E+02      -1.165060579978848182E+03
    2.96000000E+02      -1.172786840742994627E+03
    2.97000000E+02      -1.180543700800637907E+03
    2.98000000E+02      -1.188334287879175463E+03
    2.99000000E+02      -1.196141217432950725E+03
    3.00000000E+02      -1.203992594842475000E+03
    3.01000000E+02      -1.211854063410481558E+03
    3.02000000E+02      -1.219752785958631875E+03
    3.03000000E+02      -1.227676541147191074E+03
    3.04000000E+02      -1.235636111829603806E+03
    3.05000000E+02      -1.243629612249171259E+03
    3.06000000E+02      -1.251653265543015095E+03
    3.07000000E+02      -1.259692812575633980E+03
    3.08000000E+02      -1.267769887040386948E+03
    3.09000000E+02      -1.275876070258901336E+03
    3.10000000E+02      -1.283989071108177086E+03
    3.11000000E+02      -1.292171295045247916E+03
    3.12000000E+02      -1.300345157144306086E+03
    3.13000000E+02      -1.308566862599105207E+03
    3.14000000E+02      -1.316792844973621868E+03
    3.15000000E+02      -1.325041039032884555E+03
    3.16000000E+02      -1.333350776746533029E+03
    3.17000000E+02      -1.341677095557146913E+03
    3.18000000E+02      -1.350023153512125191E+03
    3.19000000E+02      -1.358392758354611033E+03
    3.20000000E+02      -1.366777619399333616E+03
    3.21000000E+02      -1.375208630578732027E+03
    3.22000000E+02      -1.383690406457246354E+03
    3.23000000E+02      -1.392185309358585073E+03
    3.24000000E+02      -1.400671420354554812E+03
    3.25000000E+02      -1.409205257286184860E+03
    3.26000000E+02      -1.417719577439954719E+03
    3.27000000E+02      -1.426324770497411691E+03
    3.28000000E+02      -1.434963729357560169E+03
    3.29000000E+02      -1.443560956539845847E+03
    3.30000000E+02      -1.452182716097359844E+03
    3.31000000E+02      -1.460862169192129841E+03
    3.32000000E+02      -1.469579797856715004E+03
    3.33000000E+02      -1.478371340605352998E+03
    3.34000000E+02      -1.487053292599355700E+03
    3.35000000E+02      -1.495889521115279422E+03
    3.36000000E+02      -1.504640728712804503E+03
    3.37000000E+02      -1.513446162866936220E+03
    3.38000000E+02      -1.522231590532606106E+03
    3.39000000E+02      -1.531095197101211852E+03
    3.40000000E+02      -1.540035966745367432E+03
    3.41000000E+02      -1.548927802680465902E+03
    3.42000000E+02      -1.557862999603330991E+03
    3.43000000E+02      -1.566901199242160828E+03
    3.44000000E+02      -1.575857162918201993E+03
    3.45000000E+02      -1.584831207589323867E+03
    3.46000000E+02      -1.593893135288475605E+03
    3.47000000E+02      -1.602927961081788908E+03
    3.48000000E+02      -1.611961325640173527E+03
    3.49000000E+02      -1.621085256187158620E+03
    3.50000000E+02      -1.630128240869789352E+03
    3.51000000E+02      -1.639246283527116248E+03
    3.52000000E+02      -1.648350505193616527E+03
    3.53000000E+02      -1.657633661356116136E+03
    3.54000000E+02      -1.666781043449799881E+03
    3.55000000E+02      -1.675962578794476485E+03
    3.56000000E+02      -1.685227540141559075E+03
    3.57000000E+02      -1.694429185540137496E+03
    3.58000000E+02      -1.703713434420692693E+03
    3.59000000E+02      -1.712938436216182708E+03
    3.60000000E+02      -1.722248639928929833E+03
    3.61000000E+02      -1.731568920341658668E+03
    3.62000000E+02      -1.740896718157156101E+03
    3.63000000E+02      -1.750353491986734753E+03
    3.64000000E+02      -1.759690084061720427E+03
    3.65000000E+02      -1.769072963345861808E+03
    3.66000000E+02      -1.778479461006314750E+03
    3.67000000E+02      -1.787875052365438023E+03
    3.68000000E+02      -1.797269812186487343E+03
    3.69000000E+02      -1.806783099204932114E+03
    3.70000000E+02      -1.816255100160161874E+03
    3.71000000E+02      -1.825674212919589081E+03
    3.72000000E+02      -1.835200950653970722E+03
    3.73000000E+02      -1.844655473250184968E+03
    3.74000000E+02      -1.854155513122855155E+03
    3.75000000E+02      -1.863666925520888981E+03
    3.76000000E+02      -1.873252241814602257E+03
    3.77000000E+02      -1.882728888487401946E+03
    3.78000000E+02      -1.892360269839884268E+03
    3.79000000E+02      -1.902005377381444760E+03
    3.80000000E+02      -1.911520114120736707E+03
    3.81000000E+02      -1.921122638187466464E+03
    3.82000000E+02      -1.930619238514063909E+03
    3.83000000E+02      -1.940416283419381671E+03
    3.84000000E+02      -1.949998607189969789E+03
    3.85000000E+02      -1.959615313257400203E+03
    3.86000000E+02      -1.969349324353086558E+03
    3.87000000E+02      -1.979076880525778961E+03
    3.88000000E+02      -1.988789498467406474E+03
    3.89000000E+02      -1.998457429252098336E+03
    3.90000000E+02      -2.008196067578562634E+03
    3.91000000E+02      -2.017877714161502581E+03
    3.92000000E+02      -2.027567757998592242E+03
    3.93000000E+02      -2.037247596967006302E+03
    3.94000000E+02      -2.047010720911859380E+03
    3.95000000E+02      -2.056820506322397705E+03
    3.96000000E+02      -2.066516295701076615E+03
    3.97000000E+02      -2.076193642146696675E+03
    3.98000000E+02      -2.085994141954281986E+03
    3.99000000E+02      -2.095892291484284215E+03
    4.00000000E+02      -2.105523760982398471E+03
    4.01000000E+02      -2.115291272242139712E+03
    4.02000000E+02      -2.125142175399302687E+03
    4.03000000E+02      -2.134807195607069843E+03
    4.04000000E+02      -2.144588574856034029E+03
    4.05000000E+02      -2.154508122195108626E+03
    4.06000000E+02      -2.164208908911875369E+03
    4.07000000E+02      -2.174087540716174772E+03
    4.08000000E+02      -2.183921337571980530E+03
    4.09000000E+02      -2.193802865853940602E+03
    4.10000000E+02      -2.203367976817247836E+03
    4.11000000E+02      -2.213158565885452390E+03
    4.12000000E+02      -2.222901474588062229E+03
    4.13000000E+02      -2.232719461089975994E+03
    4.14000000E+02      -2.242607881520231331E+03
    4.15000000E+02      -2.252214910421216700E+03
    4.16000000E+02      -2.262154201057077898E+03
    4.17000000E+02      -2.271848080347379437E+03
    4.18000000E+02      -2.281582325761960419E+03
    4.19000000E+02      -2.291251923175793308E+03
    4.20000000E+02      -2.301066642691679590E+03
    4.21000000E+02      -2.310727257478941283E+03
    4.22000000E+02      -2.320602889617205619E+03
    4.23000000E+02      -2.330482858569111158E+03
    4.24000000E+02      -2.340235027342594549E+03
    4.25000000E+02      -2.350046656116425311E+03
    4.26000000E+02      -2.359579679093548748E+03
    4.27000000E+02      -2.369275370839398420E+03
    4.28000000E+02      -2.379073570082292918E+03
    4.29000000E+02      -2.388842029779370478E+03
    4.30000000E+02      -2.398587790570781181E+03
    4.31000000E+02      -2.408340470224839919E+03
    4.32000000E+02      -2.418197548082069261E+03
    4.33000000E+02      -2.427844422760634643E+03
    4.34000000E+02      -2.437427722067917330E+03
    4.35000000E+02      -2.447150553369918725E+03
    4.36000000E+02      -2.456773828004745155E+03
    4.37000000E+02      -2.466389686285080188E+03
    4.38000000E+02      -2.475924407644987241E+03
    4.39000000E+02      -2.485490911477580084E+03
    4.40000000E+02      -2.495169070318033846E+03
    4.41000000E+02      -2.504841083745523065E+03
    4.42000000E+02      -2.514254769041899635E+03
    4.43000000E+02      -2.523860903626296022E+03
    4.44000000E+02      -2.533494302413629157E+03
    4.45000000E+02      -2.542864919955793994E+03
    4.46000000E+02      -2.552421571465552461E+03
    4.47000000E+02      -2.561645804889813462E+03
    4.48000000E+02      -2.571378387559659586E+03
    4.49000000E+02      -2.580758832984513901E+03
    4.50000000E+02      -2.590195352042968352E+03
    4.51000000E+02      -2.599597171706574954E+03
    4.52000000E+02      -2.609204321574985443E+03
    4.53000000E+02      -2.618324141329046142E+03
    4.54000000E+02      -2.627853672446075961E+03
    4.55000000E+02      -2.637333039655701214E+03
    4.56000000E+02      -2.646604345938906135E+03
    4.57000000E+02      -2.655818823465604510E+03
    4.58000000E+02      -2.664825103633292656E+03
    4.59000000E+02      -2.674452730794769195E+03
    4.60000000E+02      -2.683358542916894748E+03
    4.61000000E+02      -2.692579083318206358E+03
    4.62000000E+02      -2.701641185564699299E+03
    4.63000000E+02      -2.710533163807790970E+03
    4.64000000E+02      -2.719881100737619818E+03
    4.65000000E+02      -2.728730899178850905E+03
    4.66000000E+02      -2.737861637092479214E+03
    4.67000000E+02      -2.746923389930308076E+03
    4.68000000E+02      -2.756136634770159617E+03
    4.69000000E+02      -2.764889718278049713E+03
    4.70000000E+02      -2.773620842517867914E+03
    4.71000000E+02      -2.782234949397883611E+03
    4.72000000E+02      -2.791767586954919807E+03
    4.73000000E+02      -2.800430467014145961E+03
    4.74000000E+02      -2.808889111054148998E+03
    4.75000000E+02      -2.817801580049284894E+03
    4.76000000E+02      -2.826465673931433230E+03
    4.77000000E+02      -2.834962916282730021E+03
    4.78000000E+02      -2.843905912301283934E+03
    4.79000000E+02      -2.852352941490877583E+03
    4.80000000E+02      -2.861419441920293139E+03
    4.81000000E+02      -2.869321513555276852E+03
    4.82000000E+02      -2.878027312554338550E+03
    4.83000000E+02      -2.886263037756238191E+03
    4.84000000E+02      -2.894737954838873520E+03
    4.85000000E+02      -2.903157731180574956E+03
    4.86000000E+02      -2.911363712018622209E+03
    4.87000000E+02      -2.919234897256264048E+03
    4.88000000E+02      -2.928040239974733595E+03
    4.89000000E+02      -2.936273594134959239E+03
    4.90000000E+02      -2.944264061565583688E+03
    4.91000000E+02      -2.952455804664045900E+03
    4.92000000E+02      -2.960125239657338170E+03
    4.93000000E+02      -2.968464322057151549E+03
    4.94000000E+02      -2.976555384686670550E+03
    4.95000000E+02      -2.983753717182159562E+03
    4.96000000E+02      -2.992163814017325876E+03
    4.97000000E+02      -2.999520571723544890E+03
    4.98000000E+02      -3.007280089021424374E+03
    4.99000000E+02      -3.015199871531699955E+03
    5.00000000E+02      -3.022591610997610587E+03
    5.01000000E+02      -3.030889379538020876E+03
    5.02000000E+02      -3.038406039761525335E+03
    5.03000000E+02      -3.045311318963314989E+03
    5.04000000E+02      -3.052371283836006114E+03
    5.05000000E+02      -3.059466422468838573E+03
    5.06000000E+02      -3.067643603253201945E+03
    5.07000000E+02      -3.074401661677783977E+03
    5.08000000E+02      -3.081216168776960330E+03
    5.09000000E+02      -3.088446602594080559E+03
    5.10000000E+02      -3.095260207079855718E+03
