    0.00000000E+00       1.741972971098942664E-10
    1.00000000E+00      -6.057398276668069393E-04
    2.00000000E+00      -3.732888749767554470E-02
    3.00000000E+00      -1.102075480797595070E-01
    4.00000000E+00      -2.193837331974559934E-01
    5.00000000E+00      -3.649897537802186953E-01
    6.00000000E+00      -5.469719562658792444E-01
    7.00000000E+00      -7.656030755838580948E-01
    8.00000000E+00      -1.020607609704758056E+00
    9.00000000E+00      -1.312681589605599441E+00
    1.00000000E+01      -1.641550120444851935E+00
    1.10000000E+01      -2.007303171300893752E+00
    1.20000000E+01      -2.409684629858470206E+00
    1.30000000E+01      -2.849737624833650784E+00
    1.40000000E+01      -3.326475951977315049E+00
    1.50000000E+01      -3.840919114057729011E+00
    1.60000000E+01      -4.393073783193377935E+00
    1.70000000E+01      -4.982010770682217426E+00
    1.80000000E+01      -5.608933196131690835E+00
    1.90000000E+01      -6.274606156391260292E+00
    2.00000000E+01      -6.976567524499884598E+00
    2.10000000E+01      -7.717431783530312117E+00
    2.20000000E+01      -8.496379069354221159E+00
    2.30000000E+01      -9.312908099283552232E+00
    2.40000000E+01      -1.016887212099447169E+01
    2.50000000E+01      -1.106160712769295174E+01
    2.60000000E+01      -1.199296944479866411E+01
    2.70000000E+01      -1.296332653076640540E+01
    2.80000000E+01      -1.397278698256000240E+01
    2.90000000E+01      -1.502099930215913304E+01
    3.00000000E+01      -1.610958570543780155E+01
    3.10000000E+01      -1.723461334403693002E+01
    3.20000000E+01      -1.839963049421520225E+01
    3.30000000E+01      -1.960293380052942780E+01
    3.40000000E+01      -2.084598437398034321E+01
    3.50000000E+01      -2.212809228043730059E+01
    3.60000000E+01      -2.345141988438854241E+01
    3.70000000E+01      -2.481226571076300047E+01
    3.80000000E+01      -2.621360062551744363E+01
    3.90000000E+01      -2.765223899817686970E+01
    4.00000000E+01      -2.913191097747886715E+01
    4.10000000E+01      -3.065217447507666293E+01
    4.20000000E+01      -3.221095012127966584E+01
    4.30000000E+01      -3.381057817583433689E+01
    4.40000000E+01      -3.545278373802739225E+01
    4.50000000E+01      -3.713449919983867176E+01
    4.60000000E+01      -3.885809069185404496E+01
    4.70000000E+01      -4.062360977910418569E+01
    4.80000000E+01      -4.243490139551522589E+01
    4.90000000E+01      -4.428553323147366427E+01
    5.00000000E+01      -4.618226225134105789E+01
    5.10000000E+01      -4.812100346622469260E+01
    5.20000000E+01      -5.010945007213547342E+01
    5.30000000E+01      -5.214552708771452671E+01
    5.40000000E+01      -5.422641494175104526E+01
    5.50000000E+01      -5.635230887408044964E+01
    5.60000000E+01      -5.853645601797006748E+01
    5.70000000E+01      -6.076534542288459306E+01
    5.80000000E+01      -6.303876940563191056E+01
    5.90000000E+01      -6.536154640704967278E+01
    6.00000000E+01      -6.773220133031463774E+01
    6.10000000E+01      -7.015398288550204597E+01
    6.20000000E+01      -7.262763033237308719E+01
    6.30000000E+01      -7.514351973664531670E+01
    6.40000000E+01      -7.770779598292972423E+01
    6.50000000E+01      -8.031341159359135418E+01
    6.60000000E+01      -8.296642632196392242E+01
    6.70000000E+01      -8.566342544268604797E+01
    6.80000000E+01      -8.840331754159524280E+01
    6.90000000E+01      -9.117431504681439947E+01
    7.00000000E+01      -9.399276595866342632E+01
    7.10000000E+01      -9.685137030616039056E+01
    7.20000000E+01      -9.974480974098810293E+01
    7.30000000E+01      -1.026759181673481294E+02
    7.40000000E+01      -1.056407991378138433E+02
    7.50000000E+01      -1.086444199352686724E+02
    7.60000000E+01      -1.116706702805172711E+02
    7.70000000E+01      -1.147376896360667331E+02
    7.80000000E+01      -1.178314133919253663E+02
    7.90000000E+01      -1.209614637425976866E+02
    8.00000000E+01      -1.241224550947327998E+02
    8.10000000E+01      -1.273013402825066578E+02
    8.20000000E+01      -1.305093026606749618E+02
    8.30000000E+01      -1.337439311315421264E+02
    8.40000000E+01      -1.370156611769463098E+02
    8.50000000E+01      -1.403092515177247606E+02
    8.60000000E+01      -1.436321567889756352E+02
    8.70000000E+01      -1.469753095774651683E+02
    8.80000000E+01      -1.503366954481966786E+02
    8.90000000E+01      -1.537223785298670009E+02
    9.00000000E+01      -1.571348187973549102E+02
    9.10000000E+01      -1.605776874478929130E+02
    9.20000000E+01      -1.640471075172019937E+02
    9.30000000E+01      -1.675327929676188887E+02
    9.40000000E+01      -1.710506510111135867E+02
    9.50000000E+01      -1.745825863273248615E+02
    9.60000000E+01      -1.781493790561958122E+02
    9.70000000E+01      -1.817280651695373308E+02
    9.80000000E+01      -1.853276020590831195E+02
    9.90000000E+01      -1.889434992714268446E+02
    1.00000000E+02      -1.925886261514788202E+02
    1.01000000E+02      -1.962553238072196109E+02
    1.02000000E+02      -1.999376767995872797E+02
    1.03000000E+02      -2.036286206266086083E+02
    1.04000000E+02      -2.073482256873739971E+02
    1.05000000E+02      -2.110983819589532686E+02
    1.06000000E+02      -2.148610175219082521E+02
    1.07000000E+02      -2.186402215180319217E+02
    1.08000000E+02      -2.224475691690413441E+02
    1.09000000E+02      -2.262680668340162811E+02
    1.10000000E+02      -2.301090282121804194E+02
    1.11000000E+02      -2.339612752038392500E+02
    1.12000000E+02      -2.378443793570449998E+02
    1.13000000E+02      -2.417459363866437343E+02
    1.14000000E+02      -2.456588696988828815E+02
    1.15000000E+02      -2.495833303888407499E+02
    1.16000000E+02      -2.535359883859628098E+02
    1.17000000E+02      -2.575071383446975233E+02
    1.18000000E+02      -2.614936742871650495E+02
    1.19000000E+02      -2.655096984431252167E+02
    1.20000000E+02      -2.695470436518321549E+02
    1.21000000E+02      -2.735785963852154055E+02
    1.22000000E+02      -2.776517682629346382E+02
    1.23000000E+02      -2.817285317788509929E+02
    1.24000000E+02      -2.858105851585187338E+02
    1.25000000E+02      -2.899121216509029182E+02
    1.26000000E+02      -2.940313301299956947E+02
    1.27000000E+02      -2.981699807264858464E+02
    1.28000000E+02      -3.023179076838850960E+02
    1.29000000E+02      -3.064848482660936497E+02
    1.30000000E+02      -3.107021650657670762E+02
    1.31000000E+02      -3.149043959320192698E+02
    1.32000000E+02      -3.191349328000478636E+02
    1.33000000E+02      -3.233924598981452618E+02
    1.34000000E+02      -3.276430476826362792E+02
    1.35000000E+02      -3.319190224763938204E+02
    1.36000000E+02      -3.362133989702842882E+02
    1.37000000E+02      -3.405194916334185109E+02
    1.38000000E+02      -3.448559479687573912E+02
    1.39000000E+02      -3.491803131645510803E+02
    1.40000000E+02      -3.535519024228087801E+02
    1.41000000E+02      -3.579153500341240033E+02
    1.42000000E+02      -3.623066940334852006E+02
    1.43000000E+02      -3.666949361267475069E+02
    1.44000000E+02      -3.711250349201977770E+02
    1.45000000E+02      -3.756006247406121474E+02
    1.46000000E+02      -3.800482540250950478E+02
    1.47000000E+02      -3.845241597869057841E+02
    1.48000000E+02      -3.890194518595167210E+02
    1.49000000E+02      -3.935154264532984598E+02
    1.50000000E+02      -3.980239783408915173E+02
    1.51000000E+02      -4.025570747962701716E+02
    1.52000000E+02      -4.071856809884629911E+02
    1.53000000E+02      -4.117545527764104918E+02
    1.54000000E+02      -4.163082082060418543E+02
    1.55000000E+02      -4.209322934036435981E+02
    1.56000000E+02      -4.255505921638496147E+02
    1.57000000E+02      -4.301535163727940017E+02
    1.58000000E+02      -4.347616482359935617E+02
    1.59000000E+02      -4.393770374764108055E+02
    1.60000000E+02      -4.440166570517340006E+02
    1.61000000E+02      -4.486577881408238682E+02
    1.62000000E+02      -4.533075584044217976E+02
    1.63000000E+02      -4.579978018253159462E+02
    1.64000000E+02      -4.627097337457580579E+02
    1.65000000E+02      -4.674208972587011885E+02
    1.66000000E+02      -4.721253585976946852E+02
    1.67000000E+02      -4.768355845072701413E+02
    1.68000000E+02      -4.815551487134644049E+02
    1.69000000E+02      -4.862700813332567122E+02
    1.70000000E+02      -4.910223915018032130E+02
    1.71000000E+02      -4.957692192923732364E+02
    1.72000000E+02      -5.005081171461861231E+02
    1.73000000E+02      -5.052823455517618640E+02
    1.74000000E+02      -5.101373312185005489E+02
    1.75000000E+02      -5.149153167218191811E+02
    1.76000000E+02      -5.197078784563018417E+02
    1.77000000E+02      -5.245485902151763185E+02
    1.78000000E+02      -5.293423963065570206E+02
    1.79000000E+02      -5.341503809463947618E+02
    1.80000000E+02      -5.389720412807055254E+02
    1.81000000E+02      -5.437911237922817236E+02
    1.82000000E+02      -5.486261858478396789E+02
    1.83000000E+02      -5.534536535614874992E+02
    1.84000000E+02      -5.582829972446429565E+02
    1.85000000E+02      -5.631010899711072852E+02
    1.86000000E+02      -5.679445335757254725E+02
    1.87000000E+02      -5.727806586070041703E+02
    1.88000000E+02      -5.776282211458910751E+02
    1.89000000E+02      -5.824974328809380495E+02
    1.90000000E+02      -5.873363449638063685E+02
    1.91000000E+02      -5.922017540784227094E+02
    1.92000000E+02      -5.970164351863913907E+02
    1.93000000E+02      -6.018867221136297303E+02
    1.94000000E+02      -6.067735533060626949E+02
    1.95000000E+02      -6.116296635025560136E+02
    1.96000000E+02      -6.165395710155648885E+02
    1.97000000E+02      -6.214597804960972098E+02
    1.98000000E+02      -6.263802258696259742E+02
    1.99000000E+02      -6.313059225951378721E+02
    2.00000000E+02      -6.362308035127057337E+02
    2.01000000E+02      -6.411995791854042182E+02
    2.02000000E+02      -6.461611143261920915E+02
    2.03000000E+02      -6.511477291690111997E+02
    2.04000000E+02      -6.561656013297315440E+02
    2.05000000E+02      -6.611908384440130249E+02
    2.06000000E+02      -6.662386160319092596E+02
    2.07000000E+02      -6.713372848620747391E+02
    2.08000000E+02      -6.764366770516353427E+02
    2.09000000E+02      -6.815894830879692563E+02
    2.10000000E+02      -6.867121975392519744E+02
    2.11000000E+02      -6.918625738091195672E+02
    2.12000000E+02      -6.970554722434044379E+02
    2.13000000E+02      -7.022715320419538330E+02
    2.14000000E+02      -7.075014708497542415E+02
    2.15000000E+02      -7.127870995056910033E+02
    2.16000000E+02      -7.180634079724159164E+02
    2.17000000E+02      -7.233949638775684434E+02
    2.18000000E+02      -7.287035948533266492E+02
    2.19000000E+02      -7.340652538872132027E+02
    2.20000000E+02      -7.394182199025071895E+02
    2.21000000E+02      -7.448106343341091815E+02
    2.22000000E+02      -7.502261321392352329E+02
    2.23000000E+02      -7.556921928598171689E+02
    2.24000000E+02      -7.611650609585385610E+02
    2.25000000E+02      -7.666384182788692669E+02
    2.26000000E+02      -7.721699432770842577E+02
    2.27000000E+02      -7.776896366835462686E+02
    2.28000000E+02      -7.832760462213213941E+02
    2.29000000E+02      -7.887844816685296792E+02
    2.30000000E+02      -7.943649413468424427E+02
    2.31000000E+02      -7.999382760920830151E+02
    2.32000000E+02      -8.055652797135335277E+02
    2.33000000E+02      -8.112223531773897776E+02
    2.34000000E+02      -8.168905713686012859E+02
    2.35000000E+02      -8.225822543486356153E+02
    2.36000000E+02      -8.282580353711014141E+02
    2.37000000E+02      -8.339698825372483952E+02
    2.38000000E+02      -8.396369835328591762E+02
    2.39000000E+02      -8.453658280110739724E+02
    2.40000000E+02      -8.511128571879676201E+02
    2.41000000E+02      -8.568933816779931476E+02
    2.42000000E+02      -8.626620246694515117E+02
    2.43000000E+02      -8.684849823392787584E+02
    2.44000000E+02      -8.743195362546234719E+02
    2.45000000E+02      -8.801232212217892084E+02
    2.46000000E+02      -8.859563391120459528E+02
    2.47000000E+02      -8.918081504911847333E+02
    2.48000000E+02      -8.976980225300276288E+02
    2.49000000E+02      -9.035938778891236325E+02
    2.50000000E+02      -9.095360080559576090E+02
    2.51000000E+02      -9.154896066906881060E+02
    2.52000000E+02      -9.214577178146678307E+02
    2.53000000E+02      -9.274561631525070879E+02
    2.54000000E+02      -9.334673068668989799E+02
    2.55000000E+02      -9.394969673767864151E+02
    2.56000000E+02      -9.455506012365194692E+02
    2.57000000E+02      -9.516078372608885729E+02
    2.58000000E+02      -9.577001096072121982E+02
    2.59000000E+02      -9.638298163353147174E+02
    2.60000000E+02      -9.699777828868145662E+02
    2.61000000E+02      -9.761398854516387473E+02
    2.62000000E+02      -9.823018905056269432E+02
    2.63000000E+02      -9.885160107151370994E+02
    2.64000000E+02      -9.947497082000968476E+02
    2.65000000E+02      -1.000991686724973988E+03
    2.66000000E+02      -1.007247893666110372E+03
    2.67000000E+02      -1.013543664702720434E+03
    2.68000000E+02      -1.019855882102931105E+03
    2.69000000E+02      -1.026220631633130552E+03
    2.70000000E+02      -1.032604732516599597E+03
    2.71000000E+02      -1.039022504082994601E+03
    2.72000000E+02      -1.045466645352026035E+03
    2.73000000E+02      -1.051940486943803535E+03
    2.74000000E+02      -1.058431207747551525E+03
    2.75000000E+02      -1.064983971717660324E+03
    2.76000000E+02      -1.071559672486579530E+03
    2.77000000E+02      -1.078165031225570601E+03
    2.78000000E+02      -1.084827386963626850E+03
    2.79000000E+02      -1.091489073979481418E+03
    2.80000000E+02      -1.098197078125107510E+03
    2.81000000E+02      -1.104921039725020819E+03
    2.82000000E+02      -1.111732819934063173E+03
    2.83000000E+02      -1.118572086587104423E+03
    2.84000000E+02      -1.125399764330285961E+03
    2.85000000E+02      -1.132316339508869532E+03
    2.86000000E+02      -1.139245377557018401E+03
    2.87000000E+02      -1.146277701456849172E+03
    2.88000000E+02      -1.153288528176974978E+03
    2.89000000E+02      -1.160428300547905565E+03
    2.90000000E+02      -1.167564253029911015E+03
    2.91000000E+02      -1.174748670580886937E+03
    2.92000000E+02      -1.182025967978220251E+03
    2.93000000E+02      -1.189353439866658846E+03
    2.94000000E+02      -1.196703615037850795E+03
    2.95000000E+02      -1.204128673757137221E+03
    2.96000000E+02      -1.211608887982270062E+03
    2.97000000E+02      -1.219089951988766188E+03
    2.98000000E+02      -1.226753850361789773E+03
    2.99000000E+02      -1.234408623775824708E+03
    3.00000000E+02      -1.242182046109805015E+03
    3.01000000E+02      -1.249969886350527304E+03
    3.02000000E+02      -1.257849601547167367E+03
    3.03000000E+02      -1.265734098788434039E+03
    3.04000000E+02      -1.273707725077402301E+03
    3.05000000E+02      -1.281752417541574687E+03
    3.06000000E+02      -1.289808524157539068E+03
    3.07000000E+02      -1.297914048514796377E+03
    3.08000000E+02      -1.306072543525749097E+03
    3.09000000E+02      -1.314235004682126601E+03
    3.10000000E+02      -1.322502881399169837E+03
    3.11000000E+02      -1.330746306547070162E+03
    3.12000000E+02      -1.339098114453412563E+03
    3.13000000E+02      -1.347461317392277579E+03
    3.14000000E+02      -1.355856287563124624E+03
    3.15000000E+02      -1.364266813997958707E+03
    3.16000000E+02      -1.372706168111366424E+03
    3.17000000E+02      -1.381185625122507190E+03
    3.18000000E+02      -1.389676371485782965E+03
    3.19000000E+02      -1.398239577833609474E+03
    3.20000000E+02      -1.406813891802288708E+03
    3.21000000E+02      -1.415441972480099139E+03
    3.22000000E+02      -1.424118236984740633E+03
    3.23000000E+02      -1.432783635016305197E+03
    3.24000000E+02      -1.441458544183321919E+03
    3.25000000E+02      -1.450173954698025454E+03
    3.26000000E+02      -1.458946255132771512E+03
    3.27000000E+02      -1.467711343598693929E+03
    3.28000000E+02      -1.476478374401453038E+03
    3.29000000E+02      -1.485359109777134108E+03
    3.30000000E+02      -1.494219726967206952E+03
    3.31000000E+02      -1.503136632387210284E+03
    3.32000000E+02      -1.512086681062987736E+03
    3.33000000E+02      -1.520977929858365314E+03
    3.34000000E+02      -1.530021317879575918E+03
    3.35000000E+02      -1.538995629910910566E+03
    3.36000000E+02      -1.548089182264930059E+03
    3.37000000E+02      -1.557208829967151587E+03
    3.38000000E+02      -1.566297611073921871E+03
    3.39000000E+02      -1.575462594491027176E+03
    3.40000000E+02      -1.584589464715038503E+03
    3.41000000E+02      -1.593806882227741880E+03
    3.42000000E+02      -1.602961952156958887E+03
    3.43000000E+02      -1.612268908533606009E+03
    3.44000000E+02      -1.621519679036692878E+03
    3.45000000E+02      -1.630816087391868905E+03
    3.46000000E+02      -1.640168161371083897E+03
    3.47000000E+02      -1.649523984989199107E+03
    3.48000000E+02      -1.658913367557521042E+03
    3.49000000E+02      -1.668365635199985718E+03
    3.50000000E+02      -1.677709664155346218E+03
    3.51000000E+02      -1.687203654796146793E+03
    3.52000000E+02      -1.696684276387422869E+03
    3.53000000E+02      -1.706266242775290948E+03
    3.54000000E+02      -1.715774365484417331E+03
    3.55000000E+02      -1.725289873573257864E+03
    3.56000000E+02      -1.734891665990803176E+03
    3.57000000E+02      -1.744564814985387329E+03
    3.58000000E+02      -1.754207284765259374E+03
    3.59000000E+02      -1.763851284525304891E+03
    3.60000000E+02      -1.773570410823055227E+03
    3.61000000E+02      -1.783234661624687305E+03
    3.62000000E+02      -1.792917896154234768E+03
    3.63000000E+02      -1.802676364783384997E+03
    3.64000000E+02      -1.812463557508447821E+03
    3.65000000E+02      -1.822293480927808559E+03
    3.66000000E+02      -1.832128846024273116E+03
    3.67000000E+02      -1.841956267389276263E+03
    3.68000000E+02      -1.851769892592233646E+03
    3.69000000E+02      -1.861615437470149345E+03
    3.70000000E+02      -1.871604733381861934E+03
    3.71000000E+02      -1.881472333736673136E+03
    3.72000000E+02      -1.891401679024744908E+03
    3.73000000E+02      -1.901405801222228092E+03
    3.74000000E+02      -1.911376524470075310E+03
    3.75000000E+02      -1.921322560386513032E+03
    3.76000000E+02      -1.931248501442536053E+03
    3.77000000E+02      -1.941413035860385207E+03
    3.78000000E+02      -1.951491584839600819E+03
    3.79000000E+02      -1.961508128949559023E+03
    3.80000000E+02      -1.971707066292474337E+03
    3.81000000E+02      -1.981659559077986614E+03
    3.82000000E+02      -1.991825137824489957E+03
    3.83000000E+02      -2.001927107262294157E+03
    3.84000000E+02      -2.012141092275173150E+03
    3.85000000E+02      -2.022347654062954689E+03
    3.86000000E+02      -2.032520266137277304E+03
    3.87000000E+02      -2.042686334503132002E+03
    3.88000000E+02      -2.052844773507636091E+03
    3.89000000E+02      -2.063046578165276514E+03
    3.90000000E+02      -2.073398496532673107E+03
    3.91000000E+02      -2.083636040701153888E+03
    3.92000000E+02      -2.093837515986300787E+03
    3.93000000E+02      -2.104091831283509691E+03
    3.94000000E+02      -2.114479110260775542E+03
    3.95000000E+02      -2.124731080715971075E+03
    3.96000000E+02      -2.134996844599328597E+03
    3.97000000E+02      -2.145324056779330476E+03
    3.98000000E+02      -2.155621988275949661E+03
    3.99000000E+02      -2.165931169188601416E+03
    4.00000000E+02      -2.176273085220005214E+03
    4.01000000E+02      -2.186713105228416680E+03
    4.02000000E+02      -2.197058385152218762E+03
    4.03000000E+02      -2.207387194529973385E+03
    4.04000000E+02      -2.217800235806028468E+03
    4.05000000E+02      -2.228262228649697136E+03
    4.06000000E+02      -2.238668260305137210E+03
    4.07000000E+02      -2.249055206610616551E+03
    4.08000000E+02      -2.259456559854399984E+03
    4.09000000E+02      -2.269783240348595882E+03
    4.10000000E+02      -2.280186412172372457E+03
    4.11000000E+02      -2.290725764367045485E+03
    4.12000000E+02      -2.301249151820501538E+03
    4.13000000E+02      -2.311530972841262155E+03
    4.14000000E+02      -2.322173937579796984E+03
    4.15000000E+02      -2.332357700460943306E+03
    4.16000000E+02      -2.342974883416139164E+03
    4.17000000E+02      -2.353329349113239914E+03
    4.18000000E+02      -2.363760494232590645E+03
    4.19000000E+02      -2.374245461543285273E+03
    4.20000000E+02      -2.384565867841728959E+03
    4.21000000E+02      -2.395111572413612521E+03
    4.22000000E+02      -2.405699917428952176E+03
    4.23000000E+02      -2.415940583943762249E+03
    4.24000000E+02      -2.426386687825723584E+03
    4.25000000E+02      -2.436893460843373305E+03
    4.26000000E+02      -2.447356538410763278E+03
    4.27000000E+02      -2.457828405966685295E+03
    4.28000000E+02      -2.468169387141863353E+03
    4.29000000E+02      -2.478608332539461117E+03
    4.30000000E+02      -2.489121007748809461E+03
    4.31000000E+02      -2.499323818060238409E+03
    4.32000000E+02      -2.509922552725482092E+03
    4.33000000E+02      -2.520351191342940638E+03
    4.34000000E+02      -2.530756914433621205E+03
    4.35000000E+02      -2.541269630842544757E+03
    4.36000000E+02      -2.551613154587331337E+03
    4.37000000E+02      -2.562038189742870145E+03
    4.38000000E+02      -2.572269750571163968E+03
    4.39000000E+02      -2.582652867784997852E+03
    4.40000000E+02      -2.592942624263441303E+03
    4.41000000E+02      -2.603473726151157280E+03
    4.42000000E+02      -2.613554323997732808E+03
    4.43000000E+02      -2.623933006116817069E+03
    4.44000000E+02      -2.634236362987266148E+03
    4.45000000E+02      -2.644616207198204847E+03
    4.46000000E+02      -2.655056479917057914E+03
    4.47000000E+02      -2.665331344637907023E+03
    4.48000000E+02      -2.675318804422398443E+03
    4.49000000E+02      -2.685795254282385940E+03
    4.50000000E+02      -2.695881210316832039E+03
    4.51000000E+02      -2.706230460821134784E+03
    4.52000000E+02      -2.716223806079729911E+03
    4.53000000E+02      -2.726706683467883522E+03
    4.54000000E+02      -2.736630569220982125E+03
    4.55000000E+02      -2.746986262242439352E+03
    4.56000000E+02      -2.756867923889373742E+03
    4.57000000E+02      -2.766922155070829831E+03
    4.58000000E+02      -2.776944540527500067E+03
    4.59000000E+02      -2.787159415557065131E+03
    4.60000000E+02      -2.797190108432714624E+03
    4.61000000E+02      -2.807291118870924493E+03
    4.62000000E+02      -2.817447394979333694E+03
    4.63000000E+02      -2.827318939271928684E+03
    4.64000000E+02      -2.837398525501125732E+03
    4.65000000E+02      -2.847074999945717991E+03
    4.66000000E+02      -2.856979821409594479E+03
    4.67000000E+02      -2.866869308311042914E+03
    4.68000000E+02      -2.876551951986697532E+03
    4.69000000E+02      -2.886723370323516065E+03
    4.70000000E+02      -2.896484901618736330E+03
    4.71000000E+02      -2.906266972140291728E+03
    4.72000000E+02      -2.915929494850581250E+03
    4.73000000E+02      -2.925410081858404737E+03
    4.74000000E+02      -2.935219432472382778E+03
    4.75000000E+02      -2.945033814587910911E+03
    4.76000000E+02      -2.954259771630255273E+03
    4.77000000E+02      -2.964104028673098583E+03
    4.78000000E+02      -2.973763898036683258E+03
    4.79000000E+02      -2.983226645399983227E+03
    4.80000000E+02      -2.992649936170925685E+03
    4.81000000E+02      -3.002526223732595099E+03
    4.82000000E+02      -3.011464036309351286E+03
    4.83000000E+02      -3.021091381555215776E+03
    4.84000000E+02      -3.030156818764777199E+03
    4.85000000E+02      -3.039351154755786865E+03
    4.86000000E+02      -3.048602951125906657E+03
    4.87000000E+02      -3.058093300561336946E+03
    4.88000000E+02      -3.066964717689089412E+03
    4.89000000E+02      -3.076139160341995648E+03
    4.90000000E+02      -3.085550565017304052E+03
    4.91000000E+02      -3.094227096428055120E+03
    4.92000000E+02      -3.103631393106536052E+03
    4.93000000E+02      -3.112457182910005486E+03
    4.94000000E+02      -3.121473276052694018E+03
    4.95000000E+02      -3.129635394718989573E+03
    4.96000000E+02      -3.138909758284361942E+03
    4.97000000E+02      -3.147779640614487107E+03
    4.98000000E+02      -3.156311385300091388E+03
    4.99000000E+02      -3.165008077750528173E+03
    5.00000000E+02      -3.173413793049892774E+03
    5.01000000E+02      -3.182522870717736168E+03
    5.02000000E+02      -3.190707346286268148E+03
    5.03000000E+02      -3.199044669201030956E+03
    5.04000000E+02      -3.207979609686351068E+03
    5.05000000E+02      -3.215598852386325689E+03
    5.06000000E+02      -3.207077112628456234E+03
    5.07000000E+02      -2.858560375385684893E+03
    5.08000000E+02      -3.071771040191233624E+03
    5.09000000E+02      -3.204427724739143741E+03
    5.10000000E+02      -3.247048301328244634E+03
