    0.00000000E+00      -2.653596106840148749E+01
    1.00000000E+00      -2.349709812475219550E+01
    2.00000000E+00      -2.113576076103225532E+01
    3.00000000E+00      -1.916406241727844062E+01
    4.00000000E+00      -1.746412441802993598E+01
    5.00000000E+00      -1.597137758804336372E+01
    6.00000000E+00      -1.464500895811096015E+01
    7.00000000E+00      -1.345717213226333442E+01
    8.00000000E+00      -1.238738182855621162E+01
    9.00000000E+00      -1.141961417270675483E+01
    1.00000000E+01      -1.054141030384078803E+01
    1.10000000E+01      -9.742850876579435493E+00
    1.20000000E+01      -9.015840805301817085E+00
    1.30000000E+01      -8.353446400890501167E+00
    1.40000000E+01      -7.749924934635313178E+00
    1.50000000E+01      -7.199787653217466499E+00
    1.60000000E+01      -6.698531187305601264E+00
    1.70000000E+01      -6.242559350261839057E+00
    1.80000000E+01      -5.828501916656644966E+00
    1.90000000E+01      -5.453369951973112251E+00
    2.00000000E+01      -5.114229477176817085E+00
    2.10000000E+01      -4.808512843380125190E+00
    2.20000000E+01      -4.534255243072660591E+00
    2.30000000E+01      -4.289245105514677192E+00
    2.40000000E+01      -4.071690834293516303E+00
    2.50000000E+01      -3.879784262905271230E+00
    2.60000000E+01      -3.712110675106198965E+00
    2.70000000E+01      -3.566982603798062978E+00
    2.80000000E+01      -3.443347550163419424E+00
    2.90000000E+01      -3.339983440170438467E+00
    3.00000000E+01      -3.255691505203397451E+00
    3.10000000E+01      -3.189365244636686025E+00
    3.20000000E+01      -3.139787412414701162E+00
    3.30000000E+01      -3.106170988807828603E+00
    3.40000000E+01      -3.087639249096067129E+00
    3.50000000E+01      -3.083319462070615469E+00
    3.60000000E+01      -3.092548406849057852E+00
    3.70000000E+01      -3.114530719051511465E+00
    3.80000000E+01      -3.148760295639188467E+00
    3.90000000E+01      -3.194319701919706045E+00
    4.00000000E+01      -3.251001692543180166E+00
    4.10000000E+01      -3.317786849270017324E+00
    4.20000000E+01      -3.394181586036832510E+00
    4.30000000E+01      -3.479868865738065420E+00
    4.40000000E+01      -3.574283397922666250E+00
    4.50000000E+01      -3.676780379543454824E+00
    4.60000000E+01      -3.787054575214536367E+00
    4.70000000E+01      -3.904744303951413809E+00
    4.80000000E+01      -4.029300189743192817E+00
    4.90000000E+01      -4.160473383197935249E+00
    5.00000000E+01      -4.297963834533842231E+00
    5.10000000E+01      -4.441360033283384467E+00
    5.20000000E+01      -4.590277350673826362E+00
    5.30000000E+01      -4.744162894020231391E+00
    5.40000000E+01      -4.902698732147367622E+00
    5.50000000E+01      -5.065832651386411811E+00
    5.60000000E+01      -5.233194924125822212E+00
    5.70000000E+01      -5.404684758911283637E+00
    5.80000000E+01      -5.579927659759672309E+00
    5.90000000E+01      -5.758754528293760444E+00
    6.00000000E+01      -5.940590358505399848E+00
    6.10000000E+01      -6.125399149189146186E+00
    6.20000000E+01      -6.312843180427702094E+00
    6.30000000E+01      -6.502969659099729682E+00
    6.40000000E+01      -6.695661819706113960E+00
    6.50000000E+01      -6.890023566017301704E+00
    6.60000000E+01      -7.086647308597715522E+00
    6.70000000E+01      -7.285348690281065132E+00
    6.80000000E+01      -7.485811448822172309E+00
    6.90000000E+01      -7.687685645351560737E+00
    7.00000000E+01      -7.890688932666929389E+00
    7.10000000E+01      -8.094864583740385200E+00
    7.20000000E+01      -8.299816704521330024E+00
    7.30000000E+01      -8.506218827495725776E+00
    7.40000000E+01      -8.712778425941618110E+00
    7.50000000E+01      -8.919997847805174018E+00
    7.60000000E+01      -9.127631760368497993E+00
    7.70000000E+01      -9.335843420753629829E+00
    7.80000000E+01      -9.544112480411680366E+00
    7.90000000E+01      -9.752836621532591010E+00
    8.00000000E+01      -9.961363888511808540E+00
    8.10000000E+01      -1.016977671457305732E+01
    8.20000000E+01      -1.037823102546706977E+01
    8.30000000E+01      -1.058640197587982001E+01
    8.40000000E+01      -1.079426465106979194E+01
    8.50000000E+01      -1.100160721612945380E+01
    8.60000000E+01      -1.120853332353607001E+01
    8.70000000E+01      -1.141484210563674750E+01
    8.80000000E+01      -1.162033317161575141E+01
    8.90000000E+01      -1.182486597372070136E+01
    9.00000000E+01      -1.202851817680373969E+01
    9.10000000E+01      -1.223113176895156684E+01
    9.20000000E+01      -1.243321267438903632E+01
    9.30000000E+01      -1.263396427703872504E+01
    9.40000000E+01      -1.283356384111419501E+01
    9.50000000E+01      -1.303208253456130805E+01
    9.60000000E+01      -1.322925028873458686E+01
    9.70000000E+01      -1.342534933162704291E+01
    9.80000000E+01      -1.361981341911331000E+01
    9.90000000E+01      -1.381289610935226264E+01
    1.00000000E+02      -1.400451169086471381E+01
    1.01000000E+02      -1.419468078685775581E+01
    1.02000000E+02      -1.438338861537948432E+01
    1.03000000E+02      -1.457012579513564887E+01
    1.04000000E+02      -1.475458321643844428E+01
    1.05000000E+02      -1.493786243272796455E+01
    1.06000000E+02      -1.511941198183074775E+01
    1.07000000E+02      -1.529919419361129584E+01
    1.08000000E+02      -1.547728500438705268E+01
    1.09000000E+02      -1.565356794668212714E+01
    1.10000000E+02      -1.582778815103545966E+01
    1.11000000E+02      -1.599995849205032172E+01
    1.12000000E+02      -1.617041210008636298E+01
    1.13000000E+02      -1.633878413511291328E+01
    1.14000000E+02      -1.650541970802322211E+01
    1.15000000E+02      -1.666981849742904487E+01
    1.16000000E+02      -1.683204296899810615E+01
    1.17000000E+02      -1.699219790769592109E+01
    1.18000000E+02      -1.715030387712493720E+01
    1.19000000E+02      -1.730634210182205024E+01
    1.20000000E+02      -1.746033916545883002E+01
    1.21000000E+02      -1.761209175659194770E+01
    1.22000000E+02      -1.776169005704894843E+01
    1.23000000E+02      -1.790900228096023383E+01
    1.24000000E+02      -1.805395588947311225E+01
    1.25000000E+02      -1.819663713050857368E+01
    1.26000000E+02      -1.833699629379287543E+01
    1.27000000E+02      -1.847464660478607001E+01
    1.28000000E+02      -1.861058369947448554E+01
    1.29000000E+02      -1.874425838066116157E+01
    1.30000000E+02      -1.887549702001586738E+01
    1.31000000E+02      -1.900427374912277045E+01
    1.32000000E+02      -1.913036582542434516E+01
    1.33000000E+02      -1.925419870687499824E+01
    1.34000000E+02      -1.937585697246566596E+01
    1.35000000E+02      -1.949489650798812690E+01
    1.36000000E+02      -1.961145994735732856E+01
    1.37000000E+02      -1.972533634973541083E+01
    1.38000000E+02      -1.983666578603759589E+01
    1.39000000E+02      -1.994587061477676215E+01
    1.40000000E+02      -2.005281958652511420E+01
    1.41000000E+02      -2.015690896583572211E+01
    1.42000000E+02      -2.025863698793426337E+01
    1.43000000E+02      -2.035813800169006171E+01
    1.44000000E+02      -2.045535454822555366E+01
    1.45000000E+02      -2.054984585119262519E+01
    1.46000000E+02      -2.064176133943572822E+01
    1.47000000E+02      -2.073134479595199409E+01
    1.48000000E+02      -2.081828472686782661E+01
    1.49000000E+02      -2.090223053766265693E+01
    1.50000000E+02      -2.098374042583480659E+01
    1.51000000E+02      -2.106280062271133247E+01
    1.52000000E+02      -2.113892433715835395E+01
    1.53000000E+02      -2.121276584936157050E+01
    1.54000000E+02      -2.128442291093841376E+01
    1.55000000E+02      -2.135329279972091499E+01
    1.56000000E+02      -2.142000690771117988E+01
    1.57000000E+02      -2.148370132518783393E+01
    1.58000000E+02      -2.154491255355850043E+01
    1.59000000E+02      -2.160343781782165351E+01
    1.60000000E+02      -2.165914592815414252E+01
    1.61000000E+02      -2.171262834144607368E+01
    1.62000000E+02      -2.176367781234756293E+01
    1.63000000E+02      -2.181234715057388129E+01
    1.64000000E+02      -2.185794518066421332E+01
    1.65000000E+02      -2.190138796640411201E+01
    1.66000000E+02      -2.194149175954833808E+01
    1.67000000E+02      -2.198001990390792670E+01
    1.68000000E+02      -2.201566628290191474E+01
    1.69000000E+02      -2.204869399143234077E+01
    1.70000000E+02      -2.207935593200698676E+01
    1.71000000E+02      -2.210686222387328925E+01
    1.72000000E+02      -2.213225082231536689E+01
    1.73000000E+02      -2.215500787569061103E+01
    1.74000000E+02      -2.217550424409881415E+01
    1.75000000E+02      -2.219312450958267036E+01
    1.76000000E+02      -2.220814929080978217E+01
    1.77000000E+02      -2.222113875223174873E+01
    1.78000000E+02      -2.223107848239913764E+01
    1.79000000E+02      -2.223828784299865546E+01
    1.80000000E+02      -2.224352858139053168E+01
    1.81000000E+02      -2.224606297088638129E+01
    1.82000000E+02      -2.224597916675582709E+01
    1.83000000E+02      -2.224348650051132026E+01
    1.84000000E+02      -2.223857656789794746E+01
    1.85000000E+02      -2.223085740877166572E+01
    1.86000000E+02      -2.222073522878661933E+01
    1.87000000E+02      -2.220791033578887763E+01
    1.88000000E+02      -2.219272807909026923E+01
    1.89000000E+02      -2.217484942747131171E+01
    1.90000000E+02      -2.215533075405135932E+01
    1.91000000E+02      -2.213291666580215278E+01
    1.92000000E+02      -2.210845629049316230E+01
    1.93000000E+02      -2.208139906002059760E+01
    1.94000000E+02      -2.205163256002441230E+01
    1.95000000E+02      -2.202022621704116645E+01
    1.96000000E+02      -2.198556754661575141E+01
    1.97000000E+02      -2.194908020568862739E+01
    1.98000000E+02      -2.191037497592941108E+01
    1.99000000E+02      -2.186954847646728339E+01
    2.00000000E+02      -2.182658866716399970E+01
    2.01000000E+02      -2.178073088003173652E+01
    2.02000000E+02      -2.173261073900237861E+01
    2.03000000E+02      -2.168232814146056953E+01
    2.04000000E+02      -2.163014808965698066E+01
    2.05000000E+02      -2.157538644147888007E+01
    2.06000000E+02      -2.151827303243652167E+01
    2.07000000E+02      -2.145895991397872749E+01
    2.08000000E+02      -2.139760164094940009E+01
    2.09000000E+02      -2.133423409534469428E+01
    2.10000000E+02      -2.126863513065353217E+01
    2.11000000E+02      -2.120086757017150703E+01
    2.12000000E+02      -2.113092581106200996E+01
    2.13000000E+02      -2.105907652450576606E+01
    2.14000000E+02      -2.098496196342483344E+01
    2.15000000E+02      -2.090925476623550239E+01
    2.16000000E+02      -2.083192113710418525E+01
    2.17000000E+02      -2.075220660043731513E+01
    2.18000000E+02      -2.067044619394317451E+01
    2.19000000E+02      -2.058665046764388862E+01
    2.20000000E+02      -2.050137690378204169E+01
    2.21000000E+02      -2.041407231164947333E+01
    2.22000000E+02      -2.032443962169662299E+01
    2.23000000E+02      -2.023371992183700385E+01
    2.24000000E+02      -2.014114198757186713E+01
    2.25000000E+02      -2.004716405941024604E+01
    2.26000000E+02      -1.995123205257430854E+01
    2.27000000E+02      -1.985340610815063300E+01
    2.28000000E+02      -1.975414094997421088E+01
    2.29000000E+02      -1.965338782144561591E+01
    2.30000000E+02      -1.955105600429549995E+01
    2.31000000E+02      -1.944735202861800971E+01
    2.32000000E+02      -1.934223351551070991E+01
    2.33000000E+02      -1.923607543779388251E+01
    2.34000000E+02      -1.912808022571578803E+01
    2.35000000E+02      -1.901867846323028388E+01
    2.36000000E+02      -1.890818325353637519E+01
    2.37000000E+02      -1.879634383989349189E+01
    2.38000000E+02      -1.868401912523284736E+01
    2.39000000E+02      -1.857021597696319404E+01
    2.40000000E+02      -1.845530895067230048E+01
    2.41000000E+02      -1.833926031662002387E+01
    2.42000000E+02      -1.822191820217147651E+01
    2.43000000E+02      -1.810485467983260932E+01
    2.44000000E+02      -1.798635027481094184E+01
    2.45000000E+02      -1.786611614299789252E+01
    2.46000000E+02      -1.774535397363677802E+01
    2.47000000E+02      -1.762489256931320014E+01
    2.48000000E+02      -1.750416801048293891E+01
    2.49000000E+02      -1.738258997274413886E+01
    2.50000000E+02      -1.726077387405410590E+01
    2.51000000E+02      -1.713816968275085273E+01
    2.52000000E+02      -1.701507852149978461E+01
    2.53000000E+02      -1.689263365341201606E+01
    2.54000000E+02      -1.676954761816039863E+01
    2.55000000E+02      -1.664701447559371772E+01
    2.56000000E+02      -1.652406064344421210E+01
    2.57000000E+02      -1.640038303209319892E+01
    2.58000000E+02      -1.627766588998809638E+01
    2.59000000E+02      -1.615384737325683417E+01
    2.60000000E+02      -1.603039697481170478E+01
    2.61000000E+02      -1.590846589876190009E+01
    2.62000000E+02      -1.578660777879730048E+01
    2.63000000E+02      -1.566529629302993598E+01
    2.64000000E+02      -1.554502526594177070E+01
    2.65000000E+02      -1.542475572896972480E+01
    2.66000000E+02      -1.530644891334548774E+01
    2.67000000E+02      -1.518868384433761420E+01
    2.68000000E+02      -1.507182321620956245E+01
    2.69000000E+02      -1.495593986583724799E+01
    2.70000000E+02      -1.484147230459228339E+01
    2.71000000E+02      -1.472916427923217597E+01
    2.72000000E+02      -1.461824516130462470E+01
    2.73000000E+02      -1.450776884628310981E+01
    2.74000000E+02      -1.439946267677322211E+01
    2.75000000E+02      -1.429250923467651191E+01
    2.76000000E+02      -1.418766800237670722E+01
    2.77000000E+02      -1.408624807668700996E+01
    2.78000000E+02      -1.398578689170852485E+01
    2.79000000E+02      -1.388733712507263007E+01
    2.80000000E+02      -1.379251662565246406E+01
    2.81000000E+02      -1.370013389659896674E+01
    2.82000000E+02      -1.360872951818481269E+01
    2.83000000E+02      -1.352157906366363349E+01
    2.84000000E+02      -1.343674418998733344E+01
    2.85000000E+02      -1.335582063270583930E+01
    2.86000000E+02      -1.327821598125472846E+01
    2.87000000E+02      -1.320312134099975410E+01
    2.88000000E+02      -1.313114068580642524E+01
    2.89000000E+02      -1.306277034355178657E+01
    2.90000000E+02      -1.299818430019393745E+01
    2.91000000E+02      -1.293722335172668281E+01
    2.92000000E+02      -1.288026294780746284E+01
    2.93000000E+02      -1.282853243423476997E+01
    2.94000000E+02      -1.277937880826965156E+01
    2.95000000E+02      -1.273402092529311957E+01
    2.96000000E+02      -1.269578639341369453E+01
    2.97000000E+02      -1.266093627286926093E+01
    2.98000000E+02      -1.263066545797363105E+01
    2.99000000E+02      -1.260446635557189765E+01
    3.00000000E+02      -1.258568481279388251E+01
    3.01000000E+02      -1.257180539442077460E+01
    3.02000000E+02      -1.256279978824630561E+01
    3.03000000E+02      -1.255931714845672431E+01
    3.04000000E+02      -1.256209925485626044E+01
    3.05000000E+02      -1.257061848712936225E+01
    3.06000000E+02      -1.258670536352172675E+01
    3.07000000E+02      -1.260782275272384467E+01
    3.08000000E+02      -1.263531807733550849E+01
    3.09000000E+02      -1.266957048250213447E+01
    3.10000000E+02      -1.271079740596786323E+01
    3.11000000E+02      -1.275804517341628852E+01
    3.12000000E+02      -1.281371668649688544E+01
    3.13000000E+02      -1.287623558116927924E+01
    3.14000000E+02      -1.294805643630996528E+01
    3.15000000E+02      -1.302556351495757880E+01
    3.16000000E+02      -1.311025420499816718E+01
    3.17000000E+02      -1.320466802192703071E+01
    3.18000000E+02      -1.330951515508666816E+01
    3.19000000E+02      -1.342099729848876777E+01
    3.20000000E+02      -1.354033151937499824E+01
    3.21000000E+02      -1.367116091323867622E+01
    3.22000000E+02      -1.381133631540313544E+01
    3.23000000E+02      -1.395912031007781806E+01
    3.24000000E+02      -1.411741641832366767E+01
    3.25000000E+02      -1.428739342762008491E+01
    3.26000000E+02      -1.446546325756088081E+01
    3.27000000E+02      -1.465478805376067939E+01
    3.28000000E+02      -1.485610280109420600E+01
    3.29000000E+02      -1.506669930292144599E+01
    3.30000000E+02      -1.528896371198669257E+01
    3.31000000E+02      -1.552103713823333564E+01
    3.32000000E+02      -1.576495686841979804E+01
    3.33000000E+02      -1.602142891956344428E+01
    3.34000000E+02      -1.629244468284622016E+01
    3.35000000E+02      -1.657313720060363593E+01
    3.36000000E+02      -1.686407885623946967E+01
    3.37000000E+02      -1.716953901124969306E+01
    3.38000000E+02      -1.748872879816070380E+01
    3.39000000E+02      -1.781991622520461860E+01
    3.40000000E+02      -1.816403565479293647E+01
    3.41000000E+02      -1.852278069330230537E+01
    3.42000000E+02      -1.889330229831710639E+01
    3.43000000E+02      -1.927837208581939521E+01
    3.44000000E+02      -1.967743084503188911E+01
    3.45000000E+02      -2.009340313745513740E+01
    3.46000000E+02      -2.052512774539962592E+01
    3.47000000E+02      -2.097125480247512641E+01
    3.48000000E+02      -2.143346653057113471E+01
    3.49000000E+02      -2.190756545139327827E+01
    3.50000000E+02      -2.239812544656768623E+01
    3.51000000E+02      -2.290831039024368110E+01
    3.52000000E+02      -2.343308160377517524E+01
    3.53000000E+02      -2.397516546321883979E+01
    3.54000000E+02      -2.453629139734283271E+01
    3.55000000E+02      -2.511467120719924750E+01
    3.56000000E+02      -2.571007344795242133E+01
    3.57000000E+02      -2.632185295892730537E+01
    3.58000000E+02      -2.695577386690154853E+01
    3.59000000E+02      -2.760393867565170112E+01
    3.60000000E+02      -2.827169666362777534E+01
    3.61000000E+02      -2.896046516967788520E+01
    3.62000000E+02      -2.966921142412200751E+01
    3.63000000E+02      -3.039976236892715278E+01
    3.64000000E+02      -3.114585826469436469E+01
    3.65000000E+02      -3.191048095298782172E+01
    3.66000000E+02      -3.269738719535842364E+01
    3.67000000E+02      -3.350557199789061968E+01
    3.68000000E+02      -3.433928320480361407E+01
    3.69000000E+02      -3.519466594530120318E+01
    3.70000000E+02      -3.607059500289931719E+01
    3.71000000E+02      -3.697245410753264849E+01
    3.72000000E+02      -3.789591327978148882E+01
    3.73000000E+02      -3.883811709953322833E+01
    3.74000000E+02      -3.980698511672988360E+01
    3.75000000E+02      -4.079795793367400591E+01
    3.76000000E+02      -4.181165877653136675E+01
    3.77000000E+02      -4.285359463764205401E+01
    3.78000000E+02      -4.391254839969649737E+01
    3.79000000E+02      -4.500447527242675250E+01
    3.80000000E+02      -4.611852035594954913E+01
    3.81000000E+02      -4.725513116193786090E+01
    3.82000000E+02      -4.841755667997374957E+01
    3.83000000E+02      -4.961082956863418048E+01
    3.84000000E+02      -5.083046797586455767E+01
    3.85000000E+02      -5.207565996719375079E+01
    3.86000000E+02      -5.335212198568358843E+01
    3.87000000E+02      -5.465463451219573443E+01
    3.88000000E+02      -5.598494694305434649E+01
    3.89000000E+02      -5.734199098421111529E+01
    3.90000000E+02      -5.872943625522628253E+01
    3.91000000E+02      -6.014885941816344683E+01
    3.92000000E+02      -6.159890118909850543E+01
    3.93000000E+02      -6.306613085342421954E+01
    3.94000000E+02      -6.457470456434265316E+01
    3.95000000E+02      -6.611187628580108822E+01
    3.96000000E+02      -6.768166319204345882E+01
    3.97000000E+02      -6.928639826847091854E+01
    3.98000000E+02      -7.091580478025451839E+01
    3.99000000E+02      -7.257505557609573543E+01
    4.00000000E+02      -7.427313546014801204E+01
    4.01000000E+02      -7.600629077030197323E+01
    4.02000000E+02      -7.777097514940277279E+01
    4.03000000E+02      -7.957595906330124080E+01
    4.04000000E+02      -8.140796659065262020E+01
    4.05000000E+02      -8.328524742198959530E+01
    4.06000000E+02      -8.518134812189117611E+01
    4.07000000E+02      -8.712369332386032283E+01
    4.08000000E+02      -8.909496394468322933E+01
    4.09000000E+02      -9.112460736108795345E+01
    4.10000000E+02      -9.317130754066482723E+01
    4.11000000E+02      -9.526154533697143734E+01
    4.12000000E+02      -9.739474049879089534E+01
    4.13000000E+02      -9.956248281074539364E+01
    4.14000000E+02      -1.017592205174066180E+02
    4.15000000E+02      -1.040123185284234637E+02
    4.16000000E+02      -1.062987017996408099E+02
    4.17000000E+02      -1.086226956017114276E+02
    4.18000000E+02      -1.109885734684564227E+02
    4.19000000E+02      -1.134046123988725299E+02
    4.20000000E+02      -1.158534862763978595E+02
    4.21000000E+02      -1.183373232848741168E+02
    4.22000000E+02      -1.208604806430436724E+02
    4.23000000E+02      -1.234287539489366168E+02
    4.24000000E+02      -1.260490801699258441E+02
    4.25000000E+02      -1.287166458733178729E+02
    4.26000000E+02      -1.314335269696809405E+02
    4.27000000E+02      -1.341965742476083392E+02
    4.28000000E+02      -1.369885380632974261E+02
    4.29000000E+02      -1.398405731685258502E+02
    4.30000000E+02      -1.427380848295785540E+02
    4.31000000E+02      -1.456734197504617327E+02
    4.32000000E+02      -1.486637377507783526E+02
    4.33000000E+02      -1.517095131642915362E+02
    4.34000000E+02      -1.548023564584352130E+02
    4.35000000E+02      -1.579254199035264605E+02
    4.36000000E+02      -1.611004707582093829E+02
    4.37000000E+02      -1.643330820567704791E+02
    4.38000000E+02      -1.676022922165490741E+02
    4.39000000E+02      -1.709311647780038470E+02
    4.40000000E+02      -1.743013806707955951E+02
    4.41000000E+02      -1.777527824409104937E+02
    4.42000000E+02      -1.812470078833200091E+02
    4.43000000E+02      -1.847829434640504473E+02
    4.44000000E+02      -1.883715660340882891E+02
    4.45000000E+02      -1.920147865183450335E+02
    4.46000000E+02      -1.957212999231912249E+02
    4.47000000E+02      -1.994778189427949542E+02
    4.48000000E+02      -2.032935269839860553E+02
    4.49000000E+02      -2.071703886754609698E+02
    4.50000000E+02      -2.111070053942300433E+02
    4.51000000E+02      -2.150893398888208026E+02
    4.52000000E+02      -2.191227319009400958E+02
    4.53000000E+02      -2.232426789767839068E+02
    4.54000000E+02      -2.274038917787171954E+02
    4.55000000E+02      -2.316306668884851092E+02
    4.56000000E+02      -2.359086645610429400E+02
    4.57000000E+02      -2.402443931467630023E+02
    4.58000000E+02      -2.446687083013154620E+02
    4.59000000E+02      -2.491342993743516558E+02
    4.60000000E+02      -2.536422066457368487E+02
    4.61000000E+02      -2.582365268237687701E+02
    4.62000000E+02      -2.629003932244874591E+02
    4.63000000E+02      -2.676181131966210955E+02
    4.64000000E+02      -2.724094892509080523E+02
    4.65000000E+02      -2.772455176479913348E+02
    4.66000000E+02      -2.821622527606584185E+02
    4.67000000E+02      -2.871560250289537066E+02
    4.68000000E+02      -2.922098756201364154E+02
    4.69000000E+02      -2.973190241224862689E+02
    4.70000000E+02      -3.025122457511521930E+02
    4.71000000E+02      -3.077618640430070514E+02
    4.72000000E+02      -3.130991358525849932E+02
    4.73000000E+02      -3.185046485431291217E+02
    4.74000000E+02      -3.239667355187036151E+02
    4.75000000E+02      -3.295325252778627032E+02
    4.76000000E+02      -3.351337104804612750E+02
    4.77000000E+02      -3.408080702788926715E+02
    4.78000000E+02      -3.465899871952630633E+02
    4.79000000E+02      -3.524266123540498370E+02
    4.80000000E+02      -3.583205536372758502E+02
    4.81000000E+02      -3.642972097761727923E+02
    4.82000000E+02      -3.703424859411813372E+02
    4.83000000E+02      -3.764691058762170428E+02
    4.84000000E+02      -3.826759288675881976E+02
    4.85000000E+02      -3.889786729581452960E+02
    4.86000000E+02      -3.953554547793962115E+02
    4.87000000E+02      -4.017940640218354815E+02
    4.88000000E+02      -4.083161727554895037E+02
    4.89000000E+02      -4.149308494098283404E+02
    4.90000000E+02      -4.216273530490495318E+02
    4.91000000E+02      -4.284073227412797564E+02
    4.92000000E+02      -4.352695538170434588E+02
    4.93000000E+02      -4.421945830352403277E+02
    4.94000000E+02      -4.492109001047708148E+02
    4.95000000E+02      -4.563428396947480792E+02
    4.96000000E+02      -4.635547891624070758E+02
    4.97000000E+02      -4.708236887223817462E+02
    4.98000000E+02      -4.782184540398217791E+02
    4.99000000E+02      -4.856916920311547869E+02
    5.00000000E+02      -4.932317278153993243E+02
    5.01000000E+02      -5.008341122038461322E+02
    5.02000000E+02      -5.085846772558786029E+02
    5.03000000E+02      -5.163833334810830138E+02
    5.04000000E+02      -5.242975863583184264E+02
    5.05000000E+02      -5.323368409640885375E+02
    5.06000000E+02      -5.404767602450943969E+02
    5.07000000E+02      -5.486970990665055297E+02
    5.08000000E+02      -5.569870974190331481E+02
    5.09000000E+02      -5.653739259011841796E+02
    5.10000000E+02      -5.738030628926850341E+02
