    0.00000000E+00      -1.170676424653511383E+01
    1.00000000E+00      -9.367641856626233832E+00
    2.00000000E+00      -7.702514396712741629E+00
    3.00000000E+00      -6.423694749560764805E+00
    4.00000000E+00      -5.413153771509042755E+00
    5.00000000E+00      -4.606416542746684328E+00
    6.00000000E+00      -3.963027252548000146E+00
    7.00000000E+00      -3.454741465591451455E+00
    8.00000000E+00      -3.060853435855916072E+00
    9.00000000E+00      -2.765430277877113152E+00
    1.00000000E+01      -2.556333217967858840E+00
    1.10000000E+01      -2.423731255077382851E+00
    1.20000000E+01      -2.358746239182165194E+00
    1.30000000E+01      -2.354655288357844878E+00
    1.40000000E+01      -2.406157698680272627E+00
    1.50000000E+01      -2.507816295337489176E+00
    1.60000000E+01      -2.655294798978230286E+00
    1.70000000E+01      -2.844285749562641907E+00
    1.80000000E+01      -3.071651042171379853E+00
    1.90000000E+01      -3.333899843238851357E+00
    2.00000000E+01      -3.628973575972577859E+00
    2.10000000E+01      -3.954191620659640360E+00
    2.20000000E+01      -4.306907204177788273E+00
    2.30000000E+01      -4.685362571117094532E+00
    2.40000000E+01      -5.088421000365725533E+00
    2.50000000E+01      -5.513981073361447827E+00
    2.60000000E+01      -5.959790289600006119E+00
    2.70000000E+01      -6.425223707419446484E+00
    2.80000000E+01      -6.908640241914055125E+00
    2.90000000E+01      -7.408597912837377564E+00
    3.00000000E+01      -7.923987671465239302E+00
    3.10000000E+01      -8.453824391786566750E+00
    3.20000000E+01      -8.997027479775807635E+00
    3.30000000E+01      -9.552845942054501549E+00
    3.40000000E+01      -1.012012649719845392E+01
    3.50000000E+01      -1.069814811853002645E+01
    3.60000000E+01      -1.128633105215858556E+01
    3.70000000E+01      -1.188411175572555400E+01
    3.80000000E+01      -1.249058946288432814E+01
    3.90000000E+01      -1.310518798531275131E+01
    4.00000000E+01      -1.372682714388947822E+01
    4.10000000E+01      -1.435539821136053540E+01
    4.20000000E+01      -1.499002741436716057E+01
    4.30000000E+01      -1.563058347833584882E+01
    4.40000000E+01      -1.627632416664864579E+01
    4.50000000E+01      -1.692671798096280256E+01
    4.60000000E+01      -1.758121363512482205E+01
    4.70000000E+01      -1.824011050603594342E+01
    4.80000000E+01      -1.890211486091147819E+01
    4.90000000E+01      -1.956721419488321700E+01
    5.00000000E+01      -2.023535732572208801E+01
    5.10000000E+01      -2.090568830325510064E+01
    5.20000000E+01      -2.157785171895529786E+01
    5.30000000E+01      -2.225181251318435827E+01
    5.40000000E+01      -2.292759986055325427E+01
    5.50000000E+01      -2.360497958605419555E+01
    5.60000000E+01      -2.428273147876616278E+01
    5.70000000E+01      -2.496114694533180156E+01
    5.80000000E+01      -2.563978487272988716E+01
    5.90000000E+01      -2.631881775680239954E+01
    6.00000000E+01      -2.699758314826767602E+01
    6.10000000E+01      -2.767657105597909251E+01
    6.20000000E+01      -2.835458409992288509E+01
    6.30000000E+01      -2.903175751977842012E+01
    6.40000000E+01      -2.970804939438830772E+01
    6.50000000E+01      -3.038387766826208392E+01
    6.60000000E+01      -3.105849081623609820E+01
    6.70000000E+01      -3.173155461550932088E+01
    6.80000000E+01      -3.240326211900692499E+01
    6.90000000E+01      -3.307301055147554791E+01
    7.00000000E+01      -3.374099147618990457E+01
    7.10000000E+01      -3.440637207656409657E+01
    7.20000000E+01      -3.507015133110117233E+01
    7.30000000E+01      -3.573178895536121047E+01
    7.40000000E+01      -3.639055592446830190E+01
    7.50000000E+01      -3.704711976946573770E+01
    7.60000000E+01      -3.770083414410483158E+01
    7.70000000E+01      -3.835229705992396987E+01
    7.80000000E+01      -3.900028554509636081E+01
    7.90000000E+01      -3.964511376313176072E+01
    8.00000000E+01      -4.028657878536041892E+01
    8.10000000E+01      -4.092520071120243585E+01
    8.20000000E+01      -4.156124972106199777E+01
    8.30000000E+01      -4.219384468226935780E+01
    8.40000000E+01      -4.282313422459419883E+01
    8.50000000E+01      -4.344958311851378596E+01
    8.60000000E+01      -4.407156010690387404E+01
    8.70000000E+01      -4.469057086036782778E+01
    8.80000000E+01      -4.530582673960607565E+01
    8.90000000E+01      -4.591788745598178423E+01
    9.00000000E+01      -4.652696161271315134E+01
    9.10000000E+01      -4.713129097895007646E+01
    9.20000000E+01      -4.773135482074003733E+01
    9.30000000E+01      -4.832878440638314999E+01
    9.40000000E+01      -4.892195032603349603E+01
    9.50000000E+01      -4.951082872898560083E+01
    9.60000000E+01      -5.009589360674154079E+01
    9.70000000E+01      -5.067730731210913575E+01
    9.80000000E+01      -5.125420425805505431E+01
    9.90000000E+01      -5.182825131175350464E+01
    1.00000000E+02      -5.239725658131074226E+01
    1.01000000E+02      -5.296242549616154349E+01
    1.02000000E+02      -5.352387112538572467E+01
    1.03000000E+02      -5.408118131264355100E+01
    1.04000000E+02      -5.463516698285248196E+01
    1.05000000E+02      -5.518381535048838771E+01
    1.06000000E+02      -5.572867237284090436E+01
    1.07000000E+02      -5.626944176825936950E+01
    1.08000000E+02      -5.680661752700116551E+01
    1.09000000E+02      -5.733936352628525412E+01
    1.10000000E+02      -5.786704385905768788E+01
    1.11000000E+02      -5.839140176327209986E+01
    1.12000000E+02      -5.891120914575886047E+01
    1.13000000E+02      -5.942700379315074599E+01
    1.14000000E+02      -5.993871342736538566E+01
    1.15000000E+02      -6.044621671662908113E+01
    1.16000000E+02      -6.094924220648836410E+01
    1.17000000E+02      -6.144791895031239903E+01
    1.18000000E+02      -6.194167806647028840E+01
    1.19000000E+02      -6.243080266352053798E+01
    1.20000000E+02      -6.291665800308119572E+01
    1.21000000E+02      -6.339784756927993215E+01
    1.22000000E+02      -6.387365644118990815E+01
    1.23000000E+02      -6.434655529280435360E+01
    1.24000000E+02      -6.481509082318525827E+01
    1.25000000E+02      -6.527885430558826840E+01
    1.26000000E+02      -6.573863780378606236E+01
    1.27000000E+02      -6.619409751213397897E+01
    1.28000000E+02      -6.664529614170324123E+01
    1.29000000E+02      -6.709143551505412972E+01
    1.30000000E+02      -6.753350584228765285E+01
    1.31000000E+02      -6.797148971977885878E+01
    1.32000000E+02      -6.840446864553969419E+01
    1.33000000E+02      -6.883375359346401012E+01
    1.34000000E+02      -6.925887589642088926E+01
    1.35000000E+02      -6.967909046561699427E+01
    1.36000000E+02      -7.009542757851313866E+01
    1.37000000E+02      -7.050633458021339095E+01
    1.38000000E+02      -7.091339522387143290E+01
    1.39000000E+02      -7.131733149030488050E+01
    1.40000000E+02      -7.171587894038539446E+01
    1.41000000E+02      -7.211070333347898043E+01
    1.42000000E+02      -7.249952685340549863E+01
    1.43000000E+02      -7.288606022830363429E+01
    1.44000000E+02      -7.326702739690672672E+01
    1.45000000E+02      -7.364310509172510422E+01
    1.46000000E+02      -7.401599456948470390E+01
    1.47000000E+02      -7.438381125658061421E+01
    1.48000000E+02      -7.474730697899367726E+01
    1.49000000E+02      -7.510706614396777070E+01
    1.50000000E+02      -7.546323227110561049E+01
    1.51000000E+02      -7.581491738763880051E+01
    1.52000000E+02      -7.616350560515429891E+01
    1.53000000E+02      -7.650552477288302100E+01
    1.54000000E+02      -7.684401535216029799E+01
    1.55000000E+02      -7.717767363806497372E+01
    1.56000000E+02      -7.750587170777153290E+01
    1.57000000E+02      -7.783122195462938464E+01
    1.58000000E+02      -7.815331234476771272E+01
    1.59000000E+02      -7.847016233039330757E+01
    1.60000000E+02      -7.878253442208524859E+01
    1.61000000E+02      -7.909146243446748770E+01
    1.62000000E+02      -7.939500400536935842E+01
    1.63000000E+02      -7.969465776925217426E+01
    1.64000000E+02      -7.998974926463570512E+01
    1.65000000E+02      -8.028044526065941966E+01
    1.66000000E+02      -8.056772932150643385E+01
    1.67000000E+02      -8.084990668083783305E+01
    1.68000000E+02      -8.112839768381100214E+01
    1.69000000E+02      -8.140444208049457586E+01
    1.70000000E+02      -8.167475692668240583E+01
    1.71000000E+02      -8.194144435060452736E+01
    1.72000000E+02      -8.220362072830330646E+01
    1.73000000E+02      -8.246101722280737079E+01
    1.74000000E+02      -8.270963612404894150E+01
    1.75000000E+02      -8.295795592173244870E+01
    1.76000000E+02      -8.320159627982657469E+01
    1.77000000E+02      -8.343928785921316660E+01
    1.78000000E+02      -8.367517157337870515E+01
    1.79000000E+02      -8.390611962714474714E+01
    1.80000000E+02      -8.413265726502295649E+01
    1.81000000E+02      -8.435451012916173852E+01
    1.82000000E+02      -8.457269451926704562E+01
    1.83000000E+02      -8.478630900495927847E+01
    1.84000000E+02      -8.499632211328726328E+01
    1.85000000E+02      -8.520288512037377870E+01
    1.86000000E+02      -8.540422575800921834E+01
    1.87000000E+02      -8.560117844651695407E+01
    1.88000000E+02      -8.579332512590345061E+01
    1.89000000E+02      -8.598101126888077772E+01
    1.90000000E+02      -8.616523469166141069E+01
    1.91000000E+02      -8.634432901042755759E+01
    1.92000000E+02      -8.651812658990975535E+01
    1.93000000E+02      -8.668907903387453473E+01
    1.94000000E+02      -8.685547284848298943E+01
    1.95000000E+02      -8.701614123230110920E+01
    1.96000000E+02      -8.717416927145104921E+01
    1.97000000E+02      -8.732743985691350019E+01
    1.98000000E+02      -8.747740677437987245E+01
    1.99000000E+02      -8.762313959767352856E+01
    2.00000000E+02      -8.776542494186442411E+01
    2.01000000E+02      -8.790149980756696380E+01
    2.02000000E+02      -8.803363160063754833E+01
    2.03000000E+02      -8.816183872028496182E+01
    2.04000000E+02      -8.828604490841981089E+01
    2.05000000E+02      -8.840581162386816061E+01
    2.06000000E+02      -8.852146911175232447E+01
    2.07000000E+02      -8.863185246960502184E+01
    2.08000000E+02      -8.873834994594808734E+01
    2.09000000E+02      -8.884067169270720399E+01
    2.10000000E+02      -8.893949475438576258E+01
    2.11000000E+02      -8.903363883608263052E+01
    2.12000000E+02      -8.912371431543733991E+01
    2.13000000E+02      -8.920906681028436935E+01
    2.14000000E+02      -8.929072446069922364E+01
    2.15000000E+02      -8.936778404536899245E+01
    2.16000000E+02      -8.944236709756087578E+01
    2.17000000E+02      -8.951093931609075582E+01
    2.18000000E+02      -8.957708094381969488E+01
    2.19000000E+02      -8.963799348633047259E+01
    2.20000000E+02      -8.969749881719481266E+01
    2.21000000E+02      -8.975012129239048875E+01
    2.22000000E+02      -8.979894007715638793E+01
    2.23000000E+02      -8.984603285110797799E+01
    2.24000000E+02      -8.988586290107350862E+01
    2.25000000E+02      -8.992150689169075406E+01
    2.26000000E+02      -8.995358192661088026E+01
    2.27000000E+02      -8.998253140106108106E+01
    2.28000000E+02      -9.000666271682139552E+01
    2.29000000E+02      -9.002737204331215537E+01
    2.30000000E+02      -9.004369663746338404E+01
    2.31000000E+02      -9.005690729172211206E+01
    2.32000000E+02      -9.006451925701703942E+01
    2.33000000E+02      -9.006835304872375048E+01
    2.34000000E+02      -9.006861976926457203E+01
    2.35000000E+02      -9.006507963846679843E+01
    2.36000000E+02      -9.005767764031197942E+01
    2.37000000E+02      -9.004745072472151435E+01
    2.38000000E+02      -9.003262069748025453E+01
    2.39000000E+02      -9.001517347685303605E+01
    2.40000000E+02      -8.999311736571844733E+01
    2.41000000E+02      -8.996666339664962209E+01
    2.42000000E+02      -8.993755062270220435E+01
    2.43000000E+02      -8.990339741549696839E+01
    2.44000000E+02      -8.986590986951496518E+01
    2.45000000E+02      -8.982405291936602509E+01
    2.46000000E+02      -8.977973741731848634E+01
    2.47000000E+02      -8.973171953550782121E+01
    2.48000000E+02      -8.967988854340519822E+01
    2.49000000E+02      -8.962524233778249538E+01
    2.50000000E+02      -8.956769962116386807E+01
    2.51000000E+02      -8.950599463070984996E+01
    2.52000000E+02      -8.944242687915694034E+01
    2.53000000E+02      -8.937403702895399249E+01
    2.54000000E+02      -8.930302998024281180E+01
    2.55000000E+02      -8.922746184022408045E+01
    2.56000000E+02      -8.914970709496419943E+01
    2.57000000E+02      -8.906866500313635981E+01
    2.58000000E+02      -8.898513977249395168E+01
    2.59000000E+02      -8.889870207031499660E+01
    2.60000000E+02      -8.880844864455293930E+01
    2.61000000E+02      -8.871710803984906590E+01
    2.62000000E+02      -8.862068121061902559E+01
    2.63000000E+02      -8.852277625930737770E+01
    2.64000000E+02      -8.842158173649814046E+01
    2.65000000E+02      -8.831835262497197903E+01
    2.66000000E+02      -8.821427816451769388E+01
    2.67000000E+02      -8.810568473368194020E+01
    2.68000000E+02      -8.799541237271633065E+01
    2.69000000E+02      -8.788333193837907231E+01
    2.70000000E+02      -8.776822092729862845E+01
    2.71000000E+02      -8.765132462113406575E+01
    2.72000000E+02      -8.753304869049470938E+01
    2.73000000E+02      -8.741368986592870272E+01
    2.74000000E+02      -8.729275353039857066E+01
    2.75000000E+02      -8.716912873202245748E+01
    2.76000000E+02      -8.704533316028546608E+01
    2.77000000E+02      -8.691908337288778341E+01
    2.78000000E+02      -8.679171813811417735E+01
    2.79000000E+02      -8.666350847316216743E+01
    2.80000000E+02      -8.653472591863256014E+01
    2.81000000E+02      -8.640614483990948713E+01
    2.82000000E+02      -8.627432797310184753E+01
    2.83000000E+02      -8.614173538490440762E+01
    2.84000000E+02      -8.601133717662897027E+01
    2.85000000E+02      -8.587957333234380997E+01
    2.86000000E+02      -8.574667076646592534E+01
    2.87000000E+02      -8.561217751560043610E+01
    2.88000000E+02      -8.548120105006974256E+01
    2.89000000E+02      -8.534595974601116097E+01
    2.90000000E+02      -8.521427765042763269E+01
    2.91000000E+02      -8.508253776069041407E+01
    2.92000000E+02      -8.495214376851227200E+01
    2.93000000E+02      -8.482185729100611127E+01
    2.94000000E+02      -8.469252117789592660E+01
    2.95000000E+02      -8.456518193214442647E+01
    2.96000000E+02      -8.443964665263202107E+01
    2.97000000E+02      -8.431637048415150559E+01
    2.98000000E+02      -8.419285550453942335E+01
    2.99000000E+02      -8.407148529050182617E+01
    3.00000000E+02      -8.395072602314185417E+01
    3.01000000E+02      -8.383371239128764785E+01
    3.02000000E+02      -8.371645915434937990E+01
    3.03000000E+02      -8.360592941307704962E+01
    3.04000000E+02      -8.349406410307865656E+01
    3.05000000E+02      -8.338803825267832792E+01
    3.06000000E+02      -8.328487238913085378E+01
    3.07000000E+02      -8.318602198754679478E+01
    3.08000000E+02      -8.308890057374965465E+01
    3.09000000E+02      -8.299166334207411921E+01
    3.10000000E+02      -8.290258218786921418E+01
    3.11000000E+02      -8.282115166374724424E+01
    3.12000000E+02      -8.274156581863071835E+01
    3.13000000E+02      -8.266433117511924422E+01
    3.14000000E+02      -8.259151868495401061E+01
    3.15000000E+02      -8.252470812686961210E+01
    3.16000000E+02      -8.246368564172890103E+01
    3.17000000E+02      -8.240818966246452248E+01
    3.18000000E+02      -8.235527027045618809E+01
    3.19000000E+02      -8.231001043944861806E+01
    3.20000000E+02      -8.227105120263304627E+01
    3.21000000E+02      -8.223714145618733085E+01
    3.22000000E+02      -8.220969415522422707E+01
    3.23000000E+02      -8.219161256236266411E+01
    3.24000000E+02      -8.217901545503418959E+01
    3.25000000E+02      -8.217401137781571663E+01
    3.26000000E+02      -8.217397577614765680E+01
    3.27000000E+02      -8.218077817206513203E+01
    3.28000000E+02      -8.219484260092731631E+01
    3.29000000E+02      -8.221608007812183416E+01
    3.30000000E+02      -8.224633969106953657E+01
    3.31000000E+02      -8.228553709267880834E+01
    3.32000000E+02      -8.233689394426774300E+01
    3.33000000E+02      -8.239393383004944837E+01
    3.34000000E+02      -8.246119669984337008E+01
    3.35000000E+02      -8.253923699326124108E+01
    3.36000000E+02      -8.262339817798938668E+01
    3.37000000E+02      -8.272178083724584496E+01
    3.38000000E+02      -8.282998483554702318E+01
    3.39000000E+02      -8.294919411392193354E+01
    3.40000000E+02      -8.307590463311653650E+01
    3.41000000E+02      -8.321984033352937615E+01
    3.42000000E+02      -8.337291251561846650E+01
    3.43000000E+02      -8.353291826016511834E+01
    3.44000000E+02      -8.371047050711941040E+01
    3.45000000E+02      -8.389431134631168163E+01
    3.46000000E+02      -8.408966233787369049E+01
    3.47000000E+02      -8.430312832697536862E+01
    3.48000000E+02      -8.452732384410929001E+01
    3.49000000E+02      -8.476377398866470969E+01
    3.50000000E+02      -8.502017457523625410E+01
    3.51000000E+02      -8.528484455609005011E+01
    3.52000000E+02      -8.556583913714867151E+01
    3.53000000E+02      -8.586045330363567984E+01
    3.54000000E+02      -8.617393523288201607E+01
    3.55000000E+02      -8.650429947461243785E+01
    3.56000000E+02      -8.684580651364531434E+01
    3.57000000E+02      -8.720307556373309410E+01
    3.58000000E+02      -8.757742305585425413E+01
    3.59000000E+02      -8.797089268659483707E+01
    3.60000000E+02      -8.837122037700619614E+01
    3.61000000E+02      -8.879290751015078342E+01
    3.62000000E+02      -8.923823933369722283E+01
    3.63000000E+02      -8.969560927218999780E+01
    3.64000000E+02      -9.016994999136086619E+01
    3.65000000E+02      -9.066577085918989098E+01
    3.66000000E+02      -9.117768006046544826E+01
    3.67000000E+02      -9.171264609155487335E+01
    3.68000000E+02      -9.227353761877175486E+01
    3.69000000E+02      -9.285444658222850478E+01
    3.70000000E+02      -9.345233107797112382E+01
    3.71000000E+02      -9.406933455701228297E+01
    3.72000000E+02      -9.470199770267363704E+01
    3.73000000E+02      -9.535321788137089527E+01
    3.74000000E+02      -9.603551854259576714E+01
    3.75000000E+02      -9.674607502549197591E+01
    3.76000000E+02      -9.747034432665687120E+01
    3.77000000E+02      -9.822220630218517101E+01
    3.78000000E+02      -9.899353317237701333E+01
    3.79000000E+02      -9.979033106119614160E+01
    3.80000000E+02      -1.006020342863282195E+02
    3.81000000E+02      -1.014503698518617085E+02
    3.82000000E+02      -1.023217637322029105E+02
    3.83000000E+02      -1.032142511147191755E+02
    3.84000000E+02      -1.041346581966733567E+02
    3.85000000E+02      -1.050844024235500029E+02
    3.86000000E+02      -1.060531986436923972E+02
    3.87000000E+02      -1.070542821485666565E+02
    3.88000000E+02      -1.080887549740379683E+02
    3.89000000E+02      -1.091509015990538529E+02
    3.90000000E+02      -1.102250476476853720E+02
    3.91000000E+02      -1.113277140541119508E+02
    3.92000000E+02      -1.124598037905177108E+02
    3.93000000E+02      -1.136298804559862248E+02
    3.94000000E+02      -1.148163956745645038E+02
    3.95000000E+02      -1.160536786617828540E+02
    3.96000000E+02      -1.173186189818313352E+02
    3.97000000E+02      -1.186018560866011313E+02
    3.98000000E+02      -1.199237786198152236E+02
    3.99000000E+02      -1.212713913141867152E+02
    4.00000000E+02      -1.226550278241863481E+02
    4.01000000E+02      -1.240587031321717433E+02
    4.02000000E+02      -1.254940257805516950E+02
    4.03000000E+02      -1.269903478624416522E+02
    4.04000000E+02      -1.285039422812057524E+02
    4.05000000E+02      -1.300446643789416044E+02
    4.06000000E+02      -1.316233816456166892E+02
    4.07000000E+02      -1.332442988969502835E+02
    4.08000000E+02      -1.348948745506001501E+02
    4.09000000E+02      -1.365900306442869692E+02
    4.10000000E+02      -1.383248556686682491E+02
    4.11000000E+02      -1.400879764414509623E+02
    4.12000000E+02      -1.418907050166396289E+02
    4.13000000E+02      -1.437364595390042155E+02
    4.14000000E+02      -1.455946883002413301E+02
    4.15000000E+02      -1.475236917927047102E+02
    4.16000000E+02      -1.494843975791824846E+02
    4.17000000E+02      -1.514977196233464269E+02
    4.18000000E+02      -1.535313308767160265E+02
    4.19000000E+02      -1.556045461634291200E+02
    4.20000000E+02      -1.577344192925026505E+02
    4.21000000E+02      -1.598971323433449356E+02
    4.22000000E+02      -1.620909758417053013E+02
    4.23000000E+02      -1.643560331083951382E+02
    4.24000000E+02      -1.666661969541689245E+02
    4.25000000E+02      -1.690129089189810543E+02
    4.26000000E+02      -1.714106918198173730E+02
    4.27000000E+02      -1.738405886350316791E+02
    4.28000000E+02      -1.763326045877417414E+02
    4.29000000E+02      -1.788624379208428650E+02
    4.30000000E+02      -1.814313872845029323E+02
    4.31000000E+02      -1.840674044887652485E+02
    4.32000000E+02      -1.867254439813202112E+02
    4.33000000E+02      -1.894496826778283207E+02
    4.34000000E+02      -1.922038629057003050E+02
    4.35000000E+02      -1.950069299211842804E+02
    4.36000000E+02      -1.978830439850805192E+02
    4.37000000E+02      -2.008034125992214172E+02
    4.38000000E+02      -2.037684181804885952E+02
    4.39000000E+02      -2.067712915592944114E+02
    4.40000000E+02      -2.098400818162714927E+02
    4.41000000E+02      -2.129659054835444181E+02
    4.42000000E+02      -2.161420581463841586E+02
    4.43000000E+02      -2.193940665961360423E+02
    4.44000000E+02      -2.226708062600461631E+02
    4.45000000E+02      -2.260138540400309353E+02
    4.46000000E+02      -2.294282946062391488E+02
    4.47000000E+02      -2.328960070090485601E+02
    4.48000000E+02      -2.364470203078469126E+02
    4.49000000E+02      -2.400159854062018780E+02
    4.50000000E+02      -2.436502071895753829E+02
    4.51000000E+02      -2.473496188448859243E+02
    4.52000000E+02      -2.511300793608767776E+02
    4.53000000E+02      -2.549713231410948424E+02
    4.54000000E+02      -2.588549706197460978E+02
    4.55000000E+02      -2.627873500587535887E+02
    4.56000000E+02      -2.667675293513690917E+02
    4.57000000E+02      -2.708707239271258800E+02
    4.58000000E+02      -2.749944932462764768E+02
    4.59000000E+02      -2.791892853916739909E+02
    4.60000000E+02      -2.834633891561185806E+02
    4.61000000E+02      -2.877766341829789667E+02
    4.62000000E+02      -2.921506304365699975E+02
    4.63000000E+02      -2.966120003785123913E+02
    4.64000000E+02      -3.011455919339438765E+02
    4.65000000E+02      -3.057086152864737301E+02
    4.66000000E+02      -3.103362610900891809E+02
    4.67000000E+02      -3.150845347621595351E+02
    4.68000000E+02      -3.198853411043180017E+02
    4.69000000E+02      -3.247390728017432480E+02
    4.70000000E+02      -3.296506356370752542E+02
    4.71000000E+02      -3.346866992108641057E+02
    4.72000000E+02      -3.397791167681222646E+02
    4.73000000E+02      -3.449778222848778455E+02
    4.74000000E+02      -3.502025680464809625E+02
    4.75000000E+02      -3.555338617108879475E+02
    4.76000000E+02      -3.609648383992841332E+02
    4.77000000E+02      -3.664143012861838429E+02
    4.78000000E+02      -3.719546259345603971E+02
    4.79000000E+02      -3.775814122717944770E+02
    4.80000000E+02      -3.832934480269556730E+02
    4.81000000E+02      -3.890758116284502535E+02
    4.82000000E+02      -3.949582749039051919E+02
    4.83000000E+02      -4.008790389683214812E+02
    4.84000000E+02      -4.069085831471836059E+02
    4.85000000E+02      -4.130185846543988077E+02
    4.86000000E+02      -4.191936690688250451E+02
    4.87000000E+02      -4.254348669082043557E+02
    4.88000000E+02      -4.318171299483744292E+02
    4.89000000E+02      -4.382546970441123335E+02
    4.90000000E+02      -4.447819160066662221E+02
    4.91000000E+02      -4.513560330585693805E+02
    4.92000000E+02      -4.580557721263846247E+02
    4.93000000E+02      -4.648685079787043719E+02
    4.94000000E+02      -4.717540938297403841E+02
    4.95000000E+02      -4.787342095176806538E+02
    4.96000000E+02      -4.857993235482951491E+02
    4.97000000E+02      -4.929173486788874357E+02
    4.98000000E+02      -5.001486989191850512E+02
    4.99000000E+02      -5.074984941633535414E+02
    5.00000000E+02      -5.149397074665992022E+02
    5.01000000E+02      -5.224571201845189989E+02
    5.02000000E+02      -5.300770804590663374E+02
    5.03000000E+02      -5.377685319983518184E+02
    5.04000000E+02      -5.456007562775282622E+02
    5.05000000E+02      -5.535249232605217458E+02
    5.06000000E+02      -5.614634012279218496E+02
    5.07000000E+02      -5.674792420828832746E+02
    5.08000000E+02      -5.772941467517173351E+02
    5.09000000E+02      -5.858975937987795533E+02
    5.10000000E+02      -5.944612838111004294E+02
