    0.00000000E+00      -2.666891223252190812E+01
    1.00000000E+00      -2.363003468573464616E+01
    2.00000000E+00      -2.126849332511796220E+01
    3.00000000E+00      -1.929647837639226182E+01
    4.00000000E+00      -1.759609350622071489E+01
    5.00000000E+00      -1.610273237586392625E+01
    6.00000000E+00      -1.477562096774949119E+01
    7.00000000E+00      -1.358690440714730308E+01
    8.00000000E+00      -1.251609961748494193E+01
    9.00000000E+00      -1.154713496625794455E+01
    1.00000000E+01      -1.066758005381001517E+01
    1.10000000E+01      -9.867518425587549658E+00
    1.20000000E+01      -9.138865441683664770E+00
    1.30000000E+01      -8.474692062143221349E+00
    1.40000000E+01      -7.869230643514528722E+00
    1.50000000E+01      -7.317013443116083593E+00
    1.60000000E+01      -6.813532814983263464E+00
    1.70000000E+01      -6.355188251141443700E+00
    1.80000000E+01      -5.938599646691217870E+00
    1.90000000E+01      -5.560776293877497167E+00
    2.00000000E+01      -5.218797490600481481E+00
    2.10000000E+01      -4.910128951672449560E+00
    2.20000000E+01      -4.632799864415064306E+00
    2.30000000E+01      -4.384524733427896948E+00
    2.40000000E+01      -4.163552359346285314E+00
    2.50000000E+01      -3.968127906922236381E+00
    2.60000000E+01      -3.796741113666430412E+00
    2.70000000E+01      -3.647719830874339042E+00
    2.80000000E+01      -3.520103470090762077E+00
    2.90000000E+01      -3.412624866370097099E+00
    3.00000000E+01      -3.324065298441782890E+00
    3.10000000E+01      -3.253312394622698722E+00
    3.20000000E+01      -3.199212983850375114E+00
    3.30000000E+01      -3.160869479779139457E+00
    3.40000000E+01      -3.137507558468714652E+00
    3.50000000E+01      -3.128145427111521659E+00
    3.60000000E+01      -3.132210046652689872E+00
    3.70000000E+01      -3.148888961080447135E+00
    3.80000000E+01      -3.177654773596659599E+00
    3.90000000E+01      -3.217615143064394889E+00
    4.00000000E+01      -3.268589020375147758E+00
    4.10000000E+01      -3.329505175951853690E+00
    4.20000000E+01      -3.399897158745661674E+00
    4.30000000E+01      -3.479450211528674064E+00
    4.40000000E+01      -3.567503959540263114E+00
    4.50000000E+01      -3.663549155596629081E+00
    4.60000000E+01      -3.767240182165041862E+00
    4.70000000E+01      -3.878147557977572379E+00
    4.80000000E+01      -3.995759770873919425E+00
    4.90000000E+01      -4.119872540835276098E+00
    5.00000000E+01      -4.250144094828501196E+00
    5.10000000E+01      -4.386262462142839880E+00
    5.20000000E+01      -4.527773053053751440E+00
    5.30000000E+01      -4.674086437229052038E+00
    5.40000000E+01      -4.824964762333765478E+00
    5.50000000E+01      -4.980255514983072729E+00
    5.60000000E+01      -5.139624670747652502E+00
    5.70000000E+01      -5.302966759208574743E+00
    5.80000000E+01      -5.469956681732073278E+00
    5.90000000E+01      -5.640400604013338537E+00
    6.00000000E+01      -5.813709572557344885E+00
    6.10000000E+01      -5.989852488640680761E+00
    6.20000000E+01      -6.168457940820589513E+00
    6.30000000E+01      -6.349628776911631078E+00
    6.40000000E+01      -6.533188641671076269E+00
    6.50000000E+01      -6.718313620094194860E+00
    6.60000000E+01      -6.905558527115717382E+00
    6.70000000E+01      -7.094705805782213659E+00
    6.80000000E+01      -7.285560414794817419E+00
    6.90000000E+01      -7.477657840255632848E+00
    7.00000000E+01      -7.670781329873934240E+00
    7.10000000E+01      -7.864884228114023657E+00
    7.20000000E+01      -8.059657201770678014E+00
    7.30000000E+01      -8.255781263712778539E+00
    7.40000000E+01      -8.451960057619944067E+00
    7.50000000E+01      -8.648681909445658178E+00
    7.60000000E+01      -8.845649004582300634E+00
    7.70000000E+01      -9.043039292696848364E+00
    7.80000000E+01      -9.240345448855295629E+00
    7.90000000E+01      -9.438064829114809484E+00
    8.00000000E+01      -9.635401994589701147E+00
    8.10000000E+01      -9.832561195496454687E+00
    8.20000000E+01      -1.002955502331627891E+01
    8.30000000E+01      -1.022616925895585105E+01
    8.40000000E+01      -1.042230649352444694E+01
    8.50000000E+01      -1.061783064961804435E+01
    8.60000000E+01      -1.081283807814492270E+01
    8.70000000E+01      -1.100712944627179191E+01
    8.80000000E+01      -1.120049522877110526E+01
    8.90000000E+01      -1.139269769251717612E+01
    9.00000000E+01      -1.158389546037091300E+01
    9.10000000E+01      -1.177393227875603721E+01
    9.20000000E+01      -1.196334764421357200E+01
    9.30000000E+01      -1.215131349921597526E+01
    9.40000000E+01      -1.233804754972828910E+01
    9.50000000E+01      -1.252360133886708304E+01
    9.60000000E+01      -1.270759937227143332E+01
    9.70000000E+01      -1.289041899204625174E+01
    9.80000000E+01      -1.307158128977192924E+01
    9.90000000E+01      -1.325125487208737418E+01
    1.00000000E+02      -1.342926004588974997E+01
    1.01000000E+02      -1.360570928514374778E+01
    1.02000000E+02      -1.378060804367436454E+01
    1.03000000E+02      -1.395348389506711051E+01
    1.04000000E+02      -1.412398546994103476E+01
    1.05000000E+02      -1.429314601481331870E+01
    1.06000000E+02      -1.446054099560154960E+01
    1.07000000E+02      -1.462604622602833793E+01
    1.08000000E+02      -1.478967444658650443E+01
    1.09000000E+02      -1.495141322970761344E+01
    1.10000000E+02      -1.511101172924412772E+01
    1.11000000E+02      -1.526850225091351554E+01
    1.12000000E+02      -1.542415759027375266E+01
    1.13000000E+02      -1.557761286259068534E+01
    1.14000000E+02      -1.572924295127762839E+01
    1.15000000E+02      -1.587853434741868064E+01
    1.16000000E+02      -1.602557574272526963E+01
    1.17000000E+02      -1.617033571064843400E+01
    1.18000000E+02      -1.631296467841042741E+01
    1.19000000E+02      -1.645340786934270128E+01
    1.20000000E+02      -1.659170244694127305E+01
    1.21000000E+02      -1.672773119867219194E+01
    1.22000000E+02      -1.686142315030469163E+01
    1.23000000E+02      -1.699282650709523423E+01
    1.24000000E+02      -1.712175899804009660E+01
    1.25000000E+02      -1.724830131292714341E+01
    1.26000000E+02      -1.737243394613637193E+01
    1.27000000E+02      -1.749386251032723649E+01
    1.28000000E+02      -1.761335045159234269E+01
    1.29000000E+02      -1.773049397826565965E+01
    1.30000000E+02      -1.784509384692086442E+01
    1.31000000E+02      -1.795711305797471269E+01
    1.32000000E+02      -1.806631261170281633E+01
    1.33000000E+02      -1.817329523027314409E+01
    1.34000000E+02      -1.827806307435406907E+01
    1.35000000E+02      -1.838002838254346116E+01
    1.36000000E+02      -1.847941669881715043E+01
    1.37000000E+02      -1.857599341929330095E+01
    1.38000000E+02      -1.866995281041039689E+01
    1.39000000E+02      -1.876172509849442704E+01
    1.40000000E+02      -1.885105626345051988E+01
    1.41000000E+02      -1.893751409709824784E+01
    1.42000000E+02      -1.902157981753720506E+01
    1.43000000E+02      -1.910335534870995744E+01
    1.44000000E+02      -1.918274454832448228E+01
    1.45000000E+02      -1.925925231039895280E+01
    1.46000000E+02      -1.933307734191788896E+01
    1.47000000E+02      -1.940439717531575425E+01
    1.48000000E+02      -1.947309726536645158E+01
    1.49000000E+02      -1.953880386114491685E+01
    1.50000000E+02      -1.960193631112946733E+01
    1.51000000E+02      -1.966247776210679277E+01
    1.52000000E+02      -1.972007709801568254E+01
    1.53000000E+02      -1.977520920396222337E+01
    1.54000000E+02      -1.982809206903352006E+01
    1.55000000E+02      -1.987822562516106828E+01
    1.56000000E+02      -1.992604294479264482E+01
    1.57000000E+02      -1.997067818105591996E+01
    1.58000000E+02      -2.001272228420151933E+01
    1.59000000E+02      -2.005197919965161546E+01
    1.60000000E+02      -2.008847037017716630E+01
    1.61000000E+02      -2.012254515350236161E+01
    1.62000000E+02      -2.015415436089410051E+01
    1.63000000E+02      -2.018342641055955156E+01
    1.64000000E+02      -2.020935513139142259E+01
    1.65000000E+02      -2.023308111787213548E+01
    1.66000000E+02      -2.025339363575352891E+01
    1.67000000E+02      -2.027208891570939286E+01
    1.68000000E+02      -2.028773817479981645E+01
    1.69000000E+02      -2.030076377153767808E+01
    1.70000000E+02      -2.031131063461674913E+01
    1.71000000E+02      -2.031853325724972947E+01
    1.72000000E+02      -2.032366952360047563E+01
    1.73000000E+02      -2.032600627899541124E+01
    1.74000000E+02      -2.032602211892976030E+01
    1.75000000E+02      -2.032312656999005540E+01
    1.76000000E+02      -2.031756575465573533E+01
    1.77000000E+02      -2.030985322654618486E+01
    1.78000000E+02      -2.029896770477666124E+01
    1.79000000E+02      -2.028517222464455827E+01
    1.80000000E+02      -2.026937694907559617E+01
    1.81000000E+02      -2.025080908894910081E+01
    1.82000000E+02      -2.022946517229451402E+01
    1.83000000E+02      -2.020567306936158403E+01
    1.84000000E+02      -2.017932055950535997E+01
    1.85000000E+02      -2.015010327160729631E+01
    1.86000000E+02      -2.011840820372475847E+01
    1.87000000E+02      -2.008400058806313737E+01
    1.88000000E+02      -2.004706838786973222E+01
    1.89000000E+02      -2.000740747213734849E+01
    1.90000000E+02      -1.996602542758359178E+01
    1.91000000E+02      -1.992158578396214708E+01
    1.92000000E+02      -1.987492080092801316E+01
    1.93000000E+02      -1.982568021178616746E+01
    1.94000000E+02      -1.977367127001656755E+01
    1.95000000E+02      -1.971988685489072068E+01
    1.96000000E+02      -1.966264866352452501E+01
    1.97000000E+02      -1.960347396195306047E+01
    1.98000000E+02      -1.954203730881585344E+01
    1.99000000E+02      -1.947838418245686753E+01
    2.00000000E+02      -1.941245937407387956E+01
    2.01000000E+02      -1.934349107802285417E+01
    2.02000000E+02      -1.927216701269520982E+01
    2.03000000E+02      -1.919860938251389726E+01
    2.04000000E+02      -1.912317539811505540E+01
    2.05000000E+02      -1.904496103585137590E+01
    2.06000000E+02      -1.896439078510178788E+01
    2.07000000E+02      -1.888143701911343797E+01
    2.08000000E+02      -1.879635752797497972E+01
    2.09000000E+02      -1.870922966361417039E+01
    2.10000000E+02      -1.861984071195496782E+01
    2.11000000E+02      -1.852806542873753770E+01
    2.12000000E+02      -1.843407970726861222E+01
    2.13000000E+02      -1.833806049883736833E+01
    2.14000000E+02      -1.823961293757333024E+01
    2.15000000E+02      -1.813951686084641679E+01
    2.16000000E+02      -1.803772664130105241E+01
    2.17000000E+02      -1.793335606217755540E+01
    2.18000000E+02      -1.782690414846314653E+01
    2.19000000E+02      -1.771829611122979387E+01
    2.20000000E+02      -1.760811266363038285E+01
    2.21000000E+02      -1.749578481972588762E+01
    2.22000000E+02      -1.738108509838952287E+01
    2.23000000E+02      -1.726500056743993028E+01
    2.24000000E+02      -1.714694881499184831E+01
    2.25000000E+02      -1.702746608913315995E+01
    2.26000000E+02      -1.690591275751961930E+01
    2.27000000E+02      -1.678232498526944383E+01
    2.28000000E+02      -1.665728470743073686E+01
    2.29000000E+02      -1.653055088282002671E+01
    2.30000000E+02      -1.640210850596799119E+01
    2.31000000E+02      -1.627213931143655046E+01
    2.32000000E+02      -1.614061109781636461E+01
    2.33000000E+02      -1.600796967804803117E+01
    2.34000000E+02      -1.587338331401719138E+01
    2.35000000E+02      -1.573729346752537772E+01
    2.36000000E+02      -1.559993171751870200E+01
    2.37000000E+02      -1.546120157897843406E+01
    2.38000000E+02      -1.532179653704537436E+01
    2.39000000E+02      -1.518082515955342338E+01
    2.40000000E+02      -1.503853271961583182E+01
    2.41000000E+02      -1.489491404652966544E+01
    2.42000000E+02      -1.475000636339558646E+01
    2.43000000E+02      -1.460526645243538901E+01
    2.44000000E+02      -1.445891144931687400E+01
    2.45000000E+02      -1.431082600415123984E+01
    2.46000000E+02      -1.416208295584096000E+01
    2.47000000E+02      -1.401332926810158774E+01
    2.48000000E+02      -1.386432172418011710E+01
    2.49000000E+02      -1.371424163937939689E+01
    2.50000000E+02      -1.356393690467251822E+01
    2.51000000E+02      -1.341266372859849021E+01
    2.52000000E+02      -1.326079686046017692E+01
    2.53000000E+02      -1.310944888055695579E+01
    2.54000000E+02      -1.295739607572926566E+01
    2.55000000E+02      -1.280568571448697135E+01
    2.56000000E+02      -1.265335628450287864E+01
    2.57000000E+02      -1.250024709165467307E+01
    2.58000000E+02      -1.234793360591305778E+01
    2.59000000E+02      -1.219453531563653037E+01
    2.60000000E+02      -1.204134559691323325E+01
    2.61000000E+02      -1.188944400906933829E+01
    2.62000000E+02      -1.173741778791321799E+01
    2.63000000E+02      -1.158585770488156363E+01
    2.64000000E+02      -1.143516178489102408E+01
    2.65000000E+02      -1.128434383929146811E+01
    2.66000000E+02      -1.113521359920872733E+01
    2.67000000E+02      -1.098665572762860343E+01
    2.68000000E+02      -1.083880640626324698E+01
    2.69000000E+02      -1.069178865909947440E+01
    2.70000000E+02      -1.054608881533516929E+01
    2.71000000E+02      -1.040227411747349784E+01
    2.72000000E+02      -1.025973509312047049E+01
    2.73000000E+02      -1.011770206749810264E+01
    2.74000000E+02      -9.977781341079607458E+00
    2.75000000E+02      -9.839008838538065405E+00
    2.76000000E+02      -9.702060759667292089E+00
    2.77000000E+02      -9.568375245336428137E+00
    2.78000000E+02      -9.435676411394014806E+00
    2.79000000E+02      -9.304810032848253698E+00
    2.80000000E+02      -9.177341640595331640E+00
    2.81000000E+02      -9.052231461409464330E+00
    2.82000000E+02      -8.928023577336206884E+00
    2.83000000E+02      -8.807806894782915563E+00
    2.84000000E+02      -8.689823106531038732E+00
    2.85000000E+02      -8.575533614162340612E+00
    2.86000000E+02      -8.464488924149408788E+00
    2.87000000E+02      -8.355832234624758215E+00
    2.88000000E+02      -8.249928996566668005E+00
    2.89000000E+02      -8.147832796577349157E+00
    2.90000000E+02      -8.049274013046160192E+00
    2.91000000E+02      -7.954353914264574499E+00
    2.92000000E+02      -7.863204241398706884E+00
    2.93000000E+02      -7.777382091287508459E+00
    2.94000000E+02      -7.693411917094126196E+00
    2.95000000E+02      -7.613391236070528478E+00
    2.96000000E+02      -7.540129632357492895E+00
    2.97000000E+02      -7.470428005460634679E+00
    2.98000000E+02      -7.404741675261393041E+00
    2.99000000E+02      -7.343400851491823644E+00
    3.00000000E+02      -7.289361954335108251E+00
    3.01000000E+02      -7.239729419950380773E+00
    3.02000000E+02      -7.195202321413889379E+00
    3.03000000E+02      -7.156091556552782507E+00
    3.04000000E+02      -7.122966275218859167E+00
    3.05000000E+02      -7.095490977767839880E+00
    3.06000000E+02      -7.075443328026667089E+00
    3.07000000E+02      -7.060399354103937597E+00
    3.08000000E+02      -7.051505447033777685E+00
    3.09000000E+02      -7.049372584227457494E+00
    3.10000000E+02      -7.053932265046968908E+00
    3.11000000E+02      -7.064622894529238195E+00
    3.12000000E+02      -7.083393097523584814E+00
    3.13000000E+02      -7.108477056626215429E+00
    3.14000000E+02      -7.143089548353090734E+00
    3.15000000E+02      -7.183513776067629308E+00
    3.16000000E+02      -7.230912775401010961E+00
    3.17000000E+02      -7.287969634536638708E+00
    3.18000000E+02      -7.354765669111147375E+00
    3.19000000E+02      -7.428534806374445409E+00
    3.20000000E+02      -7.509882137779131384E+00
    3.21000000E+02      -7.602799788717165441E+00
    3.22000000E+02      -7.705039725307360143E+00
    3.23000000E+02      -7.814389110211267919E+00
    3.24000000E+02      -7.934491456154718847E+00
    3.25000000E+02      -8.066249952319994421E+00
    3.26000000E+02      -8.205334470275774450E+00
    3.27000000E+02      -8.355975226167574377E+00
    3.28000000E+02      -8.518830299977198095E+00
    3.29000000E+02      -8.690754131082430334E+00
    3.30000000E+02      -8.874084041122332067E+00
    3.31000000E+02      -9.066512227658167333E+00
    3.32000000E+02      -9.271214023832216711E+00
    3.33000000E+02      -9.488608405593767614E+00
    3.34000000E+02      -9.719931588176622839E+00
    3.35000000E+02      -9.960593447688951940E+00
    3.36000000E+02      -1.021158044100178763E+01
    3.37000000E+02      -1.047716040969265983E+01
    3.38000000E+02      -1.075650227129830405E+01
    3.39000000E+02      -1.104755783141030356E+01
    3.40000000E+02      -1.135121375382317588E+01
    3.41000000E+02      -1.166935955047978446E+01
    3.42000000E+02      -1.199978908956421897E+01
    3.43000000E+02      -1.234490156233681724E+01
    3.44000000E+02      -1.270329339862240836E+01
    3.45000000E+02      -1.307842825413121268E+01
    3.46000000E+02      -1.346941685736550376E+01
    3.47000000E+02      -1.387413905620945975E+01
    3.48000000E+02      -1.429541978299988791E+01
    3.49000000E+02      -1.472915820837391898E+01
    3.50000000E+02      -1.517847310066594169E+01
    3.51000000E+02      -1.564768999874962851E+01
    3.52000000E+02      -1.613147918939961656E+01
    3.53000000E+02      -1.663201868594063981E+01
    3.54000000E+02      -1.715134345054997667E+01
    3.55000000E+02      -1.768814510167016252E+01
    3.56000000E+02      -1.824168670237435563E+01
    3.57000000E+02      -1.881175915956868394E+01
    3.58000000E+02      -1.940310218990220292E+01
    3.59000000E+02      -2.000936606586350663E+01
    3.60000000E+02      -2.063502369881047471E+01
    3.61000000E+02      -2.128209282517804368E+01
    3.62000000E+02      -2.194840255439652665E+01
    3.63000000E+02      -2.263692635357751115E+01
    3.64000000E+02      -2.334135887086762651E+01
    3.65000000E+02      -2.406344890654458268E+01
    3.66000000E+02      -2.480927357137574418E+01
    3.67000000E+02      -2.557541023254765733E+01
    3.68000000E+02      -2.636612196326627000E+01
    3.69000000E+02      -2.717924717128648027E+01
    3.70000000E+02      -2.801291774273289903E+01
    3.71000000E+02      -2.887203583181275590E+01
    3.72000000E+02      -2.975239993691815599E+01
    3.73000000E+02      -3.065109603166951402E+01
    3.74000000E+02      -3.157771253645791276E+01
    3.75000000E+02      -3.252634932160748349E+01
    3.76000000E+02      -3.349782855868710385E+01
    3.77000000E+02      -3.449745619357003079E+01
    3.78000000E+02      -3.551424813330544339E+01
    3.79000000E+02      -3.656267893374337064E+01
    3.80000000E+02      -3.763394704521073209E+01
    3.81000000E+02      -3.872777682602776395E+01
    3.82000000E+02      -3.984697695136441098E+01
    3.83000000E+02      -4.099570263982189999E+01
    3.84000000E+02      -4.217172999740017758E+01
    3.85000000E+02      -4.337397772133721219E+01
    3.86000000E+02      -4.460636304378880368E+01
    3.87000000E+02      -4.586492355227841244E+01
    3.88000000E+02      -4.715097512364758359E+01
    3.89000000E+02      -4.846501706600560055E+01
    3.90000000E+02      -4.980770979881657468E+01
    3.91000000E+02      -5.118330533862484799E+01
    3.92000000E+02      -5.258900836170090543E+01
    3.93000000E+02      -5.401237261355294095E+01
    3.94000000E+02      -5.547771447956932889E+01
    3.95000000E+02      -5.696964438319577084E+01
    3.96000000E+02      -5.849501858711613522E+01
    3.97000000E+02      -6.005518008828533993E+01
    3.98000000E+02      -6.164130038082970486E+01
    3.99000000E+02      -6.325642991125954495E+01
    4.00000000E+02      -6.491035465956105099E+01
    4.01000000E+02      -6.659980262875927792E+01
    4.02000000E+02      -6.832135249734295712E+01
    4.03000000E+02      -7.008189137339962826E+01
    4.04000000E+02      -7.186876867771519528E+01
    4.05000000E+02      -7.370164427221192227E+01
    4.06000000E+02      -7.555604043662918912E+01
    4.07000000E+02      -7.745488500655068265E+01
    4.08000000E+02      -7.938204895019902096E+01
    4.09000000E+02      -8.136582946837319241E+01
    4.10000000E+02      -8.336870642066372739E+01
    4.11000000E+02      -8.541541452765835629E+01
    4.12000000E+02      -8.750376510680092679E+01
    4.13000000E+02      -8.962691731810940610E+01
    4.14000000E+02      -9.178089237273110257E+01
    4.15000000E+02      -9.398841053307427273E+01
    4.16000000E+02      -9.623094405293835507E+01
    4.17000000E+02      -9.850977878332508908E+01
    4.18000000E+02      -1.008313388234413992E+02
    4.19000000E+02      -1.032033886021412741E+02
    4.20000000E+02      -1.056089632517136465E+02
    4.21000000E+02      -1.080479585385359655E+02
    4.22000000E+02      -1.105257576113976370E+02
    4.23000000E+02      -1.130517632967270742E+02
    4.24000000E+02      -1.156266588574684988E+02
    4.25000000E+02      -1.182484903937615286E+02
    4.26000000E+02      -1.209212674504555594E+02
    4.27000000E+02      -1.236388262367285620E+02
    4.28000000E+02      -1.263858980989493261E+02
    4.29000000E+02      -1.291916909223832022E+02
    4.30000000E+02      -1.320444470649994742E+02
    4.31000000E+02      -1.349349775022305380E+02
    4.32000000E+02      -1.378822510397471319E+02
    4.33000000E+02      -1.408823337858952414E+02
    4.34000000E+02      -1.439309576010741125E+02
    4.35000000E+02      -1.470111662006415258E+02
    4.36000000E+02      -1.501401259607113730E+02
    4.37000000E+02      -1.533290860211886297E+02
    4.38000000E+02      -1.565545140510834585E+02
    4.39000000E+02      -1.598388246303833853E+02
    4.40000000E+02      -1.631671743398941885E+02
    4.41000000E+02      -1.665739479666985403E+02
    4.42000000E+02      -1.700262528216875921E+02
    4.43000000E+02      -1.735200259393490683E+02
    4.44000000E+02      -1.770639610147513281E+02
    4.45000000E+02      -1.806641625171936880E+02
    4.46000000E+02      -1.843263128405846487E+02
    4.47000000E+02      -1.880407574927843939E+02
    4.48000000E+02      -1.918136181241310965E+02
    4.49000000E+02      -1.956480393266714941E+02
    4.50000000E+02      -1.995406891113556753E+02
    4.51000000E+02      -2.034812646663226019E+02
    4.52000000E+02      -2.074719344830550085E+02
    4.53000000E+02      -2.115483855015076529E+02
    4.54000000E+02      -2.156665129220522772E+02
    4.55000000E+02      -2.198493340915478598E+02
    4.56000000E+02      -2.240867753779925238E+02
    4.57000000E+02      -2.283812571471966635E+02
    4.58000000E+02      -2.327630923992432486E+02
    4.59000000E+02      -2.371855568593777548E+02
    4.60000000E+02      -2.416580243116654287E+02
    4.61000000E+02      -2.462128905808962713E+02
    4.62000000E+02      -2.508322637832201849E+02
    4.63000000E+02      -2.555091807252205740E+02
    4.64000000E+02      -2.602581774896420370E+02
    4.65000000E+02      -2.650538859373368155E+02
    4.66000000E+02      -2.699320379799641501E+02
    4.67000000E+02      -2.748840639597214590E+02
    4.68000000E+02      -2.798938234305418860E+02
    4.69000000E+02      -2.849650425469912420E+02
    4.70000000E+02      -2.901150700455941092E+02
    4.71000000E+02      -2.953234579867161642E+02
    4.72000000E+02      -3.006190847611464392E+02
    4.73000000E+02      -3.059846594935692679E+02
    4.74000000E+02      -3.114042050844468008E+02
    4.75000000E+02      -3.169309585994519125E+02
    4.76000000E+02      -3.224905809617079626E+02
    4.77000000E+02      -3.281270979946888815E+02
    4.78000000E+02      -3.338677196359671484E+02
    4.79000000E+02      -3.396687913095988165E+02
    4.80000000E+02      -3.455195229357518087E+02
    4.81000000E+02      -3.514606250232495199E+02
    4.82000000E+02      -3.574709225899018179E+02
    4.83000000E+02      -3.635610730356015097E+02
    4.84000000E+02      -3.697341114735640417E+02
    4.85000000E+02      -3.759957458084858786E+02
    4.86000000E+02      -3.823339048332013022E+02
    4.87000000E+02      -3.887336461102999579E+02
    4.88000000E+02      -3.952187756007946859E+02
    4.89000000E+02      -4.017950447505749594E+02
    4.90000000E+02      -4.084569608575142752E+02
    4.91000000E+02      -4.151944826549328695E+02
    4.92000000E+02      -4.220230806624926458E+02
    4.93000000E+02      -4.289120506948269735E+02
    4.94000000E+02      -4.358868571823872458E+02
    4.95000000E+02      -4.429839958107508551E+02
    4.96000000E+02      -4.501631841218508612E+02
    4.97000000E+02      -4.574037931120432745E+02
    4.98000000E+02      -4.647674365496672522E+02
    4.99000000E+02      -4.722107549911774527E+02
    5.00000000E+02      -4.797127338355816732E+02
    5.01000000E+02      -4.872833928024805914E+02
    5.02000000E+02      -4.950003072178400885E+02
    5.03000000E+02      -5.027627739912308584E+02
    5.04000000E+02      -5.106328306949175726E+02
    5.05000000E+02      -5.186398016816415293E+02
    5.06000000E+02      -5.267406810826100809E+02
    5.07000000E+02      -5.349278692311086161E+02
    5.08000000E+02      -5.431882234966792566E+02
    5.09000000E+02      -5.515460754787959559E+02
    5.10000000E+02      -5.599449783420600397E+02
