    0.0000000000E+00     -0.2889570866E+02
    0.1000000000E+01     -0.2581240156E+02
    0.2000000000E+01     -0.2340671248E+02
    0.3000000000E+01     -0.2139072001E+02
    0.4000000000E+01     -0.1964655236E+02
    0.5000000000E+01     -0.1810965868E+02
    0.6000000000E+01     -0.1673920740E+02
    0.7000000000E+01     -0.1550735598E+02
    0.8000000000E+01     -0.1439361809E+02
    0.9000000000E+01     -0.1338199249E+02
    0.1000000000E+02     -0.1246000559E+02
    0.1100000000E+02     -0.1161773920E+02
    0.1200000000E+02     -0.1084709041E+02
    0.1300000000E+02     -0.1014112648E+02
    0.1400000000E+02     -0.9494113937E+01
    0.1500000000E+02     -0.8900555313E+01
    0.1600000000E+02     -0.8355949745E+01
    0.1700000000E+02     -0.7856702359E+01
    0.1800000000E+02     -0.7399446206E+01
    0.1900000000E+02     -0.6981194856E+01
    0.2000000000E+02     -0.6599007653E+01
    0.2100000000E+02     -0.6250302049E+01
    0.2200000000E+02     -0.5933115381E+01
    0.2300000000E+02     -0.5645270411E+01
    0.2400000000E+02     -0.5384956110E+01
    0.2500000000E+02     -0.5150340949E+01
    0.2600000000E+02     -0.4940054019E+01
    0.2700000000E+02     -0.4752400165E+01
    0.2800000000E+02     -0.4586285045E+01
    0.2900000000E+02     -0.4440507031E+01
    0.3000000000E+02     -0.4313876889E+01
    0.3100000000E+02     -0.4205290742E+01
    0.3200000000E+02     -0.4113501660E+01
    0.3300000000E+02     -0.4037773885E+01
    0.3400000000E+02     -0.3977182352E+01
    0.3500000000E+02     -0.3930906900E+01
    0.3600000000E+02     -0.3898239905E+01
    0.3700000000E+02     -0.3878396014E+01
    0.3800000000E+02     -0.3870877887E+01
    0.3900000000E+02     -0.3874756168E+01
    0.4000000000E+02     -0.3889812942E+01
    0.4100000000E+02     -0.3915051620E+01
    0.4200000000E+02     -0.3949966755E+01
    0.4300000000E+02     -0.3994239342E+01
    0.4400000000E+02     -0.4047348675E+01
    0.4500000000E+02     -0.4108587129E+01
    0.4600000000E+02     -0.4177668599E+01
    0.4700000000E+02     -0.4254261686E+01
    0.4800000000E+02     -0.4337800383E+01
    0.4900000000E+02     -0.4428014323E+01
    0.5000000000E+02     -0.4524624079E+01
    0.5100000000E+02     -0.4627169982E+01
    0.5200000000E+02     -0.4735302985E+01
    0.5300000000E+02     -0.4848484264E+01
    0.5400000000E+02     -0.4966360481E+01
    0.5500000000E+02     -0.5088924008E+01
    0.5600000000E+02     -0.5215789559E+01
    0.5700000000E+02     -0.5346859383E+01
    0.5800000000E+02     -0.5481734845E+01
    0.5900000000E+02     -0.5620258111E+01
    0.6000000000E+02     -0.5761862699E+01
    0.6100000000E+02     -0.5906508078E+01
    0.6200000000E+02     -0.6053872381E+01
    0.6300000000E+02     -0.6203978022E+01
    0.6400000000E+02     -0.6356735354E+01
    0.6500000000E+02     -0.6511214069E+01
    0.6600000000E+02     -0.6668025470E+01
    0.6700000000E+02     -0.6827000759E+01
    0.6800000000E+02     -0.6987766094E+01
    0.6900000000E+02     -0.7150025837E+01
    0.7000000000E+02     -0.7313465276E+01
    0.7100000000E+02     -0.7478171193E+01
    0.7200000000E+02     -0.7643707761E+01
    0.7300000000E+02     -0.7810742075E+01
    0.7400000000E+02     -0.7977986673E+01
    0.7500000000E+02     -0.8145950342E+01
    0.7600000000E+02     -0.8314410876E+01
    0.7700000000E+02     -0.8483523723E+01
    0.7800000000E+02     -0.8652765315E+01
    0.7900000000E+02     -0.8822484222E+01
    0.8000000000E+02     -0.8992094887E+01
    0.8100000000E+02     -0.9161625443E+01
    0.8200000000E+02     -0.9331294758E+01
    0.8300000000E+02     -0.9500731854E+01
    0.8400000000E+02     -0.9669940545E+01
    0.8500000000E+02     -0.9838677644E+01
    0.8600000000E+02     -0.1000704806E+02
    0.8700000000E+02     -0.1017485198E+02
    0.8800000000E+02     -0.1034189154E+02
    0.8900000000E+02     -0.1050807041E+02
    0.9000000000E+02     -0.1067343055E+02
    0.9100000000E+02     -0.1083781412E+02
    0.9200000000E+02     -0.1100170894E+02
    0.9300000000E+02     -0.1116433347E+02
    0.9400000000E+02     -0.1132584791E+02
    0.9500000000E+02     -0.1148632953E+02
    0.9600000000E+02     -0.1164555945E+02
    0.9700000000E+02     -0.1180377418E+02
    0.9800000000E+02     -0.1196037005E+02
    0.9900000000E+02     -0.1211563698E+02
    0.1000000000E+03     -0.1226953300E+02
    0.1010000000E+03     -0.1242203856E+02
    0.1020000000E+03     -0.1257312553E+02
    0.1030000000E+03     -0.1272227130E+02
    0.1040000000E+03     -0.1286918547E+02
    0.1050000000E+03     -0.1301499958E+02
    0.1060000000E+03     -0.1315910470E+02
    0.1070000000E+03     -0.1330150131E+02
    0.1080000000E+03     -0.1344229814E+02
    0.1090000000E+03     -0.1358132637E+02
    0.1100000000E+03     -0.1371833187E+02
    0.1110000000E+03     -0.1385331843E+02
    0.1120000000E+03     -0.1398664656E+02
    0.1130000000E+03     -0.1411795146E+02
    0.1140000000E+03     -0.1424756455E+02
    0.1150000000E+03     -0.1437499182E+02
    0.1160000000E+03     -0.1450028333E+02
    0.1170000000E+03     -0.1462360646E+02
    0.1180000000E+03     -0.1474492115E+02
    0.1190000000E+03     -0.1486422549E+02
    0.1200000000E+03     -0.1498154047E+02
    0.1210000000E+03     -0.1509662624E+02
    0.1220000000E+03     -0.1520964491E+02
    0.1230000000E+03     -0.1532038383E+02
    0.1240000000E+03     -0.1542881820E+02
    0.1250000000E+03     -0.1553503908E+02
    0.1260000000E+03     -0.1563897926E+02
    0.1270000000E+03     -0.1574021577E+02
    0.1280000000E+03     -0.1583984486E+02
    0.1290000000E+03     -0.1593725331E+02
    0.1300000000E+03     -0.1603227806E+02
    0.1310000000E+03     -0.1612489955E+02
    0.1320000000E+03     -0.1621490416E+02
    0.1330000000E+03     -0.1630263330E+02
    0.1340000000E+03     -0.1638820714E+02
    0.1350000000E+03     -0.1647125088E+02
    0.1360000000E+03     -0.1655186895E+02
    0.1370000000E+03     -0.1662986012E+02
    0.1380000000E+03     -0.1670534266E+02
    0.1390000000E+03     -0.1677873235E+02
    0.1400000000E+03     -0.1684995339E+02
    0.1410000000E+03     -0.1691832485E+02
    0.1420000000E+03     -0.1698435313E+02
    0.1430000000E+03     -0.1704818796E+02
    0.1440000000E+03     -0.1710978548E+02
    0.1450000000E+03     -0.1716873416E+02
    0.1460000000E+03     -0.1722516323E+02
    0.1470000000E+03     -0.1727934163E+02
    0.1480000000E+03     -0.1733086596E+02
    0.1490000000E+03     -0.1737940243E+02
    0.1500000000E+03     -0.1742556806E+02
    0.1510000000E+03     -0.1746935379E+02
    0.1520000000E+03     -0.1751021175E+02
    0.1530000000E+03     -0.1754887339E+02
    0.1540000000E+03     -0.1758538259E+02
    0.1550000000E+03     -0.1761909133E+02
    0.1560000000E+03     -0.1765071820E+02
    0.1570000000E+03     -0.1767940679E+02
    0.1580000000E+03     -0.1770566542E+02
    0.1590000000E+03     -0.1772929144E+02
    0.1600000000E+03     -0.1775007646E+02
    0.1610000000E+03     -0.1776872668E+02
    0.1620000000E+03     -0.1778496410E+02
    0.1630000000E+03     -0.1779880256E+02
    0.1640000000E+03     -0.1780969845E+02
    0.1650000000E+03     -0.1781846288E+02
    0.1660000000E+03     -0.1782393094E+02
    0.1670000000E+03     -0.1782784117E+02
    0.1680000000E+03     -0.1782894998E+02
    0.1690000000E+03     -0.1782744667E+02
    0.1700000000E+03     -0.1782363262E+02
    0.1710000000E+03     -0.1781674487E+02
    0.1720000000E+03     -0.1780772709E+02
    0.1730000000E+03     -0.1779615680E+02
    0.1740000000E+03     -0.1778235968E+02
    0.1750000000E+03     -0.1776570774E+02
    0.1760000000E+03     -0.1774649470E+02
    0.1770000000E+03     -0.1772529993E+02
    0.1780000000E+03     -0.1770111921E+02
    0.1790000000E+03     -0.1767429490E+02
    0.1800000000E+03     -0.1764551937E+02
    0.1810000000E+03     -0.1761406926E+02
    0.1820000000E+03     -0.1758008143E+02
    0.1830000000E+03     -0.1754370369E+02
    0.1840000000E+03     -0.1750497990E+02
    0.1850000000E+03     -0.1746347426E+02
    0.1860000000E+03     -0.1741960206E+02
    0.1870000000E+03     -0.1737303479E+02
    0.1880000000E+03     -0.1732419204E+02
    0.1890000000E+03     -0.1727267377E+02
    0.1900000000E+03     -0.1721955570E+02
    0.1910000000E+03     -0.1716362001E+02
    0.1920000000E+03     -0.1710572070E+02
    0.1930000000E+03     -0.1704522167E+02
    0.1940000000E+03     -0.1698204330E+02
    0.1950000000E+03     -0.1691728850E+02
    0.1960000000E+03     -0.1684938133E+02
    0.1970000000E+03     -0.1677969794E+02
    0.1980000000E+03     -0.1670782063E+02
    0.1990000000E+03     -0.1663386812E+02
    0.2000000000E+03     -0.1655785233E+02
    0.2010000000E+03     -0.1647901129E+02
    0.2020000000E+03     -0.1639795199E+02
    0.2030000000E+03     -0.1631476696E+02
    0.2040000000E+03     -0.1622967649E+02
    0.2050000000E+03     -0.1614210074E+02
    0.2060000000E+03     -0.1605218086E+02
    0.2070000000E+03     -0.1596015050E+02
    0.2080000000E+03     -0.1586611409E+02
    0.2090000000E+03     -0.1577009021E+02
    0.2100000000E+03     -0.1567185143E+02
    0.2110000000E+03     -0.1557155224E+02
    0.2120000000E+03     -0.1546909679E+02
    0.2130000000E+03     -0.1536479455E+02
    0.2140000000E+03     -0.1525830982E+02
    0.2150000000E+03     -0.1515025964E+02
    0.2160000000E+03     -0.1504061634E+02
    0.2170000000E+03     -0.1492869186E+02
    0.2180000000E+03     -0.1481474082E+02
    0.2190000000E+03     -0.1469881424E+02
    0.2200000000E+03     -0.1458145286E+02
    0.2210000000E+03     -0.1446212118E+02
    0.2220000000E+03     -0.1434048734E+02
    0.2230000000E+03     -0.1421790173E+02
    0.2240000000E+03     -0.1409351654E+02
    0.2250000000E+03     -0.1396775090E+02
    0.2260000000E+03     -0.1384008650E+02
    0.2270000000E+03     -0.1371059820E+02
    0.2280000000E+03     -0.1357968177E+02
    0.2290000000E+03     -0.1344737488E+02
    0.2300000000E+03     -0.1331355499E+02
    0.2310000000E+03     -0.1317843667E+02
    0.2320000000E+03     -0.1304197605E+02
    0.2330000000E+03     -0.1290451312E+02
    0.2340000000E+03     -0.1276526730E+02
    0.2350000000E+03     -0.1262466297E+02
    0.2360000000E+03     -0.1248305156E+02
    0.2370000000E+03     -0.1234011263E+02
    0.2380000000E+03     -0.1219677793E+02
    0.2390000000E+03     -0.1205201367E+02
    0.2400000000E+03     -0.1190624901E+02
    0.2410000000E+03     -0.1175943196E+02
    0.2420000000E+03     -0.1161132603E+02
    0.2430000000E+03     -0.1146354864E+02
    0.2440000000E+03     -0.1131441655E+02
    0.2450000000E+03     -0.1116357071E+02
    0.2460000000E+03     -0.1101225137E+02
    0.2470000000E+03     -0.1086138312E+02
    0.2480000000E+03     -0.1071024402E+02
    0.2490000000E+03     -0.1055836106E+02
    0.2500000000E+03     -0.1040624254E+02
    0.2510000000E+03     -0.1025341687E+02
    0.2520000000E+03     -0.1010016491E+02
    0.2530000000E+03     -0.9947617719E+01
    0.2540000000E+03     -0.9794463510E+01
    0.2550000000E+03     -0.9641961138E+01
    0.2560000000E+03     -0.9489137854E+01
    0.2570000000E+03     -0.9335619818E+01
    0.2580000000E+03     -0.9183140811E+01
    0.2590000000E+03     -0.9029562217E+01
    0.2600000000E+03     -0.8876428035E+01
    0.2610000000E+03     -0.8724920345E+01
    0.2620000000E+03     -0.8573584793E+01
    0.2630000000E+03     -0.8422835751E+01
    0.2640000000E+03     -0.8273212045E+01
    0.2650000000E+03     -0.8123658433E+01
    0.2660000000E+03     -0.7976189554E+01
    0.2670000000E+03     -0.7829256639E+01
    0.2680000000E+03     -0.7683320791E+01
    0.2690000000E+03     -0.7538435416E+01
    0.2700000000E+03     -0.7395013930E+01
    0.2710000000E+03     -0.7253883170E+01
    0.2720000000E+03     -0.7114197704E+01
    0.2730000000E+03     -0.6974933761E+01
    0.2740000000E+03     -0.6837872807E+01
    0.2750000000E+03     -0.6702258099E+01
    0.2760000000E+03     -0.6568895970E+01
    0.2770000000E+03     -0.6439031442E+01
    0.2780000000E+03     -0.6310121541E+01
    0.2790000000E+03     -0.6183309724E+01
    0.2800000000E+03     -0.6060235834E+01
    0.2810000000E+03     -0.5939630530E+01
    0.2820000000E+03     -0.5820055193E+01
    0.2830000000E+03     -0.5704858176E+01
    0.2840000000E+03     -0.5592021026E+01
    0.2850000000E+03     -0.5483197414E+01
    0.2860000000E+03     -0.5377733120E+01
    0.2870000000E+03     -0.5274837071E+01
    0.2880000000E+03     -0.5175226429E+01
    0.2890000000E+03     -0.5079134846E+01
    0.2900000000E+03     -0.4986954282E+01
    0.2910000000E+03     -0.4898392911E+01
    0.2920000000E+03     -0.4813944261E+01
    0.2930000000E+03     -0.4734685030E+01
    0.2940000000E+03     -0.4658347380E+01
    0.2950000000E+03     -0.4585733351E+01
    0.2960000000E+03     -0.4520406348E+01
    0.2970000000E+03     -0.4458397655E+01
    0.2980000000E+03     -0.4401235057E+01
    0.2990000000E+03     -0.4348015426E+01
    0.3000000000E+03     -0.4302267834E+01
    0.3010000000E+03     -0.4261660546E+01
    0.3020000000E+03     -0.4225826398E+01
    0.3030000000E+03     -0.4195565522E+01
    0.3040000000E+03     -0.4171706663E+01
    0.3050000000E+03     -0.4153628977E+01
    0.3060000000E+03     -0.4143188314E+01
    0.3070000000E+03     -0.4137788775E+01
    0.3080000000E+03     -0.4138878035E+01
    0.3090000000E+03     -0.4146730754E+01
    0.3100000000E+03     -0.4161691207E+01
    0.3110000000E+03     -0.4182625953E+01
    0.3120000000E+03     -0.4212149013E+01
    0.3130000000E+03     -0.4248770748E+01
    0.3140000000E+03     -0.4294589241E+01
    0.3150000000E+03     -0.4346040612E+01
    0.3160000000E+03     -0.4404772332E+01
    0.3170000000E+03     -0.4473263479E+01
    0.3180000000E+03     -0.4552511118E+01
    0.3190000000E+03     -0.4638243742E+01
    0.3200000000E+03     -0.4731958144E+01
    0.3210000000E+03     -0.4837138571E+01
    0.3220000000E+03     -0.4951678836E+01
    0.3230000000E+03     -0.5074062118E+01
    0.3240000000E+03     -0.5206846172E+01
    0.3250000000E+03     -0.5351335625E+01
    0.3260000000E+03     -0.5504271294E+01
    0.3270000000E+03     -0.5668334435E+01
    0.3280000000E+03     -0.5844295617E+01
    0.3290000000E+03     -0.6029619973E+01
    0.3300000000E+03     -0.6226740327E+01
    0.3310000000E+03     -0.6433997762E+01
    0.3320000000E+03     -0.6652916727E+01
    0.3330000000E+03     -0.6884321196E+01
    0.3340000000E+03     -0.7130548625E+01
    0.3350000000E+03     -0.7386617496E+01
    0.3360000000E+03     -0.7652909278E+01
    0.3370000000E+03     -0.7933694526E+01
    0.3380000000E+03     -0.8228199333E+01
    0.3390000000E+03     -0.8534835354E+01
    0.3400000000E+03     -0.8854559601E+01
    0.3410000000E+03     -0.9188962327E+01
    0.3420000000E+03     -0.9534915479E+01
    0.3430000000E+03     -0.9895360666E+01
    0.3440000000E+03     -0.1027012193E+02
    0.3450000000E+03     -0.1066188245E+02
    0.3460000000E+03     -0.1106933901E+02
    0.3470000000E+03     -0.1149152555E+02
    0.3480000000E+03     -0.1192958075E+02
    0.3490000000E+03     -0.1237927507E+02
    0.3500000000E+03     -0.1284582702E+02
    0.3510000000E+03     -0.1333187636E+02
    0.3520000000E+03     -0.1383252454E+02
    0.3530000000E+03     -0.1435076325E+02
    0.3540000000E+03     -0.1488814554E+02
    0.3550000000E+03     -0.1544266202E+02
    0.3560000000E+03     -0.1601436848E+02
    0.3570000000E+03     -0.1660236799E+02
    0.3580000000E+03     -0.1721289805E+02
    0.3590000000E+03     -0.1783740135E+02
    0.3600000000E+03     -0.1848159708E+02
    0.3610000000E+03     -0.1914660292E+02
    0.3620000000E+03     -0.1983193253E+02
    0.3630000000E+03     -0.2053885236E+02
    0.3640000000E+03     -0.2126116402E+02
    0.3650000000E+03     -0.2200242424E+02
    0.3660000000E+03     -0.2276530091E+02
    0.3670000000E+03     -0.2354987940E+02
    0.3680000000E+03     -0.2436046602E+02
    0.3690000000E+03     -0.2519236058E+02
    0.3700000000E+03     -0.2604479109E+02
    0.3710000000E+03     -0.2692338183E+02
    0.3720000000E+03     -0.2782374592E+02
    0.3730000000E+03     -0.2874305284E+02
    0.3740000000E+03     -0.2968842749E+02
    0.3750000000E+03     -0.3065597460E+02
    0.3760000000E+03     -0.3164616670E+02
    0.3770000000E+03     -0.3266465289E+02
    0.3780000000E+03     -0.3370010685E+02
    0.3790000000E+03     -0.3476912871E+02
    0.3800000000E+03     -0.3585995491E+02
    0.3810000000E+03     -0.3697333265E+02
    0.3820000000E+03     -0.3811275046E+02
    0.3830000000E+03     -0.3928361568E+02
    0.3840000000E+03     -0.4048040177E+02
    0.3850000000E+03     -0.4170245785E+02
    0.3860000000E+03     -0.4295629131E+02
    0.3870000000E+03     -0.4423612765E+02
    0.3880000000E+03     -0.4554391619E+02
    0.3890000000E+03     -0.4687782968E+02
    0.3900000000E+03     -0.4824301606E+02
    0.3910000000E+03     -0.4963971040E+02
    0.3920000000E+03     -0.5106725469E+02
    0.3930000000E+03     -0.5251178772E+02
    0.3940000000E+03     -0.5399735593E+02
    0.3950000000E+03     -0.5551246802E+02
    0.3960000000E+03     -0.5705978855E+02
    0.3970000000E+03     -0.5864216519E+02
    0.3980000000E+03     -0.6024859446E+02
    0.3990000000E+03     -0.6188526760E+02
    0.4000000000E+03     -0.6356078532E+02
    0.4010000000E+03     -0.6527114553E+02
    0.4020000000E+03     -0.6701280343E+02
    0.4030000000E+03     -0.6879535059E+02
    0.4040000000E+03     -0.7060525009E+02
    0.4050000000E+03     -0.7246005238E+02
    0.4060000000E+03     -0.7433248716E+02
    0.4070000000E+03     -0.7625196241E+02
    0.4080000000E+03     -0.7820065489E+02
    0.4090000000E+03     -0.8020847853E+02
    0.4100000000E+03     -0.8223248029E+02
    0.4110000000E+03     -0.8429986851E+02
    0.4120000000E+03     -0.8641081867E+02
    0.4130000000E+03     -0.8855619551E+02
    0.4140000000E+03     -0.9072975964E+02
    0.4150000000E+03     -0.9296094190E+02
    0.4160000000E+03     -0.9522460440E+02
    0.4170000000E+03     -0.9752651449E+02
    0.4180000000E+03     -0.9986986459E+02
    0.4190000000E+03     -0.1022632750E+03
    0.4200000000E+03     -0.1046891889E+03
    0.4210000000E+03     -0.1071507899E+03
    0.4220000000E+03     -0.1096519488E+03
    0.4230000000E+03     -0.1121967702E+03
    0.4240000000E+03     -0.1147951404E+03
    0.4250000000E+03     -0.1174408029E+03
    0.4260000000E+03     -0.1201351066E+03
    0.4270000000E+03     -0.1228761789E+03
    0.4280000000E+03     -0.1256459125E+03
    0.4290000000E+03     -0.1284762998E+03
    0.4300000000E+03     -0.1313515584E+03
    0.4310000000E+03     -0.1342646278E+03
    0.4320000000E+03     -0.1372318554E+03
    0.4330000000E+03     -0.1402556755E+03
    0.4340000000E+03     -0.1433259624E+03
    0.4350000000E+03     -0.1464259053E+03
    0.4360000000E+03     -0.1495792382E+03
    0.4370000000E+03     -0.1527890286E+03
    0.4380000000E+03     -0.1560354534E+03
    0.4390000000E+03     -0.1593418848E+03
    0.4400000000E+03     -0.1626885618E+03
    0.4410000000E+03     -0.1661175147E+03
    0.4420000000E+03     -0.1695880816E+03
    0.4430000000E+03     -0.1731005358E+03
    0.4440000000E+03     -0.1766668087E+03
    0.4450000000E+03     -0.1802868693E+03
    0.4460000000E+03     -0.1839708418E+03
    0.4470000000E+03     -0.1877038580E+03
    0.4480000000E+03     -0.1914963191E+03
    0.4490000000E+03     -0.1953497257E+03
    0.4500000000E+03     -0.1992636262E+03
    0.4510000000E+03     -0.2032222703E+03
    0.4520000000E+03     -0.2072323570E+03
    0.4530000000E+03     -0.2113293282E+03
    0.4540000000E+03     -0.2154674638E+03
    0.4550000000E+03     -0.2196714926E+03
    0.4560000000E+03     -0.2239252278E+03
    0.4570000000E+03     -0.2282369345E+03
    0.4580000000E+03     -0.2326377297E+03
    0.4590000000E+03     -0.2370802304E+03
    0.4600000000E+03     -0.2415615352E+03
    0.4610000000E+03     -0.2461310158E+03
    0.4620000000E+03     -0.2507723271E+03
    0.4630000000E+03     -0.2554658469E+03
    0.4640000000E+03     -0.2602337304E+03
    0.4650000000E+03     -0.2650453841E+03
    0.4660000000E+03     -0.2699368013E+03
    0.4670000000E+03     -0.2749067178E+03
    0.4680000000E+03     -0.2799378564E+03
    0.4690000000E+03     -0.2850214566E+03
    0.4700000000E+03     -0.2901914578E+03
    0.4710000000E+03     -0.2954170420E+03
    0.4720000000E+03     -0.3007304463E+03
    0.4730000000E+03     -0.3061113301E+03
    0.4740000000E+03     -0.3115499723E+03
    0.4750000000E+03     -0.3170904736E+03
    0.4760000000E+03     -0.3226678067E+03
    0.4770000000E+03     -0.3283166106E+03
    0.4780000000E+03     -0.3340744199E+03
    0.4790000000E+03     -0.3398843490E+03
    0.4800000000E+03     -0.3457551149E+03
    0.4810000000E+03     -0.3517049684E+03
    0.4820000000E+03     -0.3577232586E+03
    0.4830000000E+03     -0.3638234957E+03
    0.4840000000E+03     -0.3700028911E+03
    0.4850000000E+03     -0.3762813212E+03
