    0.00000000E+00      -1.102442562509454831E+02
    1.00000000E+00      -1.079051002698611512E+02
    2.00000000E+00      -1.062362351896368011E+02
    3.00000000E+00      -1.049501858404032930E+02
    4.00000000E+00      -1.039290636786386415E+02
    5.00000000E+00      -1.031081678447440311E+02
    6.00000000E+00      -1.024467407031111463E+02
    7.00000000E+00      -1.019166537564374551E+02
    8.00000000E+00      -1.014975567142605826E+02
    9.00000000E+00      -1.011734676011033400E+02
    1.00000000E+01      -1.009317295890428170E+02
    1.10000000E+01      -1.007627132673874542E+02
    1.20000000E+01      -1.006583120740611150E+02
    1.30000000E+01      -1.006111779668495103E+02
    1.40000000E+01      -1.006155876751650169E+02
    1.50000000E+01      -1.006664228752847805E+02
    1.60000000E+01      -1.007591331416402056E+02
    1.70000000E+01      -1.008898786882996603E+02
    1.80000000E+01      -1.010553092764817222E+02
    1.90000000E+01      -1.012524404608771249E+02
    2.00000000E+01      -1.014783585610926195E+02
    2.10000000E+01      -1.017305386049334004E+02
    2.20000000E+01      -1.020067074319008782E+02
    2.30000000E+01      -1.023052112920336469E+02
    2.40000000E+01      -1.026238741713237062E+02
    2.50000000E+01      -1.029608121432025030E+02
    2.60000000E+01      -1.033147761886134788E+02
    2.70000000E+01      -1.036841138635423079E+02
    2.80000000E+01      -1.040675203079950109E+02
    2.90000000E+01      -1.044638806636571928E+02
    3.00000000E+01      -1.048717969296626791E+02
    3.10000000E+01      -1.052901314244732305E+02
    3.20000000E+01      -1.057181625651788011E+02
    3.30000000E+01      -1.061548274109732404E+02
    3.40000000E+01      -1.065991560264151587E+02
    3.50000000E+01      -1.070504610644780144E+02
    3.60000000E+01      -1.075079168085135564E+02
    3.70000000E+01      -1.079709640493743166E+02
    3.80000000E+01      -1.084383588113483086E+02
    3.90000000E+01      -1.089098385632164820E+02
    4.00000000E+01      -1.093850696870718195E+02
    4.10000000E+01      -1.098633417453743562E+02
    4.20000000E+01      -1.103431702539451464E+02
    4.30000000E+01      -1.108246959169987633E+02
    4.40000000E+01      -1.113078153567981019E+02
    4.50000000E+01      -1.117918368686582937E+02
    4.60000000E+01      -1.122756563081998422E+02
    4.70000000E+01      -1.127597195998892232E+02
    4.80000000E+01      -1.132431949017696127E+02
    4.90000000E+01      -1.137255156039387032E+02
    5.00000000E+01      -1.142063460442364260E+02
    5.10000000E+01      -1.146853446263480976E+02
    5.20000000E+01      -1.151627232510723218E+02
    5.30000000E+01      -1.156380192469000860E+02
    5.40000000E+01      -1.161108284969009503E+02
    5.50000000E+01      -1.165808674068316861E+02
    5.60000000E+01      -1.170479215950831815E+02
    5.70000000E+01      -1.175120747971009507E+02
    5.80000000E+01      -1.179717999993950173E+02
    5.90000000E+01      -1.184274964075662240E+02
    6.00000000E+01      -1.188794289961583956E+02
    6.10000000E+01      -1.193269747634545013E+02
    6.20000000E+01      -1.197699117019433572E+02
    6.30000000E+01      -1.202088500993918672E+02
    6.40000000E+01      -1.206422398164063736E+02
    6.50000000E+01      -1.210711814851161137E+02
    6.60000000E+01      -1.214948082695841833E+02
    6.70000000E+01      -1.219130404998209372E+02
    6.80000000E+01      -1.223257849767465189E+02
    6.90000000E+01      -1.227331356249410703E+02
    7.00000000E+01      -1.231344136827752038E+02
    7.10000000E+01      -1.235305880970913961E+02
    7.20000000E+01      -1.239206441530618861E+02
    7.30000000E+01      -1.243047195616304919E+02
    7.40000000E+01      -1.246827451138883873E+02
    7.50000000E+01      -1.250540936946995600E+02
    7.60000000E+01      -1.254195461563427045E+02
    7.70000000E+01      -1.257788944497365549E+02
    7.80000000E+01      -1.261316096749283417E+02
    7.90000000E+01      -1.264771836385257586E+02
    8.00000000E+01      -1.268170603787653192E+02
    8.10000000E+01      -1.271504045274701014E+02
    8.20000000E+01      -1.274771927084434822E+02
    8.30000000E+01      -1.277980189248114868E+02
    8.40000000E+01      -1.281118828832764223E+02
    8.50000000E+01      -1.284196859492581382E+02
    8.60000000E+01      -1.287214577348563864E+02
    8.70000000E+01      -1.290163855174683079E+02
    8.80000000E+01      -1.293044730824545070E+02
    8.90000000E+01      -1.295863844593182250E+02
    9.00000000E+01      -1.298620362939905419E+02
    9.10000000E+01      -1.301302527519069656E+02
    9.20000000E+01      -1.303931839539796158E+02
    9.30000000E+01      -1.306485505990345075E+02
    9.40000000E+01      -1.308989573239009871E+02
    9.50000000E+01      -1.311423410874918147E+02
    9.60000000E+01      -1.313787991126660302E+02
    9.70000000E+01      -1.316088035955686166E+02
    9.80000000E+01      -1.318319941492877945E+02
    9.90000000E+01      -1.320502353912811770E+02
    1.00000000E+02      -1.322612575627058789E+02
    1.01000000E+02      -1.324663142726417675E+02
    1.02000000E+02      -1.326652290850538805E+02
    1.03000000E+02      -1.328573323922824159E+02
    1.04000000E+02      -1.330442855899814560E+02
    1.05000000E+02      -1.332246602374721363E+02
    1.06000000E+02      -1.333978530570525720E+02
    1.07000000E+02      -1.335659375744067177E+02
    1.08000000E+02      -1.337266221301756843E+02
    1.09000000E+02      -1.338814199465919330E+02
    1.10000000E+02      -1.340311205409593924E+02
    1.11000000E+02      -1.341743196620732590E+02
    1.12000000E+02      -1.343114836354866668E+02
    1.13000000E+02      -1.344410562349144413E+02
    1.14000000E+02      -1.345661480367776051E+02
    1.15000000E+02      -1.346849110151302114E+02
    1.16000000E+02      -1.347967966877982064E+02
    1.17000000E+02      -1.349022492055442228E+02
    1.18000000E+02      -1.350034961399283304E+02
    1.19000000E+02      -1.350971737463619604E+02
    1.20000000E+02      -1.351864353049673184E+02
    1.21000000E+02      -1.352684612224470868E+02
    1.22000000E+02      -1.353440718705892607E+02
    1.23000000E+02      -1.354139024872925177E+02
    1.24000000E+02      -1.354782360761087432E+02
    1.25000000E+02      -1.355361502644732639E+02
    1.26000000E+02      -1.355870621101126119E+02
    1.27000000E+02      -1.356328089648518755E+02
    1.28000000E+02      -1.356723553011320575E+02
    1.29000000E+02      -1.357060991399116858E+02
    1.30000000E+02      -1.357337942949157252E+02
    1.31000000E+02      -1.357567555209748491E+02
    1.32000000E+02      -1.357733747881498232E+02
    1.33000000E+02      -1.357839049488898411E+02
    1.34000000E+02      -1.357879552395675375E+02
    1.35000000E+02      -1.357868556090757295E+02
    1.36000000E+02      -1.357800943948455199E+02
    1.37000000E+02      -1.357684262030884668E+02
    1.38000000E+02      -1.357497526888396635E+02
    1.39000000E+02      -1.357251258070241704E+02
    1.40000000E+02      -1.356950037774290934E+02
    1.41000000E+02      -1.356580546497494026E+02
    1.42000000E+02      -1.356155839789785489E+02
    1.43000000E+02      -1.355678620726462498E+02
    1.44000000E+02      -1.355143415731504604E+02
    1.45000000E+02      -1.354550660680174872E+02
    1.46000000E+02      -1.353896372957747474E+02
    1.47000000E+02      -1.353190533243246421E+02
    1.48000000E+02      -1.352418816701170101E+02
    1.49000000E+02      -1.351582607446830764E+02
    1.50000000E+02      -1.350705419107466980E+02
    1.51000000E+02      -1.349773654473606541E+02
    1.52000000E+02      -1.348823634604118809E+02
    1.53000000E+02      -1.347792017868846699E+02
    1.54000000E+02      -1.346686298853378787E+02
    1.55000000E+02      -1.345570806704122617E+02
    1.56000000E+02      -1.344362162760585591E+02
    1.57000000E+02      -1.343107278229795440E+02
    1.58000000E+02      -1.341789853136647537E+02
    1.59000000E+02      -1.340409606799144342E+02
    1.60000000E+02      -1.338983355170708194E+02
    1.61000000E+02      -1.337506978476081088E+02
    1.62000000E+02      -1.335970565852835819E+02
    1.63000000E+02      -1.334381307835351720E+02
    1.64000000E+02      -1.332741973632141992E+02
    1.65000000E+02      -1.331056112290021076E+02
    1.66000000E+02      -1.329306903694883033E+02
    1.67000000E+02      -1.327494221876036420E+02
    1.68000000E+02      -1.325632811611644968E+02
    1.69000000E+02      -1.323724110933613076E+02
    1.70000000E+02      -1.321770280389241918E+02
    1.71000000E+02      -1.319769660627130463E+02
    1.72000000E+02      -1.317691363342233046E+02
    1.73000000E+02      -1.315574437616519674E+02
    1.74000000E+02      -1.313384309349708303E+02
    1.75000000E+02      -1.311156568973451897E+02
    1.76000000E+02      -1.308871084727939262E+02
    1.77000000E+02      -1.306535747723314955E+02
    1.78000000E+02      -1.304135870692912533E+02
    1.79000000E+02      -1.301704252063423439E+02
    1.80000000E+02      -1.299216818620111837E+02
    1.81000000E+02      -1.296660772377286150E+02
    1.82000000E+02      -1.294060527460310652E+02
    1.83000000E+02      -1.291410585983317389E+02
    1.84000000E+02      -1.288699405269358351E+02
    1.85000000E+02      -1.285943499681666538E+02
    1.86000000E+02      -1.283120466858740940E+02
    1.87000000E+02      -1.280254193955693438E+02
    1.88000000E+02      -1.277326031817715659E+02
    1.89000000E+02      -1.274343312044289007E+02
    1.90000000E+02      -1.271297180053439035E+02
    1.91000000E+02      -1.268207032039422586E+02
    1.92000000E+02      -1.265030867267992392E+02
    1.93000000E+02      -1.261815008091867014E+02
    1.94000000E+02      -1.258544007948726460E+02
    1.95000000E+02      -1.255216154904697134E+02
    1.96000000E+02      -1.251842226196672812E+02
    1.97000000E+02      -1.248415008549705192E+02
    1.98000000E+02      -1.244920709688808813E+02
    1.99000000E+02      -1.241392356410283639E+02
    2.00000000E+02      -1.237789797654036477E+02
    2.01000000E+02      -1.234125628517136022E+02
    2.02000000E+02      -1.230411263994533613E+02
    2.03000000E+02      -1.226647490800019398E+02
    2.04000000E+02      -1.222803044949319258E+02
    2.05000000E+02      -1.218911854582034096E+02
    2.06000000E+02      -1.214970793415918990E+02
    2.07000000E+02      -1.210967022254258438E+02
    2.08000000E+02      -1.206908647843297615E+02
    2.09000000E+02      -1.202803190030749931E+02
    2.10000000E+02      -1.198630768069192811E+02
    2.11000000E+02      -1.194408331689551517E+02
    2.12000000E+02      -1.190137938493058130E+02
    2.13000000E+02      -1.185802000455219343E+02
    2.14000000E+02      -1.181405035244893327E+02
    2.15000000E+02      -1.176961382687218531E+02
    2.16000000E+02      -1.172453232311304703E+02
    2.17000000E+02      -1.167895629644986286E+02
    2.18000000E+02      -1.163281638865951493E+02
    2.19000000E+02      -1.158613932958465114E+02
    2.20000000E+02      -1.153897094737399414E+02
    2.21000000E+02      -1.149122137966692492E+02
    2.22000000E+02      -1.144290426361035600E+02
    2.23000000E+02      -1.139498076808299913E+02
    2.24000000E+02      -1.134534320057496473E+02
    2.25000000E+02      -1.129536422196902379E+02
    2.26000000E+02      -1.124469438688024923E+02
    2.27000000E+02      -1.119340871599629565E+02
    2.28000000E+02      -1.114186405266296163E+02
    2.29000000E+02      -1.108936275547962680E+02
    2.30000000E+02      -1.103637934107460126E+02
    2.31000000E+02      -1.098295699704099491E+02
    2.32000000E+02      -1.092882771011568650E+02
    2.33000000E+02      -1.087414800356268927E+02
    2.34000000E+02      -1.081855219641361430E+02
    2.35000000E+02      -1.076285033516246870E+02
    2.36000000E+02      -1.070634281683374240E+02
    2.37000000E+02      -1.064958153794646307E+02
    2.38000000E+02      -1.059200500749643936E+02
    2.39000000E+02      -1.053358546175655022E+02
    2.40000000E+02      -1.047460995040960654E+02
    2.41000000E+02      -1.041534590932201638E+02
    2.42000000E+02      -1.035531441095877483E+02
    2.43000000E+02      -1.029465609345711812E+02
    2.44000000E+02      -1.023353854058437093E+02
    2.45000000E+02      -1.017131847151681825E+02
    2.46000000E+02      -1.010893535124264702E+02
    2.47000000E+02      -1.004600769052408680E+02
    2.48000000E+02      -9.982458449379876697E+01
    2.49000000E+02      -9.918257489629425550E+01
    2.50000000E+02      -9.853657540554516459E+01
    2.51000000E+02      -9.788045176692642713E+01
    2.52000000E+02      -9.721865645648315990E+01
    2.53000000E+02      -9.655450746921226823E+01
    2.54000000E+02      -9.588357137065716529E+01
    2.55000000E+02      -9.520644059373401547E+01
    2.56000000E+02      -9.452142076884732091E+01
    2.57000000E+02      -9.383180129310451889E+01
    2.58000000E+02      -9.313670126899481261E+01
    2.59000000E+02      -9.243291259991340780E+01
    2.60000000E+02      -9.172714531623162770E+01
    2.61000000E+02      -9.101513652309179747E+01
    2.62000000E+02      -9.030044615307227218E+01
    2.63000000E+02      -8.957312053014859998E+01
    2.64000000E+02      -8.884256744237021053E+01
    2.65000000E+02      -8.810815156569108808E+01
    2.66000000E+02      -8.736737116907127643E+01
    2.67000000E+02      -8.661778970357366347E+01
    2.68000000E+02      -8.586447209018618310E+01
    2.69000000E+02      -8.510428077393547142E+01
    2.70000000E+02      -8.433801041232757711E+01
    2.71000000E+02      -8.356621753020547771E+01
    2.72000000E+02      -8.279004337118342960E+01
    2.73000000E+02      -8.200714255093001270E+01
    2.74000000E+02      -8.121646109704263949E+01
    2.75000000E+02      -8.041881406625137174E+01
    2.76000000E+02      -7.961794355340637708E+01
    2.77000000E+02      -7.881022218373939836E+01
    2.78000000E+02      -7.799802047308870101E+01
    2.79000000E+02      -7.718088699776083672E+01
    2.80000000E+02      -7.635891360828057373E+01
    2.81000000E+02      -7.553348679064177418E+01
    2.82000000E+02      -7.469917549417689884E+01
    2.83000000E+02      -7.386254743874408746E+01
    2.84000000E+02      -7.301896896624342048E+01
    2.85000000E+02      -7.217083201619200850E+01
    2.86000000E+02      -7.131942453436889195E+01
    2.87000000E+02      -7.046121381564401531E+01
    2.88000000E+02      -6.960106468332335794E+01
    2.89000000E+02      -6.873591182861812854E+01
    2.90000000E+02      -6.786619506512172961E+01
    2.91000000E+02      -6.699280416445211017E+01
    2.92000000E+02      -6.611380411606617713E+01
    2.93000000E+02      -6.523433849882670188E+01
    2.94000000E+02      -6.435057649078183317E+01
    2.95000000E+02      -6.346469685380682080E+01
    2.96000000E+02      -6.257784359335303037E+01
    2.97000000E+02      -6.169117963794953852E+01
    2.98000000E+02      -6.079843485207631915E+01
    2.99000000E+02      -5.990532513932659953E+01
    3.00000000E+02      -5.900844683094285159E+01
    3.01000000E+02      -5.811133860020301967E+01
    3.02000000E+02      -5.721147892965338855E+01
    3.03000000E+02      -5.631139769071116774E+01
    3.04000000E+02      -5.541235800614915519E+01
    3.05000000E+02      -5.451006373103111713E+01
    3.06000000E+02      -5.360748022903091936E+01
    3.07000000E+02      -5.270714456999078124E+01
    3.08000000E+02      -5.180994631737805634E+01
    3.09000000E+02      -5.090961282296441226E+01
    3.10000000E+02      -5.000749926167875259E+01
    3.11000000E+02      -4.910699102530590920E+01
    3.12000000E+02      -4.820465098220258682E+01
    3.13000000E+02      -4.730582934237420289E+01
    3.14000000E+02      -4.640768963788971035E+01
    3.15000000E+02      -4.551174192238934069E+01
    3.16000000E+02      -4.461450930024832218E+01
    3.17000000E+02      -4.372157745940014451E+01
    3.18000000E+02      -4.283460021686143904E+01
    3.19000000E+02      -4.194669672838747232E+01
    3.20000000E+02      -4.105990574291310935E+01
    3.21000000E+02      -4.017766304119825094E+01
    3.22000000E+02      -3.929977869490496545E+01
    3.23000000E+02      -3.842204840333535998E+01
    3.24000000E+02      -3.754531800575889378E+01
    3.25000000E+02      -3.667648501220494239E+01
    3.26000000E+02      -3.580944205556399851E+01
    3.27000000E+02      -3.494720717790871589E+01
    3.28000000E+02      -3.409075624231584101E+01
    3.29000000E+02      -3.323851873903870313E+01
    3.30000000E+02      -3.238741540504954486E+01
    3.31000000E+02      -3.154600595255717721E+01
    3.32000000E+02      -3.070785251065492716E+01
    3.33000000E+02      -2.987802726953625765E+01
    3.34000000E+02      -2.905455133753232744E+01
    3.35000000E+02      -2.823437598176635888E+01
    3.36000000E+02      -2.742364634123034861E+01
    3.37000000E+02      -2.662176987171508458E+01
    3.38000000E+02      -2.582531520506702449E+01
    3.39000000E+02      -2.503071665173731830E+01
    3.40000000E+02      -2.425082737059667792E+01
    3.41000000E+02      -2.347792444556355562E+01
    3.42000000E+02      -2.271590333796441641E+01
    3.43000000E+02      -2.196044233130626466E+01
    3.44000000E+02      -2.121690275791436520E+01
    3.45000000E+02      -2.048244862692765977E+01
    3.46000000E+02      -1.975822087555527773E+01
    3.47000000E+02      -1.904369824115522292E+01
    3.48000000E+02      -1.833741789163425651E+01
    3.49000000E+02      -1.764341877159997907E+01
    3.50000000E+02      -1.695825969932004895E+01
    3.51000000E+02      -1.628847873435691085E+01
    3.52000000E+02      -1.562597431420683769E+01
    3.53000000E+02      -1.497459360204040912E+01
    3.54000000E+02      -1.433548464129082767E+01
    3.55000000E+02      -1.371328404398038892E+01
    3.56000000E+02      -1.310614524750374166E+01
    3.57000000E+02      -1.250743525746613649E+01
    3.58000000E+02      -1.192151179715394882E+01
    3.59000000E+02      -1.135547113038003353E+01
    3.60000000E+02      -1.080186838508918790E+01
    3.61000000E+02      -1.026591616837642995E+01
    3.62000000E+02      -9.744048210944606936E+00
    3.63000000E+02      -9.233660185861959135E+00
    3.64000000E+02      -8.742790171796082532E+00
    3.65000000E+02      -8.263482697460426962E+00
    3.66000000E+02      -7.808066843695565140E+00
    3.67000000E+02      -7.367944238394125378E+00
    3.68000000E+02      -6.952708262869714773E+00
    3.69000000E+02      -6.548309448793157017E+00
    3.70000000E+02      -6.157794197475164211E+00
    3.71000000E+02      -5.790377240314706242E+00
    3.72000000E+02      -5.439121510520203984E+00
    3.73000000E+02      -5.107019030874221599E+00
    3.74000000E+02      -4.793920783944054520E+00
    3.75000000E+02      -4.499193324161320007E+00
    3.76000000E+02      -4.230496957817672765E+00
    3.77000000E+02      -3.980214559392630580E+00
    3.78000000E+02      -3.752195699292793396E+00
    3.79000000E+02      -3.549636148068680885E+00
    3.80000000E+02      -3.366002791247888926E+00
    3.81000000E+02      -3.202783110936730626E+00
    3.82000000E+02      -3.065054615879058364E+00
    3.83000000E+02      -2.948359777604788068E+00
    3.84000000E+02      -2.860976764851808074E+00
    3.85000000E+02      -2.795751466335355762E+00
    3.86000000E+02      -2.763173316292091730E+00
    3.87000000E+02      -2.752869435505568507E+00
    3.88000000E+02      -2.764574349544569376E+00
    3.89000000E+02      -2.811105331791191819E+00
    3.90000000E+02      -2.872384895490109447E+00
    3.91000000E+02      -2.955985988176986101E+00
    3.92000000E+02      -3.073376491585373405E+00
    3.93000000E+02      -3.223126720789446953E+00
    3.94000000E+02      -3.386021751829981330E+00
    3.95000000E+02      -3.597541699803992632E+00
    3.96000000E+02      -3.831488109113275531E+00
    3.97000000E+02      -4.097909975716470754E+00
    3.98000000E+02      -4.395063600888102329E+00
    3.99000000E+02      -4.717065452983229434E+00
    4.00000000E+02      -5.075246737490965998E+00
    4.01000000E+02      -5.461916825886442339E+00
    4.02000000E+02      -5.892536366976424134E+00
    4.03000000E+02      -6.344153447229041731E+00
    4.04000000E+02      -6.834250550869478857E+00
    4.05000000E+02      -7.349575999578087604E+00
    4.06000000E+02      -7.905408990488945520E+00
    4.07000000E+02      -8.491171165521814501E+00
    4.08000000E+02      -9.118960752769931233E+00
    4.09000000E+02      -9.775872222300245440E+00
    4.10000000E+02      -1.046474512379020361E+01
    4.11000000E+02      -1.120212033219970671E+01
    4.12000000E+02      -1.197885756256393996E+01
    4.13000000E+02      -1.278580816710702983E+01
    4.14000000E+02      -1.362947057179510502E+01
    4.15000000E+02      -1.452446384277529923E+01
    4.16000000E+02      -1.544047248937524763E+01
    4.17000000E+02      -1.640407492002807643E+01
    4.18000000E+02      -1.740965965777970936E+01
    4.19000000E+02      -1.845534837051630106E+01
    4.20000000E+02      -1.954370457414873030E+01
    4.21000000E+02      -2.068169806703329172E+01
    4.22000000E+02      -2.185713721827007916E+01
    4.23000000E+02      -2.308222136033102956E+01
    4.24000000E+02      -2.433426557566374626E+01
    4.25000000E+02      -2.563734598030671563E+01
    4.26000000E+02      -2.698420605614185419E+01
    4.27000000E+02      -2.838382951301857915E+01
    4.28000000E+02      -2.983223818932995286E+01
    4.29000000E+02      -3.133032827536910858E+01
    4.30000000E+02      -3.286292570285834103E+01
    4.31000000E+02      -3.445655884399413793E+01
    4.32000000E+02      -3.610990947220809488E+01
    4.33000000E+02      -3.780881187777369945E+01
    4.34000000E+02      -3.954126803638748555E+01
    4.35000000E+02      -4.132988724593408136E+01
    4.36000000E+02      -4.315886433484367757E+01
    4.37000000E+02      -4.505953515941612153E+01
    4.38000000E+02      -4.699234400518573551E+01
    4.39000000E+02      -4.898881914225741951E+01
    4.40000000E+02      -5.105361844940446048E+01
    4.41000000E+02      -5.316731841062530606E+01
    4.42000000E+02      -5.531824197938069432E+01
    4.43000000E+02      -5.752990571983493595E+01
    4.44000000E+02      -5.981472734609953790E+01
    4.45000000E+02      -6.213446226032785802E+01
    4.46000000E+02      -6.452075419543646717E+01
    4.47000000E+02      -6.697980919588692927E+01
    4.48000000E+02      -6.947363621360958064E+01
    4.49000000E+02      -7.205682658116668904E+01
    4.50000000E+02      -7.466718269550577247E+01
    4.51000000E+02      -7.733972689524628663E+01
    4.52000000E+02      -8.009645597046576881E+01
    4.53000000E+02      -8.292274234878235006E+01
    4.54000000E+02      -8.577200531625524604E+01
    4.55000000E+02      -8.871727398076430404E+01
    4.56000000E+02      -9.172924615318291330E+01
    4.57000000E+02      -9.476378699034788156E+01
    4.58000000E+02      -9.790933594751507485E+01
    4.59000000E+02      -1.011074376529209360E+02
    4.60000000E+02      -1.043775452805344059E+02
    4.61000000E+02      -1.076847822378981903E+02
    4.62000000E+02      -1.110632808107543781E+02
    4.63000000E+02      -1.145209642754994377E+02
    4.64000000E+02      -1.180702134723901793E+02
    4.65000000E+02      -1.216797897207211747E+02
    4.66000000E+02      -1.253381591471038803E+02
    4.67000000E+02      -1.290872590850699737E+02
    4.68000000E+02      -1.329210117234975144E+02
    4.69000000E+02      -1.368184356714259877E+02
    4.70000000E+02      -1.407908221966713711E+02
    4.71000000E+02      -1.448359223005022898E+02
    4.72000000E+02      -1.489416498364076062E+02
    4.73000000E+02      -1.531370271890550896E+02
    4.74000000E+02      -1.574189003358256116E+02
    4.75000000E+02      -1.617603604799728885E+02
    4.76000000E+02      -1.662022555600047156E+02
    4.77000000E+02      -1.707196148463185921E+02
    4.78000000E+02      -1.753404702447947159E+02
    4.79000000E+02      -1.800224589250642850E+02
    4.80000000E+02      -1.847657430485483303E+02
    4.81000000E+02      -1.896552293539639606E+02
    4.82000000E+02      -1.945914336400233253E+02
    4.83000000E+02      -1.996012133338149681E+02
    4.84000000E+02      -2.046800751163750931E+02
    4.85000000E+02      -2.098381556176241531E+02
    4.86000000E+02      -2.151115205592136874E+02
    4.87000000E+02      -2.204025378657165959E+02
    4.88000000E+02      -2.258549843092110052E+02
    4.89000000E+02      -2.314052207294512584E+02
    4.90000000E+02      -2.370461387382015630E+02
    4.91000000E+02      -2.427497092666231140E+02
    4.92000000E+02      -2.485478726864453449E+02
    4.93000000E+02      -2.544974886764898940E+02
    4.94000000E+02      -2.604912785095289109E+02
    4.95000000E+02      -2.665750302017327158E+02
    4.96000000E+02      -2.727912883450403569E+02
    4.97000000E+02      -2.790506942331917344E+02
    4.98000000E+02      -2.853934975237712024E+02
    4.99000000E+02      -2.918717162985481082E+02
    5.00000000E+02      -2.984938485484231023E+02
    5.01000000E+02      -3.051841240785211085E+02
    5.02000000E+02      -3.119990968738343327E+02
    5.03000000E+02      -3.189419456544924287E+02
    5.04000000E+02      -3.259362433342389522E+02
    5.05000000E+02      -3.329955324422694503E+02
    5.06000000E+02      -3.397296792135234682E+02
    5.07000000E+02      -3.372852598245149238E+02
    5.08000000E+02      -3.551482604836705832E+02
    5.09000000E+02      -3.653751397260125486E+02
    5.10000000E+02      -3.711891554399985580E+02
