    0.0000000000E+00     -0.9727836464E+01
    0.1000000000E+01     -0.7637003040E+01
    0.2000000000E+01     -0.6216551870E+01
    0.3000000000E+01     -0.5178749017E+01
    0.4000000000E+01     -0.4405829258E+01
    0.5000000000E+01     -0.3833367332E+01
    0.6000000000E+01     -0.3420553651E+01
    0.7000000000E+01     -0.3139199361E+01
    0.8000000000E+01     -0.2968883182E+01
    0.9000000000E+01     -0.2893840972E+01
    0.1000000000E+02     -0.2901661324E+01
    0.1100000000E+02     -0.2982166280E+01
    0.1200000000E+02     -0.3127018633E+01
    0.1300000000E+02     -0.3329514103E+01
    0.1400000000E+02     -0.3583891525E+01
    0.1500000000E+02     -0.3884813301E+01
    0.1600000000E+02     -0.4227651154E+01
    0.1700000000E+02     -0.4608721266E+01
    0.1800000000E+02     -0.5024459802E+01
    0.1900000000E+02     -0.5471886012E+01
    0.2000000000E+02     -0.5948474760E+01
    0.2100000000E+02     -0.6451517356E+01
    0.2200000000E+02     -0.6978788356E+01
    0.2300000000E+02     -0.7528152090E+01
    0.2400000000E+02     -0.8097789983E+01
    0.2500000000E+02     -0.8686161377E+01
    0.2600000000E+02     -0.9291379710E+01
    0.2700000000E+02     -0.9912062919E+01
    0.2800000000E+02     -0.1054715886E+02
    0.2900000000E+02     -0.1119524234E+02
    0.3000000000E+02     -0.1185504153E+02
    0.3100000000E+02     -0.1252564040E+02
    0.3200000000E+02     -0.1320588317E+02
    0.3300000000E+02     -0.1389491900E+02
    0.3400000000E+02     -0.1459200498E+02
    0.3500000000E+02     -0.1529621609E+02
    0.3600000000E+02     -0.1600668249E+02
    0.3700000000E+02     -0.1672245077E+02
    0.3800000000E+02     -0.1744297888E+02
    0.3900000000E+02     -0.1816755494E+02
    0.4000000000E+02     -0.1889583427E+02
    0.4100000000E+02     -0.1962718371E+02
    0.4200000000E+02     -0.2036110276E+02
    0.4300000000E+02     -0.2109699749E+02
    0.4400000000E+02     -0.2183418270E+02
    0.4500000000E+02     -0.2257191537E+02
    0.4600000000E+02     -0.2331057090E+02
    0.4700000000E+02     -0.2404892706E+02
    0.4800000000E+02     -0.2478707122E+02
    0.4900000000E+02     -0.2552407092E+02
    0.5000000000E+02     -0.2625991618E+02
    0.5100000000E+02     -0.2699468394E+02
    0.5200000000E+02     -0.2772752969E+02
    0.5300000000E+02     -0.2845861392E+02
    0.5400000000E+02     -0.2918679331E+02
    0.5500000000E+02     -0.2991246676E+02
    0.5600000000E+02     -0.3063537202E+02
    0.5700000000E+02     -0.3135499215E+02
    0.5800000000E+02     -0.3207113260E+02
    0.5900000000E+02     -0.3278318535E+02
    0.6000000000E+02     -0.3349170406E+02
    0.6100000000E+02     -0.3419600786E+02
    0.6200000000E+02     -0.3489623403E+02
    0.6300000000E+02     -0.3559139529E+02
    0.6400000000E+02     -0.3628250083E+02
    0.6500000000E+02     -0.3696846548E+02
    0.6600000000E+02     -0.3764918304E+02
    0.6700000000E+02     -0.3832527788E+02
    0.6800000000E+02     -0.3899523261E+02
    0.6900000000E+02     -0.3966058007E+02
    0.7000000000E+02     -0.4031975247E+02
    0.7100000000E+02     -0.4097335286E+02
    0.7200000000E+02     -0.4162134365E+02
    0.7300000000E+02     -0.4226328021E+02
    0.7400000000E+02     -0.4289904023E+02
    0.7500000000E+02     -0.4352873894E+02
    0.7600000000E+02     -0.4415244995E+02
    0.7700000000E+02     -0.4477069126E+02
    0.7800000000E+02     -0.4538203513E+02
    0.7900000000E+02     -0.4598707078E+02
    0.8000000000E+02     -0.4658647343E+02
    0.8100000000E+02     -0.4717898051E+02
    0.8200000000E+02     -0.4776511026E+02
    0.8300000000E+02     -0.4834503007E+02
    0.8400000000E+02     -0.4891913499E+02
    0.8500000000E+02     -0.4948634371E+02
    0.8600000000E+02     -0.5004693838E+02
    0.8700000000E+02     -0.5060092438E+02
    0.8800000000E+02     -0.5114885328E+02
    0.8900000000E+02     -0.5169080607E+02
    0.9000000000E+02     -0.5222621649E+02
    0.9100000000E+02     -0.5275563170E+02
    0.9200000000E+02     -0.5327875215E+02
    0.9300000000E+02     -0.5379516488E+02
    0.9400000000E+02     -0.5430606487E+02
    0.9500000000E+02     -0.5481015014E+02
    0.9600000000E+02     -0.5530731592E+02
    0.9700000000E+02     -0.5579823335E+02
    0.9800000000E+02     -0.5628378165E+02
    0.9900000000E+02     -0.5676193121E+02
    0.1000000000E+03     -0.5723507806E+02
    0.1010000000E+03     -0.5770163816E+02
    0.1020000000E+03     -0.5816077195E+02
    0.1030000000E+03     -0.5861593112E+02
    0.1040000000E+03     -0.5906414959E+02
    0.1050000000E+03     -0.5950584572E+02
    0.1060000000E+03     -0.5994096952E+02
    0.1070000000E+03     -0.6037025207E+02
    0.1080000000E+03     -0.6079331367E+02
    0.1090000000E+03     -0.6120879830E+02
    0.1100000000E+03     -0.6161852294E+02
    0.1110000000E+03     -0.6202280642E+02
    0.1120000000E+03     -0.6242146346E+02
    0.1130000000E+03     -0.6281341424E+02
    0.1140000000E+03     -0.6320024452E+02
    0.1150000000E+03     -0.6358017873E+02
    0.1160000000E+03     -0.6395320541E+02
    0.1170000000E+03     -0.6432006620E+02
    0.1180000000E+03     -0.6468163277E+02
    0.1190000000E+03     -0.6503787894E+02
    0.1200000000E+03     -0.6538721739E+02
    0.1210000000E+03     -0.6573208331E+02
    0.1220000000E+03     -0.6606959593E+02
    0.1230000000E+03     -0.6640082653E+02
    0.1240000000E+03     -0.6672623179E+02
    0.1250000000E+03     -0.6704689100E+02
    0.1260000000E+03     -0.6736116223E+02
    0.1270000000E+03     -0.6767096272E+02
    0.1280000000E+03     -0.6797260113E+02
    0.1290000000E+03     -0.6827002440E+02
    0.1300000000E+03     -0.6855972471E+02
    0.1310000000E+03     -0.6884475085E+02
    0.1320000000E+03     -0.6912406616E+02
    0.1330000000E+03     -0.6939753674E+02
    0.1340000000E+03     -0.6966481642E+02
    0.1350000000E+03     -0.6992655116E+02
    0.1360000000E+03     -0.7018220028E+02
    0.1370000000E+03     -0.7043172962E+02
    0.1380000000E+03     -0.7067589402E+02
    0.1390000000E+03     -0.7091472156E+02
    0.1400000000E+03     -0.7114798093E+02
    0.1410000000E+03     -0.7137524489E+02
    0.1420000000E+03     -0.7159684044E+02
    0.1430000000E+03     -0.7181333858E+02
    0.1440000000E+03     -0.7202250630E+02
    0.1450000000E+03     -0.7222670771E+02
    0.1460000000E+03     -0.7242491931E+02
    0.1470000000E+03     -0.7261706207E+02
    0.1480000000E+03     -0.7280342063E+02
    0.1490000000E+03     -0.7298533461E+02
    0.1500000000E+03     -0.7316252592E+02
    0.1510000000E+03     -0.7333365599E+02
    0.1520000000E+03     -0.7349917400E+02
    0.1530000000E+03     -0.7365989592E+02
    0.1540000000E+03     -0.7381469688E+02
    0.1550000000E+03     -0.7396584316E+02
    0.1560000000E+03     -0.7410965699E+02
    0.1570000000E+03     -0.7424811887E+02
    0.1580000000E+03     -0.7438030366E+02
    0.1590000000E+03     -0.7450827963E+02
    0.1600000000E+03     -0.7463089028E+02
    0.1610000000E+03     -0.7474748958E+02
    0.1620000000E+03     -0.7485827719E+02
    0.1630000000E+03     -0.7496305835E+02
    0.1640000000E+03     -0.7506313363E+02
    0.1650000000E+03     -0.7515785999E+02
    0.1660000000E+03     -0.7524691756E+02
    0.1670000000E+03     -0.7533037237E+02
    0.1680000000E+03     -0.7541132531E+02
    0.1690000000E+03     -0.7548509374E+02
    0.1700000000E+03     -0.7555305666E+02
    0.1710000000E+03     -0.7561636859E+02
    0.1720000000E+03     -0.7567455049E+02
    0.1730000000E+03     -0.7572659770E+02
    0.1740000000E+03     -0.7577026386E+02
    0.1750000000E+03     -0.7581253800E+02
    0.1760000000E+03     -0.7584819151E+02
    0.1770000000E+03     -0.7587730563E+02
    0.1780000000E+03     -0.7590304302E+02
    0.1790000000E+03     -0.7592267791E+02
    0.1800000000E+03     -0.7593870201E+02
    0.1810000000E+03     -0.7594778525E+02
    0.1820000000E+03     -0.7595211521E+02
    0.1830000000E+03     -0.7595156143E+02
    0.1840000000E+03     -0.7594482362E+02
    0.1850000000E+03     -0.7593316214E+02
    0.1860000000E+03     -0.7591755429E+02
    0.1870000000E+03     -0.7589549237E+02
    0.1880000000E+03     -0.7586759672E+02
    0.1890000000E+03     -0.7583428413E+02
    0.1900000000E+03     -0.7579529530E+02
    0.1910000000E+03     -0.7574977085E+02
    0.1920000000E+03     -0.7570106682E+02
    0.1930000000E+03     -0.7564602470E+02
    0.1940000000E+03     -0.7558439332E+02
    0.1950000000E+03     -0.7551866684E+02
    0.1960000000E+03     -0.7544401620E+02
    0.1970000000E+03     -0.7536589893E+02
    0.1980000000E+03     -0.7528064009E+02
    0.1990000000E+03     -0.7519087978E+02
    0.2000000000E+03     -0.7509399714E+02
    0.2010000000E+03     -0.7499173358E+02
    0.2020000000E+03     -0.7488637318E+02
    0.2030000000E+03     -0.7477385222E+02
    0.2040000000E+03     -0.7465462922E+02
    0.2050000000E+03     -0.7453056491E+02
    0.2060000000E+03     -0.7440082432E+02
    0.2070000000E+03     -0.7426629314E+02
    0.2080000000E+03     -0.7412602342E+02
    0.2090000000E+03     -0.7397949469E+02
    0.2100000000E+03     -0.7382651596E+02
    0.2110000000E+03     -0.7366937846E+02
    0.2120000000E+03     -0.7350634975E+02
    0.2130000000E+03     -0.7333893622E+02
    0.2140000000E+03     -0.7316447219E+02
    0.2150000000E+03     -0.7298563095E+02
    0.2160000000E+03     -0.7280130391E+02
    0.2170000000E+03     -0.7261194441E+02
    0.2180000000E+03     -0.7241701817E+02
    0.2190000000E+03     -0.7221675378E+02
    0.2200000000E+03     -0.7201112763E+02
    0.2210000000E+03     -0.7179834171E+02
    0.2220000000E+03     -0.7158029344E+02
    0.2230000000E+03     -0.7135814456E+02
    0.2240000000E+03     -0.7112707386E+02
    0.2250000000E+03     -0.7089409971E+02
    0.2260000000E+03     -0.7065193844E+02
    0.2270000000E+03     -0.7040483611E+02
    0.2280000000E+03     -0.7015265950E+02
    0.2290000000E+03     -0.6989490291E+02
    0.2300000000E+03     -0.6963243387E+02
    0.2310000000E+03     -0.6936325341E+02
    0.2320000000E+03     -0.6908948263E+02
    0.2330000000E+03     -0.6881005401E+02
    0.2340000000E+03     -0.6852401616E+02
    0.2350000000E+03     -0.6823316446E+02
    0.2360000000E+03     -0.6793543173E+02
    0.2370000000E+03     -0.6763159106E+02
    0.2380000000E+03     -0.6732281557E+02
    0.2390000000E+03     -0.6700505877E+02
    0.2400000000E+03     -0.6668393558E+02
    0.2410000000E+03     -0.6635395578E+02
    0.2420000000E+03     -0.6602464135E+02
    0.2430000000E+03     -0.6568670372E+02
    0.2440000000E+03     -0.6534341958E+02
    0.2450000000E+03     -0.6499293863E+02
    0.2460000000E+03     -0.6463654786E+02
    0.2470000000E+03     -0.6427671983E+02
    0.2480000000E+03     -0.6390675658E+02
    0.2490000000E+03     -0.6353240410E+02
    0.2500000000E+03     -0.6315733654E+02
    0.2510000000E+03     -0.6277123749E+02
    0.2520000000E+03     -0.6237923223E+02
    0.2530000000E+03     -0.6197948351E+02
    0.2540000000E+03     -0.6157578802E+02
    0.2550000000E+03     -0.6116756921E+02
    0.2560000000E+03     -0.6074980161E+02
    0.2570000000E+03     -0.6033149280E+02
    0.2580000000E+03     -0.5990364930E+02
    0.2590000000E+03     -0.5947303307E+02
    0.2600000000E+03     -0.5903380995E+02
    0.2610000000E+03     -0.5859021861E+02
    0.2620000000E+03     -0.5813728520E+02
    0.2630000000E+03     -0.5768007597E+02
    0.2640000000E+03     -0.5721809401E+02
    0.2650000000E+03     -0.5675233835E+02
    0.2660000000E+03     -0.5628173813E+02
    0.2670000000E+03     -0.5580322279E+02
    0.2680000000E+03     -0.5531537473E+02
    0.2690000000E+03     -0.5482343805E+02
    0.2700000000E+03     -0.5432567411E+02
    0.2710000000E+03     -0.5382036852E+02
    0.2720000000E+03     -0.5331477160E+02
    0.2730000000E+03     -0.5280121878E+02
    0.2740000000E+03     -0.5228084015E+02
    0.2750000000E+03     -0.5175492003E+02
    0.2760000000E+03     -0.5122433634E+02
    0.2770000000E+03     -0.5068873614E+02
    0.2780000000E+03     -0.5014914174E+02
    0.2790000000E+03     -0.4960331313E+02
    0.2800000000E+03     -0.4905302957E+02
    0.2810000000E+03     -0.4849520860E+02
    0.2820000000E+03     -0.4793334708E+02
    0.2830000000E+03     -0.4736704251E+02
    0.2840000000E+03     -0.4679473255E+02
    0.2850000000E+03     -0.4621711047E+02
    0.2860000000E+03     -0.4564059922E+02
    0.2870000000E+03     -0.4505543149E+02
    0.2880000000E+03     -0.4446698158E+02
    0.2890000000E+03     -0.4387545157E+02
    0.2900000000E+03     -0.4327892944E+02
    0.2910000000E+03     -0.4267610869E+02
    0.2920000000E+03     -0.4207211351E+02
    0.2930000000E+03     -0.4146546206E+02
    0.2940000000E+03     -0.4085673403E+02
    0.2950000000E+03     -0.4024556345E+02
    0.2960000000E+03     -0.3963063025E+02
    0.2970000000E+03     -0.3901683878E+02
    0.2980000000E+03     -0.3839865439E+02
    0.2990000000E+03     -0.3777782845E+02
    0.3000000000E+03     -0.3715715369E+02
    0.3010000000E+03     -0.3653376747E+02
    0.3020000000E+03     -0.3590940328E+02
    0.3030000000E+03     -0.3528782501E+02
    0.3040000000E+03     -0.3466104803E+02
    0.3050000000E+03     -0.3403305119E+02
    0.3060000000E+03     -0.3341205986E+02
    0.3070000000E+03     -0.3279108224E+02
    0.3080000000E+03     -0.3216396063E+02
    0.3090000000E+03     -0.3153931444E+02
    0.3100000000E+03     -0.3091131814E+02
    0.3110000000E+03     -0.3028514509E+02
    0.3120000000E+03     -0.2966108257E+02
    0.3130000000E+03     -0.2903783512E+02
    0.3140000000E+03     -0.2841854062E+02
    0.3150000000E+03     -0.2779823329E+02
    0.3160000000E+03     -0.2717871639E+02
    0.3170000000E+03     -0.2656059405E+02
    0.3180000000E+03     -0.2594106487E+02
    0.3190000000E+03     -0.2532911841E+02
    0.3200000000E+03     -0.2471998395E+02
    0.3210000000E+03     -0.2411437601E+02
    0.3220000000E+03     -0.2351110982E+02
    0.3230000000E+03     -0.2290905425E+02
    0.3240000000E+03     -0.2231170037E+02
    0.3250000000E+03     -0.2171921079E+02
    0.3260000000E+03     -0.2113222278E+02
    0.3270000000E+03     -0.2054632718E+02
    0.3280000000E+03     -0.1996854464E+02
    0.3290000000E+03     -0.1939460586E+02
    0.3300000000E+03     -0.1882350975E+02
    0.3310000000E+03     -0.1826124979E+02
    0.3320000000E+03     -0.1770139412E+02
    0.3330000000E+03     -0.1714919317E+02
    0.3340000000E+03     -0.1660165218E+02
    0.3350000000E+03     -0.1606153645E+02
    0.3360000000E+03     -0.1552458915E+02
    0.3370000000E+03     -0.1499722765E+02
    0.3380000000E+03     -0.1448650617E+02
    0.3390000000E+03     -0.1397455671E+02
    0.3400000000E+03     -0.1347327286E+02
    0.3410000000E+03     -0.1298016254E+02
    0.3420000000E+03     -0.1249479962E+02
    0.3430000000E+03     -0.1201800864E+02
    0.3440000000E+03     -0.1155056468E+02
    0.3450000000E+03     -0.1109801832E+02
    0.3460000000E+03     -0.1065688066E+02
    0.3470000000E+03     -0.1022130936E+02
    0.3480000000E+03     -0.9792334023E+01
    0.3490000000E+03     -0.9378013489E+01
    0.3500000000E+03     -0.8974810962E+01
    0.3510000000E+03     -0.8581941364E+01
    0.3520000000E+03     -0.8200899257E+01
    0.3530000000E+03     -0.7829579389E+01
    0.3540000000E+03     -0.7478195172E+01
    0.3550000000E+03     -0.7135786261E+01
    0.3560000000E+03     -0.6806221740E+01
    0.3570000000E+03     -0.6496089420E+01
    0.3580000000E+03     -0.6196383422E+01
    0.3590000000E+03     -0.5911529760E+01
    0.3600000000E+03     -0.5630964353E+01
    0.3610000000E+03     -0.5377090453E+01
    0.3620000000E+03     -0.5136861516E+01
    0.3630000000E+03     -0.4899535291E+01
    0.3640000000E+03     -0.4689304486E+01
    0.3650000000E+03     -0.4497718044E+01
    0.3660000000E+03     -0.4318228068E+01
    0.3670000000E+03     -0.4157856415E+01
    0.3680000000E+03     -0.4019388183E+01
    0.3690000000E+03     -0.3893072577E+01
    0.3700000000E+03     -0.3785835420E+01
    0.3710000000E+03     -0.3699210761E+01
    0.3720000000E+03     -0.3634940499E+01
    0.3730000000E+03     -0.3589625172E+01
    0.3740000000E+03     -0.3556077555E+01
    0.3750000000E+03     -0.3552273225E+01
    0.3760000000E+03     -0.3562097744E+01
    0.3770000000E+03     -0.3604249470E+01
    0.3780000000E+03     -0.3664864866E+01
    0.3790000000E+03     -0.3742985910E+01
    0.3800000000E+03     -0.3839495591E+01
    0.3810000000E+03     -0.3967734984E+01
    0.3820000000E+03     -0.4105806969E+01
    0.3830000000E+03     -0.4277869221E+01
    0.3840000000E+03     -0.4469797045E+01
    0.3850000000E+03     -0.4694710511E+01
    0.3860000000E+03     -0.4933981984E+01
    0.3870000000E+03     -0.5200144447E+01
    0.3880000000E+03     -0.5489797793E+01
    0.3890000000E+03     -0.5805047303E+01
    0.3900000000E+03     -0.6155990701E+01
    0.3910000000E+03     -0.6532797622E+01
    0.3920000000E+03     -0.6935129629E+01
    0.3930000000E+03     -0.7376456969E+01
    0.3940000000E+03     -0.7825861090E+01
    0.3950000000E+03     -0.8311945470E+01
    0.3960000000E+03     -0.8841130790E+01
    0.3970000000E+03     -0.9391741351E+01
    0.3980000000E+03     -0.9964723358E+01
    0.3990000000E+03     -0.1056758830E+02
    0.4000000000E+03     -0.1120872178E+02
    0.4010000000E+03     -0.1187054769E+02
    0.4020000000E+03     -0.1257671182E+02
    0.4030000000E+03     -0.1331186709E+02
    0.4040000000E+03     -0.1407879385E+02
    0.4050000000E+03     -0.1488796545E+02
    0.4060000000E+03     -0.1572877163E+02
    0.4070000000E+03     -0.1661019263E+02
    0.4080000000E+03     -0.1752376754E+02
    0.4090000000E+03     -0.1846611868E+02
    0.4100000000E+03     -0.1945435383E+02
    0.4110000000E+03     -0.2047641208E+02
    0.4120000000E+03     -0.2153163645E+02
    0.4130000000E+03     -0.2261527031E+02
    0.4140000000E+03     -0.2374841647E+02
    0.4150000000E+03     -0.2491184644E+02
    0.4160000000E+03     -0.2611073601E+02
    0.4170000000E+03     -0.2736879257E+02
    0.4180000000E+03     -0.2865107099E+02
    0.4190000000E+03     -0.2998863734E+02
    0.4200000000E+03     -0.3135635905E+02
    0.4210000000E+03     -0.3277496009E+02
    0.4220000000E+03     -0.3422957167E+02
    0.4230000000E+03     -0.3574267452E+02
    0.4240000000E+03     -0.3728048631E+02
    0.4250000000E+03     -0.3887583854E+02
    0.4260000000E+03     -0.4052017073E+02
    0.4270000000E+03     -0.4221090087E+02
    0.4280000000E+03     -0.4395497202E+02
    0.4290000000E+03     -0.4574183245E+02
    0.4300000000E+03     -0.4755565287E+02
    0.4310000000E+03     -0.4944362422E+02
    0.4320000000E+03     -0.5136742845E+02
    0.4330000000E+03     -0.5334317190E+02
    0.4340000000E+03     -0.5537623157E+02
    0.4350000000E+03     -0.5744457524E+02
    0.4360000000E+03     -0.5957832916E+02
    0.4370000000E+03     -0.6174866485E+02
    0.4380000000E+03     -0.6395963274E+02
    0.4390000000E+03     -0.6624196929E+02
    0.4400000000E+03     -0.6859984723E+02
    0.4410000000E+03     -0.7098599717E+02
    0.4420000000E+03     -0.7342011865E+02
    0.4430000000E+03     -0.7593221107E+02
    0.4440000000E+03     -0.7849432367E+02
    0.4450000000E+03     -0.8112737635E+02
    0.4460000000E+03     -0.8379849155E+02
    0.4470000000E+03     -0.8650839083E+02
    0.4480000000E+03     -0.8929008223E+02
    0.4490000000E+03     -0.9212526306E+02
    0.4500000000E+03     -0.9508026276E+02
    0.4510000000E+03     -0.9802966834E+02
    0.4520000000E+03     -0.1010682859E+03
    0.4530000000E+03     -0.1041704297E+03
    0.4540000000E+03     -0.1073280253E+03
    0.4550000000E+03     -0.1105404155E+03
    0.4560000000E+03     -0.1138268477E+03
    0.4570000000E+03     -0.1171730404E+03
    0.4580000000E+03     -0.1205728337E+03
    0.4590000000E+03     -0.1240305299E+03
    0.4600000000E+03     -0.1275814346E+03
    0.4610000000E+03     -0.1312092658E+03
    0.4620000000E+03     -0.1348840017E+03
    0.4630000000E+03     -0.1386274376E+03
    0.4640000000E+03     -0.1424550821E+03
    0.4650000000E+03     -0.1463475615E+03
    0.4660000000E+03     -0.1503107914E+03
    0.4670000000E+03     -0.1543629284E+03
    0.4680000000E+03     -0.1584894918E+03
    0.4690000000E+03     -0.1626644431E+03
    0.4700000000E+03     -0.1669226403E+03
    0.4710000000E+03     -0.1712446445E+03
    0.4720000000E+03     -0.1756690197E+03
    0.4730000000E+03     -0.1801408792E+03
    0.4740000000E+03     -0.1846799022E+03
    0.4750000000E+03     -0.1893208966E+03
    0.4760000000E+03     -0.1940495713E+03
    0.4770000000E+03     -0.1988524989E+03
    0.4780000000E+03     -0.2037173412E+03
    0.4790000000E+03     -0.2086625654E+03
    0.4800000000E+03     -0.2137132495E+03
    0.4810000000E+03     -0.2188404551E+03
    0.4820000000E+03     -0.2240319803E+03
    0.4830000000E+03     -0.2293280622E+03
    0.4840000000E+03     -0.2346904271E+03
    0.4850000000E+03     -0.2401926444E+03
