    0.0000000000E+00     -0.2949309323E+02
    0.1000000000E+01     -0.2639276318E+02
    0.2000000000E+01     -0.2397020040E+02
    0.3000000000E+01     -0.2193743060E+02
    0.4000000000E+01     -0.2017659508E+02
    0.5000000000E+01     -0.1862316721E+02
    0.6000000000E+01     -0.1723628890E+02
    0.7000000000E+01     -0.1598812460E+02
    0.8000000000E+01     -0.1485818612E+02
    0.9000000000E+01     -0.1383050364E+02
    0.1000000000E+02     -0.1289258635E+02
    0.1100000000E+02     -0.1203451133E+02
    0.1200000000E+02     -0.1124817145E+02
    0.1300000000E+02     -0.1052662778E+02
    0.1400000000E+02     -0.9864165730E+01
    0.1500000000E+02     -0.9255273590E+01
    0.1600000000E+02     -0.8695451926E+01
    0.1700000000E+02     -0.8181110038E+01
    0.1800000000E+02     -0.7708888546E+01
    0.1900000000E+02     -0.7275800126E+01
    0.2000000000E+02     -0.6878896971E+01
    0.2100000000E+02     -0.6515572390E+01
    0.2200000000E+02     -0.6183866703E+01
    0.2300000000E+02     -0.5881655897E+01
    0.2400000000E+02     -0.5607098666E+01
    0.2500000000E+02     -0.5358329683E+01
    0.2600000000E+02     -0.5134040685E+01
    0.2700000000E+02     -0.4932528649E+01
    0.2800000000E+02     -0.4752634323E+01
    0.2900000000E+02     -0.4593188145E+01
    0.3000000000E+02     -0.4453014890E+01
    0.3100000000E+02     -0.4331013364E+01
    0.3200000000E+02     -0.4225890740E+01
    0.3300000000E+02     -0.4136992322E+01
    0.3400000000E+02     -0.4063317466E+01
    0.3500000000E+02     -0.4004125049E+01
    0.3600000000E+02     -0.3958642892E+01
    0.3700000000E+02     -0.3926097686E+01
    0.3800000000E+02     -0.3906007286E+01
    0.3900000000E+02     -0.3897425173E+01
    0.4000000000E+02     -0.3900114477E+01
    0.4100000000E+02     -0.3913118663E+01
    0.4200000000E+02     -0.3935903852E+01
    0.4300000000E+02     -0.3968159563E+01
    0.4400000000E+02     -0.4009425351E+01
    0.4500000000E+02     -0.4058899056E+01
    0.4600000000E+02     -0.4116325570E+01
    0.4700000000E+02     -0.4181422368E+01
    0.4800000000E+02     -0.4253590362E+01
    0.4900000000E+02     -0.4332533677E+01
    0.5000000000E+02     -0.4417997977E+01
    0.5100000000E+02     -0.4509457909E+01
    0.5200000000E+02     -0.4606611218E+01
    0.5300000000E+02     -0.4708946732E+01
    0.5400000000E+02     -0.4816052764E+01
    0.5500000000E+02     -0.4927991422E+01
    0.5600000000E+02     -0.5044350777E+01
    0.5700000000E+02     -0.5165040588E+01
    0.5800000000E+02     -0.5289621868E+01
    0.5900000000E+02     -0.5417963306E+01
    0.6000000000E+02     -0.5549501878E+01
    0.6100000000E+02     -0.5684192463E+01
    0.6200000000E+02     -0.5821735428E+01
    0.6300000000E+02     -0.5962121833E+01
    0.6400000000E+02     -0.6105297139E+01
    0.6500000000E+02     -0.6250281803E+01
    0.6600000000E+02     -0.6397714669E+01
    0.6700000000E+02     -0.6547450539E+01
    0.6800000000E+02     -0.6699032186E+01
    0.6900000000E+02     -0.6852241696E+01
    0.7000000000E+02     -0.7006715062E+01
    0.7100000000E+02     -0.7162607615E+01
    0.7200000000E+02     -0.7319419510E+01
    0.7300000000E+02     -0.7477811345E+01
    0.7400000000E+02     -0.7636504423E+01
    0.7500000000E+02     -0.7796014143E+01
    0.7600000000E+02     -0.7956153885E+01
    0.7700000000E+02     -0.8117067414E+01
    0.7800000000E+02     -0.8278226514E+01
    0.7900000000E+02     -0.8439902923E+01
    0.8000000000E+02     -0.8601617181E+01
    0.8100000000E+02     -0.8763309623E+01
    0.8200000000E+02     -0.8925294069E+01
    0.8300000000E+02     -0.9087134391E+01
    0.8400000000E+02     -0.9248877616E+01
    0.8500000000E+02     -0.9410227094E+01
    0.8600000000E+02     -0.9571296906E+01
    0.8700000000E+02     -0.9731882312E+01
    0.8800000000E+02     -0.9891795973E+01
    0.8900000000E+02     -0.1005100237E+02
    0.9000000000E+02     -0.1020949201E+02
    0.9100000000E+02     -0.1036711119E+02
    0.9200000000E+02     -0.1052431159E+02
    0.9300000000E+02     -0.1068033861E+02
    0.9400000000E+02     -0.1083533006E+02
    0.9500000000E+02     -0.1098936641E+02
    0.9600000000E+02     -0.1114231223E+02
    0.9700000000E+02     -0.1129432982E+02
    0.9800000000E+02     -0.1144476241E+02
    0.9900000000E+02     -0.1159395391E+02
    0.1000000000E+03     -0.1174192727E+02
    0.1010000000E+03     -0.1188860220E+02
    0.1020000000E+03     -0.1203393132E+02
    0.1030000000E+03     -0.1217737348E+02
    0.1040000000E+03     -0.1231866367E+02
    0.1050000000E+03     -0.1245897438E+02
    0.1060000000E+03     -0.1259762050E+02
    0.1070000000E+03     -0.1273465665E+02
    0.1080000000E+03     -0.1287023713E+02
    0.1090000000E+03     -0.1300411125E+02
    0.1100000000E+03     -0.1313603296E+02
    0.1110000000E+03     -0.1326599446E+02
    0.1120000000E+03     -0.1339439186E+02
    0.1130000000E+03     -0.1352085695E+02
    0.1140000000E+03     -0.1364571151E+02
    0.1150000000E+03     -0.1376845828E+02
    0.1160000000E+03     -0.1388914225E+02
    0.1170000000E+03     -0.1400801478E+02
    0.1180000000E+03     -0.1412494491E+02
    0.1190000000E+03     -0.1423995857E+02
    0.1200000000E+03     -0.1435306524E+02
    0.1210000000E+03     -0.1446397953E+02
    0.1220000000E+03     -0.1457296376E+02
    0.1230000000E+03     -0.1467968219E+02
    0.1240000000E+03     -0.1478418821E+02
    0.1250000000E+03     -0.1488657492E+02
    0.1260000000E+03     -0.1498675185E+02
    0.1270000000E+03     -0.1508424234E+02
    0.1280000000E+03     -0.1518028724E+02
    0.1290000000E+03     -0.1527418602E+02
    0.1300000000E+03     -0.1536578453E+02
    0.1310000000E+03     -0.1545507271E+02
    0.1320000000E+03     -0.1554185922E+02
    0.1330000000E+03     -0.1562635232E+02
    0.1340000000E+03     -0.1570872356E+02
    0.1350000000E+03     -0.1578870447E+02
    0.1360000000E+03     -0.1586634304E+02
    0.1370000000E+03     -0.1594145252E+02
    0.1380000000E+03     -0.1601411899E+02
    0.1390000000E+03     -0.1608475306E+02
    0.1400000000E+03     -0.1615334746E+02
    0.1410000000E+03     -0.1621912005E+02
    0.1420000000E+03     -0.1628258607E+02
    0.1430000000E+03     -0.1634391144E+02
    0.1440000000E+03     -0.1640307817E+02
    0.1450000000E+03     -0.1645971713E+02
    0.1460000000E+03     -0.1651393245E+02
    0.1470000000E+03     -0.1656602595E+02
    0.1480000000E+03     -0.1661545603E+02
    0.1490000000E+03     -0.1666191028E+02
    0.1500000000E+03     -0.1670610158E+02
    0.1510000000E+03     -0.1674802648E+02
    0.1520000000E+03     -0.1678704738E+02
    0.1530000000E+03     -0.1682400500E+02
    0.1540000000E+03     -0.1685885840E+02
    0.1550000000E+03     -0.1689090550E+02
    0.1560000000E+03     -0.1692098165E+02
    0.1570000000E+03     -0.1694825250E+02
    0.1580000000E+03     -0.1697318131E+02
    0.1590000000E+03     -0.1699556977E+02
    0.1600000000E+03     -0.1701508392E+02
    0.1610000000E+03     -0.1703260995E+02
    0.1620000000E+03     -0.1704775353E+02
    0.1630000000E+03     -0.1706048216E+02
    0.1640000000E+03     -0.1707046463E+02
    0.1650000000E+03     -0.1707835855E+02
    0.1660000000E+03     -0.1708303281E+02
    0.1670000000E+03     -0.1708617678E+02
    0.1680000000E+03     -0.1708664694E+02
    0.1690000000E+03     -0.1708452466E+02
    0.1700000000E+03     -0.1708018705E+02
    0.1710000000E+03     -0.1707289896E+02
    0.1720000000E+03     -0.1706346861E+02
    0.1730000000E+03     -0.1705160901E+02
    0.1740000000E+03     -0.1703758661E+02
    0.1750000000E+03     -0.1702074871E+02
    0.1760000000E+03     -0.1700140683E+02
    0.1770000000E+03     -0.1698017059E+02
    0.1780000000E+03     -0.1695605277E+02
    0.1790000000E+03     -0.1692943214E+02
    0.1800000000E+03     -0.1690088563E+02
    0.1810000000E+03     -0.1686972254E+02
    0.1820000000E+03     -0.1683615398E+02
    0.1830000000E+03     -0.1680022889E+02
    0.1840000000E+03     -0.1676207471E+02
    0.1850000000E+03     -0.1672118604E+02
    0.1860000000E+03     -0.1667798811E+02
    0.1870000000E+03     -0.1663211436E+02
    0.1880000000E+03     -0.1658409686E+02
    0.1890000000E+03     -0.1653344733E+02
    0.1900000000E+03     -0.1648126561E+02
    0.1910000000E+03     -0.1642638816E+02
    0.1920000000E+03     -0.1636967398E+02
    0.1930000000E+03     -0.1631037016E+02
    0.1940000000E+03     -0.1624843564E+02
    0.1950000000E+03     -0.1618502184E+02
    0.1960000000E+03     -0.1611862429E+02
    0.1970000000E+03     -0.1605052950E+02
    0.1980000000E+03     -0.1598028776E+02
    0.1990000000E+03     -0.1590804395E+02
    0.2000000000E+03     -0.1583385471E+02
    0.2010000000E+03     -0.1575696180E+02
    0.2020000000E+03     -0.1567791889E+02
    0.2030000000E+03     -0.1559681342E+02
    0.2040000000E+03     -0.1551379613E+02
    0.2050000000E+03     -0.1542844633E+02
    0.2060000000E+03     -0.1534077702E+02
    0.2070000000E+03     -0.1525113987E+02
    0.2080000000E+03     -0.1515955894E+02
    0.2090000000E+03     -0.1506603532E+02
    0.2100000000E+03     -0.1497032546E+02
    0.2110000000E+03     -0.1487273031E+02
    0.2120000000E+03     -0.1477301275E+02
    0.2130000000E+03     -0.1467154503E+02
    0.2140000000E+03     -0.1456803417E+02
    0.2150000000E+03     -0.1446300411E+02
    0.2160000000E+03     -0.1435643614E+02
    0.2170000000E+03     -0.1424774832E+02
    0.2180000000E+03     -0.1413707096E+02
    0.2190000000E+03     -0.1402451933E+02
    0.2200000000E+03     -0.1391059394E+02
    0.2210000000E+03     -0.1379480596E+02
    0.2220000000E+03     -0.1367676385E+02
    0.2230000000E+03     -0.1355797400E+02
    0.2240000000E+03     -0.1343749031E+02
    0.2250000000E+03     -0.1331566247E+02
    0.2260000000E+03     -0.1319202652E+02
    0.2270000000E+03     -0.1306668034E+02
    0.2280000000E+03     -0.1293993470E+02
    0.2290000000E+03     -0.1281195095E+02
    0.2300000000E+03     -0.1268256435E+02
    0.2310000000E+03     -0.1255199972E+02
    0.2320000000E+03     -0.1242020831E+02
    0.2330000000E+03     -0.1228747610E+02
    0.2340000000E+03     -0.1215305481E+02
    0.2350000000E+03     -0.1201735811E+02
    0.2360000000E+03     -0.1188079093E+02
    0.2370000000E+03     -0.1174293094E+02
    0.2380000000E+03     -0.1160481976E+02
    0.2390000000E+03     -0.1146536248E+02
    0.2400000000E+03     -0.1132507067E+02
    0.2410000000E+03     -0.1118386709E+02
    0.2420000000E+03     -0.1104139799E+02
    0.2430000000E+03     -0.1089933431E+02
    0.2440000000E+03     -0.1075605345E+02
    0.2450000000E+03     -0.1061111272E+02
    0.2460000000E+03     -0.1046577430E+02
    0.2470000000E+03     -0.1032112188E+02
    0.2480000000E+03     -0.1017619039E+02
    0.2490000000E+03     -0.1003069366E+02
    0.2500000000E+03     -0.9884981289E+01
    0.2510000000E+03     -0.9738680916E+01
    0.2520000000E+03     -0.9592067260E+01
    0.2530000000E+03     -0.9446248492E+01
    0.2540000000E+03     -0.9299888335E+01
    0.2550000000E+03     -0.9154328967E+01
    0.2560000000E+03     -0.9008615819E+01
    0.2570000000E+03     -0.8862259298E+01
    0.2580000000E+03     -0.8717068107E+01
    0.2590000000E+03     -0.8570796403E+01
    0.2600000000E+03     -0.8425091421E+01
    0.2610000000E+03     -0.8281180002E+01
    0.2620000000E+03     -0.8137601176E+01
    0.2630000000E+03     -0.7994675379E+01
    0.2640000000E+03     -0.7853014274E+01
    0.2650000000E+03     -0.7711544499E+01
    0.2660000000E+03     -0.7572339999E+01
    0.2670000000E+03     -0.7433678498E+01
    0.2680000000E+03     -0.7296158663E+01
    0.2690000000E+03     -0.7159811193E+01
    0.2700000000E+03     -0.7025005575E+01
    0.2710000000E+03     -0.6892700551E+01
    0.2720000000E+03     -0.6761932850E+01
    0.2730000000E+03     -0.6631571414E+01
    0.2740000000E+03     -0.6503475134E+01
    0.2750000000E+03     -0.6376972562E+01
    0.2760000000E+03     -0.6252937921E+01
    0.2770000000E+03     -0.6132529448E+01
    0.2780000000E+03     -0.6013087404E+01
    0.2790000000E+03     -0.5895884290E+01
    0.2800000000E+03     -0.5782583670E+01
    0.2810000000E+03     -0.5671791334E+01
    0.2820000000E+03     -0.5562134823E+01
    0.2830000000E+03     -0.5457053982E+01
    0.2840000000E+03     -0.5354413296E+01
    0.2850000000E+03     -0.5255944517E+01
    0.2860000000E+03     -0.5160909562E+01
    0.2870000000E+03     -0.5068529398E+01
    0.2880000000E+03     -0.4979708526E+01
    0.2890000000E+03     -0.4894272660E+01
    0.2900000000E+03     -0.4812956251E+01
    0.2910000000E+03     -0.4735261241E+01
    0.2920000000E+03     -0.4661857229E+01
    0.2930000000E+03     -0.4593593938E+01
    0.2940000000E+03     -0.4528780982E+01
    0.2950000000E+03     -0.4467585968E+01
    0.2960000000E+03     -0.4413924684E+01
    0.2970000000E+03     -0.4363509766E+01
    0.2980000000E+03     -0.4318353110E+01
    0.2990000000E+03     -0.4276941593E+01
    0.3000000000E+03     -0.4243090329E+01
    0.3010000000E+03     -0.4214752436E+01
    0.3020000000E+03     -0.4191054227E+01
    0.3030000000E+03     -0.4173008923E+01
    0.3040000000E+03     -0.4161584979E+01
    0.3050000000E+03     -0.4156018206E+01
    0.3060000000E+03     -0.4158204029E+01
    0.3070000000E+03     -0.4165444088E+01
    0.3080000000E+03     -0.4179356291E+01
    0.3090000000E+03     -0.4200055019E+01
    0.3100000000E+03     -0.4228068430E+01
    0.3110000000E+03     -0.4261992237E+01
    0.3120000000E+03     -0.4304771446E+01
    0.3130000000E+03     -0.4355031217E+01
    0.3140000000E+03     -0.4414332059E+01
    0.3150000000E+03     -0.4479195385E+01
    0.3160000000E+03     -0.4551482947E+01
    0.3170000000E+03     -0.4633604500E+01
    0.3180000000E+03     -0.4726971661E+01
    0.3190000000E+03     -0.4826610483E+01
    0.3200000000E+03     -0.4934437314E+01
    0.3210000000E+03     -0.5053697806E+01
    0.3220000000E+03     -0.5182342870E+01
    0.3230000000E+03     -0.5319192514E+01
    0.3240000000E+03     -0.5466276275E+01
    0.3250000000E+03     -0.5625125338E+01
    0.3260000000E+03     -0.5792954973E+01
    0.3270000000E+03     -0.5971749836E+01
    0.3280000000E+03     -0.6162312444E+01
    0.3290000000E+03     -0.6362340150E+01
    0.3300000000E+03     -0.6574371516E+01
    0.3310000000E+03     -0.6797033908E+01
    0.3320000000E+03     -0.7031105463E+01
    0.3330000000E+03     -0.7277555054E+01
    0.3340000000E+03     -0.7539245315E+01
    0.3350000000E+03     -0.7811038504E+01
    0.3360000000E+03     -0.8093033922E+01
    0.3370000000E+03     -0.8389503732E+01
    0.3380000000E+03     -0.8699690060E+01
    0.3390000000E+03     -0.9022209245E+01
    0.3400000000E+03     -0.9358060440E+01
    0.3410000000E+03     -0.9708656989E+01
    0.3420000000E+03     -0.1007047787E+02
    0.3430000000E+03     -0.1044671759E+02
    0.3440000000E+03     -0.1083776656E+02
    0.3450000000E+03     -0.1124596104E+02
    0.3460000000E+03     -0.1166974512E+02
    0.3470000000E+03     -0.1210878793E+02
    0.3480000000E+03     -0.1256338338E+02
    0.3490000000E+03     -0.1302927474E+02
    0.3500000000E+03     -0.1351260064E+02
    0.3510000000E+03     -0.1401522718E+02
    0.3520000000E+03     -0.1453249155E+02
    0.3530000000E+03     -0.1506778692E+02
    0.3540000000E+03     -0.1562235909E+02
    0.3550000000E+03     -0.1619385665E+02
    0.3560000000E+03     -0.1678286218E+02
    0.3570000000E+03     -0.1738801413E+02
    0.3580000000E+03     -0.1801625556E+02
    0.3590000000E+03     -0.1865813774E+02
    0.3600000000E+03     -0.1931987274E+02
    0.3610000000E+03     -0.2000209791E+02
    0.3620000000E+03     -0.2070517868E+02
    0.3630000000E+03     -0.2142948640E+02
    0.3640000000E+03     -0.2216897679E+02
    0.3650000000E+03     -0.2292808540E+02
    0.3660000000E+03     -0.2370782156E+02
    0.3670000000E+03     -0.2450985541E+02
    0.3680000000E+03     -0.2533868249E+02
    0.3690000000E+03     -0.2618824830E+02
    0.3700000000E+03     -0.2705832227E+02
    0.3710000000E+03     -0.2795490929E+02
    0.3720000000E+03     -0.2887354180E+02
    0.3730000000E+03     -0.2981142846E+02
    0.3740000000E+03     -0.3077446875E+02
    0.3750000000E+03     -0.3175983331E+02
    0.3760000000E+03     -0.3276766548E+02
    0.3770000000E+03     -0.3380391244E+02
    0.3780000000E+03     -0.3485708449E+02
    0.3790000000E+03     -0.3594468675E+02
    0.3800000000E+03     -0.3705364857E+02
    0.3810000000E+03     -0.3818511449E+02
    0.3820000000E+03     -0.3934299015E+02
    0.3830000000E+03     -0.4053320580E+02
    0.3840000000E+03     -0.4174865346E+02
    0.3850000000E+03     -0.4298898732E+02
    0.3860000000E+03     -0.4426182693E+02
    0.3870000000E+03     -0.4556062484E+02
    0.3880000000E+03     -0.4688761663E+02
    0.3890000000E+03     -0.4823977882E+02
    0.3900000000E+03     -0.4962463922E+02
    0.3910000000E+03     -0.5104022354E+02
    0.3920000000E+03     -0.5248699523E+02
    0.3930000000E+03     -0.5395050229E+02
    0.3940000000E+03     -0.5545454140E+02
    0.3950000000E+03     -0.5698957421E+02
    0.3960000000E+03     -0.5855616881E+02
    0.3970000000E+03     -0.6015804066E+02
    0.3980000000E+03     -0.6178299644E+02
    0.3990000000E+03     -0.6343881728E+02
    0.4000000000E+03     -0.6513350579E+02
    0.4010000000E+03     -0.6686264935E+02
    0.4020000000E+03     -0.6862279782E+02
    0.4030000000E+03     -0.7042468336E+02
    0.4040000000E+03     -0.7225444934E+02
    0.4050000000E+03     -0.7412850050E+02
    0.4060000000E+03     -0.7601850114E+02
    0.4070000000E+03     -0.7795667527E+02
    0.4080000000E+03     -0.7992452512E+02
    0.4090000000E+03     -0.8195255635E+02
    0.4100000000E+03     -0.8399555855E+02
    0.4110000000E+03     -0.8608169262E+02
    0.4120000000E+03     -0.8821229540E+02
    0.4130000000E+03     -0.9037712937E+02
    0.4140000000E+03     -0.9256900280E+02
    0.4150000000E+03     -0.9482032239E+02
    0.4160000000E+03     -0.9710289061E+02
    0.4170000000E+03     -0.9942471218E+02
    0.4180000000E+03     -0.1017872331E+03
    0.4190000000E+03     -0.1041997290E+03
    0.4200000000E+03     -0.1066442168E+03
    0.4210000000E+03     -0.1091254900E+03
    0.4220000000E+03     -0.1116466917E+03
    0.4230000000E+03     -0.1142093240E+03
    0.4240000000E+03     -0.1168278003E+03
    0.4250000000E+03     -0.1194935087E+03
    0.4260000000E+03     -0.1222069727E+03
    0.4270000000E+03     -0.1249680584E+03
    0.4280000000E+03     -0.1277574542E+03
    0.4290000000E+03     -0.1306082848E+03
    0.4300000000E+03     -0.1335032408E+03
    0.4310000000E+03     -0.1364359132E+03
    0.4320000000E+03     -0.1394214949E+03
    0.4330000000E+03     -0.1424651993E+03
    0.4340000000E+03     -0.1455546412E+03
    0.4350000000E+03     -0.1486729823E+03
    0.4360000000E+03     -0.1518466614E+03
    0.4370000000E+03     -0.1550751954E+03
    0.4380000000E+03     -0.1583403486E+03
    0.4390000000E+03     -0.1616660116E+03
    0.4400000000E+03     -0.1650305267E+03
    0.4410000000E+03     -0.1684786241E+03
    0.4420000000E+03     -0.1719666012E+03
    0.4430000000E+03     -0.1754968350E+03
    0.4440000000E+03     -0.1790825264E+03
    0.4450000000E+03     -0.1827207194E+03
    0.4460000000E+03     -0.1864237439E+03
    0.4470000000E+03     -0.1901745358E+03
    0.4480000000E+03     -0.1939849843E+03
    0.4490000000E+03     -0.1978560295E+03
    0.4500000000E+03     -0.2017887309E+03
    0.4510000000E+03     -0.2057648082E+03
    0.4520000000E+03     -0.2097927614E+03
    0.4530000000E+03     -0.2139080808E+03
    0.4540000000E+03     -0.2180645462E+03
    0.4550000000E+03     -0.2222872833E+03
    0.4560000000E+03     -0.2265575515E+03
    0.4570000000E+03     -0.2308860036E+03
    0.4580000000E+03     -0.2353041865E+03
    0.4590000000E+03     -0.2397649095E+03
    0.4600000000E+03     -0.2442592699E+03
    0.4610000000E+03     -0.2488442639E+03
    0.4620000000E+03     -0.2535044493E+03
    0.4630000000E+03     -0.2582144912E+03
    0.4640000000E+03     -0.2629999093E+03
    0.4650000000E+03     -0.2678278967E+03
    0.4660000000E+03     -0.2727339856E+03
    0.4670000000E+03     -0.2777207638E+03
    0.4680000000E+03     -0.2827705923E+03
    0.4690000000E+03     -0.2878686325E+03
    0.4700000000E+03     -0.2930563985E+03
    0.4710000000E+03     -0.2982986593E+03
    0.4720000000E+03     -0.3036289507E+03
    0.4730000000E+03     -0.3090256373E+03
    0.4740000000E+03     -0.3144818223E+03
    0.4750000000E+03     -0.3200367079E+03
    0.4760000000E+03     -0.3256310498E+03
    0.4770000000E+03     -0.3312943105E+03
    0.4780000000E+03     -0.3370684887E+03
    0.4790000000E+03     -0.3428910359E+03
    0.4800000000E+03     -0.3487796580E+03
    0.4810000000E+03     -0.3547417539E+03
    0.4820000000E+03     -0.3607721496E+03
    0.4830000000E+03     -0.3668852827E+03
    0.4840000000E+03     -0.3730763182E+03
    0.4850000000E+03     -0.3793705935E+03
