    0.0000000000E+00     -0.1014402403E+02
    0.1000000000E+01     -0.8011864684E+01
    0.2000000000E+01     -0.6550459260E+01
    0.3000000000E+01     -0.5472198434E+01
    0.4000000000E+01     -0.4659088482E+01
    0.5000000000E+01     -0.4046543936E+01
    0.6000000000E+01     -0.3593998769E+01
    0.7000000000E+01     -0.3273353656E+01
    0.8000000000E+01     -0.3063911945E+01
    0.9000000000E+01     -0.2949891876E+01
    0.1000000000E+02     -0.2918858160E+01
    0.1100000000E+02     -0.2960871637E+01
    0.1200000000E+02     -0.3067728705E+01
    0.1300000000E+02     -0.3232482879E+01
    0.1400000000E+02     -0.3449177015E+01
    0.1500000000E+02     -0.3712707301E+01
    0.1600000000E+02     -0.4018481532E+01
    0.1700000000E+02     -0.4362766770E+01
    0.1800000000E+02     -0.4742288650E+01
    0.1900000000E+02     -0.5153831732E+01
    0.2000000000E+02     -0.5594482990E+01
    0.2100000000E+02     -0.6062014454E+01
    0.2200000000E+02     -0.6554310767E+01
    0.2300000000E+02     -0.7068918034E+01
    0.2400000000E+02     -0.7604114302E+01
    0.2500000000E+02     -0.8158386711E+01
    0.2600000000E+02     -0.8729684527E+01
    0.2700000000E+02     -0.9317115848E+01
    0.2800000000E+02     -0.9919093648E+01
    0.2900000000E+02     -0.1053452576E+02
    0.3000000000E+02     -0.1116196505E+02
    0.3100000000E+02     -0.1180045691E+02
    0.3200000000E+02     -0.1244903609E+02
    0.3300000000E+02     -0.1310660212E+02
    0.3400000000E+02     -0.1377234789E+02
    0.3500000000E+02     -0.1444538803E+02
    0.3600000000E+02     -0.1512504154E+02
    0.3700000000E+02     -0.1581068074E+02
    0.3800000000E+02     -0.1650159118E+02
    0.3900000000E+02     -0.1719678938E+02
    0.4000000000E+02     -0.1789611636E+02
    0.4100000000E+02     -0.1859891356E+02
    0.4200000000E+02     -0.1930400609E+02
    0.4300000000E+02     -0.2001159400E+02
    0.4400000000E+02     -0.2072044736E+02
    0.4500000000E+02     -0.2143080274E+02
    0.4600000000E+02     -0.2214206205E+02
    0.4700000000E+02     -0.2285361624E+02
    0.4800000000E+02     -0.2356493964E+02
    0.4900000000E+02     -0.2427619406E+02
    0.5000000000E+02     -0.2498660840E+02
    0.5100000000E+02     -0.2569640805E+02
    0.5200000000E+02     -0.2640475666E+02
    0.5300000000E+02     -0.2711120215E+02
    0.5400000000E+02     -0.2781554335E+02
    0.5500000000E+02     -0.2851778889E+02
    0.5600000000E+02     -0.2921703906E+02
    0.5700000000E+02     -0.2991380797E+02
    0.5800000000E+02     -0.3060751983E+02
    0.5900000000E+02     -0.3129791607E+02
    0.6000000000E+02     -0.3198481780E+02
    0.6100000000E+02     -0.3266788550E+02
    0.6200000000E+02     -0.3334646730E+02
    0.6300000000E+02     -0.3402136339E+02
    0.6400000000E+02     -0.3469159400E+02
    0.6500000000E+02     -0.3535724171E+02
    0.6600000000E+02     -0.3601819715E+02
    0.6700000000E+02     -0.3667459045E+02
    0.6800000000E+02     -0.3732612934E+02
    0.6900000000E+02     -0.3797227086E+02
    0.7000000000E+02     -0.3861275010E+02
    0.7100000000E+02     -0.3924824342E+02
    0.7200000000E+02     -0.3987786266E+02
    0.7300000000E+02     -0.4050206825E+02
    0.7400000000E+02     -0.4112078544E+02
    0.7500000000E+02     -0.4173397274E+02
    0.7600000000E+02     -0.4234139043E+02
    0.7700000000E+02     -0.4294237135E+02
    0.7800000000E+02     -0.4353863005E+02
    0.7900000000E+02     -0.4412826585E+02
    0.8000000000E+02     -0.4471196894E+02
    0.8100000000E+02     -0.4528929373E+02
    0.8200000000E+02     -0.4586069358E+02
    0.8300000000E+02     -0.4642569311E+02
    0.8400000000E+02     -0.4698443457E+02
    0.8500000000E+02     -0.4753759639E+02
    0.8600000000E+02     -0.4808425270E+02
    0.8700000000E+02     -0.4862548024E+02
    0.8800000000E+02     -0.4916059158E+02
    0.8900000000E+02     -0.4968853846E+02
    0.9000000000E+02     -0.5021059993E+02
    0.9100000000E+02     -0.5072703305E+02
    0.9200000000E+02     -0.5123685497E+02
    0.9300000000E+02     -0.5174080047E+02
    0.9400000000E+02     -0.5223843557E+02
    0.9500000000E+02     -0.5272961687E+02
    0.9600000000E+02     -0.5321473690E+02
    0.9700000000E+02     -0.5369362513E+02
    0.9800000000E+02     -0.5416679427E+02
    0.9900000000E+02     -0.5463406008E+02
    0.1000000000E+03     -0.5509500663E+02
    0.1010000000E+03     -0.5554943009E+02
    0.1020000000E+03     -0.5599904942E+02
    0.1030000000E+03     -0.5644162947E+02
    0.1040000000E+03     -0.5687826585E+02
    0.1050000000E+03     -0.5730816206E+02
    0.1060000000E+03     -0.5773300399E+02
    0.1070000000E+03     -0.5815121461E+02
    0.1080000000E+03     -0.5856346839E+02
    0.1090000000E+03     -0.5897085036E+02
    0.1100000000E+03     -0.5937142006E+02
    0.1110000000E+03     -0.5976611813E+02
    0.1120000000E+03     -0.6015512355E+02
    0.1130000000E+03     -0.6053765510E+02
    0.1140000000E+03     -0.6091382571E+02
    0.1150000000E+03     -0.6128484716E+02
    0.1160000000E+03     -0.6164900182E+02
    0.1170000000E+03     -0.6200764301E+02
    0.1180000000E+03     -0.6236077396E+02
    0.1190000000E+03     -0.6270770701E+02
    0.1200000000E+03     -0.6304861315E+02
    0.1210000000E+03     -0.6338314991E+02
    0.1220000000E+03     -0.6371238700E+02
    0.1230000000E+03     -0.6403584690E+02
    0.1240000000E+03     -0.6435460269E+02
    0.1250000000E+03     -0.6466698030E+02
    0.1260000000E+03     -0.6497343044E+02
    0.1270000000E+03     -0.6527409440E+02
    0.1280000000E+03     -0.6556961855E+02
    0.1290000000E+03     -0.6585843758E+02
    0.1300000000E+03     -0.6614197081E+02
    0.1310000000E+03     -0.6641932477E+02
    0.1320000000E+03     -0.6669195245E+02
    0.1330000000E+03     -0.6695816752E+02
    0.1340000000E+03     -0.6721986376E+02
    0.1350000000E+03     -0.6747451010E+02
    0.1360000000E+03     -0.6772472845E+02
    0.1370000000E+03     -0.6796793310E+02
    0.1380000000E+03     -0.6820571149E+02
    0.1390000000E+03     -0.6843711050E+02
    0.1400000000E+03     -0.6866339165E+02
    0.1410000000E+03     -0.6888389957E+02
    0.1420000000E+03     -0.6909896006E+02
    0.1430000000E+03     -0.6930947256E+02
    0.1440000000E+03     -0.6951369410E+02
    0.1450000000E+03     -0.6971245475E+02
    0.1460000000E+03     -0.6990579070E+02
    0.1470000000E+03     -0.7009314428E+02
    0.1480000000E+03     -0.7027354589E+02
    0.1490000000E+03     -0.7045039974E+02
    0.1500000000E+03     -0.7062071592E+02
    0.1510000000E+03     -0.7078674409E+02
    0.1520000000E+03     -0.7095414870E+02
    0.1530000000E+03     -0.7110824421E+02
    0.1540000000E+03     -0.7125803123E+02
    0.1550000000E+03     -0.7140611567E+02
    0.1560000000E+03     -0.7154402109E+02
    0.1570000000E+03     -0.7167562450E+02
    0.1580000000E+03     -0.7180269307E+02
    0.1590000000E+03     -0.7192516421E+02
    0.1600000000E+03     -0.7204200105E+02
    0.1610000000E+03     -0.7215371306E+02
    0.1620000000E+03     -0.7226013170E+02
    0.1630000000E+03     -0.7236153789E+02
    0.1640000000E+03     -0.7245740270E+02
    0.1650000000E+03     -0.7254712612E+02
    0.1660000000E+03     -0.7263239071E+02
    0.1670000000E+03     -0.7271252995E+02
    0.1680000000E+03     -0.7278704826E+02
    0.1690000000E+03     -0.7285700768E+02
    0.1700000000E+03     -0.7292110420E+02
    0.1710000000E+03     -0.7297962057E+02
    0.1720000000E+03     -0.7303448034E+02
    0.1730000000E+03     -0.7308260369E+02
    0.1740000000E+03     -0.7312462606E+02
    0.1750000000E+03     -0.7316351128E+02
    0.1760000000E+03     -0.7319679998E+02
    0.1770000000E+03     -0.7322421933E+02
    0.1780000000E+03     -0.7324694845E+02
    0.1790000000E+03     -0.7326451777E+02
    0.1800000000E+03     -0.7327684556E+02
    0.1810000000E+03     -0.7328302799E+02
    0.1820000000E+03     -0.7328474042E+02
    0.1830000000E+03     -0.7328050424E+02
    0.1840000000E+03     -0.7327114074E+02
    0.1850000000E+03     -0.7325610685E+02
    0.1860000000E+03     -0.7323557945E+02
    0.1870000000E+03     -0.7320886216E+02
    0.1880000000E+03     -0.7317683523E+02
    0.1890000000E+03     -0.7313994003E+02
    0.1900000000E+03     -0.7309837045E+02
    0.1910000000E+03     -0.7305154084E+02
    0.1920000000E+03     -0.7299797614E+02
    0.1930000000E+03     -0.7293925282E+02
    0.1940000000E+03     -0.7287593795E+02
    0.1950000000E+03     -0.7280579363E+02
    0.1960000000E+03     -0.7273040261E+02
    0.1970000000E+03     -0.7264904318E+02
    0.1980000000E+03     -0.7256302475E+02
    0.1990000000E+03     -0.7247038627E+02
    0.2000000000E+03     -0.7237275904E+02
    0.2010000000E+03     -0.7227064442E+02
    0.2020000000E+03     -0.7216302718E+02
    0.2030000000E+03     -0.7204856594E+02
    0.2040000000E+03     -0.7192944434E+02
    0.2050000000E+03     -0.7180368030E+02
    0.2060000000E+03     -0.7167425009E+02
    0.2070000000E+03     -0.7153781897E+02
    0.2080000000E+03     -0.7139446096E+02
    0.2090000000E+03     -0.7124697190E+02
    0.2100000000E+03     -0.7109522812E+02
    0.2110000000E+03     -0.7093708684E+02
    0.2120000000E+03     -0.7077318563E+02
    0.2130000000E+03     -0.7060397497E+02
    0.2140000000E+03     -0.7042929111E+02
    0.2150000000E+03     -0.7025024028E+02
    0.2160000000E+03     -0.7006534153E+02
    0.2170000000E+03     -0.6987467169E+02
    0.2180000000E+03     -0.6967921033E+02
    0.2190000000E+03     -0.6947658075E+02
    0.2200000000E+03     -0.6927109935E+02
    0.2210000000E+03     -0.6906028086E+02
    0.2220000000E+03     -0.6884295042E+02
    0.2230000000E+03     -0.6862628587E+02
    0.2240000000E+03     -0.6839796061E+02
    0.2250000000E+03     -0.6816283302E+02
    0.2260000000E+03     -0.6792254956E+02
    0.2270000000E+03     -0.6767602256E+02
    0.2280000000E+03     -0.6742478445E+02
    0.2290000000E+03     -0.6716765158E+02
    0.2300000000E+03     -0.6690442151E+02
    0.2310000000E+03     -0.6663552792E+02
    0.2320000000E+03     -0.6636291299E+02
    0.2330000000E+03     -0.6608344653E+02
    0.2340000000E+03     -0.6579879703E+02
    0.2350000000E+03     -0.6550809487E+02
    0.2360000000E+03     -0.6521216798E+02
    0.2370000000E+03     -0.6490966562E+02
    0.2380000000E+03     -0.6460343373E+02
    0.2390000000E+03     -0.6428918561E+02
    0.2400000000E+03     -0.6396997056E+02
    0.2410000000E+03     -0.6364529179E+02
    0.2420000000E+03     -0.6331522966E+02
    0.2430000000E+03     -0.6298154217E+02
    0.2440000000E+03     -0.6263930780E+02
    0.2450000000E+03     -0.6229131445E+02
    0.2460000000E+03     -0.6193891747E+02
    0.2470000000E+03     -0.6157887033E+02
    0.2480000000E+03     -0.6121499597E+02
    0.2490000000E+03     -0.6084520166E+02
    0.2500000000E+03     -0.6047009462E+02
    0.2510000000E+03     -0.6008768624E+02
    0.2520000000E+03     -0.5970165097E+02
    0.2530000000E+03     -0.5930999392E+02
    0.2540000000E+03     -0.5891121511E+02
    0.2550000000E+03     -0.5850781212E+02
    0.2560000000E+03     -0.5809751509E+02
    0.2570000000E+03     -0.5768227115E+02
    0.2580000000E+03     -0.5726049786E+02
    0.2590000000E+03     -0.5683322557E+02
    0.2600000000E+03     -0.5639943842E+02
    0.2610000000E+03     -0.5595983290E+02
    0.2620000000E+03     -0.5551477213E+02
    0.2630000000E+03     -0.5506450142E+02
    0.2640000000E+03     -0.5460905711E+02
    0.2650000000E+03     -0.5414646352E+02
    0.2660000000E+03     -0.5367912309E+02
    0.2670000000E+03     -0.5320669861E+02
    0.2680000000E+03     -0.5272896638E+02
    0.2690000000E+03     -0.5224615238E+02
    0.2700000000E+03     -0.5175643487E+02
    0.2710000000E+03     -0.5126328949E+02
    0.2720000000E+03     -0.5076438645E+02
    0.2730000000E+03     -0.5025935021E+02
    0.2740000000E+03     -0.4974999618E+02
    0.2750000000E+03     -0.4923422101E+02
    0.2760000000E+03     -0.4871402105E+02
    0.2770000000E+03     -0.4818761917E+02
    0.2780000000E+03     -0.4765414447E+02
    0.2790000000E+03     -0.4711995900E+02
    0.2800000000E+03     -0.4657798377E+02
    0.2810000000E+03     -0.4602843893E+02
    0.2820000000E+03     -0.4547651666E+02
    0.2830000000E+03     -0.4492243653E+02
    0.2840000000E+03     -0.4436467706E+02
    0.2850000000E+03     -0.4380163774E+02
    0.2860000000E+03     -0.4323368614E+02
    0.2870000000E+03     -0.4266052765E+02
    0.2880000000E+03     -0.4208639487E+02
    0.2890000000E+03     -0.4150595354E+02
    0.2900000000E+03     -0.4092536335E+02
    0.2910000000E+03     -0.4034141272E+02
    0.2920000000E+03     -0.3975476778E+02
    0.2930000000E+03     -0.3916442506E+02
    0.2940000000E+03     -0.3857179731E+02
    0.2950000000E+03     -0.3798218446E+02
    0.2960000000E+03     -0.3738378206E+02
    0.2970000000E+03     -0.3678568366E+02
    0.2980000000E+03     -0.3618654060E+02
    0.2990000000E+03     -0.3558434266E+02
    0.3000000000E+03     -0.3498304249E+02
    0.3010000000E+03     -0.3437844469E+02
    0.3020000000E+03     -0.3377265635E+02
    0.3030000000E+03     -0.3316867846E+02
    0.3040000000E+03     -0.3256271604E+02
    0.3050000000E+03     -0.3195768274E+02
    0.3060000000E+03     -0.3135061455E+02
    0.3070000000E+03     -0.3074562585E+02
    0.3080000000E+03     -0.3014200917E+02
    0.3090000000E+03     -0.2953798417E+02
    0.3100000000E+03     -0.2893430853E+02
    0.3110000000E+03     -0.2833430950E+02
    0.3120000000E+03     -0.2773281060E+02
    0.3130000000E+03     -0.2713252730E+02
    0.3140000000E+03     -0.2653505739E+02
    0.3150000000E+03     -0.2593901401E+02
    0.3160000000E+03     -0.2534413833E+02
    0.3170000000E+03     -0.2475173104E+02
    0.3180000000E+03     -0.2416057995E+02
    0.3190000000E+03     -0.2357328557E+02
    0.3200000000E+03     -0.2298525070E+02
    0.3210000000E+03     -0.2240390664E+02
    0.3220000000E+03     -0.2182635211E+02
    0.3230000000E+03     -0.2125048481E+02
    0.3240000000E+03     -0.2068085738E+02
    0.3250000000E+03     -0.2011646143E+02
    0.3260000000E+03     -0.1955545791E+02
    0.3270000000E+03     -0.1899798057E+02
    0.3280000000E+03     -0.1845042910E+02
    0.3290000000E+03     -0.1790416277E+02
    0.3300000000E+03     -0.1736158644E+02
    0.3310000000E+03     -0.1682495447E+02
    0.3320000000E+03     -0.1629445271E+02
    0.3330000000E+03     -0.1577305931E+02
    0.3340000000E+03     -0.1525680108E+02
    0.3350000000E+03     -0.1474674792E+02
    0.3360000000E+03     -0.1424500345E+02
    0.3370000000E+03     -0.1374859407E+02
    0.3380000000E+03     -0.1326195995E+02
    0.3390000000E+03     -0.1278180871E+02
    0.3400000000E+03     -0.1231045891E+02
    0.3410000000E+03     -0.1184698331E+02
    0.3420000000E+03     -0.1139399227E+02
    0.3430000000E+03     -0.1095095229E+02
    0.3440000000E+03     -0.1051053577E+02
    0.3450000000E+03     -0.1008331500E+02
    0.3460000000E+03     -0.9671857924E+01
    0.3470000000E+03     -0.9268072259E+01
    0.3480000000E+03     -0.8872450666E+01
    0.3490000000E+03     -0.8488738584E+01
    0.3500000000E+03     -0.8119270412E+01
    0.3510000000E+03     -0.7761316634E+01
    0.3520000000E+03     -0.7419511635E+01
    0.3530000000E+03     -0.7085570059E+01
    0.3540000000E+03     -0.6765376222E+01
    0.3550000000E+03     -0.6451573573E+01
    0.3560000000E+03     -0.6159982338E+01
    0.3570000000E+03     -0.5879968608E+01
    0.3580000000E+03     -0.5611709369E+01
    0.3590000000E+03     -0.5362609179E+01
    0.3600000000E+03     -0.5127592849E+01
    0.3610000000E+03     -0.4906361481E+01
    0.3620000000E+03     -0.4700604548E+01
    0.3630000000E+03     -0.4506603810E+01
    0.3640000000E+03     -0.4330903584E+01
    0.3650000000E+03     -0.4169079720E+01
    0.3660000000E+03     -0.4031143215E+01
    0.3670000000E+03     -0.3905208964E+01
    0.3680000000E+03     -0.3811616019E+01
    0.3690000000E+03     -0.3724445593E+01
    0.3700000000E+03     -0.3653989482E+01
    0.3710000000E+03     -0.3607592367E+01
    0.3720000000E+03     -0.3580182409E+01
    0.3730000000E+03     -0.3568204084E+01
    0.3740000000E+03     -0.3581841021E+01
    0.3750000000E+03     -0.3609437577E+01
    0.3760000000E+03     -0.3662803955E+01
    0.3770000000E+03     -0.3742504158E+01
    0.3780000000E+03     -0.3832463264E+01
    0.3790000000E+03     -0.3945049551E+01
    0.3800000000E+03     -0.4085984353E+01
    0.3810000000E+03     -0.4250752849E+01
    0.3820000000E+03     -0.4443841797E+01
    0.3830000000E+03     -0.4644484345E+01
    0.3840000000E+03     -0.4873340930E+01
    0.3850000000E+03     -0.5132932055E+01
    0.3860000000E+03     -0.5417635376E+01
    0.3870000000E+03     -0.5720368504E+01
    0.3880000000E+03     -0.6058765092E+01
    0.3890000000E+03     -0.6417527562E+01
    0.3900000000E+03     -0.6802059272E+01
    0.3910000000E+03     -0.7213419719E+01
    0.3920000000E+03     -0.7657037606E+01
    0.3930000000E+03     -0.8117951642E+01
    0.3940000000E+03     -0.8620928493E+01
    0.3950000000E+03     -0.9151716465E+01
    0.3960000000E+03     -0.9709330973E+01
    0.3970000000E+03     -0.1029107491E+02
    0.3980000000E+03     -0.1091154439E+02
    0.3990000000E+03     -0.1155284071E+02
    0.4000000000E+03     -0.1223876655E+02
    0.4010000000E+03     -0.1294333872E+02
    0.4020000000E+03     -0.1368532237E+02
    0.4030000000E+03     -0.1446859800E+02
    0.4040000000E+03     -0.1527422529E+02
    0.4050000000E+03     -0.1612097973E+02
    0.4060000000E+03     -0.1700037900E+02
    0.4070000000E+03     -0.1792453120E+02
    0.4080000000E+03     -0.1886687229E+02
    0.4090000000E+03     -0.1985068891E+02
    0.4100000000E+03     -0.2087626277E+02
    0.4110000000E+03     -0.2193767487E+02
    0.4120000000E+03     -0.2303824891E+02
    0.4130000000E+03     -0.2417581754E+02
    0.4140000000E+03     -0.2534603449E+02
    0.4150000000E+03     -0.2655099180E+02
    0.4160000000E+03     -0.2781465337E+02
    0.4170000000E+03     -0.2910930920E+02
    0.4180000000E+03     -0.3043650446E+02
    0.4190000000E+03     -0.3181434107E+02
    0.4200000000E+03     -0.3322389778E+02
    0.4210000000E+03     -0.3467973441E+02
    0.4220000000E+03     -0.3616219934E+02
    0.4230000000E+03     -0.3769544972E+02
    0.4240000000E+03     -0.3928943908E+02
    0.4250000000E+03     -0.4092487075E+02
    0.4260000000E+03     -0.4260249375E+02
    0.4270000000E+03     -0.4431956074E+02
    0.4280000000E+03     -0.4608596852E+02
    0.4290000000E+03     -0.4789516758E+02
    0.4300000000E+03     -0.4975672694E+02
    0.4310000000E+03     -0.5167390604E+02
    0.4320000000E+03     -0.5364548315E+02
    0.4330000000E+03     -0.5566036334E+02
    0.4340000000E+03     -0.5772277343E+02
    0.4350000000E+03     -0.5982229791E+02
    0.4360000000E+03     -0.6199022973E+02
    0.4370000000E+03     -0.6419871714E+02
    0.4380000000E+03     -0.6646595400E+02
    0.4390000000E+03     -0.6879021722E+02
    0.4400000000E+03     -0.7116306907E+02
    0.4410000000E+03     -0.7359359348E+02
    0.4420000000E+03     -0.7607799893E+02
    0.4430000000E+03     -0.7861589248E+02
    0.4440000000E+03     -0.8122690475E+02
    0.4450000000E+03     -0.8387315720E+02
    0.4460000000E+03     -0.8658261373E+02
    0.4470000000E+03     -0.8935337542E+02
    0.4480000000E+03     -0.9216750022E+02
    0.4490000000E+03     -0.9504594301E+02
    0.4500000000E+03     -0.9799405392E+02
    0.4510000000E+03     -0.1009961317E+03
    0.4520000000E+03     -0.1040645813E+03
    0.4530000000E+03     -0.1071813204E+03
    0.4540000000E+03     -0.1103794963E+03
    0.4550000000E+03     -0.1136342130E+03
    0.4560000000E+03     -0.1169517455E+03
    0.4570000000E+03     -0.1203455938E+03
    0.4580000000E+03     -0.1237985168E+03
    0.4590000000E+03     -0.1273346728E+03
    0.4600000000E+03     -0.1309233601E+03
    0.4610000000E+03     -0.1345875356E+03
    0.4620000000E+03     -0.1382810175E+03
    0.4630000000E+03     -0.1420697729E+03
    0.4640000000E+03     -0.1459260436E+03
    0.4650000000E+03     -0.1498503219E+03
    0.4660000000E+03     -0.1538416174E+03
    0.4670000000E+03     -0.1579193481E+03
    0.4680000000E+03     -0.1620264439E+03
    0.4690000000E+03     -0.1662834446E+03
    0.4700000000E+03     -0.1705475390E+03
    0.4710000000E+03     -0.1749189905E+03
    0.4720000000E+03     -0.1793803081E+03
    0.4730000000E+03     -0.1838875008E+03
    0.4740000000E+03     -0.1884980743E+03
    0.4750000000E+03     -0.1931704877E+03
    0.4760000000E+03     -0.1979263648E+03
    0.4770000000E+03     -0.2027576130E+03
    0.4780000000E+03     -0.2076903922E+03
    0.4790000000E+03     -0.2126811480E+03
    0.4800000000E+03     -0.2177603340E+03
    0.4810000000E+03     -0.2229198277E+03
    0.4820000000E+03     -0.2281761125E+03
    0.4830000000E+03     -0.2334818034E+03
    0.4840000000E+03     -0.2389025190E+03
    0.4850000000E+03     -0.2443862622E+03
