    0.00000000E+00       2.564327035727813991E-10
    1.00000000E+00      -6.057397451173838045E-04
    2.00000000E+00      -3.517572232882140021E-02
    3.00000000E+00      -1.037284372046954339E-01
    4.00000000E+00      -2.062865578825187063E-01
    5.00000000E+00      -3.429428924545270818E-01
    6.00000000E+00      -5.133233744193500536E-01
    7.00000000E+00      -7.178801930268090548E-01
    8.00000000E+00      -9.564388466169971847E-01
    9.00000000E+00      -1.229203371288444258E+00
    1.00000000E+01      -1.536063505802415019E+00
    1.10000000E+01      -1.877141886860519859E+00
    1.20000000E+01      -2.252631610424584263E+00
    1.30000000E+01      -2.661744744680131447E+00
    1.40000000E+01      -3.104654748982223378E+00
    1.50000000E+01      -3.582522991313104477E+00
    1.60000000E+01      -4.094585486601183710E+00
    1.70000000E+01      -4.640625511904806544E+00
    1.80000000E+01      -5.220883399698783123E+00
    1.90000000E+01      -5.835842646392420008E+00
    2.00000000E+01      -6.484255697744496061E+00
    2.10000000E+01      -7.168139683115812844E+00
    2.20000000E+01      -7.884795183474359703E+00
    2.30000000E+01      -8.635936544007083882E+00
    2.40000000E+01      -9.422949728106917888E+00
    2.50000000E+01      -1.024340833512195559E+01
    2.60000000E+01      -1.109683231911188983E+01
    2.70000000E+01      -1.198602089420403161E+01
    2.80000000E+01      -1.290851227767755915E+01
    2.90000000E+01      -1.386661918373206248E+01
    3.00000000E+01      -1.485837881581364428E+01
    3.10000000E+01      -1.588419549814330622E+01
    3.20000000E+01      -1.694546333520855796E+01
    3.30000000E+01      -1.803993700942849898E+01
    3.40000000E+01      -1.916933147659385384E+01
    3.50000000E+01      -2.033054482743288816E+01
    3.60000000E+01      -2.152658683171893017E+01
    3.70000000E+01      -2.275636144158244178E+01
    3.80000000E+01      -2.402404131502348150E+01
    3.90000000E+01      -2.532626384081180504E+01
    4.00000000E+01      -2.665908900041196716E+01
    4.10000000E+01      -2.802920173081270150E+01
    4.20000000E+01      -2.942989248549997683E+01
    4.30000000E+01      -3.086694653455083426E+01
    4.40000000E+01      -3.233857354636796799E+01
    4.50000000E+01      -3.384427268815619527E+01
    4.60000000E+01      -3.538270290604413049E+01
    4.70000000E+01      -3.695336620021544149E+01
    4.80000000E+01      -3.855678215014393118E+01
    4.90000000E+01      -4.019548053707467261E+01
    5.00000000E+01      -4.187110186567019809E+01
    5.10000000E+01      -4.357801576880194716E+01
    5.20000000E+01      -4.531741870777489112E+01
    5.30000000E+01      -4.709013918721359460E+01
    5.40000000E+01      -4.889913321012090819E+01
    5.50000000E+01      -5.073522309876830150E+01
    5.60000000E+01      -5.261039614150752186E+01
    5.70000000E+01      -5.452513175609601603E+01
    5.80000000E+01      -5.646501499834471360E+01
    5.90000000E+01      -5.844398796320285783E+01
    6.00000000E+01      -6.044716444868572580E+01
    6.10000000E+01      -6.248566135227019913E+01
    6.20000000E+01      -6.456031704591782727E+01
    6.30000000E+01      -6.666817701825539189E+01
    6.40000000E+01      -6.880346868976016594E+01
    6.50000000E+01      -7.098070718040048632E+01
    6.60000000E+01      -7.318725791209931231E+01
    6.70000000E+01      -7.541955220632848977E+01
    6.80000000E+01      -7.769008540761933546E+01
    6.90000000E+01      -7.999340758855214517E+01
    7.00000000E+01      -8.232220584975306110E+01
    7.10000000E+01      -8.468182248348591656E+01
    7.20000000E+01      -8.707583140163973212E+01
    7.30000000E+01      -8.950116030823463120E+01
    7.40000000E+01      -9.195388428235906986E+01
    7.50000000E+01      -9.443803041036221657E+01
    7.60000000E+01      -9.695742826886937848E+01
    7.70000000E+01      -9.950050741782987984E+01
    7.80000000E+01      -1.020795551012630256E+02
    7.90000000E+01      -1.046900905085803970E+02
    8.00000000E+01      -1.073215578584151899E+02
    8.10000000E+01      -1.099825911633540727E+02
    8.20000000E+01      -1.126739781424178659E+02
    8.30000000E+01      -1.153972314762689848E+02
    8.40000000E+01      -1.181464225315470458E+02
    8.50000000E+01      -1.209230619605999664E+02
    8.60000000E+01      -1.237338128680287355E+02
    8.70000000E+01      -1.265804995420181740E+02
    8.80000000E+01      -1.294446431919776614E+02
    8.90000000E+01      -1.323296497626715791E+02
    9.00000000E+01      -1.352535350548430415E+02
    9.10000000E+01      -1.382018575348643026E+02
    9.20000000E+01      -1.411698543016989333E+02
    9.30000000E+01      -1.441649266619217542E+02
    9.40000000E+01      -1.471927094343811859E+02
    9.50000000E+01      -1.502278387053236202E+02
    9.60000000E+01      -1.533063319345944819E+02
    9.70000000E+01      -1.564139299458822734E+02
    9.80000000E+01      -1.595464141508584817E+02
    9.90000000E+01      -1.627031185913365334E+02
    1.00000000E+02      -1.658885176743717693E+02
    1.01000000E+02      -1.690869785610218514E+02
    1.02000000E+02      -1.723127623105056045E+02
    1.03000000E+02      -1.755548801334971358E+02
    1.04000000E+02      -1.788312752236729466E+02
    1.05000000E+02      -1.821246301966293686E+02
    1.06000000E+02      -1.854531778758309883E+02
    1.07000000E+02      -1.887968536066482557E+02
    1.08000000E+02      -1.921700552063684881E+02
    1.09000000E+02      -1.955738482069282327E+02
    1.10000000E+02      -1.990017063362784029E+02
    1.11000000E+02      -2.024407326240179827E+02
    1.12000000E+02      -2.059072659793641833E+02
    1.13000000E+02      -2.093884987641681619E+02
    1.14000000E+02      -2.128928275544908502E+02
    1.15000000E+02      -2.164211607748852657E+02
    1.16000000E+02      -2.199829269503975411E+02
    1.17000000E+02      -2.235647431597744799E+02
    1.18000000E+02      -2.271586966554291394E+02
    1.19000000E+02      -2.307740472317236708E+02
    1.20000000E+02      -2.344303225037419907E+02
    1.21000000E+02      -2.380784664918905946E+02
    1.22000000E+02      -2.417573938756600000E+02
    1.23000000E+02      -2.454639480673577054E+02
    1.24000000E+02      -2.491770842549453846E+02
    1.25000000E+02      -2.529238788587340423E+02
    1.26000000E+02      -2.566879689768979915E+02
    1.27000000E+02      -2.604563900713701514E+02
    1.28000000E+02      -2.642635232224197352E+02
    1.29000000E+02      -2.680882673278583752E+02
    1.30000000E+02      -2.719512530703159428E+02
    1.31000000E+02      -2.758010914378087364E+02
    1.32000000E+02      -2.796781132501937464E+02
    1.33000000E+02      -2.835841205260126117E+02
    1.34000000E+02      -2.875126023147199703E+02
    1.35000000E+02      -2.914559827434213730E+02
    1.36000000E+02      -2.954183556275911542E+02
    1.37000000E+02      -2.993907288447285282E+02
    1.38000000E+02      -3.033834190786283216E+02
    1.39000000E+02      -3.073952990703878640E+02
    1.40000000E+02      -3.114257168575836658E+02
    1.41000000E+02      -3.154637971287402252E+02
    1.42000000E+02      -3.195292800852257642E+02
    1.43000000E+02      -3.236061356378572782E+02
    1.44000000E+02      -3.277164138765938333E+02
    1.45000000E+02      -3.318385500884573958E+02
    1.46000000E+02      -3.359665772201833533E+02
    1.47000000E+02      -3.401288471861194012E+02
    1.48000000E+02      -3.443064585369702399E+02
    1.49000000E+02      -3.484877797380318043E+02
    1.50000000E+02      -3.526982219531291776E+02
    1.51000000E+02      -3.569151188504051788E+02
    1.52000000E+02      -3.611697095693662050E+02
    1.53000000E+02      -3.654203482828515916E+02
    1.54000000E+02      -3.697063818125016041E+02
    1.55000000E+02      -3.739851448864142185E+02
    1.56000000E+02      -3.782756652255266090E+02
    1.57000000E+02      -3.826045560060197204E+02
    1.58000000E+02      -3.869402669933301695E+02
    1.59000000E+02      -3.912877657667468156E+02
    1.60000000E+02      -3.956538634519456537E+02
    1.61000000E+02      -4.000376657610436268E+02
    1.62000000E+02      -4.044448963562322206E+02
    1.63000000E+02      -4.088672365495367558E+02
    1.64000000E+02      -4.133164644189214414E+02
    1.65000000E+02      -4.177729487122510363E+02
    1.66000000E+02      -4.222563078641096581E+02
    1.67000000E+02      -4.267568764127058785E+02
    1.68000000E+02      -4.312542388911515445E+02
    1.69000000E+02      -4.357859857186663248E+02
    1.70000000E+02      -4.403286641303880060E+02
    1.71000000E+02      -4.448827779695952813E+02
    1.72000000E+02      -4.494358152803392841E+02
    1.73000000E+02      -4.540403160926302917E+02
    1.74000000E+02      -4.587613077541082021E+02
    1.75000000E+02      -4.633729752065351022E+02
    1.76000000E+02      -4.680087815491629044E+02
    1.77000000E+02      -4.727226506396268633E+02
    1.78000000E+02      -4.773972717509946051E+02
    1.79000000E+02      -4.820959003803359337E+02
    1.80000000E+02      -4.867867951837502005E+02
    1.81000000E+02      -4.915362495897129520E+02
    1.82000000E+02      -4.962828176761386203E+02
    1.83000000E+02      -5.010481428725302067E+02
    1.84000000E+02      -5.058366938215331174E+02
    1.85000000E+02      -5.106346542915730424E+02
    1.86000000E+02      -5.154413147783402565E+02
    1.87000000E+02      -5.202418864361961823E+02
    1.88000000E+02      -5.250922907334447700E+02
    1.89000000E+02      -5.299601359647344907E+02
    1.90000000E+02      -5.348422632801516556E+02
    1.91000000E+02      -5.397523287456160688E+02
    1.92000000E+02      -5.446743776478474501E+02
    1.93000000E+02      -5.496066873206809760E+02
    1.94000000E+02      -5.545691927024176948E+02
    1.95000000E+02      -5.595580271648650523E+02
    1.96000000E+02      -5.645518675180960599E+02
    1.97000000E+02      -5.695599181166903691E+02
    1.98000000E+02      -5.746033238490122130E+02
    1.99000000E+02      -5.796469308134701350E+02
    2.00000000E+02      -5.847140227457889523E+02
    2.01000000E+02      -5.898146216200723302E+02
    2.02000000E+02      -5.949158901986515957E+02
    2.03000000E+02      -6.000475464284400005E+02
    2.04000000E+02      -6.051917498311804593E+02
    2.05000000E+02      -6.103594996215347237E+02
    2.06000000E+02      -6.155526271033711510E+02
    2.07000000E+02      -6.207632542412904968E+02
    2.08000000E+02      -6.259875689148907441E+02
    2.09000000E+02      -6.312385846213328477E+02
    2.10000000E+02      -6.365107586176036421E+02
    2.11000000E+02      -6.418144350497609594E+02
    2.12000000E+02      -6.471302336341909722E+02
    2.13000000E+02      -6.524443531703282133E+02
    2.14000000E+02      -6.578143255354580106E+02
    2.15000000E+02      -6.632094043657762086E+02
    2.16000000E+02      -6.686101964727981795E+02
    2.17000000E+02      -6.740301018151817516E+02
    2.18000000E+02      -6.794702109464769819E+02
    2.19000000E+02      -6.849268613866202031E+02
    2.20000000E+02      -6.904040379542589108E+02
    2.21000000E+02      -6.959207570930034308E+02
    2.22000000E+02      -7.014618698417571068E+02
    2.23000000E+02      -7.070188373699638760E+02
    2.24000000E+02      -7.125930225467777746E+02
    2.25000000E+02      -7.182059761928289845E+02
    2.26000000E+02      -7.238367082412851232E+02
    2.27000000E+02      -7.294992439090010521E+02
    2.28000000E+02      -7.351703148955166398E+02
    2.29000000E+02      -7.408712555290530872E+02
    2.30000000E+02      -7.465964431141801469E+02
    2.31000000E+02      -7.523597426731107589E+02
    2.32000000E+02      -7.581324302514099145E+02
    2.33000000E+02      -7.639302548804334947E+02
    2.34000000E+02      -7.697603917674127842E+02
    2.35000000E+02      -7.756196159654091389E+02
    2.36000000E+02      -7.814981275938316685E+02
    2.37000000E+02      -7.874036224461656275E+02
    2.38000000E+02      -7.933453654459995050E+02
    2.39000000E+02      -7.993283836410341792E+02
    2.40000000E+02      -8.053111089289131996E+02
    2.41000000E+02      -8.113313084007577345E+02
    2.42000000E+02      -8.173714673242011486E+02
    2.43000000E+02      -8.234460160699823064E+02
    2.44000000E+02      -8.295368788564719580E+02
    2.45000000E+02      -8.356766790195933936E+02
    2.46000000E+02      -8.418340632225499576E+02
    2.47000000E+02      -8.480419410675317522E+02
    2.48000000E+02      -8.542763897670411097E+02
    2.49000000E+02      -8.605110658425496695E+02
    2.50000000E+02      -8.667820958913839604E+02
    2.51000000E+02      -8.730876272459422580E+02
    2.52000000E+02      -8.794134961015897716E+02
    2.53000000E+02      -8.857867039475554520E+02
    2.54000000E+02      -8.921872549389254345E+02
    2.55000000E+02      -8.985985977969057785E+02
    2.56000000E+02      -9.050631912911114796E+02
    2.57000000E+02      -9.115451862186541803E+02
    2.58000000E+02      -9.180698160096592346E+02
    2.59000000E+02      -9.246161803637176035E+02
    2.60000000E+02      -9.312002214623512373E+02
    2.61000000E+02      -9.378023242254118941E+02
    2.62000000E+02      -9.444395427697595551E+02
    2.63000000E+02      -9.511277915844332256E+02
    2.64000000E+02      -9.578199058781002577E+02
    2.65000000E+02      -9.645576980985654245E+02
    2.66000000E+02      -9.713303627544546544E+02
    2.67000000E+02      -9.781211780794926653E+02
    2.68000000E+02      -9.849734163634968809E+02
    2.69000000E+02      -9.918256135882437547E+02
    2.70000000E+02      -9.987203541057277789E+02
    2.71000000E+02      -1.005670254641599172E+03
    2.72000000E+02      -1.012617253516265237E+03
    2.73000000E+02      -1.019611687648310749E+03
    2.74000000E+02      -1.026627252761597447E+03
    2.75000000E+02      -1.033692949242491522E+03
    2.76000000E+02      -1.040786525342045934E+03
    2.77000000E+02      -1.047884705009482332E+03
    2.78000000E+02      -1.055049468765063239E+03
    2.79000000E+02      -1.062240085511130019E+03
    2.80000000E+02      -1.069465830327249932E+03
    2.81000000E+02      -1.076744885233355490E+03
    2.82000000E+02      -1.084015063686046233E+03
    2.83000000E+02      -1.091333579061657929E+03
    2.84000000E+02      -1.098691141917360255E+03
    2.85000000E+02      -1.106082358700127315E+03
    2.86000000E+02      -1.113475382617191826E+03
    2.87000000E+02      -1.120930621368527682E+03
    2.88000000E+02      -1.128412373494855728E+03
    2.89000000E+02      -1.135933775063524081E+03
    2.90000000E+02      -1.143495510545734760E+03
    2.91000000E+02      -1.151121335170605562E+03
    2.92000000E+02      -1.158717062963326498E+03
    2.93000000E+02      -1.166375828115861623E+03
    2.94000000E+02      -1.174067246966827952E+03
    2.95000000E+02      -1.181791851625408981E+03
    2.96000000E+02      -1.189548955968430164E+03
    2.97000000E+02      -1.197331469193925841E+03
    2.98000000E+02      -1.205140562098471491E+03
    2.99000000E+02      -1.213010901709581503E+03
    3.00000000E+02      -1.220901158170856888E+03
    3.01000000E+02      -1.228818979255220711E+03
    3.02000000E+02      -1.236727593087865898E+03
    3.03000000E+02      -1.244640392035462810E+03
    3.04000000E+02      -1.252654530519668697E+03
    3.05000000E+02      -1.260691984430863158E+03
    3.06000000E+02      -1.268737592072507141E+03
    3.07000000E+02      -1.276799685472636611E+03
    3.08000000E+02      -1.284924007352106855E+03
    3.09000000E+02      -1.293081428159714051E+03
    3.10000000E+02      -1.301276817772665254E+03
    3.11000000E+02      -1.309508105520111258E+03
    3.12000000E+02      -1.317724727053768220E+03
    3.13000000E+02      -1.326015488260221673E+03
    3.14000000E+02      -1.334319717774162655E+03
    3.15000000E+02      -1.342654264573481441E+03
    3.16000000E+02      -1.351043806490180941E+03
    3.17000000E+02      -1.359475135359809201E+03
    3.18000000E+02      -1.367907215130660006E+03
    3.19000000E+02      -1.376377300727591773E+03
    3.20000000E+02      -1.384854193017880789E+03
    3.21000000E+02      -1.393370454300833217E+03
    3.22000000E+02      -1.401925610887819857E+03
    3.23000000E+02      -1.410489477210569930E+03
    3.24000000E+02      -1.419073226371144074E+03
    3.25000000E+02      -1.427717038900397711E+03
    3.26000000E+02      -1.436343663341372121E+03
    3.27000000E+02      -1.444999975734154759E+03
    3.28000000E+02      -1.453685584499581410E+03
    3.29000000E+02      -1.462431328447793248E+03
    3.30000000E+02      -1.471199346750725226E+03
    3.31000000E+02      -1.479984207316659649E+03
    3.32000000E+02      -1.488801114191640863E+03
    3.33000000E+02      -1.497659426777526051E+03
    3.34000000E+02      -1.506576148185306010E+03
    3.35000000E+02      -1.515466933614504796E+03
    3.36000000E+02      -1.524421576516565210E+03
    3.37000000E+02      -1.533366255833367177E+03
    3.38000000E+02      -1.542328377131289471E+03
    3.39000000E+02      -1.551335359160363168E+03
    3.40000000E+02      -1.560336911335044306E+03
    3.41000000E+02      -1.569398977794538723E+03
    3.42000000E+02      -1.578481392665961039E+03
    3.43000000E+02      -1.587558524159394665E+03
    3.44000000E+02      -1.596669929152082659E+03
    3.45000000E+02      -1.605809473619681739E+03
    3.46000000E+02      -1.614983770001288576E+03
    3.47000000E+02      -1.624188283754677514E+03
    3.48000000E+02      -1.633428531216797182E+03
    3.49000000E+02      -1.642665695606339341E+03
    3.50000000E+02      -1.651956716858585651E+03
    3.51000000E+02      -1.661254532754135425E+03
    3.52000000E+02      -1.670565501868740057E+03
    3.53000000E+02      -1.679941318765426558E+03
    3.54000000E+02      -1.689241105546609560E+03
    3.55000000E+02      -1.698625940889819958E+03
    3.56000000E+02      -1.708003412250970541E+03
    3.57000000E+02      -1.717340200339008788E+03
    3.58000000E+02      -1.726789038366001250E+03
    3.59000000E+02      -1.736300997784862602E+03
    3.60000000E+02      -1.745797607005765485E+03
    3.61000000E+02      -1.755242769473606131E+03
    3.62000000E+02      -1.764812557891358892E+03
    3.63000000E+02      -1.774395729725612682E+03
    3.64000000E+02      -1.783914601992356893E+03
    3.65000000E+02      -1.793489511537698490E+03
    3.66000000E+02      -1.803127414938383026E+03
    3.67000000E+02      -1.812745805158112034E+03
    3.68000000E+02      -1.822289771334021225E+03
    3.69000000E+02      -1.831978551553310808E+03
    3.70000000E+02      -1.841661631969085647E+03
    3.71000000E+02      -1.851400137145392819E+03
    3.72000000E+02      -1.861137753387955854E+03
    3.73000000E+02      -1.870862233735972040E+03
    3.74000000E+02      -1.880622861464001744E+03
    3.75000000E+02      -1.890365731103790495E+03
    3.76000000E+02      -1.900200152234934194E+03
    3.77000000E+02      -1.909897641933592922E+03
    3.78000000E+02      -1.919611711865295547E+03
    3.79000000E+02      -1.929462116324581075E+03
    3.80000000E+02      -1.939244829623210080E+03
    3.81000000E+02      -1.949050957283627213E+03
    3.82000000E+02      -1.958921958026187440E+03
    3.83000000E+02      -1.968732169121639117E+03
    3.84000000E+02      -1.978658036593013094E+03
    3.85000000E+02      -1.988589646872062531E+03
    3.86000000E+02      -1.998578507922453809E+03
    3.87000000E+02      -2.008452058960467411E+03
    3.88000000E+02      -2.018442214100877436E+03
    3.89000000E+02      -2.028348198047847745E+03
    3.90000000E+02      -2.038249814667618466E+03
    3.91000000E+02      -2.048212709558814822E+03
    3.92000000E+02      -2.058081668084136254E+03
    3.93000000E+02      -2.068073629328525385E+03
    3.94000000E+02      -2.078118975013578165E+03
    3.95000000E+02      -2.088201776590878580E+03
    3.96000000E+02      -2.098132163103781295E+03
    3.97000000E+02      -2.108160939187922850E+03
    3.98000000E+02      -2.118225207898944973E+03
    3.99000000E+02      -2.128353508893028447E+03
    4.00000000E+02      -2.138334780436683104E+03
    4.01000000E+02      -2.148430935068466169E+03
    4.02000000E+02      -2.158393548914157691E+03
    4.03000000E+02      -2.168393259718419358E+03
    4.04000000E+02      -2.178446070019530907E+03
    4.05000000E+02      -2.188368415377457495E+03
    4.06000000E+02      -2.198471053580429725E+03
    4.07000000E+02      -2.208593657499367055E+03
    4.08000000E+02      -2.218678579905392326E+03
    4.09000000E+02      -2.228860764518679389E+03
    4.10000000E+02      -2.238887384636183924E+03
    4.11000000E+02      -2.248876803454915262E+03
    4.12000000E+02      -2.258944544750735986E+03
    4.13000000E+02      -2.269015650864206236E+03
    4.14000000E+02      -2.279120476564699857E+03
    4.15000000E+02      -2.289322317461868806E+03
    4.16000000E+02      -2.299497512796703631E+03
    4.17000000E+02      -2.309458324753116813E+03
    4.18000000E+02      -2.319581932131936810E+03
    4.19000000E+02      -2.329582771226388104E+03
    4.20000000E+02      -2.339762654912100516E+03
    4.21000000E+02      -2.349811022656538626E+03
    4.22000000E+02      -2.359995018905461620E+03
    4.23000000E+02      -2.370084863444617895E+03
    4.24000000E+02      -2.380051177925002776E+03
    4.25000000E+02      -2.390100184802901822E+03
    4.26000000E+02      -2.400165012659703734E+03
    4.27000000E+02      -2.410269653037693843E+03
    4.28000000E+02      -2.420163812637967567E+03
    4.29000000E+02      -2.430258306222502142E+03
    4.30000000E+02      -2.440405841221708670E+03
    4.31000000E+02      -2.450329236366385885E+03
    4.32000000E+02      -2.460550565852136060E+03
    4.33000000E+02      -2.470409025416307031E+03
    4.34000000E+02      -2.480442469491596967E+03
    4.35000000E+02      -2.490314065372061577E+03
    4.36000000E+02      -2.500306980955807376E+03
    4.37000000E+02      -2.510486544556385525E+03
    4.38000000E+02      -2.520441792947724934E+03
    4.39000000E+02      -2.530271497744885892E+03
    4.40000000E+02      -2.540184739891670688E+03
    4.41000000E+02      -2.550211536477464506E+03
    4.42000000E+02      -2.560182464242911919E+03
    4.43000000E+02      -2.569947214677685224E+03
    4.44000000E+02      -2.579945226686796559E+03
    4.45000000E+02      -2.589679225851939918E+03
    4.46000000E+02      -2.599573111710704325E+03
    4.47000000E+02      -2.609524005659685827E+03
    4.48000000E+02      -2.619419652263968601E+03
    4.49000000E+02      -2.629355412877317576E+03
    4.50000000E+02      -2.638739690089589658E+03
    4.51000000E+02      -2.648684778533934150E+03
    4.52000000E+02      -2.658442066567788970E+03
    4.53000000E+02      -2.668087043760679080E+03
    4.54000000E+02      -2.677770130037130912E+03
    4.55000000E+02      -2.687421130148293742E+03
    4.56000000E+02      -2.697299999277533061E+03
    4.57000000E+02      -2.706922592431576959E+03
    4.58000000E+02      -2.716453129105979315E+03
    4.59000000E+02      -2.726442763638798169E+03
    4.60000000E+02      -2.735964086149681407E+03
    4.61000000E+02      -2.745508890499905647E+03
    4.62000000E+02      -2.754881442143932873E+03
    4.63000000E+02      -2.764298384932910722E+03
    4.64000000E+02      -2.773851660017562153E+03
    4.65000000E+02      -2.783211057585403069E+03
    4.66000000E+02      -2.792662981448733262E+03
    4.67000000E+02      -2.802102060654236993E+03
    4.68000000E+02      -2.811581145009887678E+03
    4.69000000E+02      -2.820909443163107426E+03
    4.70000000E+02      -2.830040476596645021E+03
    4.71000000E+02      -2.839647586531878460E+03
    4.72000000E+02      -2.848672769231511666E+03
    4.73000000E+02      -2.858140652081615826E+03
    4.74000000E+02      -2.867250808111497463E+03
    4.75000000E+02      -2.876500594595355778E+03
    4.76000000E+02      -2.885414131972563155E+03
    4.77000000E+02      -2.894357922705087731E+03
    4.78000000E+02      -2.903551278107519920E+03
    4.79000000E+02      -2.912884049727628280E+03
    4.80000000E+02      -2.921689331223017689E+03
    4.81000000E+02      -2.930519897525936358E+03
    4.82000000E+02      -2.939660133313400820E+03
    4.83000000E+02      -2.948478142362871040E+03
    4.84000000E+02      -2.957385631069219926E+03
    4.85000000E+02      -2.966304175395849597E+03
    4.86000000E+02      -2.975230724455554082E+03
    4.87000000E+02      -2.983566900339840231E+03
    4.88000000E+02      -2.992030528342557773E+03
    4.89000000E+02      -3.000715464840044206E+03
    4.90000000E+02      -3.009222082921473884E+03
    4.91000000E+02      -3.017708593758688039E+03
    4.92000000E+02      -3.026662076447511026E+03
    4.93000000E+02      -3.035198326619142335E+03
    4.94000000E+02      -3.043301378704243234E+03
    4.95000000E+02      -3.051616727647345670E+03
    4.96000000E+02      -3.059785021751610202E+03
    4.97000000E+02      -3.067923683262649320E+03
    4.98000000E+02      -3.075684837710457032E+03
    4.99000000E+02      -3.083986171780227778E+03
    5.00000000E+02      -3.092083156874515225E+03
    5.01000000E+02      -3.100324409702812773E+03
    5.02000000E+02      -3.108543063305434316E+03
    5.03000000E+02      -3.116155289840328351E+03
    5.04000000E+02      -3.123718197249389959E+03
    5.05000000E+02      -3.131614414062662036E+03
    5.06000000E+02      -3.138882530223032518E+03
    5.07000000E+02      -3.142362757490249351E+03
    5.08000000E+02      -3.153296607580705313E+03
    5.09000000E+02      -3.161358403942766017E+03
    5.10000000E+02      -3.169788008546794117E+03
