    0.00000000E+00      -1.046736151161173458E-09
    1.00000000E+00      -6.057410484443138000E-04
    2.00000000E+00      -4.261971522328853595E-02
    3.00000000E+00      -1.263599025642005436E-01
    4.00000000E+00      -2.521805473600650660E-01
    5.00000000E+00      -4.204880844352451019E-01
    6.00000000E+00      -6.318709924244239051E-01
    7.00000000E+00      -8.864244560121985472E-01
    8.00000000E+00      -1.185072881929022603E+00
    9.00000000E+00      -1.528054026477719152E+00
    1.00000000E+01      -1.915662077935784247E+00
    1.10000000E+01      -2.348982071430722129E+00
    1.20000000E+01      -2.828924164788387152E+00
    1.30000000E+01      -3.355278961632997436E+00
    1.40000000E+01      -3.929980348804802404E+00
    1.50000000E+01      -4.553381753256495301E+00
    1.60000000E+01      -5.225729403375353854E+00
    1.70000000E+01      -5.948479949499514419E+00
    1.80000000E+01      -6.721418398077688039E+00
    1.90000000E+01      -7.548323544494948578E+00
    2.00000000E+01      -8.428089853761463246E+00
    2.10000000E+01      -9.363890099505539411E+00
    2.20000000E+01      -1.035537714936850762E+01
    2.30000000E+01      -1.140460329116623939E+01
    2.40000000E+01      -1.251204074768031660E+01
    2.50000000E+01      -1.368135856059450361E+01
    2.60000000E+01      -1.491328964581680339E+01
    2.70000000E+01      -1.621275494343740320E+01
    2.80000000E+01      -1.758289965380936337E+01
    2.90000000E+01      -1.903181514999550927E+01
    3.00000000E+01      -2.056574986790019466E+01
    3.10000000E+01      -2.219270683288596047E+01
    3.20000000E+01      -2.392186427762180756E+01
    3.30000000E+01      -2.576297325889913736E+01
    3.40000000E+01      -2.772285538868891308E+01
    3.50000000E+01      -2.980522625664002589E+01
    3.60000000E+01      -3.201097722885674557E+01
    3.70000000E+01      -3.432801382595630457E+01
    3.80000000E+01      -3.676317525149600840E+01
    3.90000000E+01      -3.929814313948077142E+01
    4.00000000E+01      -4.192474637505483770E+01
    4.10000000E+01      -4.463906149932518019E+01
    4.20000000E+01      -4.743215054352549487E+01
    4.30000000E+01      -5.029523921988084112E+01
    4.40000000E+01      -5.322600411608800641E+01
    4.50000000E+01      -5.622368817670894714E+01
    4.60000000E+01      -5.928720448514195596E+01
    4.70000000E+01      -6.241035601032672275E+01
    4.80000000E+01      -6.559872509394426743E+01
    4.90000000E+01      -6.885303878803460975E+01
    5.00000000E+01      -7.216268732460775936E+01
    5.10000000E+01      -7.553826773478613177E+01
    5.20000000E+01      -7.895696312617656076E+01
    5.30000000E+01      -8.243247612758113974E+01
    5.40000000E+01      -8.596075754072444397E+01
    5.50000000E+01      -8.953645737757506140E+01
    5.60000000E+01      -9.315958397013582726E+01
    5.70000000E+01      -9.681972791928274091E+01
    5.80000000E+01      -1.005241470546134224E+02
    5.90000000E+01      -1.042597490046787243E+02
    6.00000000E+01      -1.080339842401008354E+02
    6.10000000E+01      -1.118382112052358934E+02
    6.20000000E+01      -1.156667726887271783E+02
    6.30000000E+01      -1.195327665775039350E+02
    6.40000000E+01      -1.234173115115859218E+02
    6.50000000E+01      -1.273159790195209098E+02
    6.60000000E+01      -1.312439913728981082E+02
    6.70000000E+01      -1.352015443116620190E+02
    6.80000000E+01      -1.391634489580476384E+02
    6.90000000E+01      -1.431410186189323213E+02
    7.00000000E+01      -1.471345681247853463E+02
    7.10000000E+01      -1.511581605880428469E+02
    7.20000000E+01      -1.551793529803089768E+02
    7.30000000E+01      -1.592272011086125758E+02
    7.40000000E+01      -1.632887506230920280E+02
    7.50000000E+01      -1.673679828392962463E+02
    7.60000000E+01      -1.714729815531154600E+02
    7.70000000E+01      -1.756021135652217708E+02
    7.80000000E+01      -1.797456337307083913E+02
    7.90000000E+01      -1.838958170485012147E+02
    8.00000000E+01      -1.880630407815184526E+02
    8.10000000E+01      -1.922514487714716438E+02
    8.20000000E+01      -1.964749867704978215E+02
    8.30000000E+01      -2.007030331418536093E+02
    8.40000000E+01      -2.049421021967459922E+02
    8.50000000E+01      -2.092008988917435772E+02
    8.60000000E+01      -2.134636845296618617E+02
    8.70000000E+01      -2.177418581304708312E+02
    8.80000000E+01      -2.220374951854047367E+02
    8.90000000E+01      -2.263481093313221777E+02
    9.00000000E+01      -2.306503221944748816E+02
    9.10000000E+01      -2.349721470188551962E+02
    9.20000000E+01      -2.393090621660271324E+02
    9.30000000E+01      -2.436454403728006071E+02
    9.40000000E+01      -2.479978337891358251E+02
    9.50000000E+01      -2.523412948106611395E+02
    9.60000000E+01      -2.567077199837656281E+02
    9.70000000E+01      -2.610725820857747976E+02
    9.80000000E+01      -2.654414080032962033E+02
    9.90000000E+01      -2.698219181890076470E+02
    1.00000000E+02      -2.742247664567270249E+02
    1.01000000E+02      -2.786151814303590868E+02
    1.02000000E+02      -2.830111389264222908E+02
    1.03000000E+02      -2.874109436464216856E+02
    1.04000000E+02      -2.918131403761256024E+02
    1.05000000E+02      -2.962249422582880243E+02
    1.06000000E+02      -3.006470180372901950E+02
    1.07000000E+02      -3.050628133526634542E+02
    1.08000000E+02      -3.094914527086709768E+02
    1.09000000E+02      -3.139095768154707002E+02
    1.10000000E+02      -3.183452093119109350E+02
    1.11000000E+02      -3.227935244935860624E+02
    1.12000000E+02      -3.272516376520803760E+02
    1.13000000E+02      -3.317048208519911441E+02
    1.14000000E+02      -3.361867375584463389E+02
    1.15000000E+02      -3.406652536647377474E+02
    1.16000000E+02      -3.451461765387849709E+02
    1.17000000E+02      -3.496610342919609593E+02
    1.18000000E+02      -3.541968501600625814E+02
    1.19000000E+02      -3.587281433059683877E+02
    1.20000000E+02      -3.632703959459336147E+02
    1.21000000E+02      -3.678325577972083238E+02
    1.22000000E+02      -3.723970947885173928E+02
    1.23000000E+02      -3.769786129237854766E+02
    1.24000000E+02      -3.815948194319612412E+02
    1.25000000E+02      -3.862186171777232175E+02
    1.26000000E+02      -3.908693113416559299E+02
    1.27000000E+02      -3.955264183566803240E+02
    1.28000000E+02      -4.002395052318831858E+02
    1.29000000E+02      -4.049939695072655468E+02
    1.30000000E+02      -4.097545281449752110E+02
    1.31000000E+02      -4.145335492590493232E+02
    1.32000000E+02      -4.193651889541006312E+02
    1.33000000E+02      -4.242109833641609384E+02
    1.34000000E+02      -4.290948640934193463E+02
    1.35000000E+02      -4.339984844459847864E+02
    1.36000000E+02      -4.389414456450213038E+02
    1.37000000E+02      -4.439177354018570441E+02
    1.38000000E+02      -4.489160354110390472E+02
    1.39000000E+02      -4.539575703840494043E+02
    1.40000000E+02      -4.590731956231181812E+02
    1.41000000E+02      -4.642051173119964460E+02
    1.42000000E+02      -4.693869140145366146E+02
    1.43000000E+02      -4.745640487910272896E+02
    1.44000000E+02      -4.797993288870618471E+02
    1.45000000E+02      -4.851054373141550968E+02
    1.46000000E+02      -4.904287354682851401E+02
    1.47000000E+02      -4.958125233750115513E+02
    1.48000000E+02      -5.011849707861142633E+02
    1.49000000E+02      -5.066024947347177658E+02
    1.50000000E+02      -5.120559521792795294E+02
    1.51000000E+02      -5.175708776170383771E+02
    1.52000000E+02      -5.231243461620442758E+02
    1.53000000E+02      -5.286800101151306990E+02
    1.54000000E+02      -5.342437826105046952E+02
    1.55000000E+02      -5.398523803624998436E+02
    1.56000000E+02      -5.454492980980448920E+02
    1.57000000E+02      -5.510449023314276928E+02
    1.58000000E+02      -5.566648228358208144E+02
    1.59000000E+02      -5.622996935336950628E+02
    1.60000000E+02      -5.679487638957284616E+02
    1.61000000E+02      -5.735813636191478508E+02
    1.62000000E+02      -5.792221802725584894E+02
    1.63000000E+02      -5.849172972030910387E+02
    1.64000000E+02      -5.905713804155516300E+02
    1.65000000E+02      -5.962150687058388030E+02
    1.66000000E+02      -6.018738481694826987E+02
    1.67000000E+02      -6.075362204847665453E+02
    1.68000000E+02      -6.131982114265902055E+02
    1.69000000E+02      -6.188551543272178606E+02
    1.70000000E+02      -6.245146038904686066E+02
    1.71000000E+02      -6.301800095566632081E+02
    1.72000000E+02      -6.358104992666731050E+02
    1.73000000E+02      -6.414315520185327841E+02
    1.74000000E+02      -6.470564035858233183E+02
    1.75000000E+02      -6.526814947127613777E+02
    1.76000000E+02      -6.583072191072642454E+02
    1.77000000E+02      -6.639170663347904338E+02
    1.78000000E+02      -6.695229464078656747E+02
    1.79000000E+02      -6.751337670132534186E+02
    1.80000000E+02      -6.807357427120641660E+02
    1.81000000E+02      -6.863367909757398593E+02
    1.82000000E+02      -6.919297309315825260E+02
    1.83000000E+02      -6.975049183692626684E+02
    1.84000000E+02      -7.030659795486026269E+02
    1.85000000E+02      -7.086042441367917490E+02
    1.86000000E+02      -7.141408783065944590E+02
    1.87000000E+02      -7.196701803634987300E+02
    1.88000000E+02      -7.251793930230815022E+02
    1.89000000E+02      -7.306437566820241045E+02
    1.90000000E+02      -7.361170402651423501E+02
    1.91000000E+02      -7.415563586990938347E+02
    1.92000000E+02      -7.469542243993128068E+02
    1.93000000E+02      -7.523627655588998095E+02
    1.94000000E+02      -7.577623324830974525E+02
    1.95000000E+02      -7.631246873212876380E+02
    1.96000000E+02      -7.685031327219585364E+02
    1.97000000E+02      -7.738125285096330117E+02
    1.98000000E+02      -7.791203329046638828E+02
    1.99000000E+02      -7.844052678843918329E+02
    2.00000000E+02      -7.896867091389735833E+02
    2.01000000E+02      -7.949402967347486992E+02
    2.02000000E+02      -8.001503694219227327E+02
    2.03000000E+02      -8.053250996097749521E+02
    2.04000000E+02      -8.104967360107839340E+02
    2.05000000E+02      -8.156421742587713197E+02
    2.06000000E+02      -8.207860981528381217E+02
    2.07000000E+02      -8.259087332049530232E+02
    2.08000000E+02      -8.310102900158242392E+02
    2.09000000E+02      -8.360758673992846752E+02
    2.10000000E+02      -8.411158095217875825E+02
    2.11000000E+02      -8.461438512993867107E+02
    2.12000000E+02      -8.511700639992918695E+02
    2.13000000E+02      -8.561829782161833009E+02
    2.14000000E+02      -8.611925593660671439E+02
    2.15000000E+02      -8.661894716846916253E+02
    2.16000000E+02      -8.711557213714399950E+02
    2.17000000E+02      -8.761416118798110801E+02
    2.18000000E+02      -8.811182536273745427E+02
    2.19000000E+02      -8.861070117053068316E+02
    2.20000000E+02      -8.911173225446100332E+02
    2.21000000E+02      -8.961089148863766241E+02
    2.22000000E+02      -9.011215340831085996E+02
    2.23000000E+02      -9.061444451081579246E+02
    2.24000000E+02      -9.111543743151732997E+02
    2.25000000E+02      -9.162015892529907433E+02
    2.26000000E+02      -9.212964384874558164E+02
    2.27000000E+02      -9.264219214318327431E+02
    2.28000000E+02      -9.315473550881524716E+02
    2.29000000E+02      -9.366851164203708322E+02
    2.30000000E+02      -9.418512429535712727E+02
    2.31000000E+02      -9.469947427375027473E+02
    2.32000000E+02      -9.521335457821096497E+02
    2.33000000E+02      -9.572623535906705001E+02
    2.34000000E+02      -9.624538294314661471E+02
    2.35000000E+02      -9.676587471797647595E+02
    2.36000000E+02      -9.729268797252634613E+02
    2.37000000E+02      -9.781396940920149063E+02
    2.38000000E+02      -9.833173437208079122E+02
    2.39000000E+02      -9.884954487160139252E+02
    2.40000000E+02      -9.937173496274599529E+02
    2.41000000E+02      -9.988259814497123443E+02
    2.42000000E+02      -1.003954521585744715E+03
    2.43000000E+02      -1.009070038601880242E+03
    2.44000000E+02      -1.014230730369983235E+03
    2.45000000E+02      -1.019314948241478191E+03
    2.46000000E+02      -1.024528175829294014E+03
    2.47000000E+02      -1.029723240356223869E+03
    2.48000000E+02      -1.035023497108776610E+03
    2.49000000E+02      -1.040409497304334764E+03
    2.50000000E+02      -1.045790863578477001E+03
    2.51000000E+02      -1.051283955209718442E+03
    2.52000000E+02      -1.056923963298142553E+03
    2.53000000E+02      -1.062548156329228732E+03
    2.54000000E+02      -1.068226085028878515E+03
    2.55000000E+02      -1.073953218922311862E+03
    2.56000000E+02      -1.079736553786273362E+03
    2.57000000E+02      -1.085551337675184186E+03
    2.58000000E+02      -1.091484338770785143E+03
    2.59000000E+02      -1.097356026066262530E+03
    2.60000000E+02      -1.103297602601284780E+03
    2.61000000E+02      -1.109215771788150960E+03
    2.62000000E+02      -1.115253277048705968E+03
    2.63000000E+02      -1.121217475510767144E+03
    2.64000000E+02      -1.127161769943091258E+03
    2.65000000E+02      -1.133168845394392974E+03
    2.66000000E+02      -1.139103577843221501E+03
    2.67000000E+02      -1.145065715481214511E+03
    2.68000000E+02      -1.151040590495657170E+03
    2.69000000E+02      -1.157043656655091809E+03
    2.70000000E+02      -1.162997718770187021E+03
    2.71000000E+02      -1.168980645872603191E+03
    2.72000000E+02      -1.174939175998990777E+03
    2.73000000E+02      -1.180838436031468973E+03
    2.74000000E+02      -1.186879669489115258E+03
    2.75000000E+02      -1.192847964792805669E+03
    2.76000000E+02      -1.198867384766632767E+03
    2.77000000E+02      -1.204852630829291911E+03
    2.78000000E+02      -1.210691787590184958E+03
    2.79000000E+02      -1.216653570574910191E+03
    2.80000000E+02      -1.222559583611906874E+03
    2.81000000E+02      -1.228393862307885456E+03
    2.82000000E+02      -1.234354749522399743E+03
    2.83000000E+02      -1.240216524327136995E+03
    2.84000000E+02      -1.246096298866289999E+03
    2.85000000E+02      -1.252066671350605702E+03
    2.86000000E+02      -1.257961982813110808E+03
    2.87000000E+02      -1.263817404434475975E+03
    2.88000000E+02      -1.269728470182573801E+03
    2.89000000E+02      -1.275611153292278686E+03
    2.90000000E+02      -1.281429905010602852E+03
    2.91000000E+02      -1.287207863565723528E+03
    2.92000000E+02      -1.293091443139610419E+03
    2.93000000E+02      -1.298930080609460674E+03
    2.94000000E+02      -1.304798213676403066E+03
    2.95000000E+02      -1.310835102769464356E+03
    2.96000000E+02      -1.316730024796695943E+03
    2.97000000E+02      -1.322589557692743256E+03
    2.98000000E+02      -1.328511342175626851E+03
    2.99000000E+02      -1.334414617214446480E+03
    3.00000000E+02      -1.340333818361004887E+03
    3.01000000E+02      -1.346314252869835400E+03
    3.02000000E+02      -1.352307659316906211E+03
    3.03000000E+02      -1.358323902846874262E+03
    3.04000000E+02      -1.364474027711425151E+03
    3.05000000E+02      -1.370628719899494172E+03
    3.06000000E+02      -1.376464836491446476E+03
    3.07000000E+02      -1.382682843412045258E+03
    3.08000000E+02      -1.389042122414230107E+03
    3.09000000E+02      -1.395353385285445256E+03
    3.10000000E+02      -1.401899154766588254E+03
    3.11000000E+02      -1.408500498298668390E+03
    3.12000000E+02      -1.415294080009627578E+03
    3.13000000E+02      -1.422175072387328328E+03
    3.14000000E+02      -1.429077833313327574E+03
    3.15000000E+02      -1.436126509068366431E+03
    3.16000000E+02      -1.443204987625820650E+03
    3.17000000E+02      -1.450386144968391818E+03
    3.18000000E+02      -1.457559035451216914E+03
    3.19000000E+02      -1.464964781701006359E+03
    3.20000000E+02      -1.472411730198040459E+03
    3.21000000E+02      -1.479832092951904997E+03
    3.22000000E+02      -1.487391247657495114E+03
    3.23000000E+02      -1.494912631423871062E+03
    3.24000000E+02      -1.502566931075769389E+03
    3.25000000E+02      -1.510279691294528675E+03
    3.26000000E+02      -1.517984875785685290E+03
    3.27000000E+02      -1.525701639929229714E+03
    3.28000000E+02      -1.533576087992824796E+03
    3.29000000E+02      -1.541402148292111633E+03
    3.30000000E+02      -1.549198860688856257E+03
    3.31000000E+02      -1.557041066955477618E+03
    3.32000000E+02      -1.564786353701985718E+03
    3.33000000E+02      -1.572621287482786556E+03
    3.34000000E+02      -1.580409026296225875E+03
    3.35000000E+02      -1.588197779382175213E+03
    3.36000000E+02      -1.595995717808073096E+03
    3.37000000E+02      -1.603875888077312993E+03
    3.38000000E+02      -1.611886095175284936E+03
    3.39000000E+02      -1.619970010815675778E+03
    3.40000000E+02      -1.628098842420367873E+03
    3.41000000E+02      -1.636578496118465409E+03
    3.42000000E+02      -1.645292899532130832E+03
    3.43000000E+02      -1.654153432383987820E+03
    3.44000000E+02      -1.663378596366830607E+03
    3.45000000E+02      -1.672825628654465618E+03
    3.46000000E+02      -1.682448138520348948E+03
    3.47000000E+02      -1.692120199715880517E+03
    3.48000000E+02      -1.701895917658292092E+03
    3.49000000E+02      -1.711741241254692795E+03
    3.50000000E+02      -1.721627025286582466E+03
    3.51000000E+02      -1.731469999995430044E+03
    3.52000000E+02      -1.741311559331923490E+03
    3.53000000E+02      -1.751145358407608910E+03
    3.54000000E+02      -1.761011993544260349E+03
    3.55000000E+02      -1.770849736280333673E+03
    3.56000000E+02      -1.780792305529349505E+03
    3.57000000E+02      -1.790677552512192733E+03
    3.58000000E+02      -1.800594061072708882E+03
    3.59000000E+02      -1.810558374080975227E+03
    3.60000000E+02      -1.820466421780355631E+03
    3.61000000E+02      -1.830448331059440534E+03
    3.62000000E+02      -1.840536265220916903E+03
    3.63000000E+02      -1.850487745492417389E+03
    3.64000000E+02      -1.860565735654801529E+03
    3.65000000E+02      -1.870742162072594965E+03
    3.66000000E+02      -1.880828534556427257E+03
    3.67000000E+02      -1.890944629805085697E+03
    3.68000000E+02      -1.901182157631253176E+03
    3.69000000E+02      -1.911351568734105740E+03
    3.70000000E+02      -1.921579073330944539E+03
    3.71000000E+02      -1.931867286724532505E+03
    3.72000000E+02      -1.942150884725647529E+03
    3.73000000E+02      -1.952523053320544705E+03
    3.74000000E+02      -1.962836888015287741E+03
    3.75000000E+02      -1.973216679306099422E+03
    3.76000000E+02      -1.983565004205448986E+03
    3.77000000E+02      -1.994002132447386657E+03
    3.78000000E+02      -2.004435423811318742E+03
    3.79000000E+02      -2.014937169231805683E+03
    3.80000000E+02      -2.025383561596678419E+03
    3.81000000E+02      -2.035961297751589427E+03
    3.82000000E+02      -2.046434605830883811E+03
    3.83000000E+02      -2.056958986435510724E+03
    3.84000000E+02      -2.067528657302069405E+03
    3.85000000E+02      -2.078145685911285000E+03
    3.86000000E+02      -2.088796485632862641E+03
    3.87000000E+02      -2.099466944231962771E+03
    3.88000000E+02      -2.110109592667054585E+03
    3.89000000E+02      -2.120734127886375973E+03
    3.90000000E+02      -2.131493121545478971E+03
    3.91000000E+02      -2.142141965305019767E+03
    3.92000000E+02      -2.152941078062740871E+03
    3.93000000E+02      -2.163766523379692899E+03
    3.94000000E+02      -2.174483341861462577E+03
    3.95000000E+02      -2.185261191828865321E+03
    3.96000000E+02      -2.196069640013109165E+03
    3.97000000E+02      -2.206901890506738255E+03
    3.98000000E+02      -2.217749630940106726E+03
    3.99000000E+02      -2.228512075132738119E+03
    4.00000000E+02      -2.239441422887453882E+03
    4.01000000E+02      -2.250374003196572630E+03
    4.02000000E+02      -2.261228174151121948E+03
    4.03000000E+02      -2.272164701491889446E+03
    4.04000000E+02      -2.282988481561840672E+03
    4.05000000E+02      -2.294030924616577522E+03
    4.06000000E+02      -2.304921101322512641E+03
    4.07000000E+02      -2.315769087004249741E+03
    4.08000000E+02      -2.326781621302833628E+03
    4.09000000E+02      -2.337757511801879446E+03
    4.10000000E+02      -2.348816287544515944E+03
    4.11000000E+02      -2.359782508438676359E+03
    4.12000000E+02      -2.370782823241632286E+03
    4.13000000E+02      -2.381770834040949012E+03
    4.14000000E+02      -2.392734447603426361E+03
    4.15000000E+02      -2.403813494835363599E+03
    4.16000000E+02      -2.414829801420421063E+03
    4.17000000E+02      -2.425904778584046653E+03
    4.18000000E+02      -2.436992709584344993E+03
    4.19000000E+02      -2.448061959064270923E+03
    4.20000000E+02      -2.459133452852736809E+03
    4.21000000E+02      -2.470186570982018566E+03
    4.22000000E+02      -2.481459525743699487E+03
    4.23000000E+02      -2.492310145265778374E+03
    4.24000000E+02      -2.503311423647974607E+03
    4.25000000E+02      -2.514374133463273211E+03
    4.26000000E+02      -2.525418722901069486E+03
    4.27000000E+02      -2.536561793492509878E+03
    4.28000000E+02      -2.547646581584221167E+03
    4.29000000E+02      -2.558736014787651129E+03
    4.30000000E+02      -2.569884191163522246E+03
    4.31000000E+02      -2.580900411573218207E+03
    4.32000000E+02      -2.591943241499051055E+03
    4.33000000E+02      -2.603054421119168637E+03
    4.34000000E+02      -2.614178677130591950E+03
    4.35000000E+02      -2.625230025226956059E+03
    4.36000000E+02      -2.636347235025930786E+03
    4.37000000E+02      -2.647345629498689959E+03
    4.38000000E+02      -2.658274778620714642E+03
    4.39000000E+02      -2.669405143466434311E+03
    4.40000000E+02      -2.680510490976689653E+03
    4.41000000E+02      -2.691512551708109186E+03
    4.42000000E+02      -2.702570223447171429E+03
    4.43000000E+02      -2.713558245283260476E+03
    4.44000000E+02      -2.724657894113630391E+03
    4.45000000E+02      -2.735686277065121430E+03
    4.46000000E+02      -2.746771593158857740E+03
    4.47000000E+02      -2.757673085278238432E+03
    4.48000000E+02      -2.768567660901926502E+03
    4.49000000E+02      -2.779634357309866118E+03
    4.50000000E+02      -2.790527520329370418E+03
    4.51000000E+02      -2.801548322547675525E+03
    4.52000000E+02      -2.812400444821547353E+03
    4.53000000E+02      -2.823302107909636106E+03
    4.54000000E+02      -2.834159128718005377E+03
    4.55000000E+02      -2.844930437818816245E+03
    4.56000000E+02      -2.855885288811250575E+03
    4.57000000E+02      -2.867107733744207508E+03
    4.58000000E+02      -2.877570325546731056E+03
    4.59000000E+02      -2.888507650276681488E+03
    4.60000000E+02      -2.899291658466289391E+03
    4.61000000E+02      -2.910085373873602293E+03
    4.62000000E+02      -2.920849255318558789E+03
    4.63000000E+02      -2.931439861707606724E+03
    4.64000000E+02      -2.942282643671976530E+03
    4.65000000E+02      -2.952870111784876826E+03
    4.66000000E+02      -2.963864725944801194E+03
    4.67000000E+02      -2.974348460089608125E+03
    4.68000000E+02      -2.984927716258050168E+03
    4.69000000E+02      -2.995593434399296257E+03
    4.70000000E+02      -3.006168662296357070E+03
    4.71000000E+02      -3.016790032880278432E+03
    4.72000000E+02      -3.027473389828860491E+03
    4.73000000E+02      -3.038020546818291223E+03
    4.74000000E+02      -3.048282843468909959E+03
    4.75000000E+02      -3.058569837503437611E+03
    4.76000000E+02      -3.069149670107700331E+03
    4.77000000E+02      -3.079427530598736666E+03
    4.78000000E+02      -3.089940674814979502E+03
    4.79000000E+02      -3.100169295248730577E+03
    4.80000000E+02      -3.110450054815468775E+03
    4.81000000E+02      -3.120799452771064807E+03
    4.82000000E+02      -3.130612236378783564E+03
    4.83000000E+02      -3.141035054555411534E+03
    4.84000000E+02      -3.151293214188945058E+03
    4.85000000E+02      -3.161305038557748958E+03
    4.86000000E+02      -3.171608251993990052E+03
    4.87000000E+02      -3.181555378200909217E+03
    4.88000000E+02      -3.191661513390861273E+03
    4.89000000E+02      -3.173416254026436945E+03
    4.90000000E+02      -3.108950221262755804E+03
    4.91000000E+02      -3.143239708778855857E+03
    4.92000000E+02      -3.226110026881127851E+03
    4.93000000E+02      -3.250364429564433522E+03
    4.94000000E+02      -3.270131653393892520E+03
    4.95000000E+02      -3.319447243920862093E+03
    4.96000000E+02      -3.330786955240211682E+03
    4.97000000E+02      -3.341448274910464534E+03
    4.98000000E+02      -3.344169001130154356E+03
    4.99000000E+02      -3.353567845016106730E+03
    5.00000000E+02      -3.362374192019997281E+03
    5.01000000E+02      -3.374073359678237466E+03
    5.02000000E+02      -3.378553738777773106E+03
    5.03000000E+02      -3.386452975069405511E+03
    5.04000000E+02      -3.393492310874018585E+03
    5.05000000E+02      -3.426187179397718864E+03
    5.06000000E+02      -3.492976086066810240E+03
    5.07000000E+02      -4.073436633898178115E+03
    5.08000000E+02      -3.881226900649257004E+03
    5.09000000E+02      -3.616587266400252702E+03
    5.10000000E+02      -3.467204232502714149E+03
