    0.0000000000E+00     -0.2333636987E+02
    0.1000000000E+01     -0.2043471287E+02
    0.2000000000E+01     -0.1820909838E+02
    0.3000000000E+01     -0.1637214357E+02
    0.4000000000E+01     -0.1480584940E+02
    0.5000000000E+01     -0.1344540732E+02
    0.6000000000E+01     -0.1225025128E+02
    0.7000000000E+01     -0.1119249023E+02
    0.8000000000E+01     -0.1025164664E+02
    0.9000000000E+01     -0.9411393511E+01
    0.1000000000E+02     -0.8659441297E+01
    0.1100000000E+02     -0.7985901709E+01
    0.1200000000E+02     -0.7382737559E+01
    0.1300000000E+02     -0.6843065268E+01
    0.1400000000E+02     -0.6360950858E+01
    0.1500000000E+02     -0.5931070271E+01
    0.1600000000E+02     -0.5548879736E+01
    0.1700000000E+02     -0.5210751473E+01
    0.1800000000E+02     -0.4913262856E+01
    0.1900000000E+02     -0.4653396181E+01
    0.2000000000E+02     -0.4428311703E+01
    0.2100000000E+02     -0.4235670584E+01
    0.2200000000E+02     -0.4073445947E+01
    0.2300000000E+02     -0.3938958871E+01
    0.2400000000E+02     -0.3830653281E+01
    0.2500000000E+02     -0.3747110101E+01
    0.2600000000E+02     -0.3686254521E+01
    0.2700000000E+02     -0.3646570454E+01
    0.2800000000E+02     -0.3627500222E+01
    0.2900000000E+02     -0.3627611733E+01
    0.3000000000E+02     -0.3645546918E+01
    0.3100000000E+02     -0.3680167700E+01
    0.3200000000E+02     -0.3730622244E+01
    0.3300000000E+02     -0.3795492723E+01
    0.3400000000E+02     -0.3874464278E+01
    0.3500000000E+02     -0.3966084159E+01
    0.3600000000E+02     -0.4070154996E+01
    0.3700000000E+02     -0.4185821607E+01
    0.3800000000E+02     -0.4312493552E+01
    0.3900000000E+02     -0.4449318155E+01
    0.4000000000E+02     -0.4596291696E+01
    0.4100000000E+02     -0.4752127415E+01
    0.4200000000E+02     -0.4916370031E+01
    0.4300000000E+02     -0.5088844548E+01
    0.4400000000E+02     -0.5268281598E+01
    0.4500000000E+02     -0.5454965531E+01
    0.4600000000E+02     -0.5648339973E+01
    0.4700000000E+02     -0.5847625601E+01
    0.4800000000E+02     -0.6052440029E+01
    0.4900000000E+02     -0.6262886773E+01
    0.5000000000E+02     -0.6478310880E+01
    0.5100000000E+02     -0.6699090975E+01
    0.5200000000E+02     -0.6924261168E+01
    0.5300000000E+02     -0.7153080824E+01
    0.5400000000E+02     -0.7385720794E+01
    0.5500000000E+02     -0.7621545537E+01
    0.5600000000E+02     -0.7860270676E+01
    0.5700000000E+02     -0.8101973331E+01
    0.5800000000E+02     -0.8346391902E+01
    0.5900000000E+02     -0.8593366644E+01
    0.6000000000E+02     -0.8842226178E+01
    0.6100000000E+02     -0.9092849786E+01
    0.6200000000E+02     -0.9344710801E+01
    0.6300000000E+02     -0.9598282373E+01
    0.6400000000E+02     -0.9853056271E+01
    0.6500000000E+02     -0.1010851939E+02
    0.6600000000E+02     -0.1036514878E+02
    0.6700000000E+02     -0.1062254239E+02
    0.6800000000E+02     -0.1088107311E+02
    0.6900000000E+02     -0.1113969512E+02
    0.7000000000E+02     -0.1139837682E+02
    0.7100000000E+02     -0.1165691578E+02
    0.7200000000E+02     -0.1191526434E+02
    0.7300000000E+02     -0.1217407705E+02
    0.7400000000E+02     -0.1243223969E+02
    0.7500000000E+02     -0.1269006413E+02
    0.7600000000E+02     -0.1294712385E+02
    0.7700000000E+02     -0.1320340862E+02
    0.7800000000E+02     -0.1345873290E+02
    0.7900000000E+02     -0.1371388081E+02
    0.8000000000E+02     -0.1396744675E+02
    0.8100000000E+02     -0.1422020856E+02
    0.8200000000E+02     -0.1447142000E+02
    0.8300000000E+02     -0.1472157071E+02
    0.8400000000E+02     -0.1497010301E+02
    0.8500000000E+02     -0.1521729890E+02
    0.8600000000E+02     -0.1546323788E+02
    0.8700000000E+02     -0.1570770798E+02
    0.8800000000E+02     -0.1595049043E+02
    0.8900000000E+02     -0.1619067032E+02
    0.9000000000E+02     -0.1642900071E+02
    0.9100000000E+02     -0.1666545896E+02
    0.9200000000E+02     -0.1690042208E+02
    0.9300000000E+02     -0.1713317442E+02
    0.9400000000E+02     -0.1736406162E+02
    0.9500000000E+02     -0.1759289036E+02
    0.9600000000E+02     -0.1781894498E+02
    0.9700000000E+02     -0.1804303733E+02
    0.9800000000E+02     -0.1826510539E+02
    0.9900000000E+02     -0.1848493322E+02
    0.1000000000E+03     -0.1870182482E+02
    0.1010000000E+03     -0.1891631278E+02
    0.1020000000E+03     -0.1912864715E+02
    0.1030000000E+03     -0.1933839435E+02
    0.1040000000E+03     -0.1954519155E+02
    0.1050000000E+03     -0.1974947553E+02
    0.1060000000E+03     -0.1995164908E+02
    0.1070000000E+03     -0.2015109505E+02
    0.1080000000E+03     -0.2034765272E+02
    0.1090000000E+03     -0.2054168125E+02
    0.1100000000E+03     -0.2073284863E+02
    0.1110000000E+03     -0.2092147982E+02
    0.1120000000E+03     -0.2110755699E+02
    0.1130000000E+03     -0.2129042102E+02
    0.1140000000E+03     -0.2147089107E+02
    0.1150000000E+03     -0.2164826128E+02
    0.1160000000E+03     -0.2182280788E+02
    0.1170000000E+03     -0.2199373125E+02
    0.1180000000E+03     -0.2216187741E+02
    0.1190000000E+03     -0.2232706330E+02
    0.1200000000E+03     -0.2248934412E+02
    0.1210000000E+03     -0.2264905240E+02
    0.1220000000E+03     -0.2280534834E+02
    0.1230000000E+03     -0.2295922430E+02
    0.1240000000E+03     -0.2310992218E+02
    0.1250000000E+03     -0.2325735964E+02
    0.1260000000E+03     -0.2340168472E+02
    0.1270000000E+03     -0.2354329543E+02
    0.1280000000E+03     -0.2368160077E+02
    0.1290000000E+03     -0.2381693815E+02
    0.1300000000E+03     -0.2394892880E+02
    0.1310000000E+03     -0.2407761790E+02
    0.1320000000E+03     -0.2420275798E+02
    0.1330000000E+03     -0.2432566448E+02
    0.1340000000E+03     -0.2444600491E+02
    0.1350000000E+03     -0.2456234930E+02
    0.1360000000E+03     -0.2467563583E+02
    0.1370000000E+03     -0.2478512347E+02
    0.1380000000E+03     -0.2489149206E+02
    0.1390000000E+03     -0.2499526283E+02
    0.1400000000E+03     -0.2509539051E+02
    0.1410000000E+03     -0.2519236662E+02
    0.1420000000E+03     -0.2528665081E+02
    0.1430000000E+03     -0.2537816072E+02
    0.1440000000E+03     -0.2546656385E+02
    0.1450000000E+03     -0.2555118932E+02
    0.1460000000E+03     -0.2563254551E+02
    0.1470000000E+03     -0.2571022747E+02
    0.1480000000E+03     -0.2578505506E+02
    0.1490000000E+03     -0.2585700416E+02
    0.1500000000E+03     -0.2592519865E+02
    0.1510000000E+03     -0.2599027484E+02
    0.1520000000E+03     -0.2605223124E+02
    0.1530000000E+03     -0.2611073671E+02
    0.1540000000E+03     -0.2616630586E+02
    0.1550000000E+03     -0.2621911642E+02
    0.1560000000E+03     -0.2626845457E+02
    0.1570000000E+03     -0.2631366213E+02
    0.1580000000E+03     -0.2635565924E+02
    0.1590000000E+03     -0.2639453215E+02
    0.1600000000E+03     -0.2643061804E+02
    0.1610000000E+03     -0.2646298973E+02
    0.1620000000E+03     -0.2649266488E+02
    0.1630000000E+03     -0.2652011087E+02
    0.1640000000E+03     -0.2654259333E+02
    0.1650000000E+03     -0.2656222251E+02
    0.1660000000E+03     -0.2657834519E+02
    0.1670000000E+03     -0.2659213344E+02
    0.1680000000E+03     -0.2660201526E+02
    0.1690000000E+03     -0.2660906634E+02
    0.1700000000E+03     -0.2661287258E+02
    0.1710000000E+03     -0.2661248416E+02
    0.1720000000E+03     -0.2661001763E+02
    0.1730000000E+03     -0.2660350258E+02
    0.1740000000E+03     -0.2659448018E+02
    0.1750000000E+03     -0.2658239897E+02
    0.1760000000E+03     -0.2656685155E+02
    0.1770000000E+03     -0.2654840572E+02
    0.1780000000E+03     -0.2652605540E+02
    0.1790000000E+03     -0.2649996956E+02
    0.1800000000E+03     -0.2647141867E+02
    0.1810000000E+03     -0.2643951629E+02
    0.1820000000E+03     -0.2640418835E+02
    0.1830000000E+03     -0.2636589063E+02
    0.1840000000E+03     -0.2632418231E+02
    0.1850000000E+03     -0.2627895426E+02
    0.1860000000E+03     -0.2623066177E+02
    0.1870000000E+03     -0.2617939898E+02
    0.1880000000E+03     -0.2612467578E+02
    0.1890000000E+03     -0.2606709637E+02
    0.1900000000E+03     -0.2600718590E+02
    0.1910000000E+03     -0.2594323988E+02
    0.1920000000E+03     -0.2587593624E+02
    0.1930000000E+03     -0.2580599512E+02
    0.1940000000E+03     -0.2573276992E+02
    0.1950000000E+03     -0.2565683631E+02
    0.1960000000E+03     -0.2557641552E+02
    0.1970000000E+03     -0.2549319229E+02
    0.1980000000E+03     -0.2540750170E+02
    0.1990000000E+03     -0.2531873291E+02
    0.2000000000E+03     -0.2522692170E+02
    0.2010000000E+03     -0.2513139947E+02
    0.2020000000E+03     -0.2503275928E+02
    0.2030000000E+03     -0.2493129640E+02
    0.2040000000E+03     -0.2482765352E+02
    0.2050000000E+03     -0.2472025079E+02
    0.2060000000E+03     -0.2461034720E+02
    0.2070000000E+03     -0.2449697338E+02
    0.2080000000E+03     -0.2438062503E+02
    0.2090000000E+03     -0.2426202778E+02
    0.2100000000E+03     -0.2414079092E+02
    0.2110000000E+03     -0.2401588737E+02
    0.2120000000E+03     -0.2388841233E+02
    0.2130000000E+03     -0.2375798621E+02
    0.2140000000E+03     -0.2362425399E+02
    0.2150000000E+03     -0.2348825993E+02
    0.2160000000E+03     -0.2334987038E+02
    0.2170000000E+03     -0.2320788857E+02
    0.2180000000E+03     -0.2306349951E+02
    0.2190000000E+03     -0.2291597034E+02
    0.2200000000E+03     -0.2276583307E+02
    0.2210000000E+03     -0.2261324428E+02
    0.2220000000E+03     -0.2245776111E+02
    0.2230000000E+03     -0.2229911056E+02
    0.2240000000E+03     -0.2213783169E+02
    0.2250000000E+03     -0.2197459321E+02
    0.2260000000E+03     -0.2180848947E+02
    0.2270000000E+03     -0.2163955833E+02
    0.2280000000E+03     -0.2146881277E+02
    0.2290000000E+03     -0.2129506886E+02
    0.2300000000E+03     -0.2111851063E+02
    0.2310000000E+03     -0.2093964972E+02
    0.2320000000E+03     -0.2075822754E+02
    0.2330000000E+03     -0.2057515526E+02
    0.2340000000E+03     -0.2038933801E+02
    0.2350000000E+03     -0.2020106626E+02
    0.2360000000E+03     -0.2001036420E+02
    0.2370000000E+03     -0.1981811867E+02
    0.2380000000E+03     -0.1962376730E+02
    0.2390000000E+03     -0.1942745531E+02
    0.2400000000E+03     -0.1922838140E+02
    0.2410000000E+03     -0.1902695428E+02
    0.2420000000E+03     -0.1882387924E+02
    0.2430000000E+03     -0.1862001164E+02
    0.2440000000E+03     -0.1841344832E+02
    0.2450000000E+03     -0.1820520184E+02
    0.2460000000E+03     -0.1799516521E+02
    0.2470000000E+03     -0.1778329272E+02
    0.2480000000E+03     -0.1757080537E+02
    0.2490000000E+03     -0.1735589668E+02
    0.2500000000E+03     -0.1714073710E+02
    0.2510000000E+03     -0.1692330836E+02
    0.2520000000E+03     -0.1670474578E+02
    0.2530000000E+03     -0.1648540693E+02
    0.2540000000E+03     -0.1626492800E+02
    0.2550000000E+03     -0.1604321504E+02
    0.2560000000E+03     -0.1581955702E+02
    0.2570000000E+03     -0.1559468908E+02
    0.2580000000E+03     -0.1536949785E+02
    0.2590000000E+03     -0.1514318649E+02
    0.2600000000E+03     -0.1491585488E+02
    0.2610000000E+03     -0.1468816253E+02
    0.2620000000E+03     -0.1445922669E+02
    0.2630000000E+03     -0.1423007979E+02
    0.2640000000E+03     -0.1400063685E+02
    0.2650000000E+03     -0.1377016034E+02
    0.2660000000E+03     -0.1353932711E+02
    0.2670000000E+03     -0.1330918772E+02
    0.2680000000E+03     -0.1307838070E+02
    0.2690000000E+03     -0.1284744643E+02
    0.2700000000E+03     -0.1261692594E+02
    0.2710000000E+03     -0.1238679807E+02
    0.2720000000E+03     -0.1215709737E+02
    0.2730000000E+03     -0.1192781952E+02
    0.2740000000E+03     -0.1170013400E+02
    0.2750000000E+03     -0.1147211130E+02
    0.2760000000E+03     -0.1124428715E+02
    0.2770000000E+03     -0.1101843222E+02
    0.2780000000E+03     -0.1079341461E+02
    0.2790000000E+03     -0.1056921711E+02
    0.2800000000E+03     -0.1034685716E+02
    0.2810000000E+03     -0.1012532649E+02
    0.2820000000E+03     -0.9904968108E+01
    0.2830000000E+03     -0.9687030264E+01
    0.2840000000E+03     -0.9470433234E+01
    0.2850000000E+03     -0.9256028951E+01
    0.2860000000E+03     -0.9044360219E+01
    0.2870000000E+03     -0.8833878998E+01
    0.2880000000E+03     -0.8624431002E+01
    0.2890000000E+03     -0.8419005536E+01
    0.2900000000E+03     -0.8216070211E+01
    0.2910000000E+03     -0.8016139906E+01
    0.2920000000E+03     -0.7818378872E+01
    0.2930000000E+03     -0.7626413737E+01
    0.2940000000E+03     -0.7432837090E+01
    0.2950000000E+03     -0.7243401085E+01
    0.2960000000E+03     -0.7057637929E+01
    0.2970000000E+03     -0.6876897093E+01
    0.2980000000E+03     -0.6697138103E+01
    0.2990000000E+03     -0.6522416987E+01
    0.3000000000E+03     -0.6354115742E+01
    0.3010000000E+03     -0.6187440493E+01
    0.3020000000E+03     -0.6026877186E+01
    0.3030000000E+03     -0.5870773256E+01
    0.3040000000E+03     -0.5719277999E+01
    0.3050000000E+03     -0.5572646089E+01
    0.3060000000E+03     -0.5432290623E+01
    0.3070000000E+03     -0.5296137911E+01
    0.3080000000E+03     -0.5164907555E+01
    0.3090000000E+03     -0.5040378545E+01
    0.3100000000E+03     -0.4920716079E+01
    0.3110000000E+03     -0.4807940998E+01
    0.3120000000E+03     -0.4700832503E+01
    0.3130000000E+03     -0.4597250060E+01
    0.3140000000E+03     -0.4503724387E+01
    0.3150000000E+03     -0.4416909084E+01
    0.3160000000E+03     -0.4335039528E+01
    0.3170000000E+03     -0.4262382720E+01
    0.3180000000E+03     -0.4195562383E+01
    0.3190000000E+03     -0.4137410570E+01
    0.3200000000E+03     -0.4084909777E+01
    0.3210000000E+03     -0.4043657385E+01
    0.3220000000E+03     -0.4012046630E+01
    0.3230000000E+03     -0.3984445017E+01
    0.3240000000E+03     -0.3969102891E+01
    0.3250000000E+03     -0.3964998991E+01
    0.3260000000E+03     -0.3963582857E+01
    0.3270000000E+03     -0.3975160752E+01
    0.3280000000E+03     -0.4000788341E+01
    0.3290000000E+03     -0.4033413764E+01
    0.3300000000E+03     -0.4075552335E+01
    0.3310000000E+03     -0.4122786500E+01
    0.3320000000E+03     -0.4184374599E+01
    0.3330000000E+03     -0.4259548702E+01
    0.3340000000E+03     -0.4344572662E+01
    0.3350000000E+03     -0.4437361196E+01
    0.3360000000E+03     -0.4540424774E+01
    0.3370000000E+03     -0.4658725683E+01
    0.3380000000E+03     -0.4790505001E+01
    0.3390000000E+03     -0.4932595391E+01
    0.3400000000E+03     -0.5085060136E+01
    0.3410000000E+03     -0.5250558157E+01
    0.3420000000E+03     -0.5431185024E+01
    0.3430000000E+03     -0.5627191611E+01
    0.3440000000E+03     -0.5832084199E+01
    0.3450000000E+03     -0.6052520316E+01
    0.3460000000E+03     -0.6289783256E+01
    0.3470000000E+03     -0.6536739811E+01
    0.3480000000E+03     -0.6802607456E+01
    0.3490000000E+03     -0.7083717600E+01
    0.3500000000E+03     -0.7376066191E+01
    0.3510000000E+03     -0.7688934196E+01
    0.3520000000E+03     -0.8016311353E+01
    0.3530000000E+03     -0.8358421747E+01
    0.3540000000E+03     -0.8716198044E+01
    0.3550000000E+03     -0.9091959726E+01
    0.3560000000E+03     -0.9484003583E+01
    0.3570000000E+03     -0.9892260842E+01
    0.3580000000E+03     -0.1031703112E+02
    0.3590000000E+03     -0.1076157498E+02
    0.3600000000E+03     -0.1122508682E+02
    0.3610000000E+03     -0.1171013723E+02
    0.3620000000E+03     -0.1221108216E+02
    0.3630000000E+03     -0.1273435428E+02
    0.3640000000E+03     -0.1327620200E+02
    0.3650000000E+03     -0.1383242265E+02
    0.3660000000E+03     -0.1441881616E+02
    0.3670000000E+03     -0.1501911474E+02
    0.3680000000E+03     -0.1564265171E+02
    0.3690000000E+03     -0.1628926025E+02
    0.3700000000E+03     -0.1695529030E+02
    0.3710000000E+03     -0.1764507548E+02
    0.3720000000E+03     -0.1835593038E+02
    0.3730000000E+03     -0.1908306710E+02
    0.3740000000E+03     -0.1984197639E+02
    0.3750000000E+03     -0.2062340168E+02
    0.3760000000E+03     -0.2142736570E+02
    0.3770000000E+03     -0.2226011254E+02
    0.3780000000E+03     -0.2311059980E+02
    0.3790000000E+03     -0.2398418644E+02
    0.3800000000E+03     -0.2488582302E+02
    0.3810000000E+03     -0.2580902396E+02
    0.3820000000E+03     -0.2675671642E+02
    0.3830000000E+03     -0.2772461127E+02
    0.3840000000E+03     -0.2872492695E+02
    0.3850000000E+03     -0.2975550246E+02
    0.3860000000E+03     -0.3080992919E+02
    0.3870000000E+03     -0.3189099298E+02
    0.3880000000E+03     -0.3299827382E+02
    0.3890000000E+03     -0.3413942554E+02
    0.3900000000E+03     -0.3530171471E+02
    0.3910000000E+03     -0.3650000807E+02
    0.3920000000E+03     -0.3772656176E+02
    0.3930000000E+03     -0.3897180405E+02
    0.3940000000E+03     -0.4026311052E+02
    0.3950000000E+03     -0.4157155711E+02
    0.3960000000E+03     -0.4291638816E+02
    0.3970000000E+03     -0.4429498810E+02
    0.3980000000E+03     -0.4570598427E+02
    0.3990000000E+03     -0.4714283721E+02
    0.4000000000E+03     -0.4861784340E+02
    0.4010000000E+03     -0.5012898066E+02
    0.4020000000E+03     -0.5167637381E+02
    0.4030000000E+03     -0.5325627678E+02
    0.4040000000E+03     -0.5485856149E+02
    0.4050000000E+03     -0.5650870198E+02
    0.4060000000E+03     -0.5819784841E+02
    0.4070000000E+03     -0.5992103009E+02
    0.4080000000E+03     -0.6166943072E+02
    0.4090000000E+03     -0.6346347163E+02
    0.4100000000E+03     -0.6528945433E+02
    0.4110000000E+03     -0.6715952270E+02
    0.4120000000E+03     -0.6906416113E+02
    0.4130000000E+03     -0.7100561627E+02
    0.4140000000E+03     -0.7298868440E+02
    0.4150000000E+03     -0.7500719103E+02
    0.4160000000E+03     -0.7707097559E+02
    0.4170000000E+03     -0.7916661831E+02
    0.4180000000E+03     -0.8130373697E+02
    0.4190000000E+03     -0.8349825739E+02
    0.4200000000E+03     -0.8572885789E+02
    0.4210000000E+03     -0.8798539994E+02
    0.4220000000E+03     -0.9027651220E+02
    0.4230000000E+03     -0.9263163590E+02
    0.4240000000E+03     -0.9502265685E+02
    0.4250000000E+03     -0.9745395277E+02
    0.4260000000E+03     -0.9994795057E+02
    0.4270000000E+03     -0.1024767612E+03
    0.4280000000E+03     -0.1050394229E+03
    0.4290000000E+03     -0.1076557311E+03
    0.4300000000E+03     -0.1103264241E+03
    0.4310000000E+03     -0.1130358029E+03
    0.4320000000E+03     -0.1158096657E+03
    0.4330000000E+03     -0.1186216151E+03
    0.4340000000E+03     -0.1214877855E+03
    0.4350000000E+03     -0.1243976824E+03
    0.4360000000E+03     -0.1273368331E+03
    0.4370000000E+03     -0.1303472589E+03
    0.4380000000E+03     -0.1333978616E+03
    0.4390000000E+03     -0.1364992333E+03
    0.4400000000E+03     -0.1396645786E+03
    0.4410000000E+03     -0.1428889138E+03
    0.4420000000E+03     -0.1461719403E+03
    0.4430000000E+03     -0.1494991162E+03
    0.4440000000E+03     -0.1528633493E+03
    0.4450000000E+03     -0.1562904034E+03
    0.4460000000E+03     -0.1597734266E+03
    0.4470000000E+03     -0.1633237563E+03
    0.4480000000E+03     -0.1669247793E+03
    0.4490000000E+03     -0.1705884012E+03
    0.4500000000E+03     -0.1743041019E+03
    0.4510000000E+03     -0.1780793613E+03
    0.4520000000E+03     -0.1819048957E+03
    0.4530000000E+03     -0.1858032613E+03
    0.4540000000E+03     -0.1897530015E+03
    0.4550000000E+03     -0.1937594166E+03
    0.4560000000E+03     -0.1978386367E+03
    0.4570000000E+03     -0.2019711354E+03
    0.4580000000E+03     -0.2061806985E+03
    0.4590000000E+03     -0.2104392113E+03
    0.4600000000E+03     -0.2147829095E+03
    0.4610000000E+03     -0.2191891394E+03
    0.4620000000E+03     -0.2236310721E+03
    0.4630000000E+03     -0.2281495626E+03
    0.4640000000E+03     -0.2327337723E+03
    0.4650000000E+03     -0.2373769580E+03
    0.4660000000E+03     -0.2421071211E+03
    0.4670000000E+03     -0.2468958802E+03
    0.4680000000E+03     -0.2517312194E+03
    0.4690000000E+03     -0.2566627234E+03
    0.4700000000E+03     -0.2616387852E+03
    0.4710000000E+03     -0.2666926660E+03
    0.4720000000E+03     -0.2718307348E+03
    0.4730000000E+03     -0.2770450858E+03
    0.4740000000E+03     -0.2823021354E+03
    0.4750000000E+03     -0.2876745772E+03
    0.4760000000E+03     -0.2930781262E+03
    0.4770000000E+03     -0.2985805028E+03
    0.4780000000E+03     -0.3041657846E+03
    0.4790000000E+03     -0.3098398327E+03
    0.4800000000E+03     -0.3155266936E+03
    0.4810000000E+03     -0.3213412418E+03
    0.4820000000E+03     -0.3272320857E+03
    0.4830000000E+03     -0.3331863416E+03
    0.4840000000E+03     -0.3392498264E+03
    0.4850000000E+03     -0.3453520230E+03
