    0.0000000000E+00     -0.1569228131E+02
    0.1000000000E+01     -0.1314509991E+02
    0.2000000000E+01     -0.1127170669E+02
    0.3000000000E+01     -0.9784542508E+01
    0.4000000000E+01     -0.8565548955E+01
    0.5000000000E+01     -0.7550170668E+01
    0.6000000000E+01     -0.6697456682E+01
    0.7000000000E+01     -0.5979347130E+01
    0.8000000000E+01     -0.5375685926E+01
    0.9000000000E+01     -0.4870461286E+01
    0.1000000000E+02     -0.4450945556E+01
    0.1100000000E+02     -0.4107364525E+01
    0.1200000000E+02     -0.3831599912E+01
    0.1300000000E+02     -0.3616403753E+01
    0.1400000000E+02     -0.3456538963E+01
    0.1500000000E+02     -0.3346518888E+01
    0.1600000000E+02     -0.3281538208E+01
    0.1700000000E+02     -0.3258086431E+01
    0.1800000000E+02     -0.3272913596E+01
    0.1900000000E+02     -0.3322904142E+01
    0.2000000000E+02     -0.3404982272E+01
    0.2100000000E+02     -0.3516983991E+01
    0.2200000000E+02     -0.3656437168E+01
    0.2300000000E+02     -0.3821452751E+01
    0.2400000000E+02     -0.4010339074E+01
    0.2500000000E+02     -0.4221064269E+01
    0.2600000000E+02     -0.4452367060E+01
    0.2700000000E+02     -0.4702418187E+01
    0.2800000000E+02     -0.4970282576E+01
    0.2900000000E+02     -0.5254828987E+01
    0.3000000000E+02     -0.5554377854E+01
    0.3100000000E+02     -0.5867937722E+01
    0.3200000000E+02     -0.6194820226E+01
    0.3300000000E+02     -0.6533846500E+01
    0.3400000000E+02     -0.6884136902E+01
    0.3500000000E+02     -0.7245313321E+01
    0.3600000000E+02     -0.7616111704E+01
    0.3700000000E+02     -0.7996319075E+01
    0.3800000000E+02     -0.8384251338E+01
    0.3900000000E+02     -0.8779855493E+01
    0.4000000000E+02     -0.9183147773E+01
    0.4100000000E+02     -0.9593274226E+01
    0.4200000000E+02     -0.1000857829E+02
    0.4300000000E+02     -0.1042984007E+02
    0.4400000000E+02     -0.1085602921E+02
    0.4500000000E+02     -0.1128704120E+02
    0.4600000000E+02     -0.1172162200E+02
    0.4700000000E+02     -0.1216002280E+02
    0.4800000000E+02     -0.1260166194E+02
    0.4900000000E+02     -0.1304588002E+02
    0.5000000000E+02     -0.1349221800E+02
    0.5100000000E+02     -0.1394091887E+02
    0.5200000000E+02     -0.1439150079E+02
    0.5300000000E+02     -0.1484360623E+02
    0.5400000000E+02     -0.1529674435E+02
    0.5500000000E+02     -0.1575143900E+02
    0.5600000000E+02     -0.1620659823E+02
    0.5700000000E+02     -0.1666218925E+02
    0.5800000000E+02     -0.1711771718E+02
    0.5900000000E+02     -0.1757238732E+02
    0.6000000000E+02     -0.1802733288E+02
    0.6100000000E+02     -0.1848137835E+02
    0.6200000000E+02     -0.1893478174E+02
    0.6300000000E+02     -0.1938755528E+02
    0.6400000000E+02     -0.1983892110E+02
    0.6500000000E+02     -0.2028963114E+02
    0.6600000000E+02     -0.2073832583E+02
    0.6700000000E+02     -0.2118526034E+02
    0.6800000000E+02     -0.2163079578E+02
    0.6900000000E+02     -0.2207433366E+02
    0.7000000000E+02     -0.2251520768E+02
    0.7100000000E+02     -0.2295471751E+02
    0.7200000000E+02     -0.2339157465E+02
    0.7300000000E+02     -0.2382565234E+02
    0.7400000000E+02     -0.2425685855E+02
    0.7500000000E+02     -0.2468531808E+02
    0.7600000000E+02     -0.2511098247E+02
    0.7700000000E+02     -0.2553345898E+02
    0.7800000000E+02     -0.2595361872E+02
    0.7900000000E+02     -0.2637013051E+02
    0.8000000000E+02     -0.2678297172E+02
    0.8100000000E+02     -0.2719233547E+02
    0.8200000000E+02     -0.2759873932E+02
    0.8300000000E+02     -0.2800172653E+02
    0.8400000000E+02     -0.2840077965E+02
    0.8500000000E+02     -0.2879678503E+02
    0.8600000000E+02     -0.2918918359E+02
    0.8700000000E+02     -0.2957744338E+02
    0.8800000000E+02     -0.2996200884E+02
    0.8900000000E+02     -0.3034256610E+02
    0.9000000000E+02     -0.3071971195E+02
    0.9100000000E+02     -0.3109171150E+02
    0.9200000000E+02     -0.3146066524E+02
    0.9300000000E+02     -0.3182553337E+02
    0.9400000000E+02     -0.3218726772E+02
    0.9500000000E+02     -0.3254399592E+02
    0.9600000000E+02     -0.3289642345E+02
    0.9700000000E+02     -0.3324510795E+02
    0.9800000000E+02     -0.3358985116E+02
    0.9900000000E+02     -0.3393054995E+02
    0.1000000000E+03     -0.3426686672E+02
    0.1010000000E+03     -0.3459914838E+02
    0.1020000000E+03     -0.3492646355E+02
    0.1030000000E+03     -0.3524986001E+02
    0.1040000000E+03     -0.3556944093E+02
    0.1050000000E+03     -0.3588462496E+02
    0.1060000000E+03     -0.3619488638E+02
    0.1070000000E+03     -0.3650160218E+02
    0.1080000000E+03     -0.3680311318E+02
    0.1090000000E+03     -0.3710025775E+02
    0.1100000000E+03     -0.3739365644E+02
    0.1110000000E+03     -0.3768299173E+02
    0.1120000000E+03     -0.3796789120E+02
    0.1130000000E+03     -0.3824739235E+02
    0.1140000000E+03     -0.3852386291E+02
    0.1150000000E+03     -0.3879549371E+02
    0.1160000000E+03     -0.3906213152E+02
    0.1170000000E+03     -0.3932384794E+02
    0.1180000000E+03     -0.3958221224E+02
    0.1190000000E+03     -0.3983551538E+02
    0.1200000000E+03     -0.4008424214E+02
    0.1210000000E+03     -0.4032947624E+02
    0.1220000000E+03     -0.4056850780E+02
    0.1230000000E+03     -0.4080428462E+02
    0.1240000000E+03     -0.4103656704E+02
    0.1250000000E+03     -0.4126262049E+02
    0.1260000000E+03     -0.4148417497E+02
    0.1270000000E+03     -0.4170218497E+02
    0.1280000000E+03     -0.4191537781E+02
    0.1290000000E+03     -0.4212432526E+02
    0.1300000000E+03     -0.4232830603E+02
    0.1310000000E+03     -0.4252852497E+02
    0.1320000000E+03     -0.4272480952E+02
    0.1330000000E+03     -0.4291580347E+02
    0.1340000000E+03     -0.4310179500E+02
    0.1350000000E+03     -0.4328371305E+02
    0.1360000000E+03     -0.4346147812E+02
    0.1370000000E+03     -0.4363558846E+02
    0.1380000000E+03     -0.4380486341E+02
    0.1390000000E+03     -0.4396943571E+02
    0.1400000000E+03     -0.4412939328E+02
    0.1410000000E+03     -0.4428389480E+02
    0.1420000000E+03     -0.4443429710E+02
    0.1430000000E+03     -0.4458115964E+02
    0.1440000000E+03     -0.4472357712E+02
    0.1450000000E+03     -0.4486069505E+02
    0.1460000000E+03     -0.4499279175E+02
    0.1470000000E+03     -0.4512111762E+02
    0.1480000000E+03     -0.4524473473E+02
    0.1490000000E+03     -0.4536317375E+02
    0.1500000000E+03     -0.4547788607E+02
    0.1510000000E+03     -0.4558897421E+02
    0.1520000000E+03     -0.4569628057E+02
    0.1530000000E+03     -0.4579937528E+02
    0.1540000000E+03     -0.4589627240E+02
    0.1550000000E+03     -0.4599060300E+02
    0.1560000000E+03     -0.4607964102E+02
    0.1570000000E+03     -0.4616465108E+02
    0.1580000000E+03     -0.4624425778E+02
    0.1590000000E+03     -0.4631855532E+02
    0.1600000000E+03     -0.4638976399E+02
    0.1610000000E+03     -0.4645666668E+02
    0.1620000000E+03     -0.4651942693E+02
    0.1630000000E+03     -0.4657752325E+02
    0.1640000000E+03     -0.4663086804E+02
    0.1650000000E+03     -0.4668083187E+02
    0.1660000000E+03     -0.4672594457E+02
    0.1670000000E+03     -0.4676556966E+02
    0.1680000000E+03     -0.4680088328E+02
    0.1690000000E+03     -0.4683257973E+02
    0.1700000000E+03     -0.4686035529E+02
    0.1710000000E+03     -0.4688481027E+02
    0.1720000000E+03     -0.4690214193E+02
    0.1730000000E+03     -0.4691555642E+02
    0.1740000000E+03     -0.4692401511E+02
    0.1750000000E+03     -0.4692922959E+02
    0.1760000000E+03     -0.4692954313E+02
    0.1770000000E+03     -0.4692550500E+02
    0.1780000000E+03     -0.4691734215E+02
    0.1790000000E+03     -0.4690523532E+02
    0.1800000000E+03     -0.4688876217E+02
    0.1810000000E+03     -0.4686650752E+02
    0.1820000000E+03     -0.4684116309E+02
    0.1830000000E+03     -0.4681202130E+02
    0.1840000000E+03     -0.4677807780E+02
    0.1850000000E+03     -0.4673902255E+02
    0.1860000000E+03     -0.4669685939E+02
    0.1870000000E+03     -0.4664945810E+02
    0.1880000000E+03     -0.4659709583E+02
    0.1890000000E+03     -0.4654026172E+02
    0.1900000000E+03     -0.4648037033E+02
    0.1910000000E+03     -0.4641528734E+02
    0.1920000000E+03     -0.4634551999E+02
    0.1930000000E+03     -0.4627077675E+02
    0.1940000000E+03     -0.4619217747E+02
    0.1950000000E+03     -0.4610987656E+02
    0.1960000000E+03     -0.4602247709E+02
    0.1970000000E+03     -0.4593034710E+02
    0.1980000000E+03     -0.4583330019E+02
    0.1990000000E+03     -0.4573322204E+02
    0.2000000000E+03     -0.4562869213E+02
    0.2010000000E+03     -0.4552018151E+02
    0.2020000000E+03     -0.4540655688E+02
    0.2030000000E+03     -0.4528993540E+02
    0.2040000000E+03     -0.4516592548E+02
    0.2050000000E+03     -0.4503867179E+02
    0.2060000000E+03     -0.4490774130E+02
    0.2070000000E+03     -0.4477166450E+02
    0.2080000000E+03     -0.4463107085E+02
    0.2090000000E+03     -0.4448818929E+02
    0.2100000000E+03     -0.4433969003E+02
    0.2110000000E+03     -0.4418676048E+02
    0.2120000000E+03     -0.4403016737E+02
    0.2130000000E+03     -0.4386830180E+02
    0.2140000000E+03     -0.4370222132E+02
    0.2150000000E+03     -0.4353242350E+02
    0.2160000000E+03     -0.4335784411E+02
    0.2170000000E+03     -0.4317951326E+02
    0.2180000000E+03     -0.4299649244E+02
    0.2190000000E+03     -0.4281079337E+02
    0.2200000000E+03     -0.4261759841E+02
    0.2210000000E+03     -0.4242243256E+02
    0.2220000000E+03     -0.4222358326E+02
    0.2230000000E+03     -0.4201998379E+02
    0.2240000000E+03     -0.4181034409E+02
    0.2250000000E+03     -0.4159775690E+02
    0.2260000000E+03     -0.4138013959E+02
    0.2270000000E+03     -0.4115979571E+02
    0.2280000000E+03     -0.4093481165E+02
    0.2290000000E+03     -0.4070513981E+02
    0.2300000000E+03     -0.4047092398E+02
    0.2310000000E+03     -0.4023342039E+02
    0.2320000000E+03     -0.3999145070E+02
    0.2330000000E+03     -0.3974508784E+02
    0.2340000000E+03     -0.3949472364E+02
    0.2350000000E+03     -0.3924170104E+02
    0.2360000000E+03     -0.3898387208E+02
    0.2370000000E+03     -0.3872267137E+02
    0.2380000000E+03     -0.3845686480E+02
    0.2390000000E+03     -0.3818560419E+02
    0.2400000000E+03     -0.3791068508E+02
    0.2410000000E+03     -0.3763372751E+02
    0.2420000000E+03     -0.3735151786E+02
    0.2430000000E+03     -0.3706463017E+02
    0.2440000000E+03     -0.3677460865E+02
    0.2450000000E+03     -0.3648069769E+02
    0.2460000000E+03     -0.3618333944E+02
    0.2470000000E+03     -0.3588222158E+02
    0.2480000000E+03     -0.3557791236E+02
    0.2490000000E+03     -0.3526860504E+02
    0.2500000000E+03     -0.3495641422E+02
    0.2510000000E+03     -0.3464069451E+02
    0.2520000000E+03     -0.3431939631E+02
    0.2530000000E+03     -0.3399700131E+02
    0.2540000000E+03     -0.3367072263E+02
    0.2550000000E+03     -0.3333919285E+02
    0.2560000000E+03     -0.3300503698E+02
    0.2570000000E+03     -0.3266735606E+02
    0.2580000000E+03     -0.3232702257E+02
    0.2590000000E+03     -0.3198307839E+02
    0.2600000000E+03     -0.3163713636E+02
    0.2610000000E+03     -0.3128778054E+02
    0.2620000000E+03     -0.3093802866E+02
    0.2630000000E+03     -0.3058367655E+02
    0.2640000000E+03     -0.3022684597E+02
    0.2650000000E+03     -0.2986670914E+02
    0.2660000000E+03     -0.2950516951E+02
    0.2670000000E+03     -0.2913833848E+02
    0.2680000000E+03     -0.2877070141E+02
    0.2690000000E+03     -0.2840089828E+02
    0.2700000000E+03     -0.2802756174E+02
    0.2710000000E+03     -0.2765308532E+02
    0.2720000000E+03     -0.2727619185E+02
    0.2730000000E+03     -0.2689762064E+02
    0.2740000000E+03     -0.2651570907E+02
    0.2750000000E+03     -0.2613154967E+02
    0.2760000000E+03     -0.2574567333E+02
    0.2770000000E+03     -0.2535909966E+02
    0.2780000000E+03     -0.2497158252E+02
    0.2790000000E+03     -0.2458139666E+02
    0.2800000000E+03     -0.2419064501E+02
    0.2810000000E+03     -0.2380253596E+02
    0.2820000000E+03     -0.2340824374E+02
    0.2830000000E+03     -0.2301552709E+02
    0.2840000000E+03     -0.2261953740E+02
    0.2850000000E+03     -0.2222389447E+02
    0.2860000000E+03     -0.2182919779E+02
    0.2870000000E+03     -0.2142922263E+02
    0.2880000000E+03     -0.2103272152E+02
    0.2890000000E+03     -0.2063638143E+02
    0.2900000000E+03     -0.2023877098E+02
    0.2910000000E+03     -0.1984107916E+02
    0.2920000000E+03     -0.1944235649E+02
    0.2930000000E+03     -0.1904815935E+02
    0.2940000000E+03     -0.1865441328E+02
    0.2950000000E+03     -0.1825961320E+02
    0.2960000000E+03     -0.1786759071E+02
    0.2970000000E+03     -0.1747818851E+02
    0.2980000000E+03     -0.1708628234E+02
    0.2990000000E+03     -0.1669772467E+02
    0.3000000000E+03     -0.1631310952E+02
    0.3010000000E+03     -0.1592933857E+02
    0.3020000000E+03     -0.1554677206E+02
    0.3030000000E+03     -0.1516613550E+02
    0.3040000000E+03     -0.1478914649E+02
    0.3050000000E+03     -0.1441324705E+02
    0.3060000000E+03     -0.1404285603E+02
    0.3070000000E+03     -0.1367499441E+02
    0.3080000000E+03     -0.1331275046E+02
    0.3090000000E+03     -0.1294586344E+02
    0.3100000000E+03     -0.1258629351E+02
    0.3110000000E+03     -0.1222923573E+02
    0.3120000000E+03     -0.1187649687E+02
    0.3130000000E+03     -0.1152908687E+02
    0.3140000000E+03     -0.1118815386E+02
    0.3150000000E+03     -0.1085062904E+02
    0.3160000000E+03     -0.1051752381E+02
    0.3170000000E+03     -0.1018887264E+02
    0.3180000000E+03     -0.9867412753E+01
    0.3190000000E+03     -0.9551070151E+01
    0.3200000000E+03     -0.9237708774E+01
    0.3210000000E+03     -0.8933878472E+01
    0.3220000000E+03     -0.8636864745E+01
    0.3230000000E+03     -0.8343597779E+01
    0.3240000000E+03     -0.8058589427E+01
    0.3250000000E+03     -0.7779940773E+01
    0.3260000000E+03     -0.7506153324E+01
    0.3270000000E+03     -0.7241059299E+01
    0.3280000000E+03     -0.6982685000E+01
    0.3290000000E+03     -0.6731535257E+01
    0.3300000000E+03     -0.6490351341E+01
    0.3310000000E+03     -0.6259689391E+01
    0.3320000000E+03     -0.6033703944E+01
    0.3330000000E+03     -0.5821495915E+01
    0.3340000000E+03     -0.5614237704E+01
    0.3350000000E+03     -0.5416180525E+01
    0.3360000000E+03     -0.5228792981E+01
    0.3370000000E+03     -0.5050166448E+01
    0.3380000000E+03     -0.4882108151E+01
    0.3390000000E+03     -0.4719115161E+01
    0.3400000000E+03     -0.4571037518E+01
    0.3410000000E+03     -0.4433643386E+01
    0.3420000000E+03     -0.4309831644E+01
    0.3430000000E+03     -0.4193890871E+01
    0.3440000000E+03     -0.4100017639E+01
    0.3450000000E+03     -0.4012956235E+01
    0.3460000000E+03     -0.3939360977E+01
    0.3470000000E+03     -0.3875752941E+01
    0.3480000000E+03     -0.3824373029E+01
    0.3490000000E+03     -0.3783035187E+01
    0.3500000000E+03     -0.3755461464E+01
    0.3510000000E+03     -0.3748366619E+01
    0.3520000000E+03     -0.3749757673E+01
    0.3530000000E+03     -0.3765225585E+01
    0.3540000000E+03     -0.3793890920E+01
    0.3550000000E+03     -0.3845543761E+01
    0.3560000000E+03     -0.3910553585E+01
    0.3570000000E+03     -0.3988773487E+01
    0.3580000000E+03     -0.4077203308E+01
    0.3590000000E+03     -0.4188034412E+01
    0.3600000000E+03     -0.4316972922E+01
    0.3610000000E+03     -0.4461413700E+01
    0.3620000000E+03     -0.4627588856E+01
    0.3630000000E+03     -0.4802049017E+01
    0.3640000000E+03     -0.5002008622E+01
    0.3650000000E+03     -0.5214785162E+01
    0.3660000000E+03     -0.5449742104E+01
    0.3670000000E+03     -0.5705848259E+01
    0.3680000000E+03     -0.5985087786E+01
    0.3690000000E+03     -0.6281567921E+01
    0.3700000000E+03     -0.6588966534E+01
    0.3710000000E+03     -0.6922499205E+01
    0.3720000000E+03     -0.7277297866E+01
    0.3730000000E+03     -0.7654222783E+01
    0.3740000000E+03     -0.8045716116E+01
    0.3750000000E+03     -0.8458418031E+01
    0.3760000000E+03     -0.8901704467E+01
    0.3770000000E+03     -0.9364330395E+01
    0.3780000000E+03     -0.9857251904E+01
    0.3790000000E+03     -0.1037374801E+02
    0.3800000000E+03     -0.1091176385E+02
    0.3810000000E+03     -0.1145922318E+02
    0.3820000000E+03     -0.1204207769E+02
    0.3830000000E+03     -0.1265353558E+02
    0.3840000000E+03     -0.1328792821E+02
    0.3850000000E+03     -0.1394434486E+02
    0.3860000000E+03     -0.1463518152E+02
    0.3870000000E+03     -0.1535699673E+02
    0.3880000000E+03     -0.1610061144E+02
    0.3890000000E+03     -0.1687267304E+02
    0.3900000000E+03     -0.1767422227E+02
    0.3910000000E+03     -0.1849462812E+02
    0.3920000000E+03     -0.1933990828E+02
    0.3930000000E+03     -0.2021494873E+02
    0.3940000000E+03     -0.2112023569E+02
    0.3950000000E+03     -0.2207262093E+02
    0.3960000000E+03     -0.2304228312E+02
    0.3970000000E+03     -0.2404440541E+02
    0.3980000000E+03     -0.2508543058E+02
    0.3990000000E+03     -0.2615173035E+02
    0.4000000000E+03     -0.2725671633E+02
    0.4010000000E+03     -0.2838171434E+02
    0.4020000000E+03     -0.2955988503E+02
    0.4030000000E+03     -0.3075748417E+02
    0.4040000000E+03     -0.3199062670E+02
    0.4050000000E+03     -0.3324825567E+02
    0.4060000000E+03     -0.3454843953E+02
    0.4070000000E+03     -0.3588653750E+02
    0.4080000000E+03     -0.3725133900E+02
    0.4090000000E+03     -0.3865508061E+02
    0.4100000000E+03     -0.4009514830E+02
    0.4110000000E+03     -0.4158094929E+02
    0.4120000000E+03     -0.4310412677E+02
    0.4130000000E+03     -0.4465405637E+02
    0.4140000000E+03     -0.4625533228E+02
    0.4150000000E+03     -0.4790064401E+02
    0.4160000000E+03     -0.4957862419E+02
    0.4170000000E+03     -0.5128357456E+02
    0.4180000000E+03     -0.5304350736E+02
    0.4190000000E+03     -0.5484411669E+02
    0.4200000000E+03     -0.5667822341E+02
    0.4210000000E+03     -0.5857103318E+02
    0.4220000000E+03     -0.6050151340E+02
    0.4230000000E+03     -0.6247558575E+02
    0.4240000000E+03     -0.6449372155E+02
    0.4250000000E+03     -0.6655304764E+02
    0.4260000000E+03     -0.6865434297E+02
    0.4270000000E+03     -0.7080599794E+02
    0.4280000000E+03     -0.7299785273E+02
    0.4290000000E+03     -0.7525003073E+02
    0.4300000000E+03     -0.7753585206E+02
    0.4310000000E+03     -0.7987265897E+02
    0.4320000000E+03     -0.8227236770E+02
    0.4330000000E+03     -0.8470450391E+02
    0.4340000000E+03     -0.8717965324E+02
    0.4350000000E+03     -0.8970615644E+02
    0.4360000000E+03     -0.9228395459E+02
    0.4370000000E+03     -0.9492942448E+02
    0.4380000000E+03     -0.9762823721E+02
    0.4390000000E+03     -0.1003621358E+03
    0.4400000000E+03     -0.1031738945E+03
    0.4410000000E+03     -0.1060149964E+03
    0.4420000000E+03     -0.1088881428E+03
    0.4430000000E+03     -0.1118397602E+03
    0.4440000000E+03     -0.1148363822E+03
    0.4450000000E+03     -0.1179005875E+03
    0.4460000000E+03     -0.1210257660E+03
    0.4470000000E+03     -0.1242260749E+03
    0.4480000000E+03     -0.1274662711E+03
    0.4490000000E+03     -0.1307828328E+03
    0.4500000000E+03     -0.1341101576E+03
    0.4510000000E+03     -0.1375160710E+03
    0.4520000000E+03     -0.1409867041E+03
    0.4530000000E+03     -0.1445283105E+03
    0.4540000000E+03     -0.1481103161E+03
    0.4550000000E+03     -0.1517903691E+03
    0.4560000000E+03     -0.1555150102E+03
    0.4570000000E+03     -0.1592904901E+03
    0.4580000000E+03     -0.1631549368E+03
    0.4590000000E+03     -0.1670519983E+03
    0.4600000000E+03     -0.1710323062E+03
    0.4610000000E+03     -0.1750620205E+03
    0.4620000000E+03     -0.1791559756E+03
    0.4630000000E+03     -0.1833372724E+03
    0.4640000000E+03     -0.1875903306E+03
    0.4650000000E+03     -0.1918924110E+03
    0.4660000000E+03     -0.1962810079E+03
    0.4670000000E+03     -0.2007380331E+03
    0.4680000000E+03     -0.2052775484E+03
    0.4690000000E+03     -0.2098553883E+03
    0.4700000000E+03     -0.2145205024E+03
    0.4710000000E+03     -0.2192641440E+03
    0.4720000000E+03     -0.2240715909E+03
    0.4730000000E+03     -0.2289488109E+03
    0.4740000000E+03     -0.2338926012E+03
    0.4750000000E+03     -0.2389244330E+03
    0.4760000000E+03     -0.2440489566E+03
    0.4770000000E+03     -0.2492442547E+03
    0.4780000000E+03     -0.2544962211E+03
    0.4790000000E+03     -0.2598525687E+03
    0.4800000000E+03     -0.2652900480E+03
    0.4810000000E+03     -0.2708432725E+03
    0.4820000000E+03     -0.2764196891E+03
    0.4830000000E+03     -0.2820788860E+03
    0.4840000000E+03     -0.2877815200E+03
    0.4850000000E+03     -0.2936170865E+03
