    0.00000000E+00      -7.211857927067220420E-12
    1.00000000E+00      -6.057400089097761398E-04
    2.00000000E+00      -3.366293066270294870E-02
    3.00000000E+00      -9.919877462754267405E-02
    4.00000000E+00      -1.970419506122927378E-01
    5.00000000E+00      -3.274588791084378503E-01
    6.00000000E+00      -4.900933418386357321E-01
    7.00000000E+00      -6.849872175444569056E-01
    8.00000000E+00      -9.127713750882717747E-01
    9.00000000E+00      -1.172765948724034946E+00
    1.00000000E+01      -1.465603826770724538E+00
    1.10000000E+01      -1.789515136263471806E+00
    1.20000000E+01      -2.146524827366353083E+00
    1.30000000E+01      -2.536192581886103525E+00
    1.40000000E+01      -2.957711134391022512E+00
    1.50000000E+01      -3.411866441824628282E+00
    1.60000000E+01      -3.897218155535428608E+00
    1.70000000E+01      -4.415234800661535175E+00
    1.80000000E+01      -4.966069053795746591E+00
    1.90000000E+01      -5.549298846779811001E+00
    2.00000000E+01      -6.163363612938850267E+00
    2.10000000E+01      -6.810337499391069471E+00
    2.20000000E+01      -7.489630342535957830E+00
    2.30000000E+01      -8.201543686191094196E+00
    2.40000000E+01      -8.943417665974143560E+00
    2.50000000E+01      -9.718368940999882355E+00
    2.60000000E+01      -1.052707477576316109E+01
    2.70000000E+01      -1.136527861390777971E+01
    2.80000000E+01      -1.223621401625601202E+01
    2.90000000E+01      -1.313993347517920540E+01
    3.00000000E+01      -1.407575991384522496E+01
    3.10000000E+01      -1.504352945598108349E+01
    3.20000000E+01      -1.604189859403538776E+01
    3.30000000E+01      -1.707318981826757209E+01
    3.40000000E+01      -1.813547265511667206E+01
    3.50000000E+01      -1.922913850317138440E+01
    3.60000000E+01      -2.035575899168497926E+01
    3.70000000E+01      -2.151191577394441623E+01
    3.80000000E+01      -2.270039768762427812E+01
    3.90000000E+01      -2.392126300769218261E+01
    4.00000000E+01      -2.517380850458297203E+01
    4.10000000E+01      -2.645581813813853955E+01
    4.20000000E+01      -2.777101593212144337E+01
    4.30000000E+01      -2.911772789541996076E+01
    4.40000000E+01      -3.049462139046841003E+01
    4.50000000E+01      -3.190173628820951990E+01
    4.60000000E+01      -3.333581380779845205E+01
    4.70000000E+01      -3.480729729405918249E+01
    4.80000000E+01      -3.630657056632004043E+01
    4.90000000E+01      -3.783346862070309413E+01
    5.00000000E+01      -3.939469498874434805E+01
    5.10000000E+01      -4.098526008628389405E+01
    5.20000000E+01      -4.260694629864967453E+01
    5.30000000E+01      -4.426307947199289572E+01
    5.40000000E+01      -4.594536958782884994E+01
    5.50000000E+01      -4.766006486493893135E+01
    5.60000000E+01      -4.940450469619037221E+01
    5.70000000E+01      -5.117612142859427138E+01
    5.80000000E+01      -5.298249544673619482E+01
    5.90000000E+01      -5.481786114866194737E+01
    6.00000000E+01      -5.668113222872958090E+01
    6.10000000E+01      -5.857402198663223203E+01
    6.20000000E+01      -6.049800052675260531E+01
    6.30000000E+01      -6.244714373623182269E+01
    6.40000000E+01      -6.443381188441048835E+01
    6.50000000E+01      -6.645024350218710651E+01
    6.60000000E+01      -6.848987298922210698E+01
    6.70000000E+01      -7.055947315788941410E+01
    6.80000000E+01      -7.265841346705593651E+01
    6.90000000E+01      -7.478524173153215315E+01
    7.00000000E+01      -7.694262973823981611E+01
    7.10000000E+01      -7.912847364981882947E+01
    7.20000000E+01      -8.134200048485263324E+01
    7.30000000E+01      -8.358321219072126951E+01
    7.40000000E+01      -8.585200780372866802E+01
    7.50000000E+01      -8.814833242805991631E+01
    7.60000000E+01      -9.047501804359603739E+01
    7.70000000E+01      -9.283014931883712961E+01
    7.80000000E+01      -9.520977187309495093E+01
    7.90000000E+01      -9.761369966936064202E+01
    8.00000000E+01      -1.000524524132021043E+02
    8.10000000E+01      -1.025153419106313777E+02
    8.20000000E+01      -1.050041234859637029E+02
    8.30000000E+01      -1.075254663457004085E+02
    8.40000000E+01      -1.100741794687758102E+02
    8.50000000E+01      -1.126478084827850807E+02
    8.60000000E+01      -1.152445968502991036E+02
    8.70000000E+01      -1.178703683232513413E+02
    8.80000000E+01      -1.205206353412886529E+02
    8.90000000E+01      -1.231971230761473635E+02
    9.00000000E+01      -1.258986191621105490E+02
    9.10000000E+01      -1.286296497943678787E+02
    9.20000000E+01      -1.313896025337307947E+02
    9.30000000E+01      -1.341710953767079673E+02
    9.40000000E+01      -1.369865628738407395E+02
    9.50000000E+01      -1.398193872468685868E+02
    9.60000000E+01      -1.426750012105865153E+02
    9.70000000E+01      -1.455570368038028164E+02
    9.80000000E+01      -1.484618409436988031E+02
    9.90000000E+01      -1.513950466762512406E+02
    1.00000000E+02      -1.543535322379933632E+02
    1.01000000E+02      -1.573345707249908401E+02
    1.02000000E+02      -1.603441968007967944E+02
    1.03000000E+02      -1.633733731186239311E+02
    1.04000000E+02      -1.664285766016223533E+02
    1.05000000E+02      -1.695022717436133917E+02
    1.06000000E+02      -1.726078810890670638E+02
    1.07000000E+02      -1.757364157446374975E+02
    1.08000000E+02      -1.788939957835443693E+02
    1.09000000E+02      -1.820692772786827618E+02
    1.10000000E+02      -1.852657789220103268E+02
    1.11000000E+02      -1.884819087656187548E+02
    1.12000000E+02      -1.917293304286547482E+02
    1.13000000E+02      -1.949940386613889132E+02
    1.14000000E+02      -1.983001702193732854E+02
    1.15000000E+02      -2.016128942989059851E+02
    1.16000000E+02      -2.049452871314383628E+02
    1.17000000E+02      -2.083067185989903010E+02
    1.18000000E+02      -2.116822423272863034E+02
    1.19000000E+02      -2.150858316998183000E+02
    1.20000000E+02      -2.185140106166820715E+02
    1.21000000E+02      -2.219631948382998416E+02
    1.22000000E+02      -2.254459507271446910E+02
    1.23000000E+02      -2.289395451068805869E+02
    1.24000000E+02      -2.324604387679651154E+02
    1.25000000E+02      -2.360015011437224075E+02
    1.26000000E+02      -2.395614746938977078E+02
    1.27000000E+02      -2.431372783786937362E+02
    1.28000000E+02      -2.467441858415159004E+02
    1.29000000E+02      -2.503708284409967746E+02
    1.30000000E+02      -2.540273072501308889E+02
    1.31000000E+02      -2.576922928843448517E+02
    1.32000000E+02      -2.613803157662164267E+02
    1.33000000E+02      -2.650980360139294589E+02
    1.34000000E+02      -2.688193095540350441E+02
    1.35000000E+02      -2.725708169083764005E+02
    1.36000000E+02      -2.763540741653841906E+02
    1.37000000E+02      -2.801471328339537195E+02
    1.38000000E+02      -2.839713406825894708E+02
    1.39000000E+02      -2.878019982890980373E+02
    1.40000000E+02      -2.916523488897669267E+02
    1.41000000E+02      -2.955387247410617420E+02
    1.42000000E+02      -2.994360117697865462E+02
    1.43000000E+02      -3.033512360939430437E+02
    1.44000000E+02      -3.072875382588208595E+02
    1.45000000E+02      -3.112384231257335614E+02
    1.46000000E+02      -3.152211334306795152E+02
    1.47000000E+02      -3.192178737237303494E+02
    1.48000000E+02      -3.232298069748896978E+02
    1.49000000E+02      -3.272820953668010588E+02
    1.50000000E+02      -3.313424291484216155E+02
    1.51000000E+02      -3.354321286853821675E+02
    1.52000000E+02      -3.395695704689808281E+02
    1.53000000E+02      -3.436931689869938964E+02
    1.54000000E+02      -3.478379513747320289E+02
    1.55000000E+02      -3.520158786319216233E+02
    1.56000000E+02      -3.561982622746352263E+02
    1.57000000E+02      -3.603995508560624330E+02
    1.58000000E+02      -3.646355582127221169E+02
    1.59000000E+02      -3.688878691424115459E+02
    1.60000000E+02      -3.731532352014778553E+02
    1.61000000E+02      -3.774394515323879205E+02
    1.62000000E+02      -3.817516276016090160E+02
    1.63000000E+02      -3.860905102391866421E+02
    1.64000000E+02      -3.904451493586909692E+02
    1.65000000E+02      -3.948083496605083837E+02
    1.66000000E+02      -3.991959766365346240E+02
    1.67000000E+02      -4.035945581028763627E+02
    1.68000000E+02      -4.080232932599244577E+02
    1.69000000E+02      -4.124752971477860228E+02
    1.70000000E+02      -4.169428166639031588E+02
    1.71000000E+02      -4.214426484928369518E+02
    1.72000000E+02      -4.259511033047851924E+02
    1.73000000E+02      -4.304793889061818390E+02
    1.74000000E+02      -4.350326889984860372E+02
    1.75000000E+02      -4.396054919650425745E+02
    1.76000000E+02      -4.442032388473933224E+02
    1.77000000E+02      -4.488136339717148076E+02
    1.78000000E+02      -4.534460495431246727E+02
    1.79000000E+02      -4.581015243079868924E+02
    1.80000000E+02      -4.627722998930667018E+02
    1.81000000E+02      -4.674702410194013282E+02
    1.82000000E+02      -4.721952044880338235E+02
    1.83000000E+02      -4.769296026740287289E+02
    1.84000000E+02      -4.816872691462695002E+02
    1.85000000E+02      -4.864674501174586112E+02
    1.86000000E+02      -4.912678763972703564E+02
    1.87000000E+02      -4.960977733695019651E+02
    1.88000000E+02      -5.009451541822336367E+02
    1.89000000E+02      -5.058065495760233716E+02
    1.90000000E+02      -5.106938576267066310E+02
    1.91000000E+02      -5.156019659740522911E+02
    1.92000000E+02      -5.205303902684536297E+02
    1.93000000E+02      -5.254834153390720530E+02
    1.94000000E+02      -5.304605710940918470E+02
    1.95000000E+02      -5.354581876645906959E+02
    1.96000000E+02      -5.404824472854054420E+02
    1.97000000E+02      -5.455238691924068917E+02
    1.98000000E+02      -5.505944912506101900E+02
    1.99000000E+02      -5.556851381027074694E+02
    2.00000000E+02      -5.607927569087064512E+02
    2.01000000E+02      -5.659164357291138003E+02
    2.02000000E+02      -5.710725919069134306E+02
    2.03000000E+02      -5.762499270368334692E+02
    2.04000000E+02      -5.814530029348616154E+02
    2.05000000E+02      -5.866683964944008949E+02
    2.06000000E+02      -5.919163553148882784E+02
    2.07000000E+02      -5.971739050449452861E+02
    2.08000000E+02      -6.024688957455648506E+02
    2.09000000E+02      -6.077843145362444375E+02
    2.10000000E+02      -6.131226079995892633E+02
    2.11000000E+02      -6.184889644162540208E+02
    2.12000000E+02      -6.238716117717376619E+02
    2.13000000E+02      -6.292863382479927168E+02
    2.14000000E+02      -6.347121954607596308E+02
    2.15000000E+02      -6.401737437777903779E+02
    2.16000000E+02      -6.456451870869404956E+02
    2.17000000E+02      -6.511487693470876366E+02
    2.18000000E+02      -6.566788505645831719E+02
    2.19000000E+02      -6.622271134036100193E+02
    2.20000000E+02      -6.678315267560899429E+02
    2.21000000E+02      -6.734319858742819633E+02
    2.22000000E+02      -6.790556952383474254E+02
    2.23000000E+02      -6.847320398480278527E+02
    2.24000000E+02      -6.904052456280687693E+02
    2.25000000E+02      -6.961174165043662470E+02
    2.26000000E+02      -7.018349150715162068E+02
    2.27000000E+02      -7.075895405747164659E+02
    2.28000000E+02      -7.133730661605009118E+02
    2.29000000E+02      -7.191834187300892154E+02
    2.30000000E+02      -7.250221049992326243E+02
    2.31000000E+02      -7.308798053852863177E+02
    2.32000000E+02      -7.367637827351813939E+02
    2.33000000E+02      -7.426744323990351404E+02
    2.34000000E+02      -7.486055000553199079E+02
    2.35000000E+02      -7.545839855668039036E+02
    2.36000000E+02      -7.605700643626569217E+02
    2.37000000E+02      -7.665852970002238180E+02
    2.38000000E+02      -7.726455254001825779E+02
    2.39000000E+02      -7.787268567206494936E+02
    2.40000000E+02      -7.848319628708313758E+02
    2.41000000E+02      -7.909676793424273455E+02
    2.42000000E+02      -7.971240003314903788E+02
    2.43000000E+02      -8.033074922937644260E+02
    2.44000000E+02      -8.095272294883498034E+02
    2.45000000E+02      -8.157808764770684320E+02
    2.46000000E+02      -8.220562059526555458E+02
    2.47000000E+02      -8.283331750712443409E+02
    2.48000000E+02      -8.346603013669894153E+02
    2.49000000E+02      -8.410284532056257376E+02
    2.50000000E+02      -8.474018003964260970E+02
    2.51000000E+02      -8.538139664756961338E+02
    2.52000000E+02      -8.602362468751753113E+02
    2.53000000E+02      -8.667271263444436045E+02
    2.54000000E+02      -8.732295394007114737E+02
    2.55000000E+02      -8.797578701863853894E+02
    2.56000000E+02      -8.863118123745227876E+02
    2.57000000E+02      -8.928772155347201078E+02
    2.58000000E+02      -8.994865369282756546E+02
    2.59000000E+02      -9.061362160952580780E+02
    2.60000000E+02      -9.128189106424883903E+02
    2.61000000E+02      -9.195268298736887118E+02
    2.62000000E+02      -9.262692405760483325E+02
    2.63000000E+02      -9.330117542244920514E+02
    2.64000000E+02      -9.397758951738032920E+02
    2.65000000E+02      -9.466252625404704304E+02
    2.66000000E+02      -9.534757199248906545E+02
    2.67000000E+02      -9.603754165893039954E+02
    2.68000000E+02      -9.672594303299895273E+02
    2.69000000E+02      -9.742114069051899605E+02
    2.70000000E+02      -9.811777802643675841E+02
    2.71000000E+02      -9.881526106970393357E+02
    2.72000000E+02      -9.951805417019004381E+02
    2.73000000E+02      -1.002235275743403236E+03
    2.74000000E+02      -1.009319113113375806E+03
    2.75000000E+02      -1.016430833824946149E+03
    2.76000000E+02      -1.023560894832213762E+03
    2.77000000E+02      -1.030741904904672310E+03
    2.78000000E+02      -1.037923935615288428E+03
    2.79000000E+02      -1.045162937878659022E+03
    2.80000000E+02      -1.052426517392246296E+03
    2.81000000E+02      -1.059673342288188906E+03
    2.82000000E+02      -1.066985320321216477E+03
    2.83000000E+02      -1.074351273063971121E+03
    2.84000000E+02      -1.081734195165306346E+03
    2.85000000E+02      -1.089143459082761638E+03
    2.86000000E+02      -1.096591762322658951E+03
    2.87000000E+02      -1.104056904333497869E+03
    2.88000000E+02      -1.111549904615665810E+03
    2.89000000E+02      -1.119074312357075769E+03
    2.90000000E+02      -1.126658493477867069E+03
    2.91000000E+02      -1.134270786216000715E+03
    2.92000000E+02      -1.141872711324762349E+03
    2.93000000E+02      -1.149521748267099383E+03
    2.94000000E+02      -1.157199778517583582E+03
    2.95000000E+02      -1.164906842097579329E+03
    2.96000000E+02      -1.172632723307208380E+03
    2.97000000E+02      -1.180389157164493781E+03
    2.98000000E+02      -1.188179013576735542E+03
    2.99000000E+02      -1.195985309940082971E+03
    3.00000000E+02      -1.203836342256692660E+03
    3.01000000E+02      -1.211696978500149498E+03
    3.02000000E+02      -1.219595276356521481E+03
    3.03000000E+02      -1.227518663774251763E+03
    3.04000000E+02      -1.235477625158618366E+03
    3.05000000E+02      -1.243470605890287516E+03
    3.06000000E+02      -1.251493805775281999E+03
    3.07000000E+02      -1.259532463300826748E+03
    3.08000000E+02      -1.267608866571843919E+03
    3.09000000E+02      -1.275714309097744717E+03
    3.10000000E+02      -1.283826690152141055E+03
    3.11000000E+02      -1.292008351425517958E+03
    3.12000000E+02      -1.300181516987310715E+03
    3.13000000E+02      -1.308402214347257996E+03
    3.14000000E+02      -1.316627107414719603E+03
    3.15000000E+02      -1.324874536477994070E+03
    3.16000000E+02      -1.333183462908881438E+03
    3.17000000E+02      -1.341508846910825241E+03
    3.18000000E+02      -1.349853978125842787E+03
    3.19000000E+02      -1.358222535598282548E+03
    3.20000000E+02      -1.366606642282769144E+03
    3.21000000E+02      -1.375035936482372563E+03
    3.22000000E+02      -1.383517069741022169E+03
    3.23000000E+02      -1.392011411121154424E+03
    3.24000000E+02      -1.400496380063542802E+03
    3.25000000E+02      -1.409029376270719240E+03
    3.26000000E+02      -1.417542653124512526E+03
    3.27000000E+02      -1.426146627706670870E+03
    3.28000000E+02      -1.434784256764102565E+03
    3.29000000E+02      -1.443380025388305739E+03
    3.30000000E+02      -1.452000456837987713E+03
    3.31000000E+02      -1.460678650301312700E+03
    3.32000000E+02      -1.469395103180573642E+03
    3.33000000E+02      -1.478185753546003980E+03
    3.34000000E+02      -1.486866264957107887E+03
    3.35000000E+02      -1.495701598910220355E+03
    3.36000000E+02      -1.504451385347576434E+03
    3.37000000E+02      -1.513255325818543952E+03
    3.38000000E+02      -1.522039130908645120E+03
    3.39000000E+02      -1.530901388857033453E+03
    3.40000000E+02      -1.539840735549344799E+03
    3.41000000E+02      -1.548731297764963983E+03
    3.42000000E+02      -1.557665161500346585E+03
    3.43000000E+02      -1.566702023173103498E+03
    3.44000000E+02      -1.575656963168731636E+03
    3.45000000E+02      -1.584629431858935277E+03
    3.46000000E+02      -1.593690267940436570E+03
    3.47000000E+02      -1.602722876811734068E+03
    3.48000000E+02      -1.611753909329066573E+03
    3.49000000E+02      -1.620876624015595098E+03
    3.50000000E+02      -1.629917812419833353E+03
    3.51000000E+02      -1.639034212574325466E+03
    3.52000000E+02      -1.648136639176936342E+03
    3.53000000E+02      -1.657418333084460755E+03
    3.54000000E+02      -1.666564705784027865E+03
    3.55000000E+02      -1.675743286953335883E+03
    3.56000000E+02      -1.685007121999796709E+03
    3.57000000E+02      -1.694206827702925239E+03
    3.58000000E+02      -1.703489798574865745E+03
    3.59000000E+02      -1.712712845165514864E+03
    3.60000000E+02      -1.722021969950530774E+03
    3.61000000E+02      -1.731339969596932178E+03
    3.62000000E+02      -1.740665930761541404E+03
    3.63000000E+02      -1.750121192570045423E+03
    3.64000000E+02      -1.759455887800223991E+03
    3.65000000E+02      -1.768836804973689595E+03
    3.66000000E+02      -1.778241293797167145E+03
    3.67000000E+02      -1.787634028435004211E+03
    3.68000000E+02      -1.797026741931473225E+03
    3.69000000E+02      -1.806538304261668372E+03
    3.70000000E+02      -1.816008816643293130E+03
    3.71000000E+02      -1.825425037492165302E+03
    3.72000000E+02      -1.834949894543202845E+03
    3.73000000E+02      -1.844402463239022381E+03
    3.74000000E+02      -1.853900501902830229E+03
    3.75000000E+02      -1.863411038397013726E+03
    3.76000000E+02      -1.872994315719451151E+03
    3.77000000E+02      -1.882468298861826725E+03
    3.78000000E+02      -1.892096967409078388E+03
    3.79000000E+02      -1.901740144637029061E+03
    3.80000000E+02      -1.911253510120007377E+03
    3.81000000E+02      -1.920852565158352945E+03
    3.82000000E+02      -1.930345793080118483E+03
    3.83000000E+02      -1.940142374862190991E+03
    3.84000000E+02      -1.949722769426466812E+03
    3.85000000E+02      -1.959336657478709412E+03
    3.86000000E+02      -1.969067763281827865E+03
    3.87000000E+02      -1.978793280265866088E+03
    3.88000000E+02      -1.988503716775111798E+03
    3.89000000E+02      -1.998169504179475553E+03
    3.90000000E+02      -2.007904207029400368E+03
    3.91000000E+02      -2.017582742733809255E+03
    3.92000000E+02      -2.027272347069761736E+03
    3.93000000E+02      -2.036949426057520895E+03
    3.94000000E+02      -2.046709075774786470E+03
    3.95000000E+02      -2.056516775015041276E+03
    3.96000000E+02      -2.066210569605707406E+03
    3.97000000E+02      -2.075884120252869707E+03
    3.98000000E+02      -2.085683846600005381E+03
    3.99000000E+02      -2.095578996378252668E+03
    4.00000000E+02      -2.105208415497014357E+03
    4.01000000E+02      -2.114974135548683989E+03
    4.02000000E+02      -2.124821710828706273E+03
    4.03000000E+02      -2.134483050503123195E+03
    4.04000000E+02      -2.144262152485820479E+03
    4.05000000E+02      -2.154179349321991140E+03
    4.06000000E+02      -2.163876710932246169E+03
    4.07000000E+02      -2.173752099851586991E+03
    4.08000000E+02      -2.183583275636348390E+03
    4.09000000E+02      -2.193462575981993723E+03
    4.10000000E+02      -2.203024467971547438E+03
    4.11000000E+02      -2.212811480565993406E+03
    4.12000000E+02      -2.222553835983619138E+03
    4.13000000E+02      -2.232369069480749204E+03
    4.14000000E+02      -2.242253347660260260E+03
    4.15000000E+02      -2.251857480793452851E+03
    4.16000000E+02      -2.261794549666163221E+03
    4.17000000E+02      -2.271484782697975334E+03
    4.18000000E+02      -2.281216982636773537E+03
    4.19000000E+02      -2.290880934513981629E+03
    4.20000000E+02      -2.300694444275456590E+03
    4.21000000E+02      -2.310353095492339889E+03
    4.22000000E+02      -2.320222858323391392E+03
    4.23000000E+02      -2.330100339483448806E+03
    4.24000000E+02      -2.339851672685203084E+03
    4.25000000E+02      -2.349659536008934083E+03
    4.26000000E+02      -2.359186855384306455E+03
    4.27000000E+02      -2.368882206941803815E+03
    4.28000000E+02      -2.378677128400373022E+03
    4.29000000E+02      -2.388441555508838064E+03
    4.30000000E+02      -2.398184486304457550E+03
    4.31000000E+02      -2.407935446018808307E+03
    4.32000000E+02      -2.417790042350814019E+03
    4.33000000E+02      -2.427433394167549523E+03
    4.34000000E+02      -2.437011985594429007E+03
    4.35000000E+02      -2.446730890097931024E+03
    4.36000000E+02      -2.456353157998327788E+03
    4.37000000E+02      -2.465963815449400499E+03
    4.38000000E+02      -2.475496857486944464E+03
    4.39000000E+02      -2.485056635031921360E+03
    4.40000000E+02      -2.494733165908906813E+03
    4.41000000E+02      -2.504403554768568029E+03
    4.42000000E+02      -2.513811877068506419E+03
    4.43000000E+02      -2.523416205195974726E+03
    4.44000000E+02      -2.533045689475060044E+03
    4.45000000E+02      -2.542411689678497169E+03
    4.46000000E+02      -2.551965247954260121E+03
    4.47000000E+02      -2.561184289340463692E+03
    4.48000000E+02      -2.570915730519146564E+03
    4.49000000E+02      -2.580293560934671859E+03
    4.50000000E+02      -2.589725039364964232E+03
    4.51000000E+02      -2.599120979241748500E+03
    4.52000000E+02      -2.608724224643364323E+03
    4.53000000E+02      -2.617840763691695429E+03
    4.54000000E+02      -2.627369762040067599E+03
    4.55000000E+02      -2.636846212231735080E+03
    4.56000000E+02      -2.646115672655133949E+03
    4.57000000E+02      -2.655324763191123566E+03
    4.58000000E+02      -2.664325154366596053E+03
    4.59000000E+02      -2.673949403494342732E+03
    4.60000000E+02      -2.682850121064723226E+03
    4.61000000E+02      -2.692069896737925319E+03
    4.62000000E+02      -2.701126332806591108E+03
    4.63000000E+02      -2.710016345489578271E+03
    4.64000000E+02      -2.719360661916010940E+03
    4.65000000E+02      -2.728202744517154770E+03
    4.66000000E+02      -2.737328371996000897E+03
    4.67000000E+02      -2.746391544310928111E+03
    4.68000000E+02      -2.755599598595804309E+03
    4.69000000E+02      -2.764348381973099094E+03
    4.70000000E+02      -2.773074561633264693E+03
    4.71000000E+02      -2.781689685552909395E+03
    4.72000000E+02      -2.791213887864694698E+03
    4.73000000E+02      -2.799872825368290250E+03
    4.74000000E+02      -2.808325041363416858E+03
    4.75000000E+02      -2.817236482909110237E+03
    4.76000000E+02      -2.825893829281507806E+03
    4.77000000E+02      -2.834389212533852515E+03
    4.78000000E+02      -2.843326683312948262E+03
    4.79000000E+02      -2.851772870862768741E+03
    4.80000000E+02      -2.860839073486022698E+03
    4.81000000E+02      -2.868734256743935475E+03
    4.82000000E+02      -2.877439329378264574E+03
    4.83000000E+02      -2.885660009662416087E+03
    4.84000000E+02      -2.894131823442708082E+03
    4.85000000E+02      -2.902553166637338563E+03
    4.86000000E+02      -2.910758289161323773E+03
    4.87000000E+02      -2.918619930888823092E+03
    4.88000000E+02      -2.927419967004014779E+03
    4.89000000E+02      -2.935650388448707417E+03
    4.90000000E+02      -2.943641902070971810E+03
    4.91000000E+02      -2.951828241397862257E+03
    4.92000000E+02      -2.959488954079134146E+03
    4.93000000E+02      -2.967828140775598513E+03
    4.94000000E+02      -2.975914987420475427E+03
    4.95000000E+02      -2.983108554103529059E+03
    4.96000000E+02      -2.991515923881680465E+03
    4.97000000E+02      -2.998868058993153682E+03
    4.98000000E+02      -3.006616651018490757E+03
    4.99000000E+02      -3.014533620530810367E+03
    5.00000000E+02      -3.021924068217531840E+03
    5.01000000E+02      -3.030216704578970621E+03
    5.02000000E+02      -3.037726901707066190E+03
    5.03000000E+02      -3.044623698414618957E+03
    5.04000000E+02      -3.051676732273534071E+03
    5.05000000E+02      -3.058781075872463589E+03
    5.06000000E+02      -3.066947955950026426E+03
    5.07000000E+02      -3.073697564760322166E+03
    5.08000000E+02      -3.080514878870681059E+03
    5.09000000E+02      -3.087734746242334040E+03
    5.10000000E+02      -3.094547760220830241E+03
