    0.0000000000E+00     -0.5405848961E+01
    0.1000000000E+01     -0.3922421810E+01
    0.2000000000E+01     -0.3105292089E+01
    0.3000000000E+01     -0.2666622431E+01
    0.4000000000E+01     -0.2488443443E+01
    0.5000000000E+01     -0.2506327103E+01
    0.6000000000E+01     -0.2679703976E+01
    0.7000000000E+01     -0.2980252056E+01
    0.8000000000E+01     -0.3387141052E+01
    0.9000000000E+01     -0.3884908107E+01
    0.1000000000E+02     -0.4461116291E+01
    0.1100000000E+02     -0.5105681269E+01
    0.1200000000E+02     -0.5810297665E+01
    0.1300000000E+02     -0.6567877400E+01
    0.1400000000E+02     -0.7372542354E+01
    0.1500000000E+02     -0.8219180499E+01
    0.1600000000E+02     -0.9103213310E+01
    0.1700000000E+02     -0.1002080180E+02
    0.1800000000E+02     -0.1096874592E+02
    0.1900000000E+02     -0.1194365363E+02
    0.2000000000E+02     -0.1294263507E+02
    0.2100000000E+02     -0.1396325850E+02
    0.2200000000E+02     -0.1500346896E+02
    0.2300000000E+02     -0.1606092722E+02
    0.2400000000E+02     -0.1713393236E+02
    0.2500000000E+02     -0.1822044054E+02
    0.2600000000E+02     -0.1931880702E+02
    0.2700000000E+02     -0.2042801337E+02
    0.2800000000E+02     -0.2154628670E+02
    0.2900000000E+02     -0.2267225533E+02
    0.3000000000E+02     -0.2380458457E+02
    0.3100000000E+02     -0.2494222570E+02
    0.3200000000E+02     -0.2608438113E+02
    0.3300000000E+02     -0.2722973429E+02
    0.3400000000E+02     -0.2837753389E+02
    0.3500000000E+02     -0.2952657084E+02
    0.3600000000E+02     -0.3067636121E+02
    0.3700000000E+02     -0.3182600123E+02
    0.3800000000E+02     -0.3297458217E+02
    0.3900000000E+02     -0.3412137050E+02
    0.4000000000E+02     -0.3526574682E+02
    0.4100000000E+02     -0.3640698439E+02
    0.4200000000E+02     -0.3754432002E+02
    0.4300000000E+02     -0.3867727933E+02
    0.4400000000E+02     -0.3980529048E+02
    0.4500000000E+02     -0.4092797994E+02
    0.4600000000E+02     -0.4204472949E+02
    0.4700000000E+02     -0.4315481533E+02
    0.4800000000E+02     -0.4425793090E+02
    0.4900000000E+02     -0.4535388181E+02
    0.5000000000E+02     -0.4644222631E+02
    0.5100000000E+02     -0.4752254723E+02
    0.5200000000E+02     -0.4859452694E+02
    0.5300000000E+02     -0.4965770556E+02
    0.5400000000E+02     -0.5071201839E+02
    0.5500000000E+02     -0.5175723715E+02
    0.5600000000E+02     -0.5279311165E+02
    0.5700000000E+02     -0.5381962254E+02
    0.5800000000E+02     -0.5483646319E+02
    0.5900000000E+02     -0.5584348106E+02
    0.6000000000E+02     -0.5684047235E+02
    0.6100000000E+02     -0.5782759254E+02
    0.6200000000E+02     -0.5880479081E+02
    0.6300000000E+02     -0.5977185972E+02
    0.6400000000E+02     -0.6072891701E+02
    0.6500000000E+02     -0.6167628859E+02
    0.6600000000E+02     -0.6261351229E+02
    0.6700000000E+02     -0.6354073651E+02
    0.6800000000E+02     -0.6445802973E+02
    0.6900000000E+02     -0.6536538732E+02
    0.7000000000E+02     -0.6626316213E+02
    0.7100000000E+02     -0.6715093073E+02
    0.7200000000E+02     -0.6802884678E+02
    0.7300000000E+02     -0.6889708119E+02
    0.7400000000E+02     -0.6975555489E+02
    0.7500000000E+02     -0.7060451838E+02
    0.7600000000E+02     -0.7144379901E+02
    0.7700000000E+02     -0.7227347004E+02
    0.7800000000E+02     -0.7309413577E+02
    0.7900000000E+02     -0.7390545295E+02
    0.8000000000E+02     -0.7470726450E+02
    0.8100000000E+02     -0.7549972469E+02
    0.8200000000E+02     -0.7628288418E+02
    0.8300000000E+02     -0.7705669235E+02
    0.8400000000E+02     -0.7782187254E+02
    0.8500000000E+02     -0.7857820436E+02
    0.8600000000E+02     -0.7932514915E+02
    0.8700000000E+02     -0.8006365737E+02
    0.8800000000E+02     -0.8079323918E+02
    0.8900000000E+02     -0.8151393857E+02
    0.9000000000E+02     -0.8222590491E+02
    0.9100000000E+02     -0.8292935993E+02
    0.9200000000E+02     -0.8362442111E+02
    0.9300000000E+02     -0.8431087136E+02
    0.9400000000E+02     -0.8498897427E+02
    0.9500000000E+02     -0.8565864607E+02
    0.9600000000E+02     -0.8632050627E+02
    0.9700000000E+02     -0.8697373541E+02
    0.9800000000E+02     -0.8761905897E+02
    0.9900000000E+02     -0.8825649948E+02
    0.1000000000E+03     -0.8888605015E+02
    0.1010000000E+03     -0.8950720034E+02
    0.1020000000E+03     -0.9012070589E+02
    0.1030000000E+03     -0.9072638523E+02
    0.1040000000E+03     -0.9132382140E+02
    0.1050000000E+03     -0.9191325625E+02
    0.1060000000E+03     -0.9249505423E+02
    0.1070000000E+03     -0.9306930631E+02
    0.1080000000E+03     -0.9363543898E+02
    0.1090000000E+03     -0.9419415043E+02
    0.1100000000E+03     -0.9474521094E+02
    0.1110000000E+03     -0.9528827893E+02
    0.1120000000E+03     -0.9582375401E+02
    0.1130000000E+03     -0.9635157096E+02
    0.1140000000E+03     -0.9687147846E+02
    0.1150000000E+03     -0.9738404950E+02
    0.1160000000E+03     -0.9788894329E+02
    0.1170000000E+03     -0.9838619388E+02
    0.1180000000E+03     -0.9887584191E+02
    0.1190000000E+03     -0.9935753380E+02
    0.1200000000E+03     -0.9983195148E+02
    0.1210000000E+03     -0.1002983831E+03
    0.1220000000E+03     -0.1007571369E+03
    0.1230000000E+03     -0.1012086788E+03
    0.1240000000E+03     -0.1016524647E+03
    0.1250000000E+03     -0.1020889596E+03
    0.1260000000E+03     -0.1025172657E+03
    0.1270000000E+03     -0.1029376555E+03
    0.1280000000E+03     -0.1033503469E+03
    0.1290000000E+03     -0.1037557915E+03
    0.1300000000E+03     -0.1041529938E+03
    0.1310000000E+03     -0.1045423784E+03
    0.1320000000E+03     -0.1049240221E+03
    0.1330000000E+03     -0.1052981254E+03
    0.1340000000E+03     -0.1056640249E+03
    0.1350000000E+03     -0.1060223147E+03
    0.1360000000E+03     -0.1063726084E+03
    0.1370000000E+03     -0.1067152876E+03
    0.1380000000E+03     -0.1070499370E+03
    0.1390000000E+03     -0.1073762686E+03
    0.1400000000E+03     -0.1076950380E+03
    0.1410000000E+03     -0.1080062904E+03
    0.1420000000E+03     -0.1083095844E+03
    0.1430000000E+03     -0.1086048454E+03
    0.1440000000E+03     -0.1088923344E+03
    0.1450000000E+03     -0.1091722540E+03
    0.1460000000E+03     -0.1094445679E+03
    0.1470000000E+03     -0.1097090364E+03
    0.1480000000E+03     -0.1099657814E+03
    0.1490000000E+03     -0.1102149269E+03
    0.1500000000E+03     -0.1104569407E+03
    0.1510000000E+03     -0.1106908245E+03
    0.1520000000E+03     -0.1109187492E+03
    0.1530000000E+03     -0.1111379731E+03
    0.1540000000E+03     -0.1113503212E+03
    0.1550000000E+03     -0.1115562493E+03
    0.1560000000E+03     -0.1117543853E+03
    0.1570000000E+03     -0.1119459782E+03
    0.1580000000E+03     -0.1121305908E+03
    0.1590000000E+03     -0.1123088415E+03
    0.1600000000E+03     -0.1124801089E+03
    0.1610000000E+03     -0.1126454887E+03
    0.1620000000E+03     -0.1128043069E+03
    0.1630000000E+03     -0.1129572789E+03
    0.1640000000E+03     -0.1131041065E+03
    0.1650000000E+03     -0.1132448478E+03
    0.1660000000E+03     -0.1133797392E+03
    0.1670000000E+03     -0.1135089373E+03
    0.1680000000E+03     -0.1136323395E+03
    0.1690000000E+03     -0.1137500660E+03
    0.1700000000E+03     -0.1138626271E+03
    0.1710000000E+03     -0.1139696013E+03
    0.1720000000E+03     -0.1140714859E+03
    0.1730000000E+03     -0.1141680085E+03
    0.1740000000E+03     -0.1142592284E+03
    0.1750000000E+03     -0.1143454483E+03
    0.1760000000E+03     -0.1144261844E+03
    0.1770000000E+03     -0.1145022071E+03
    0.1780000000E+03     -0.1145730455E+03
    0.1790000000E+03     -0.1146388154E+03
    0.1800000000E+03     -0.1146996920E+03
    0.1810000000E+03     -0.1147560611E+03
    0.1820000000E+03     -0.1148072270E+03
    0.1830000000E+03     -0.1148533671E+03
    0.1840000000E+03     -0.1148950739E+03
    0.1850000000E+03     -0.1149319544E+03
    0.1860000000E+03     -0.1149634746E+03
    0.1870000000E+03     -0.1149901460E+03
    0.1880000000E+03     -0.1150120047E+03
    0.1890000000E+03     -0.1150292952E+03
    0.1900000000E+03     -0.1150414276E+03
    0.1910000000E+03     -0.1150486010E+03
    0.1920000000E+03     -0.1150504860E+03
    0.1930000000E+03     -0.1150473962E+03
    0.1940000000E+03     -0.1150390715E+03
    0.1950000000E+03     -0.1150253418E+03
    0.1960000000E+03     -0.1150055878E+03
    0.1970000000E+03     -0.1149809856E+03
    0.1980000000E+03     -0.1149506185E+03
    0.1990000000E+03     -0.1149148828E+03
    0.2000000000E+03     -0.1148734493E+03
    0.2010000000E+03     -0.1148259921E+03
    0.2020000000E+03     -0.1147725612E+03
    0.2030000000E+03     -0.1147130782E+03
    0.2040000000E+03     -0.1146474953E+03
    0.2050000000E+03     -0.1145754957E+03
    0.2060000000E+03     -0.1144972854E+03
    0.2070000000E+03     -0.1144122123E+03
    0.2080000000E+03     -0.1143206735E+03
    0.2090000000E+03     -0.1142223496E+03
    0.2100000000E+03     -0.1141171542E+03
    0.2110000000E+03     -0.1140050385E+03
    0.2120000000E+03     -0.1138858088E+03
    0.2130000000E+03     -0.1137591763E+03
    0.2140000000E+03     -0.1136252911E+03
    0.2150000000E+03     -0.1134847091E+03
    0.2160000000E+03     -0.1133364781E+03
    0.2170000000E+03     -0.1131807690E+03
    0.2180000000E+03     -0.1130175505E+03
    0.2190000000E+03     -0.1128469841E+03
    0.2200000000E+03     -0.1126688021E+03
    0.2210000000E+03     -0.1124830955E+03
    0.2220000000E+03     -0.1122899425E+03
    0.2230000000E+03     -0.1120884433E+03
    0.2240000000E+03     -0.1118778380E+03
    0.2250000000E+03     -0.1116619702E+03
    0.2260000000E+03     -0.1114368964E+03
    0.2270000000E+03     -0.1112049178E+03
    0.2280000000E+03     -0.1109646866E+03
    0.2290000000E+03     -0.1107164334E+03
    0.2300000000E+03     -0.1104612303E+03
    0.2310000000E+03     -0.1101989840E+03
    0.2320000000E+03     -0.1099287366E+03
    0.2330000000E+03     -0.1096505649E+03
    0.2340000000E+03     -0.1093649057E+03
    0.2350000000E+03     -0.1090712926E+03
    0.2360000000E+03     -0.1087700378E+03
    0.2370000000E+03     -0.1084608446E+03
    0.2380000000E+03     -0.1081450821E+03
    0.2390000000E+03     -0.1078216066E+03
    0.2400000000E+03     -0.1074901163E+03
    0.2410000000E+03     -0.1071514779E+03
    0.2420000000E+03     -0.1068052470E+03
    0.2430000000E+03     -0.1064518548E+03
    0.2440000000E+03     -0.1060907563E+03
    0.2450000000E+03     -0.1057230308E+03
    0.2460000000E+03     -0.1053474130E+03
    0.2470000000E+03     -0.1049638906E+03
    0.2480000000E+03     -0.1045733017E+03
    0.2490000000E+03     -0.1041754908E+03
    0.2500000000E+03     -0.1037700716E+03
    0.2510000000E+03     -0.1033569904E+03
    0.2520000000E+03     -0.1029365621E+03
    0.2530000000E+03     -0.1025086555E+03
    0.2540000000E+03     -0.1020719872E+03
    0.2550000000E+03     -0.1016282929E+03
    0.2560000000E+03     -0.1011778489E+03
    0.2570000000E+03     -0.1007198421E+03
    0.2580000000E+03     -0.1002545137E+03
    0.2590000000E+03     -0.9978117440E+02
    0.2600000000E+03     -0.9930093107E+02
    0.2610000000E+03     -0.9881266814E+02
    0.2620000000E+03     -0.9831578192E+02
    0.2630000000E+03     -0.9781153713E+02
    0.2640000000E+03     -0.9730016285E+02
    0.2650000000E+03     -0.9677990302E+02
    0.2660000000E+03     -0.9625342922E+02
    0.2670000000E+03     -0.9571748812E+02
    0.2680000000E+03     -0.9517360173E+02
    0.2690000000E+03     -0.9462209310E+02
    0.2700000000E+03     -0.9406187590E+02
    0.2710000000E+03     -0.9349425097E+02
    0.2720000000E+03     -0.9291850203E+02
    0.2730000000E+03     -0.9233390131E+02
    0.2740000000E+03     -0.9174100851E+02
    0.2750000000E+03     -0.9114032217E+02
    0.2760000000E+03     -0.9053012984E+02
    0.2770000000E+03     -0.8991198322E+02
    0.2780000000E+03     -0.8928427825E+02
    0.2790000000E+03     -0.8864950340E+02
    0.2800000000E+03     -0.8800436260E+02
    0.2810000000E+03     -0.8735003033E+02
    0.2820000000E+03     -0.8668750859E+02
    0.2830000000E+03     -0.8601639456E+02
    0.2840000000E+03     -0.8533754413E+02
    0.2850000000E+03     -0.8464862824E+02
    0.2860000000E+03     -0.8395080836E+02
    0.2870000000E+03     -0.8324310165E+02
    0.2880000000E+03     -0.8252694010E+02
    0.2890000000E+03     -0.8180113602E+02
    0.2900000000E+03     -0.8106597524E+02
    0.2910000000E+03     -0.8032342155E+02
    0.2920000000E+03     -0.7957181874E+02
    0.2930000000E+03     -0.7881005924E+02
    0.2940000000E+03     -0.7803866658E+02
    0.2950000000E+03     -0.7726122970E+02
    0.2960000000E+03     -0.7647440516E+02
    0.2970000000E+03     -0.7567848646E+02
    0.2980000000E+03     -0.7487341375E+02
    0.2990000000E+03     -0.7405812240E+02
    0.3000000000E+03     -0.7323620228E+02
    0.3010000000E+03     -0.7240487385E+02
    0.3020000000E+03     -0.7156556357E+02
    0.3030000000E+03     -0.7071532919E+02
    0.3040000000E+03     -0.6985983741E+02
    0.3050000000E+03     -0.6899606927E+02
    0.3060000000E+03     -0.6812384797E+02
    0.3070000000E+03     -0.6724820167E+02
    0.3080000000E+03     -0.6636616131E+02
    0.3090000000E+03     -0.6547573614E+02
    0.3100000000E+03     -0.6457982091E+02
    0.3110000000E+03     -0.6367766459E+02
    0.3120000000E+03     -0.6276909904E+02
    0.3130000000E+03     -0.6185552510E+02
    0.3140000000E+03     -0.6093746285E+02
    0.3150000000E+03     -0.6001325855E+02
    0.3160000000E+03     -0.5908617001E+02
    0.3170000000E+03     -0.5815651838E+02
    0.3180000000E+03     -0.5722198798E+02
    0.3190000000E+03     -0.5628506076E+02
    0.3200000000E+03     -0.5534273678E+02
    0.3210000000E+03     -0.5440192342E+02
    0.3220000000E+03     -0.5345816946E+02
    0.3230000000E+03     -0.5251108280E+02
    0.3240000000E+03     -0.5156399026E+02
    0.3250000000E+03     -0.5061514513E+02
    0.3260000000E+03     -0.4966660993E+02
    0.3270000000E+03     -0.4871607462E+02
    0.3280000000E+03     -0.4776559171E+02
    0.3290000000E+03     -0.4681496240E+02
    0.3300000000E+03     -0.4586365824E+02
    0.3310000000E+03     -0.4491540453E+02
    0.3320000000E+03     -0.4396857106E+02
    0.3330000000E+03     -0.4302355503E+02
    0.3340000000E+03     -0.4208129193E+02
    0.3350000000E+03     -0.4114091819E+02
    0.3360000000E+03     -0.4020428498E+02
    0.3370000000E+03     -0.3926872200E+02
    0.3380000000E+03     -0.3833672530E+02
    0.3390000000E+03     -0.3740904130E+02
    0.3400000000E+03     -0.3648489300E+02
    0.3410000000E+03     -0.3556618952E+02
    0.3420000000E+03     -0.3465182294E+02
    0.3430000000E+03     -0.3374254133E+02
    0.3440000000E+03     -0.3283635589E+02
    0.3450000000E+03     -0.3193668715E+02
    0.3460000000E+03     -0.3104694122E+02
    0.3470000000E+03     -0.3016490470E+02
    0.3480000000E+03     -0.2928713054E+02
    0.3490000000E+03     -0.2842106212E+02
    0.3500000000E+03     -0.2756076803E+02
    0.3510000000E+03     -0.2670578332E+02
    0.3520000000E+03     -0.2586553809E+02
    0.3530000000E+03     -0.2502972824E+02
    0.3540000000E+03     -0.2420631685E+02
    0.3550000000E+03     -0.2338951738E+02
    0.3560000000E+03     -0.2258657330E+02
    0.3570000000E+03     -0.2179301885E+02
    0.3580000000E+03     -0.2100655075E+02
    0.3590000000E+03     -0.2023550807E+02
    0.3600000000E+03     -0.1947635376E+02
    0.3610000000E+03     -0.1872751751E+02
    0.3620000000E+03     -0.1798572897E+02
    0.3630000000E+03     -0.1725808105E+02
    0.3640000000E+03     -0.1654764100E+02
    0.3650000000E+03     -0.1584772599E+02
    0.3660000000E+03     -0.1516499863E+02
    0.3670000000E+03     -0.1449525575E+02
    0.3680000000E+03     -0.1384429290E+02
    0.3690000000E+03     -0.1320659952E+02
    0.3700000000E+03     -0.1258398405E+02
    0.3710000000E+03     -0.1197909416E+02
    0.3720000000E+03     -0.1138757312E+02
    0.3730000000E+03     -0.1081078757E+02
    0.3740000000E+03     -0.1026137226E+02
    0.3750000000E+03     -0.9722176747E+01
    0.3760000000E+03     -0.9202440670E+01
    0.3770000000E+03     -0.8703035107E+01
    0.3780000000E+03     -0.8222640835E+01
    0.3790000000E+03     -0.7762654774E+01
    0.3800000000E+03     -0.7320216684E+01
    0.3810000000E+03     -0.6904348436E+01
    0.3820000000E+03     -0.6509263450E+01
    0.3830000000E+03     -0.6131869593E+01
    0.3840000000E+03     -0.5775147576E+01
    0.3850000000E+03     -0.5443574873E+01
    0.3860000000E+03     -0.5134001072E+01
    0.3870000000E+03     -0.4849109494E+01
    0.3880000000E+03     -0.4590579959E+01
    0.3890000000E+03     -0.4349627124E+01
    0.3900000000E+03     -0.4134234258E+01
    0.3910000000E+03     -0.3946062085E+01
    0.3920000000E+03     -0.3782958172E+01
    0.3930000000E+03     -0.3648222606E+01
    0.3940000000E+03     -0.3546189699E+01
    0.3950000000E+03     -0.3466435402E+01
    0.3960000000E+03     -0.3411448645E+01
    0.3970000000E+03     -0.3388943781E+01
    0.3980000000E+03     -0.3390089440E+01
    0.3990000000E+03     -0.3422470153E+01
    0.4000000000E+03     -0.3480892777E+01
    0.4010000000E+03     -0.3569058121E+01
    0.4020000000E+03     -0.3696497984E+01
    0.4030000000E+03     -0.3857497318E+01
    0.4040000000E+03     -0.4051521808E+01
    0.4050000000E+03     -0.4277923884E+01
    0.4060000000E+03     -0.4530123901E+01
    0.4070000000E+03     -0.4822953329E+01
    0.4080000000E+03     -0.5143794714E+01
    0.4090000000E+03     -0.5497381935E+01
    0.4100000000E+03     -0.5889433503E+01
    0.4110000000E+03     -0.6334006322E+01
    0.4120000000E+03     -0.6800532201E+01
    0.4130000000E+03     -0.7308157276E+01
    0.4140000000E+03     -0.7849539701E+01
    0.4150000000E+03     -0.8430753941E+01
    0.4160000000E+03     -0.9062402509E+01
    0.4170000000E+03     -0.9725687785E+01
    0.4180000000E+03     -0.1043381128E+02
    0.4190000000E+03     -0.1115804273E+02
    0.4200000000E+03     -0.1193460346E+02
    0.4210000000E+03     -0.1276638658E+02
    0.4220000000E+03     -0.1361963075E+02
    0.4230000000E+03     -0.1451441463E+02
    0.4240000000E+03     -0.1547009113E+02
    0.4250000000E+03     -0.1647738184E+02
    0.4260000000E+03     -0.1752209866E+02
    0.4270000000E+03     -0.1860779950E+02
    0.4280000000E+03     -0.1974922392E+02
    0.4290000000E+03     -0.2092074098E+02
    0.4300000000E+03     -0.2216220125E+02
    0.4310000000E+03     -0.2344354961E+02
    0.4320000000E+03     -0.2477180019E+02
    0.4330000000E+03     -0.2615440458E+02
    0.4340000000E+03     -0.2758383254E+02
    0.4350000000E+03     -0.2906455650E+02
    0.4360000000E+03     -0.3061165336E+02
    0.4370000000E+03     -0.3220114558E+02
    0.4380000000E+03     -0.3384599670E+02
    0.4390000000E+03     -0.3554357584E+02
    0.4400000000E+03     -0.3728676221E+02
    0.4410000000E+03     -0.3909430596E+02
    0.4420000000E+03     -0.4096168238E+02
    0.4430000000E+03     -0.4287752828E+02
    0.4440000000E+03     -0.4486481321E+02
    0.4450000000E+03     -0.4689664696E+02
    0.4460000000E+03     -0.4899422568E+02
    0.4470000000E+03     -0.5112652404E+02
    0.4480000000E+03     -0.5333731392E+02
    0.4490000000E+03     -0.5561369231E+02
    0.4500000000E+03     -0.5793269343E+02
    0.4510000000E+03     -0.6031399674E+02
    0.4520000000E+03     -0.6277346773E+02
    0.4530000000E+03     -0.6528706394E+02
    0.4540000000E+03     -0.6788401824E+02
    0.4550000000E+03     -0.7053788835E+02
    0.4560000000E+03     -0.7326326481E+02
    0.4570000000E+03     -0.7607350329E+02
    0.4580000000E+03     -0.7891695248E+02
    0.4590000000E+03     -0.8184043908E+02
    0.4600000000E+03     -0.8483898588E+02
    0.4610000000E+03     -0.8790224255E+02
    0.4620000000E+03     -0.9101040754E+02
    0.4630000000E+03     -0.9421305719E+02
    0.4640000000E+03     -0.9748759344E+02
    0.4650000000E+03     -0.1008288055E+03
    0.4660000000E+03     -0.1042255985E+03
    0.4670000000E+03     -0.1077313350E+03
    0.4680000000E+03     -0.1112882773E+03
    0.4690000000E+03     -0.1149697244E+03
    0.4700000000E+03     -0.1186929199E+03
    0.4710000000E+03     -0.1225019708E+03
    0.4720000000E+03     -0.1264053136E+03
    0.4730000000E+03     -0.1303764938E+03
    0.4740000000E+03     -0.1344332302E+03
    0.4750000000E+03     -0.1385496913E+03
    0.4760000000E+03     -0.1427860507E+03
    0.4770000000E+03     -0.1470837895E+03
    0.4780000000E+03     -0.1514788003E+03
    0.4790000000E+03     -0.1559315387E+03
    0.4800000000E+03     -0.1604640647E+03
    0.4810000000E+03     -0.1651257391E+03
    0.4820000000E+03     -0.1698637136E+03
    0.4830000000E+03     -0.1746983392E+03
    0.4840000000E+03     -0.1795761111E+03
    0.4850000000E+03     -0.1845863067E+03
