    0.0000000000E+00     -0.2652669808E+01
    0.1000000000E+01     -0.2013456758E+01
    0.2000000000E+01     -0.2034453212E+01
    0.3000000000E+01     -0.2427806891E+01
    0.4000000000E+01     -0.3075738352E+01
    0.5000000000E+01     -0.3913626715E+01
    0.6000000000E+01     -0.4900477247E+01
    0.7000000000E+01     -0.6008210733E+01
    0.8000000000E+01     -0.7216256953E+01
    0.9000000000E+01     -0.8508768836E+01
    0.1000000000E+02     -0.9872951195E+01
    0.1100000000E+02     -0.1129867428E+02
    0.1200000000E+02     -0.1277773626E+02
    0.1300000000E+02     -0.1430323958E+02
    0.1400000000E+02     -0.1586893549E+02
    0.1500000000E+02     -0.1746944153E+02
    0.1600000000E+02     -0.1910035865E+02
    0.1700000000E+02     -0.2075749494E+02
    0.1800000000E+02     -0.2243727254E+02
    0.1900000000E+02     -0.2413669464E+02
    0.2000000000E+02     -0.2585260519E+02
    0.2100000000E+02     -0.2758212370E+02
    0.2200000000E+02     -0.2932258608E+02
    0.2300000000E+02     -0.3107179452E+02
    0.2400000000E+02     -0.3282781580E+02
    0.2500000000E+02     -0.3458845661E+02
    0.2600000000E+02     -0.3635182427E+02
    0.2700000000E+02     -0.3811605884E+02
    0.2800000000E+02     -0.3987909158E+02
    0.2900000000E+02     -0.4163978381E+02
    0.3000000000E+02     -0.4339604294E+02
    0.3100000000E+02     -0.4514651751E+02
    0.3200000000E+02     -0.4688982084E+02
    0.3300000000E+02     -0.4862435438E+02
    0.3400000000E+02     -0.5034870230E+02
    0.3500000000E+02     -0.5206089349E+02
    0.3600000000E+02     -0.5375942903E+02
    0.3700000000E+02     -0.5544261465E+02
    0.3800000000E+02     -0.5711025972E+02
    0.3900000000E+02     -0.5875973722E+02
    0.4000000000E+02     -0.6039133074E+02
    0.4100000000E+02     -0.6200415265E+02
    0.4200000000E+02     -0.6359837010E+02
    0.4300000000E+02     -0.6517365893E+02
    0.4400000000E+02     -0.6672965827E+02
    0.4500000000E+02     -0.6826772072E+02
    0.4600000000E+02     -0.6978784108E+02
    0.4700000000E+02     -0.7129030081E+02
    0.4800000000E+02     -0.7277483984E+02
    0.4900000000E+02     -0.7424260260E+02
    0.5000000000E+02     -0.7569408499E+02
    0.5100000000E+02     -0.7712903866E+02
    0.5200000000E+02     -0.7854768315E+02
    0.5300000000E+02     -0.7995086893E+02
    0.5400000000E+02     -0.8133804988E+02
    0.5500000000E+02     -0.8271018730E+02
    0.5600000000E+02     -0.8406792381E+02
    0.5700000000E+02     -0.8541073798E+02
    0.5800000000E+02     -0.8673877133E+02
    0.5900000000E+02     -0.8805350044E+02
    0.6000000000E+02     -0.8935402108E+02
    0.6100000000E+02     -0.9064023207E+02
    0.6200000000E+02     -0.9191281928E+02
    0.6300000000E+02     -0.9317233026E+02
    0.6400000000E+02     -0.9441850863E+02
    0.6500000000E+02     -0.9565131772E+02
    0.6600000000E+02     -0.9687091558E+02
    0.6700000000E+02     -0.9807700573E+02
    0.6800000000E+02     -0.9927010732E+02
    0.6900000000E+02     -0.1004500477E+03
    0.7000000000E+02     -0.1016173378E+03
    0.7100000000E+02     -0.1027715540E+03
    0.7200000000E+02     -0.1039133719E+03
    0.7300000000E+02     -0.1050420792E+03
    0.7400000000E+02     -0.1061584805E+03
    0.7500000000E+02     -0.1072616774E+03
    0.7600000000E+02     -0.1083528360E+03
    0.7700000000E+02     -0.1094314477E+03
    0.7800000000E+02     -0.1104975542E+03
    0.7900000000E+02     -0.1115514504E+03
    0.8000000000E+02     -0.1125936402E+03
    0.8100000000E+02     -0.1136242749E+03
    0.8200000000E+02     -0.1146429282E+03
    0.8300000000E+02     -0.1156494882E+03
    0.8400000000E+02     -0.1166455068E+03
    0.8500000000E+02     -0.1176297092E+03
    0.8600000000E+02     -0.1186032548E+03
    0.8700000000E+02     -0.1195655625E+03
    0.8800000000E+02     -0.1205165849E+03
    0.8900000000E+02     -0.1214572107E+03
    0.9000000000E+02     -0.1223867837E+03
    0.9100000000E+02     -0.1233071351E+03
    0.9200000000E+02     -0.1242171646E+03
    0.9300000000E+02     -0.1251175023E+03
    0.9400000000E+02     -0.1260075458E+03
    0.9500000000E+02     -0.1268884114E+03
    0.9600000000E+02     -0.1277598152E+03
    0.9700000000E+02     -0.1286222074E+03
    0.9800000000E+02     -0.1294751767E+03
    0.9900000000E+02     -0.1303193938E+03
    0.1000000000E+03     -0.1311542844E+03
    0.1010000000E+03     -0.1319804367E+03
    0.1020000000E+03     -0.1327980645E+03
    0.1030000000E+03     -0.1336052794E+03
    0.1040000000E+03     -0.1344056504E+03
    0.1050000000E+03     -0.1351971949E+03
    0.1060000000E+03     -0.1359793402E+03
    0.1070000000E+03     -0.1367521283E+03
    0.1080000000E+03     -0.1375169583E+03
    0.1090000000E+03     -0.1382731804E+03
    0.1100000000E+03     -0.1390205595E+03
    0.1110000000E+03     -0.1397584023E+03
    0.1120000000E+03     -0.1404873176E+03
    0.1130000000E+03     -0.1412075484E+03
    0.1140000000E+03     -0.1419191535E+03
    0.1150000000E+03     -0.1426206090E+03
    0.1160000000E+03     -0.1433129270E+03
    0.1170000000E+03     -0.1439962158E+03
    0.1180000000E+03     -0.1446694729E+03
    0.1190000000E+03     -0.1453326670E+03
    0.1200000000E+03     -0.1459862684E+03
    0.1210000000E+03     -0.1466301536E+03
    0.1220000000E+03     -0.1472643724E+03
    0.1230000000E+03     -0.1478876759E+03
    0.1240000000E+03     -0.1485019130E+03
    0.1250000000E+03     -0.1491047956E+03
    0.1260000000E+03     -0.1496969400E+03
    0.1270000000E+03     -0.1502784174E+03
    0.1280000000E+03     -0.1508483059E+03
    0.1290000000E+03     -0.1514067780E+03
    0.1300000000E+03     -0.1519550738E+03
    0.1310000000E+03     -0.1524902518E+03
    0.1320000000E+03     -0.1530138028E+03
    0.1330000000E+03     -0.1535247739E+03
    0.1340000000E+03     -0.1540242531E+03
    0.1350000000E+03     -0.1545115631E+03
    0.1360000000E+03     -0.1549854845E+03
    0.1370000000E+03     -0.1554464867E+03
    0.1380000000E+03     -0.1558949611E+03
    0.1390000000E+03     -0.1563299842E+03
    0.1400000000E+03     -0.1567520213E+03
    0.1410000000E+03     -0.1571608921E+03
    0.1420000000E+03     -0.1575563308E+03
    0.1430000000E+03     -0.1579390987E+03
    0.1440000000E+03     -0.1583087144E+03
    0.1450000000E+03     -0.1586637581E+03
    0.1460000000E+03     -0.1590069165E+03
    0.1470000000E+03     -0.1593358727E+03
    0.1480000000E+03     -0.1596531403E+03
    0.1490000000E+03     -0.1599583340E+03
    0.1500000000E+03     -0.1602518330E+03
    0.1510000000E+03     -0.1605338560E+03
    0.1520000000E+03     -0.1608036678E+03
    0.1530000000E+03     -0.1610640896E+03
    0.1540000000E+03     -0.1613141032E+03
    0.1550000000E+03     -0.1615547606E+03
    0.1560000000E+03     -0.1617863426E+03
    0.1570000000E+03     -0.1620091059E+03
    0.1580000000E+03     -0.1622230042E+03
    0.1590000000E+03     -0.1624288955E+03
    0.1600000000E+03     -0.1626267219E+03
    0.1610000000E+03     -0.1628181501E+03
    0.1620000000E+03     -0.1630017974E+03
    0.1630000000E+03     -0.1631800431E+03
    0.1640000000E+03     -0.1633513091E+03
    0.1650000000E+03     -0.1635162054E+03
    0.1660000000E+03     -0.1636748875E+03
    0.1670000000E+03     -0.1638275611E+03
    0.1680000000E+03     -0.1639739967E+03
    0.1690000000E+03     -0.1641166675E+03
    0.1700000000E+03     -0.1642537305E+03
    0.1710000000E+03     -0.1643863410E+03
    0.1720000000E+03     -0.1645134227E+03
    0.1730000000E+03     -0.1646368033E+03
    0.1740000000E+03     -0.1647560504E+03
    0.1750000000E+03     -0.1648704218E+03
    0.1760000000E+03     -0.1649817023E+03
    0.1770000000E+03     -0.1650876644E+03
    0.1780000000E+03     -0.1651892077E+03
    0.1790000000E+03     -0.1652878796E+03
    0.1800000000E+03     -0.1653821374E+03
    0.1810000000E+03     -0.1654719088E+03
    0.1820000000E+03     -0.1655584741E+03
    0.1830000000E+03     -0.1656410704E+03
    0.1840000000E+03     -0.1657203360E+03
    0.1850000000E+03     -0.1657956570E+03
    0.1860000000E+03     -0.1658676841E+03
    0.1870000000E+03     -0.1659365848E+03
    0.1880000000E+03     -0.1660034994E+03
    0.1890000000E+03     -0.1660662284E+03
    0.1900000000E+03     -0.1661252928E+03
    0.1910000000E+03     -0.1661816635E+03
    0.1920000000E+03     -0.1662338350E+03
    0.1930000000E+03     -0.1662832836E+03
    0.1940000000E+03     -0.1663288397E+03
    0.1950000000E+03     -0.1663708838E+03
    0.1960000000E+03     -0.1664097213E+03
    0.1970000000E+03     -0.1664450076E+03
    0.1980000000E+03     -0.1664776388E+03
    0.1990000000E+03     -0.1665079957E+03
    0.2000000000E+03     -0.1665336936E+03
    0.2010000000E+03     -0.1665564022E+03
    0.2020000000E+03     -0.1665749336E+03
    0.2030000000E+03     -0.1665911778E+03
    0.2040000000E+03     -0.1666037909E+03
    0.2050000000E+03     -0.1666120376E+03
    0.2060000000E+03     -0.1666170607E+03
    0.2070000000E+03     -0.1666176912E+03
    0.2080000000E+03     -0.1666144698E+03
    0.2090000000E+03     -0.1666066754E+03
    0.2100000000E+03     -0.1665954792E+03
    0.2110000000E+03     -0.1665793023E+03
    0.2120000000E+03     -0.1665574989E+03
    0.2130000000E+03     -0.1665319506E+03
    0.2140000000E+03     -0.1665010098E+03
    0.2150000000E+03     -0.1664657327E+03
    0.2160000000E+03     -0.1664244548E+03
    0.2170000000E+03     -0.1663771929E+03
    0.2180000000E+03     -0.1663254282E+03
    0.2190000000E+03     -0.1662660789E+03
    0.2200000000E+03     -0.1662008036E+03
    0.2210000000E+03     -0.1661297360E+03
    0.2220000000E+03     -0.1660518070E+03
    0.2230000000E+03     -0.1659665957E+03
    0.2240000000E+03     -0.1658754981E+03
    0.2250000000E+03     -0.1657773188E+03
    0.2260000000E+03     -0.1656731181E+03
    0.2270000000E+03     -0.1655585355E+03
    0.2280000000E+03     -0.1654390029E+03
    0.2290000000E+03     -0.1653085823E+03
    0.2300000000E+03     -0.1651712481E+03
    0.2310000000E+03     -0.1650239431E+03
    0.2320000000E+03     -0.1648694950E+03
    0.2330000000E+03     -0.1647050704E+03
    0.2340000000E+03     -0.1645292976E+03
    0.2350000000E+03     -0.1643446566E+03
    0.2360000000E+03     -0.1641492923E+03
    0.2370000000E+03     -0.1639404869E+03
    0.2380000000E+03     -0.1637195938E+03
    0.2390000000E+03     -0.1634861693E+03
    0.2400000000E+03     -0.1632391182E+03
    0.2410000000E+03     -0.1629774613E+03
    0.2420000000E+03     -0.1626950531E+03
    0.2430000000E+03     -0.1624045916E+03
    0.2440000000E+03     -0.1620971915E+03
    0.2450000000E+03     -0.1617619357E+03
    0.2460000000E+03     -0.1614203205E+03
    0.2470000000E+03     -0.1610661481E+03
    0.2480000000E+03     -0.1607004017E+03
    0.2490000000E+03     -0.1603195313E+03
    0.2500000000E+03     -0.1599239068E+03
    0.2510000000E+03     -0.1595185418E+03
    0.2520000000E+03     -0.1591012059E+03
    0.2530000000E+03     -0.1586731940E+03
    0.2540000000E+03     -0.1582370913E+03
    0.2550000000E+03     -0.1577896386E+03
    0.2560000000E+03     -0.1573275467E+03
    0.2570000000E+03     -0.1568580261E+03
    0.2580000000E+03     -0.1563806067E+03
    0.2590000000E+03     -0.1558907996E+03
    0.2600000000E+03     -0.1553917195E+03
    0.2610000000E+03     -0.1548825411E+03
    0.2620000000E+03     -0.1543750516E+03
    0.2630000000E+03     -0.1538485184E+03
    0.2640000000E+03     -0.1533113757E+03
    0.2650000000E+03     -0.1527754944E+03
    0.2660000000E+03     -0.1522211328E+03
    0.2670000000E+03     -0.1516588632E+03
    0.2680000000E+03     -0.1510868039E+03
    0.2690000000E+03     -0.1505033629E+03
    0.2700000000E+03     -0.1499110267E+03
    0.2710000000E+03     -0.1493102206E+03
    0.2720000000E+03     -0.1487040179E+03
    0.2730000000E+03     -0.1480860827E+03
    0.2740000000E+03     -0.1474618958E+03
    0.2750000000E+03     -0.1468291114E+03
    0.2760000000E+03     -0.1461865926E+03
    0.2770000000E+03     -0.1455357391E+03
    0.2780000000E+03     -0.1448753322E+03
    0.2790000000E+03     -0.1442079047E+03
    0.2800000000E+03     -0.1435324610E+03
    0.2810000000E+03     -0.1428435763E+03
    0.2820000000E+03     -0.1421511218E+03
    0.2830000000E+03     -0.1414498832E+03
    0.2840000000E+03     -0.1407391617E+03
    0.2850000000E+03     -0.1400212541E+03
    0.2860000000E+03     -0.1392903879E+03
    0.2870000000E+03     -0.1385503247E+03
    0.2880000000E+03     -0.1378016814E+03
    0.2890000000E+03     -0.1370453309E+03
    0.2900000000E+03     -0.1362772216E+03
    0.2910000000E+03     -0.1355003074E+03
    0.2920000000E+03     -0.1347134605E+03
    0.2930000000E+03     -0.1339143074E+03
    0.2940000000E+03     -0.1331057709E+03
    0.2950000000E+03     -0.1322898200E+03
    0.2960000000E+03     -0.1314534001E+03
    0.2970000000E+03     -0.1306070652E+03
    0.2980000000E+03     -0.1297537937E+03
    0.2990000000E+03     -0.1288849061E+03
    0.3000000000E+03     -0.1280020539E+03
    0.3010000000E+03     -0.1271072952E+03
    0.3020000000E+03     -0.1262009855E+03
    0.3030000000E+03     -0.1252801042E+03
    0.3040000000E+03     -0.1243446790E+03
    0.3050000000E+03     -0.1233968482E+03
    0.3060000000E+03     -0.1224426158E+03
    0.3070000000E+03     -0.1214684088E+03
    0.3080000000E+03     -0.1204762868E+03
    0.3090000000E+03     -0.1194781545E+03
    0.3100000000E+03     -0.1184616075E+03
    0.3110000000E+03     -0.1174302429E+03
    0.3120000000E+03     -0.1163875896E+03
    0.3130000000E+03     -0.1153295673E+03
    0.3140000000E+03     -0.1142591994E+03
    0.3150000000E+03     -0.1131770598E+03
    0.3160000000E+03     -0.1120840863E+03
    0.3170000000E+03     -0.1109759509E+03
    0.3180000000E+03     -0.1098616386E+03
    0.3190000000E+03     -0.1087336059E+03
    0.3200000000E+03     -0.1075910589E+03
    0.3210000000E+03     -0.1064482044E+03
    0.3220000000E+03     -0.1052772668E+03
    0.3230000000E+03     -0.1040970586E+03
    0.3240000000E+03     -0.1029018999E+03
    0.3250000000E+03     -0.1016974695E+03
    0.3260000000E+03     -0.1004797380E+03
    0.3270000000E+03     -0.9924407962E+02
    0.3280000000E+03     -0.9799708276E+02
    0.3290000000E+03     -0.9673456997E+02
    0.3300000000E+03     -0.9546032792E+02
    0.3310000000E+03     -0.9416477041E+02
    0.3320000000E+03     -0.9285584800E+02
    0.3330000000E+03     -0.9153615503E+02
    0.3340000000E+03     -0.9019415136E+02
    0.3350000000E+03     -0.8883098652E+02
    0.3360000000E+03     -0.8745275808E+02
    0.3370000000E+03     -0.8605403950E+02
    0.3380000000E+03     -0.8464336062E+02
    0.3390000000E+03     -0.8322328395E+02
    0.3400000000E+03     -0.8180630570E+02
    0.3410000000E+03     -0.8037261193E+02
    0.3420000000E+03     -0.7893550721E+02
    0.3430000000E+03     -0.7750660576E+02
    0.3440000000E+03     -0.7607534964E+02
    0.3450000000E+03     -0.7464949891E+02
    0.3460000000E+03     -0.7322666477E+02
    0.3470000000E+03     -0.7180436780E+02
    0.3480000000E+03     -0.7038906864E+02
    0.3490000000E+03     -0.6897530083E+02
    0.3500000000E+03     -0.6756927769E+02
    0.3510000000E+03     -0.6615556504E+02
    0.3520000000E+03     -0.6474806850E+02
    0.3530000000E+03     -0.6334435166E+02
    0.3540000000E+03     -0.6193820980E+02
    0.3550000000E+03     -0.6054239255E+02
    0.3560000000E+03     -0.5914480925E+02
    0.3570000000E+03     -0.5775273120E+02
    0.3580000000E+03     -0.5636742741E+02
    0.3590000000E+03     -0.5498644826E+02
    0.3600000000E+03     -0.5361225413E+02
    0.3610000000E+03     -0.5224708828E+02
    0.3620000000E+03     -0.5089220863E+02
    0.3630000000E+03     -0.4954207740E+02
    0.3640000000E+03     -0.4819941962E+02
    0.3650000000E+03     -0.4687142410E+02
    0.3660000000E+03     -0.4554989868E+02
    0.3670000000E+03     -0.4423342859E+02
    0.3680000000E+03     -0.4293153629E+02
    0.3690000000E+03     -0.4163978606E+02
    0.3700000000E+03     -0.4036115207E+02
    0.3710000000E+03     -0.3909364084E+02
    0.3720000000E+03     -0.3784139036E+02
    0.3730000000E+03     -0.3659360939E+02
    0.3740000000E+03     -0.3536953433E+02
    0.3750000000E+03     -0.3415613914E+02
    0.3760000000E+03     -0.3296170937E+02
    0.3770000000E+03     -0.3178124725E+02
    0.3780000000E+03     -0.3061932480E+02
    0.3790000000E+03     -0.2946680709E+02
    0.3800000000E+03     -0.2833030210E+02
    0.3810000000E+03     -0.2721365977E+02
    0.3820000000E+03     -0.2611244389E+02
    0.3830000000E+03     -0.2502816293E+02
    0.3840000000E+03     -0.2396478966E+02
    0.3850000000E+03     -0.2292250342E+02
    0.3860000000E+03     -0.2190696473E+02
    0.3870000000E+03     -0.2090802728E+02
    0.3880000000E+03     -0.1992744935E+02
    0.3890000000E+03     -0.1896513033E+02
    0.3900000000E+03     -0.1802073647E+02
    0.3910000000E+03     -0.1710594551E+02
    0.3920000000E+03     -0.1621597380E+02
    0.3930000000E+03     -0.1535284106E+02
    0.3940000000E+03     -0.1451389298E+02
    0.3950000000E+03     -0.1369265799E+02
    0.3960000000E+03     -0.1290561041E+02
    0.3970000000E+03     -0.1214402622E+02
    0.3980000000E+03     -0.1139998343E+02
    0.3990000000E+03     -0.1068950293E+02
    0.4000000000E+03     -0.1000707108E+02
    0.4010000000E+03     -0.9351050075E+01
    0.4020000000E+03     -0.8733303218E+01
    0.4030000000E+03     -0.8138209437E+01
    0.4040000000E+03     -0.7580789664E+01
    0.4050000000E+03     -0.7045184185E+01
    0.4060000000E+03     -0.6546888095E+01
    0.4070000000E+03     -0.6077731686E+01
    0.4080000000E+03     -0.5647174471E+01
    0.4090000000E+03     -0.5240680895E+01
    0.4100000000E+03     -0.4886124950E+01
    0.4110000000E+03     -0.4537969208E+01
    0.4120000000E+03     -0.4239493561E+01
    0.4130000000E+03     -0.3979929099E+01
    0.4140000000E+03     -0.3748294992E+01
    0.4150000000E+03     -0.3556303762E+01
    0.4160000000E+03     -0.3412847758E+01
    0.4170000000E+03     -0.3302264146E+01
    0.4180000000E+03     -0.3239057356E+01
    0.4190000000E+03     -0.3209196789E+01
    0.4200000000E+03     -0.3219264066E+01
    0.4210000000E+03     -0.3277798854E+01
    0.4220000000E+03     -0.3377341631E+01
    0.4230000000E+03     -0.3523452407E+01
    0.4240000000E+03     -0.3705111806E+01
    0.4250000000E+03     -0.3922630170E+01
    0.4260000000E+03     -0.4180448831E+01
    0.4270000000E+03     -0.4490461917E+01
    0.4280000000E+03     -0.4862055720E+01
    0.4290000000E+03     -0.5266998460E+01
    0.4300000000E+03     -0.5735417371E+01
    0.4310000000E+03     -0.6236103806E+01
    0.4320000000E+03     -0.6787551480E+01
    0.4330000000E+03     -0.7399081380E+01
    0.4340000000E+03     -0.8051499544E+01
    0.4350000000E+03     -0.8747957280E+01
    0.4360000000E+03     -0.9518519176E+01
    0.4370000000E+03     -0.1032995544E+02
    0.4380000000E+03     -0.1120091661E+02
    0.4390000000E+03     -0.1211133321E+02
    0.4400000000E+03     -0.1309845578E+02
    0.4410000000E+03     -0.1414366409E+02
    0.4420000000E+03     -0.1522074085E+02
    0.4430000000E+03     -0.1637268429E+02
    0.4440000000E+03     -0.1757715875E+02
    0.4450000000E+03     -0.1882791739E+02
    0.4460000000E+03     -0.2015125253E+02
    0.4470000000E+03     -0.2154059899E+02
    0.4480000000E+03     -0.2299984312E+02
    0.4490000000E+03     -0.2450321904E+02
    0.4500000000E+03     -0.2606476722E+02
    0.4510000000E+03     -0.2771781196E+02
    0.4520000000E+03     -0.2941024172E+02
    0.4530000000E+03     -0.3118573333E+02
    0.4540000000E+03     -0.3302457406E+02
    0.4550000000E+03     -0.3492625031E+02
    0.4560000000E+03     -0.3688800841E+02
    0.4570000000E+03     -0.3895081141E+02
    0.4580000000E+03     -0.4107050935E+02
    0.4590000000E+03     -0.4326977671E+02
    0.4600000000E+03     -0.4549594706E+02
    0.4610000000E+03     -0.4783247869E+02
    0.4620000000E+03     -0.5023614044E+02
    0.4630000000E+03     -0.5271405801E+02
    0.4640000000E+03     -0.5525357846E+02
    0.4650000000E+03     -0.5791483635E+02
    0.4660000000E+03     -0.6063129158E+02
    0.4670000000E+03     -0.6340774668E+02
    0.4680000000E+03     -0.6626319050E+02
    0.4690000000E+03     -0.6919958465E+02
    0.4700000000E+03     -0.7223716550E+02
    0.4710000000E+03     -0.7535600163E+02
    0.4720000000E+03     -0.7855335650E+02
    0.4730000000E+03     -0.8183200396E+02
    0.4740000000E+03     -0.8520862004E+02
    0.4750000000E+03     -0.8864837416E+02
    0.4760000000E+03     -0.9215944470E+02
    0.4770000000E+03     -0.9578920195E+02
    0.4780000000E+03     -0.9950624941E+02
    0.4790000000E+03     -0.1032978462E+03
    0.4800000000E+03     -0.1071645228E+03
    0.4810000000E+03     -0.1111491531E+03
    0.4820000000E+03     -0.1152301244E+03
    0.4830000000E+03     -0.1194187315E+03
    0.4840000000E+03     -0.1236860424E+03
    0.4850000000E+03     -0.1280655876E+03
