    0.0000000000E+00     -0.2795374318E+02
    0.1000000000E+01     -0.2489812232E+02
    0.2000000000E+01     -0.2251963272E+02
    0.3000000000E+01     -0.2053067556E+02
    0.4000000000E+01     -0.1881340645E+02
    0.5000000000E+01     -0.1730342997E+02
    0.6000000000E+01     -0.1596002359E+02
    0.7000000000E+01     -0.1475496267E+02
    0.8000000000E+01     -0.1366758484E+02
    0.9000000000E+01     -0.1268214877E+02
    0.1000000000E+02     -0.1178615972E+02
    0.1100000000E+02     -0.1096994277E+02
    0.1200000000E+02     -0.1022489302E+02
    0.1300000000E+02     -0.9544227883E+01
    0.1400000000E+02     -0.8922161963E+01
    0.1500000000E+02     -0.8353629269E+01
    0.1600000000E+02     -0.7834132006E+01
    0.1700000000E+02     -0.7359655472E+01
    0.1800000000E+02     -0.6926900997E+01
    0.1900000000E+02     -0.6532330211E+01
    0.2000000000E+02     -0.6174006797E+01
    0.2100000000E+02     -0.5849224214E+01
    0.2200000000E+02     -0.5555457757E+01
    0.2300000000E+02     -0.5290698675E+01
    0.2400000000E+02     -0.5053442518E+01
    0.2500000000E+02     -0.4842073894E+01
    0.2600000000E+02     -0.4654441360E+01
    0.2700000000E+02     -0.4489600197E+01
    0.2800000000E+02     -0.4346043659E+01
    0.2900000000E+02     -0.4222502956E+01
    0.3000000000E+02     -0.4117838657E+01
    0.3100000000E+02     -0.4030908587E+01
    0.3200000000E+02     -0.3960805595E+01
    0.3300000000E+02     -0.3906649199E+01
    0.3400000000E+02     -0.3867402949E+01
    0.3500000000E+02     -0.3842228150E+01
    0.3600000000E+02     -0.3830534043E+01
    0.3700000000E+02     -0.3831579818E+01
    0.3800000000E+02     -0.3844711076E+01
    0.3900000000E+02     -0.3869110994E+01
    0.4000000000E+02     -0.3904070307E+01
    0.4100000000E+02     -0.3949341969E+01
    0.4200000000E+02     -0.4003981797E+01
    0.4300000000E+02     -0.4067797105E+01
    0.4400000000E+02     -0.4140298016E+01
    0.4500000000E+02     -0.4220439795E+01
    0.4600000000E+02     -0.4308497787E+01
    0.4700000000E+02     -0.4403692124E+01
    0.4800000000E+02     -0.4505774343E+01
    0.4900000000E+02     -0.4614341906E+01
    0.5000000000E+02     -0.4729016397E+01
    0.5100000000E+02     -0.4849196434E+01
    0.5200000000E+02     -0.4974584174E+01
    0.5300000000E+02     -0.5105118432E+01
    0.5400000000E+02     -0.5240628606E+01
    0.5500000000E+02     -0.5380565422E+01
    0.5600000000E+02     -0.5524630456E+01
    0.5700000000E+02     -0.5672632944E+01
    0.5800000000E+02     -0.5824167140E+01
    0.5900000000E+02     -0.5978955125E+01
    0.6000000000E+02     -0.6136702092E+01
    0.6100000000E+02     -0.6297692566E+01
    0.6200000000E+02     -0.6461197893E+01
    0.6300000000E+02     -0.6627130843E+01
    0.6400000000E+02     -0.6795253072E+01
    0.6500000000E+02     -0.6965195150E+01
    0.6600000000E+02     -0.7137426031E+01
    0.6700000000E+02     -0.7311612720E+01
    0.6800000000E+02     -0.7487238592E+01
    0.6900000000E+02     -0.7664322588E+01
    0.7000000000E+02     -0.7842615143E+01
    0.7100000000E+02     -0.8021570143E+01
    0.7200000000E+02     -0.8201871776E+01
    0.7300000000E+02     -0.8382824859E+01
    0.7400000000E+02     -0.8564388740E+01
    0.7500000000E+02     -0.8746326520E+01
    0.7600000000E+02     -0.8928299230E+01
    0.7700000000E+02     -0.9110749834E+01
    0.7800000000E+02     -0.9293333342E+01
    0.7900000000E+02     -0.9476017194E+01
    0.8000000000E+02     -0.9658504500E+01
    0.8100000000E+02     -0.9840747874E+01
    0.8200000000E+02     -0.1002267482E+02
    0.8300000000E+02     -0.1020407850E+02
    0.8400000000E+02     -0.1038515985E+02
    0.8500000000E+02     -0.1056569101E+02
    0.8600000000E+02     -0.1074544450E+02
    0.8700000000E+02     -0.1092454789E+02
    0.8800000000E+02     -0.1110298820E+02
    0.8900000000E+02     -0.1128057621E+02
    0.9000000000E+02     -0.1145741856E+02
    0.9100000000E+02     -0.1163309252E+02
    0.9200000000E+02     -0.1180758088E+02
    0.9300000000E+02     -0.1198085387E+02
    0.9400000000E+02     -0.1215257193E+02
    0.9500000000E+02     -0.1232306507E+02
    0.9600000000E+02     -0.1249247680E+02
    0.9700000000E+02     -0.1266052603E+02
    0.9800000000E+02     -0.1282704672E+02
    0.9900000000E+02     -0.1299224345E+02
    0.1000000000E+03     -0.1315573021E+02
    0.1010000000E+03     -0.1331721031E+02
    0.1020000000E+03     -0.1347720944E+02
    0.1030000000E+03     -0.1363559273E+02
    0.1040000000E+03     -0.1379239945E+02
    0.1050000000E+03     -0.1394757217E+02
    0.1060000000E+03     -0.1410017458E+02
    0.1070000000E+03     -0.1425125388E+02
    0.1080000000E+03     -0.1440043959E+02
    0.1090000000E+03     -0.1454774903E+02
    0.1100000000E+03     -0.1469287617E+02
    0.1110000000E+03     -0.1483631105E+02
    0.1120000000E+03     -0.1497797524E+02
    0.1130000000E+03     -0.1511755267E+02
    0.1140000000E+03     -0.1525470109E+02
    0.1150000000E+03     -0.1538977016E+02
    0.1160000000E+03     -0.1552280069E+02
    0.1170000000E+03     -0.1565348278E+02
    0.1180000000E+03     -0.1578204758E+02
    0.1190000000E+03     -0.1590835501E+02
    0.1200000000E+03     -0.1603270828E+02
    0.1210000000E+03     -0.1615445558E+02
    0.1220000000E+03     -0.1627372889E+02
    0.1230000000E+03     -0.1639092077E+02
    0.1240000000E+03     -0.1650570289E+02
    0.1250000000E+03     -0.1661826218E+02
    0.1260000000E+03     -0.1672833777E+02
    0.1270000000E+03     -0.1683655687E+02
    0.1280000000E+03     -0.1694186556E+02
    0.1290000000E+03     -0.1704475326E+02
    0.1300000000E+03     -0.1714503256E+02
    0.1310000000E+03     -0.1724295961E+02
    0.1320000000E+03     -0.1733886829E+02
    0.1330000000E+03     -0.1743196150E+02
    0.1340000000E+03     -0.1752275200E+02
    0.1350000000E+03     -0.1761043843E+02
    0.1360000000E+03     -0.1769575811E+02
    0.1370000000E+03     -0.1777928857E+02
    0.1380000000E+03     -0.1785958820E+02
    0.1390000000E+03     -0.1793781676E+02
    0.1400000000E+03     -0.1801346700E+02
    0.1410000000E+03     -0.1808623095E+02
    0.1420000000E+03     -0.1815658182E+02
    0.1430000000E+03     -0.1822432036E+02
    0.1440000000E+03     -0.1828947168E+02
    0.1450000000E+03     -0.1835213198E+02
    0.1460000000E+03     -0.1841249317E+02
    0.1470000000E+03     -0.1847042027E+02
    0.1480000000E+03     -0.1852555361E+02
    0.1490000000E+03     -0.1857734748E+02
    0.1500000000E+03     -0.1862728279E+02
    0.1510000000E+03     -0.1867410719E+02
    0.1520000000E+03     -0.1871810321E+02
    0.1530000000E+03     -0.1875961667E+02
    0.1540000000E+03     -0.1879881456E+02
    0.1550000000E+03     -0.1883474547E+02
    0.1560000000E+03     -0.1886862159E+02
    0.1570000000E+03     -0.1889960703E+02
    0.1580000000E+03     -0.1892780269E+02
    0.1590000000E+03     -0.1895351583E+02
    0.1600000000E+03     -0.1897682770E+02
    0.1610000000E+03     -0.1899743782E+02
    0.1620000000E+03     -0.1901479487E+02
    0.1630000000E+03     -0.1902997633E+02
    0.1640000000E+03     -0.1904273400E+02
    0.1650000000E+03     -0.1905264184E+02
    0.1660000000E+03     -0.1905976653E+02
    0.1670000000E+03     -0.1906469021E+02
    0.1680000000E+03     -0.1906680954E+02
    0.1690000000E+03     -0.1906649177E+02
    0.1700000000E+03     -0.1906356706E+02
    0.1710000000E+03     -0.1905758400E+02
    0.1720000000E+03     -0.1904876729E+02
    0.1730000000E+03     -0.1903783660E+02
    0.1740000000E+03     -0.1902465278E+02
    0.1750000000E+03     -0.1900829363E+02
    0.1760000000E+03     -0.1898938648E+02
    0.1770000000E+03     -0.1896834048E+02
    0.1780000000E+03     -0.1894420493E+02
    0.1790000000E+03     -0.1891750564E+02
    0.1800000000E+03     -0.1888854048E+02
    0.1810000000E+03     -0.1885626132E+02
    0.1820000000E+03     -0.1882149369E+02
    0.1830000000E+03     -0.1878404639E+02
    0.1840000000E+03     -0.1874439235E+02
    0.1850000000E+03     -0.1870191602E+02
    0.1860000000E+03     -0.1865758942E+02
    0.1870000000E+03     -0.1860990458E+02
    0.1880000000E+03     -0.1855982328E+02
    0.1890000000E+03     -0.1850762738E+02
    0.1900000000E+03     -0.1845274548E+02
    0.1910000000E+03     -0.1839572675E+02
    0.1920000000E+03     -0.1833618217E+02
    0.1930000000E+03     -0.1827360617E+02
    0.1940000000E+03     -0.1820867169E+02
    0.1950000000E+03     -0.1814153249E+02
    0.1960000000E+03     -0.1807207569E+02
    0.1970000000E+03     -0.1800008497E+02
    0.1980000000E+03     -0.1792551428E+02
    0.1990000000E+03     -0.1784861077E+02
    0.2000000000E+03     -0.1776907760E+02
    0.2010000000E+03     -0.1768778998E+02
    0.2020000000E+03     -0.1760370100E+02
    0.2030000000E+03     -0.1751746626E+02
    0.2040000000E+03     -0.1742857727E+02
    0.2050000000E+03     -0.1733764427E+02
    0.2060000000E+03     -0.1724472218E+02
    0.2070000000E+03     -0.1714942645E+02
    0.2080000000E+03     -0.1705137791E+02
    0.2090000000E+03     -0.1695148828E+02
    0.2100000000E+03     -0.1684925614E+02
    0.2110000000E+03     -0.1674435594E+02
    0.2120000000E+03     -0.1663742218E+02
    0.2130000000E+03     -0.1652840950E+02
    0.2140000000E+03     -0.1641734238E+02
    0.2150000000E+03     -0.1630436766E+02
    0.2160000000E+03     -0.1619018889E+02
    0.2170000000E+03     -0.1607296445E+02
    0.2180000000E+03     -0.1595397975E+02
    0.2190000000E+03     -0.1583295200E+02
    0.2200000000E+03     -0.1570922003E+02
    0.2210000000E+03     -0.1558394042E+02
    0.2220000000E+03     -0.1545752230E+02
    0.2230000000E+03     -0.1532834726E+02
    0.2240000000E+03     -0.1519799847E+02
    0.2250000000E+03     -0.1506583532E+02
    0.2260000000E+03     -0.1493205981E+02
    0.2270000000E+03     -0.1479646996E+02
    0.2280000000E+03     -0.1465883814E+02
    0.2290000000E+03     -0.1452020995E+02
    0.2300000000E+03     -0.1437915464E+02
    0.2310000000E+03     -0.1423682747E+02
    0.2320000000E+03     -0.1409288934E+02
    0.2330000000E+03     -0.1394795179E+02
    0.2340000000E+03     -0.1380167245E+02
    0.2350000000E+03     -0.1365417089E+02
    0.2360000000E+03     -0.1350519416E+02
    0.2370000000E+03     -0.1335437161E+02
    0.2380000000E+03     -0.1320211014E+02
    0.2390000000E+03     -0.1304952481E+02
    0.2400000000E+03     -0.1289559237E+02
    0.2410000000E+03     -0.1273971132E+02
    0.2420000000E+03     -0.1258314061E+02
    0.2430000000E+03     -0.1242592159E+02
    0.2440000000E+03     -0.1226795123E+02
    0.2450000000E+03     -0.1210933659E+02
    0.2460000000E+03     -0.1194955179E+02
    0.2470000000E+03     -0.1178807111E+02
    0.2480000000E+03     -0.1162650740E+02
    0.2490000000E+03     -0.1146483999E+02
    0.2500000000E+03     -0.1130263664E+02
    0.2510000000E+03     -0.1113953929E+02
    0.2520000000E+03     -0.1097597700E+02
    0.2530000000E+03     -0.1081194984E+02
    0.2540000000E+03     -0.1064761216E+02
    0.2550000000E+03     -0.1048347700E+02
    0.2560000000E+03     -0.1031878747E+02
    0.2570000000E+03     -0.1015497793E+02
    0.2580000000E+03     -0.9989795872E+01
    0.2590000000E+03     -0.9825315690E+01
    0.2600000000E+03     -0.9661305147E+01
    0.2610000000E+03     -0.9497476368E+01
    0.2620000000E+03     -0.9333627280E+01
    0.2630000000E+03     -0.9171271183E+01
    0.2640000000E+03     -0.9009205331E+01
    0.2650000000E+03     -0.8846949579E+01
    0.2660000000E+03     -0.8685359134E+01
    0.2670000000E+03     -0.8524257596E+01
    0.2680000000E+03     -0.8364613376E+01
    0.2690000000E+03     -0.8206316118E+01
    0.2700000000E+03     -0.8048792438E+01
    0.2710000000E+03     -0.7892844526E+01
    0.2720000000E+03     -0.7738674010E+01
    0.2730000000E+03     -0.7585902906E+01
    0.2740000000E+03     -0.7434213910E+01
    0.2750000000E+03     -0.7284785495E+01
    0.2760000000E+03     -0.7138096464E+01
    0.2770000000E+03     -0.6992391104E+01
    0.2780000000E+03     -0.6849239325E+01
    0.2790000000E+03     -0.6707584533E+01
    0.2800000000E+03     -0.6568264350E+01
    0.2810000000E+03     -0.6431469735E+01
    0.2820000000E+03     -0.6297222295E+01
    0.2830000000E+03     -0.6164775377E+01
    0.2840000000E+03     -0.6034682768E+01
    0.2850000000E+03     -0.5908733426E+01
    0.2860000000E+03     -0.5784606229E+01
    0.2870000000E+03     -0.5665100656E+01
    0.2880000000E+03     -0.5548272107E+01
    0.2890000000E+03     -0.5434629754E+01
    0.2900000000E+03     -0.5324903233E+01
    0.2910000000E+03     -0.5216900046E+01
    0.2920000000E+03     -0.5114928923E+01
    0.2930000000E+03     -0.5016366664E+01
    0.2940000000E+03     -0.4921550289E+01
    0.2950000000E+03     -0.4832484362E+01
    0.2960000000E+03     -0.4746430511E+01
    0.2970000000E+03     -0.4665575421E+01
    0.2980000000E+03     -0.4591141912E+01
    0.2990000000E+03     -0.4519759819E+01
    0.3000000000E+03     -0.4454269525E+01
    0.3010000000E+03     -0.4393667736E+01
    0.3020000000E+03     -0.4337615913E+01
    0.3030000000E+03     -0.4286458375E+01
    0.3040000000E+03     -0.4241056054E+01
    0.3050000000E+03     -0.4201663401E+01
    0.3060000000E+03     -0.4169127919E+01
    0.3070000000E+03     -0.4142460038E+01
    0.3080000000E+03     -0.4122251974E+01
    0.3090000000E+03     -0.4108177809E+01
    0.3100000000E+03     -0.4102706755E+01
    0.3110000000E+03     -0.4103194944E+01
    0.3120000000E+03     -0.4112910915E+01
    0.3130000000E+03     -0.4129122377E+01
    0.3140000000E+03     -0.4153254149E+01
    0.3150000000E+03     -0.4186311865E+01
    0.3160000000E+03     -0.4224946371E+01
    0.3170000000E+03     -0.4270343664E+01
    0.3180000000E+03     -0.4324960634E+01
    0.3190000000E+03     -0.4388294813E+01
    0.3200000000E+03     -0.4461742946E+01
    0.3210000000E+03     -0.4544661781E+01
    0.3220000000E+03     -0.4633401918E+01
    0.3230000000E+03     -0.4731600820E+01
    0.3240000000E+03     -0.4841611382E+01
    0.3250000000E+03     -0.4960578807E+01
    0.3260000000E+03     -0.5088750591E+01
    0.3270000000E+03     -0.5228006335E+01
    0.3280000000E+03     -0.5375591515E+01
    0.3290000000E+03     -0.5537693317E+01
    0.3300000000E+03     -0.5711857192E+01
    0.3310000000E+03     -0.5893351872E+01
    0.3320000000E+03     -0.6087575884E+01
    0.3330000000E+03     -0.6290479941E+01
    0.3340000000E+03     -0.6509494121E+01
    0.3350000000E+03     -0.6739848650E+01
    0.3360000000E+03     -0.6982709426E+01
    0.3370000000E+03     -0.7237613008E+01
    0.3380000000E+03     -0.7505425257E+01
    0.3390000000E+03     -0.7787702540E+01
    0.3400000000E+03     -0.8082186094E+01
    0.3410000000E+03     -0.8392358306E+01
    0.3420000000E+03     -0.8715045079E+01
    0.3430000000E+03     -0.9048331957E+01
    0.3440000000E+03     -0.9398988881E+01
    0.3450000000E+03     -0.9761802589E+01
    0.3460000000E+03     -0.1013850938E+02
    0.3470000000E+03     -0.1053277603E+02
    0.3480000000E+03     -0.1094277685E+02
    0.3490000000E+03     -0.1136645503E+02
    0.3500000000E+03     -0.1180659076E+02
    0.3510000000E+03     -0.1226447041E+02
    0.3520000000E+03     -0.1273845660E+02
    0.3530000000E+03     -0.1322850599E+02
    0.3540000000E+03     -0.1373613145E+02
    0.3550000000E+03     -0.1426525745E+02
    0.3560000000E+03     -0.1481114040E+02
    0.3570000000E+03     -0.1537350072E+02
    0.3580000000E+03     -0.1595125755E+02
    0.3590000000E+03     -0.1654854841E+02
    0.3600000000E+03     -0.1716110440E+02
    0.3610000000E+03     -0.1779914087E+02
    0.3620000000E+03     -0.1845451618E+02
    0.3630000000E+03     -0.1912768182E+02
    0.3640000000E+03     -0.1982208807E+02
    0.3650000000E+03     -0.2053851731E+02
    0.3660000000E+03     -0.2127695677E+02
    0.3670000000E+03     -0.2203390900E+02
    0.3680000000E+03     -0.2281635512E+02
    0.3690000000E+03     -0.2361719975E+02
    0.3700000000E+03     -0.2443930169E+02
    0.3710000000E+03     -0.2528447953E+02
    0.3720000000E+03     -0.2614941926E+02
    0.3730000000E+03     -0.2703939617E+02
    0.3740000000E+03     -0.2795603961E+02
    0.3750000000E+03     -0.2889863096E+02
    0.3760000000E+03     -0.2986281097E+02
    0.3770000000E+03     -0.3085519975E+02
    0.3780000000E+03     -0.3186730762E+02
    0.3790000000E+03     -0.3290018621E+02
    0.3800000000E+03     -0.3395986468E+02
    0.3810000000E+03     -0.3504923542E+02
    0.3820000000E+03     -0.3616234399E+02
    0.3830000000E+03     -0.3729762231E+02
    0.3840000000E+03     -0.3846285957E+02
    0.3850000000E+03     -0.3966036454E+02
    0.3860000000E+03     -0.4088795456E+02
    0.3870000000E+03     -0.4213595968E+02
    0.3880000000E+03     -0.4341313364E+02
    0.3890000000E+03     -0.4472123017E+02
    0.3900000000E+03     -0.4605942038E+02
    0.3910000000E+03     -0.4742468525E+02
    0.3920000000E+03     -0.4881312857E+02
    0.3930000000E+03     -0.5023851866E+02
    0.3940000000E+03     -0.5169453132E+02
    0.3950000000E+03     -0.5318345742E+02
    0.3960000000E+03     -0.5469716161E+02
    0.3970000000E+03     -0.5624939633E+02
    0.3980000000E+03     -0.5782546622E+02
    0.3990000000E+03     -0.5943451285E+02
    0.4000000000E+03     -0.6108600428E+02
    0.4010000000E+03     -0.6276273500E+02
    0.4020000000E+03     -0.6446731221E+02
    0.4030000000E+03     -0.6622026068E+02
    0.4040000000E+03     -0.6800623111E+02
    0.4050000000E+03     -0.6981963884E+02
    0.4060000000E+03     -0.7166647510E+02
    0.4070000000E+03     -0.7354948719E+02
    0.4080000000E+03     -0.7547267915E+02
    0.4090000000E+03     -0.7743187141E+02
    0.4100000000E+03     -0.7943001891E+02
    0.4110000000E+03     -0.8146566469E+02
    0.4120000000E+03     -0.8354329415E+02
    0.4130000000E+03     -0.8565922921E+02
    0.4140000000E+03     -0.8780370705E+02
    0.4150000000E+03     -0.8999107207E+02
    0.4160000000E+03     -0.9221884062E+02
    0.4170000000E+03     -0.9449209190E+02
    0.4180000000E+03     -0.9680173001E+02
    0.4190000000E+03     -0.9915361219E+02
    0.4200000000E+03     -0.1015528486E+03
    0.4210000000E+03     -0.1039858814E+03
    0.4220000000E+03     -0.1064657329E+03
    0.4230000000E+03     -0.1089876388E+03
    0.4240000000E+03     -0.1115567323E+03
    0.4250000000E+03     -0.1141572829E+03
    0.4260000000E+03     -0.1168209434E+03
    0.4270000000E+03     -0.1195154190E+03
    0.4280000000E+03     -0.1222644372E+03
    0.4290000000E+03     -0.1250584658E+03
    0.4300000000E+03     -0.1278952388E+03
    0.4310000000E+03     -0.1307832635E+03
    0.4320000000E+03     -0.1337204272E+03
    0.4330000000E+03     -0.1366972090E+03
    0.4340000000E+03     -0.1397252609E+03
    0.4350000000E+03     -0.1427931468E+03
    0.4360000000E+03     -0.1459371094E+03
    0.4370000000E+03     -0.1491179923E+03
    0.4380000000E+03     -0.1523404340E+03
    0.4390000000E+03     -0.1556086352E+03
    0.4400000000E+03     -0.1589360738E+03
    0.4410000000E+03     -0.1623136284E+03
    0.4420000000E+03     -0.1657438682E+03
    0.4430000000E+03     -0.1692295923E+03
    0.4440000000E+03     -0.1727746890E+03
    0.4450000000E+03     -0.1763505398E+03
    0.4460000000E+03     -0.1800001163E+03
    0.4470000000E+03     -0.1837136172E+03
    0.4480000000E+03     -0.1874944858E+03
    0.4490000000E+03     -0.1913143441E+03
    0.4500000000E+03     -0.1951807001E+03
    0.4510000000E+03     -0.1991259189E+03
    0.4520000000E+03     -0.2031044535E+03
    0.4530000000E+03     -0.2071684584E+03
    0.4540000000E+03     -0.2112818203E+03
    0.4550000000E+03     -0.2154558686E+03
    0.4560000000E+03     -0.2196656439E+03
    0.4570000000E+03     -0.2239716025E+03
    0.4580000000E+03     -0.2283206015E+03
    0.4590000000E+03     -0.2327296143E+03
    0.4600000000E+03     -0.2372217955E+03
    0.4610000000E+03     -0.2417564186E+03
    0.4620000000E+03     -0.2463463444E+03
    0.4630000000E+03     -0.2510253315E+03
    0.4640000000E+03     -0.2557773509E+03
    0.4650000000E+03     -0.2605791128E+03
    0.4660000000E+03     -0.2654341053E+03
    0.4670000000E+03     -0.2703658985E+03
    0.4680000000E+03     -0.2753521093E+03
    0.4690000000E+03     -0.2804380735E+03
    0.4700000000E+03     -0.2855790149E+03
    0.4710000000E+03     -0.2907919458E+03
    0.4720000000E+03     -0.2960893446E+03
    0.4730000000E+03     -0.3014429722E+03
    0.4740000000E+03     -0.3068531206E+03
    0.4750000000E+03     -0.3123436057E+03
    0.4760000000E+03     -0.3179184569E+03
    0.4770000000E+03     -0.3235439572E+03
    0.4780000000E+03     -0.3292464126E+03
    0.4790000000E+03     -0.3350388349E+03
    0.4800000000E+03     -0.3408769006E+03
    0.4810000000E+03     -0.3468171938E+03
    0.4820000000E+03     -0.3528478313E+03
    0.4830000000E+03     -0.3589383324E+03
    0.4840000000E+03     -0.3650725890E+03
    0.4850000000E+03     -0.3713068840E+03
