    0.00000000E+00      -1.158934410607612620E+01
    1.00000000E+00      -9.250527174705851507E+00
    2.00000000E+00      -7.586842254231626725E+00
    3.00000000E+00      -6.310501836388269226E+00
    4.00000000E+00      -5.303865831759438265E+00
    5.00000000E+00      -4.502360659079002403E+00
    6.00000000E+00      -3.865156026365369257E+00
    7.00000000E+00      -3.364314537743169353E+00
    8.00000000E+00      -2.979218752355293987E+00
    9.00000000E+00      -2.694246246437458581E+00
    1.00000000E+01      -2.496977802656900280E+00
    1.10000000E+01      -2.376951790855358126E+00
    1.20000000E+01      -2.326211300169077845E+00
    1.30000000E+01      -2.338030700133302275E+00
    1.40000000E+01      -2.406676774238647454E+00
    1.50000000E+01      -2.526852059791806937E+00
    1.60000000E+01      -2.693659696241027746E+00
    1.70000000E+01      -2.903453645741322475E+00
    1.80000000E+01      -3.153042882051593665E+00
    1.90000000E+01      -3.439278509061139744E+00
    2.00000000E+01      -3.759376742873158150E+00
    2.10000000E+01      -4.111002781717914445E+00
    2.20000000E+01      -4.491594813304416789E+00
    2.30000000E+01      -4.899320930290699039E+00
    2.40000000E+01      -5.332440831939678105E+00
    2.50000000E+01      -5.789069886178666025E+00
    2.60000000E+01      -6.267313882347096410E+00
    2.70000000E+01      -6.766268746071162354E+00
    2.80000000E+01      -7.284577762853999161E+00
    2.90000000E+01      -7.820912731473711688E+00
    3.00000000E+01      -8.374183684442371600E+00
    3.10000000E+01      -8.943334646110045583E+00
    3.20000000E+01      -9.527060329845383535E+00
    3.30000000E+01      -1.012468941455934157E+01
    3.40000000E+01      -1.073540316784051640E+01
    3.50000000E+01      -1.135860575815350160E+01
    3.60000000E+01      -1.199309890260094846E+01
    3.70000000E+01      -1.263793904133093804E+01
    3.80000000E+01      -1.329237340465199679E+01
    3.90000000E+01      -1.395610853939969331E+01
    4.00000000E+01      -1.462882400015492124E+01
    4.10000000E+01      -1.530989007699720617E+01
    4.20000000E+01      -1.599858591575828370E+01
    4.30000000E+01      -1.669446761769715692E+01
    4.40000000E+01      -1.739691962361622757E+01
    4.50000000E+01      -1.810521712823394580E+01
    4.60000000E+01      -1.881934464044503841E+01
    4.70000000E+01      -1.953863314634561732E+01
    4.80000000E+01      -2.026297305055594222E+01
    4.90000000E+01      -2.099140306867569450E+01
    5.00000000E+01      -2.172391744249908641E+01
    5.10000000E+01      -2.246030002597801456E+01
    5.20000000E+01      -2.320005509936451915E+01
    5.30000000E+01      -2.394274866010094627E+01
    5.40000000E+01      -2.468803679793116146E+01
    5.50000000E+01      -2.543557869323377929E+01
    5.60000000E+01      -2.618568459115978442E+01
    5.70000000E+01      -2.693782486327866366E+01
    5.80000000E+01      -2.769140612402266299E+01
    5.90000000E+01      -2.844605205362127265E+01
    6.00000000E+01      -2.920260336583756100E+01
    6.10000000E+01      -2.995993046922178848E+01
    6.20000000E+01      -3.071841299193381758E+01
    6.30000000E+01      -3.147729859847034106E+01
    6.40000000E+01      -3.223658073914346289E+01
    6.50000000E+01      -3.299581227494861935E+01
    6.60000000E+01      -3.375530923522940441E+01
    6.70000000E+01      -3.451437171172104001E+01
    6.80000000E+01      -3.527331379034087888E+01
    6.90000000E+01      -3.603131473533433393E+01
    7.00000000E+01      -3.678891913651735024E+01
    7.10000000E+01      -3.754559437772770991E+01
    7.20000000E+01      -3.830177558890484590E+01
    7.30000000E+01      -3.905689321908796785E+01
    7.40000000E+01      -3.981065143473172441E+01
    7.50000000E+01      -4.056305102451808864E+01
    7.60000000E+01      -4.131405561622507605E+01
    7.70000000E+01      -4.206360891892730081E+01
    7.80000000E+01      -4.281148482536794120E+01
    7.90000000E+01      -4.355760279038334204E+01
    8.00000000E+01      -4.430235322363280659E+01
    8.10000000E+01      -4.504474926446603433E+01
    8.20000000E+01      -4.578520799964174159E+01
    8.30000000E+01      -4.652342940158980866E+01
    8.40000000E+01      -4.725958584922121020E+01
    8.50000000E+01      -4.799333036881655801E+01
    8.60000000E+01      -4.872443200528489626E+01
    8.70000000E+01      -4.945309810946385198E+01
    8.80000000E+01      -5.017918738481041885E+01
    8.90000000E+01      -5.090324203059010699E+01
    9.00000000E+01      -5.162433304661665545E+01
    9.10000000E+01      -5.234361020007311538E+01
    9.20000000E+01      -5.306032028111788179E+01
    9.30000000E+01      -5.377410035216401241E+01
    9.40000000E+01      -5.448477322380479393E+01
    9.50000000E+01      -5.519299697133540406E+01
    9.60000000E+01      -5.589842365085662834E+01
    9.70000000E+01      -5.660135166655511796E+01
    9.80000000E+01      -5.730037227395571620E+01
    9.90000000E+01      -5.799625811527296548E+01
    1.00000000E+02      -5.868873319967572399E+01
    1.01000000E+02      -5.937835230303410583E+01
    1.02000000E+02      -6.006513841683666044E+01
    1.03000000E+02      -6.074880651363658046E+01
    1.04000000E+02      -6.142934670207144165E+01
    1.05000000E+02      -6.210680658042004154E+01
    1.06000000E+02      -6.278055629566263462E+01
    1.07000000E+02      -6.345111120262193083E+01
    1.08000000E+02      -6.411742534521256687E+01
    1.09000000E+02      -6.478094137296177735E+01
    1.10000000E+02      -6.544103268153214970E+01
    1.11000000E+02      -6.609774368304381653E+01
    1.12000000E+02      -6.675086791861970426E+01
    1.13000000E+02      -6.740063707562451611E+01
    1.14000000E+02      -6.804718043566374774E+01
    1.15000000E+02      -6.869047061648309693E+01
    1.16000000E+02      -6.933001144044813202E+01
    1.17000000E+02      -6.996623089641191484E+01
    1.18000000E+02      -7.059842717398380785E+01
    1.19000000E+02      -7.122769440391159890E+01
    1.20000000E+02      -7.185265771593488182E+01
    1.21000000E+02      -7.247490110137444219E+01
    1.22000000E+02      -7.309354893488473692E+01
    1.23000000E+02      -7.370820564386379203E+01
    1.24000000E+02      -7.431945689510060049E+01
    1.25000000E+02      -7.492685201379966031E+01
    1.26000000E+02      -7.553025656558664025E+01
    1.27000000E+02      -7.613094190145154982E+01
    1.28000000E+02      -7.672775239652771972E+01
    1.29000000E+02      -7.732072184225678768E+01
    1.30000000E+02      -7.790899955571792646E+01
    1.31000000E+02      -7.849421706972709956E+01
    1.32000000E+02      -7.907620870912917610E+01
    1.33000000E+02      -7.965436407350723869E+01
    1.34000000E+02      -8.022926286633521897E+01
    1.35000000E+02      -8.079994846891379723E+01
    1.36000000E+02      -8.136684918370299613E+01
    1.37000000E+02      -8.193095610042685450E+01
    1.38000000E+02      -8.249117930432710466E+01
    1.39000000E+02      -8.304740067051814378E+01
    1.40000000E+02      -8.359983607800184302E+01
    1.41000000E+02      -8.414947380540191091E+01
    1.42000000E+02      -8.469424150268794449E+01
    1.43000000E+02      -8.523573486813172906E+01
    1.44000000E+02      -8.577355741985668658E+01
    1.45000000E+02      -8.630727796564163157E+01
    1.46000000E+02      -8.683733420313645013E+01
    1.47000000E+02      -8.736332059785793547E+01
    1.48000000E+02      -8.788652427989661930E+01
    1.49000000E+02      -8.840616793763554426E+01
    1.50000000E+02      -8.892164874698649157E+01
    1.51000000E+02      -8.943340063737953471E+01
    1.52000000E+02      -8.994084962813333561E+01
    1.53000000E+02      -9.044540704996127545E+01
    1.54000000E+02      -9.094606452525734142E+01
    1.55000000E+02      -9.144253558868042830E+01
    1.56000000E+02      -9.193594520155222938E+01
    1.57000000E+02      -9.242619161271052519E+01
    1.58000000E+02      -9.291177419354592359E+01
    1.59000000E+02      -9.339402688637285621E+01
    1.60000000E+02      -9.387296582051824601E+01
    1.61000000E+02      -9.434765695916787820E+01
    1.62000000E+02      -9.481896010040902922E+01
    1.63000000E+02      -9.528606285684084298E+01
    1.64000000E+02      -9.574963322528385845E+01
    1.65000000E+02      -9.620996889593955359E+01
    1.66000000E+02      -9.666647379025455677E+01
    1.67000000E+02      -9.711908762315290744E+01
    1.68000000E+02      -9.756854058205665581E+01
    1.69000000E+02      -9.801373114621931393E+01
    1.70000000E+02      -9.845512790267623870E+01
    1.71000000E+02      -9.889314260491194375E+01
    1.72000000E+02      -9.932716266482823642E+01
    1.73000000E+02      -9.975696135212895399E+01
    1.74000000E+02      -1.001821216523220102E+02
    1.75000000E+02      -1.006048484335495488E+02
    1.76000000E+02      -1.010237614998266764E+02
    1.77000000E+02      -1.014378383831770662E+02
    1.78000000E+02      -1.018488925724221446E+02
    1.79000000E+02      -1.022564247179823980E+02
    1.80000000E+02      -1.026615710322447086E+02
    1.81000000E+02      -1.030619112156244483E+02
    1.82000000E+02      -1.034586961997218424E+02
    1.83000000E+02      -1.038516040816364949E+02
    1.84000000E+02      -1.042408243469279370E+02
    1.85000000E+02      -1.046262416683274097E+02
    1.86000000E+02      -1.050083680881324000E+02
    1.87000000E+02      -1.053871651730131163E+02
    1.88000000E+02      -1.057618733822799442E+02
    1.89000000E+02      -1.061333083160132702E+02
    1.90000000E+02      -1.065008964036358776E+02
    1.91000000E+02      -1.068645719944614285E+02
    1.92000000E+02      -1.072249428651437739E+02
    1.93000000E+02      -1.075817123791201340E+02
    1.94000000E+02      -1.079336582583089950E+02
    1.95000000E+02      -1.082829267001787485E+02
    1.96000000E+02      -1.086285147629776731E+02
    1.97000000E+02      -1.089707421074425184E+02
    1.98000000E+02      -1.093082496955901917E+02
    1.99000000E+02      -1.096427031062874704E+02
    2.00000000E+02      -1.099736101948140714E+02
    2.01000000E+02      -1.103006374873442184E+02
    2.02000000E+02      -1.106244769368320959E+02
    2.03000000E+02      -1.109443985237265480E+02
    2.04000000E+02      -1.112610881165358734E+02
    2.05000000E+02      -1.115736779017405098E+02
    2.06000000E+02      -1.118832916945351172E+02
    2.07000000E+02      -1.121894053896028964E+02
    2.08000000E+02      -1.124919505329440454E+02
    2.09000000E+02      -1.127906248993375158E+02
    2.10000000E+02      -1.130857802320708316E+02
    2.11000000E+02      -1.133770031284260114E+02
    2.12000000E+02      -1.136653701178674538E+02
    2.13000000E+02      -1.139507596830230369E+02
    2.14000000E+02      -1.142321039867102428E+02
    2.15000000E+02      -1.145098027146896840E+02
    2.16000000E+02      -1.147838285302667174E+02
    2.17000000E+02      -1.150552471186279746E+02
    2.18000000E+02      -1.153236890298069994E+02
    2.19000000E+02      -1.155881981685541433E+02
    2.20000000E+02      -1.158498024679891643E+02
    2.21000000E+02      -1.161073992587565300E+02
    2.22000000E+02      -1.163619120136484781E+02
    2.23000000E+02      -1.166129549250711790E+02
    2.24000000E+02      -1.168605853496049605E+02
    2.25000000E+02      -1.171051328301635550E+02
    2.26000000E+02      -1.173460661864163086E+02
    2.27000000E+02      -1.175836366950287157E+02
    2.28000000E+02      -1.178185006369684089E+02
    2.29000000E+02      -1.180503344232200362E+02
    2.30000000E+02      -1.182790771970993120E+02
    2.31000000E+02      -1.185053540520410280E+02
    2.32000000E+02      -1.187288152394756509E+02
    2.33000000E+02      -1.189486185322701459E+02
    2.34000000E+02      -1.191652395710787715E+02
    2.35000000E+02      -1.193783414758725741E+02
    2.36000000E+02      -1.195897337364620654E+02
    2.37000000E+02      -1.197974694539223748E+02
    2.38000000E+02      -1.200022621499409325E+02
    2.39000000E+02      -1.202037697929843745E+02
    2.40000000E+02      -1.204027550964327276E+02
    2.41000000E+02      -1.205998388800724825E+02
    2.42000000E+02      -1.207933539360181641E+02
    2.43000000E+02      -1.209843173934639964E+02
    2.44000000E+02      -1.211730796471582181E+02
    2.45000000E+02      -1.213598534048740731E+02
    2.46000000E+02      -1.215437957800766782E+02
    2.47000000E+02      -1.217241498272358768E+02
    2.48000000E+02      -1.219016499822917723E+02
    2.49000000E+02      -1.220778431737670218E+02
    2.50000000E+02      -1.222524703389079406E+02
    2.51000000E+02      -1.224243391505950314E+02
    2.52000000E+02      -1.225941026453509295E+02
    2.53000000E+02      -1.227605644422854567E+02
    2.54000000E+02      -1.229262257297412617E+02
    2.55000000E+02      -1.230899168558406274E+02
    2.56000000E+02      -1.232506501175410705E+02
    2.57000000E+02      -1.234096794807226871E+02
    2.58000000E+02      -1.235673699700799517E+02
    2.59000000E+02      -1.237234549505554497E+02
    2.60000000E+02      -1.238784254617892913E+02
    2.61000000E+02      -1.240312848068495697E+02
    2.62000000E+02      -1.241821185219249202E+02
    2.63000000E+02      -1.243314262948823199E+02
    2.64000000E+02      -1.244808893069710649E+02
    2.65000000E+02      -1.246288817690199977E+02
    2.66000000E+02      -1.247742030779171074E+02
    2.67000000E+02      -1.249190315624453689E+02
    2.68000000E+02      -1.250624600193385305E+02
    2.69000000E+02      -1.252075436670455275E+02
    2.70000000E+02      -1.253497476256323608E+02
    2.71000000E+02      -1.254913157011831828E+02
    2.72000000E+02      -1.256321675938905429E+02
    2.73000000E+02      -1.257738690666936492E+02
    2.74000000E+02      -1.259146570037444945E+02
    2.75000000E+02      -1.260551753384696241E+02
    2.76000000E+02      -1.261952544122176079E+02
    2.77000000E+02      -1.263357657978902608E+02
    2.78000000E+02      -1.264761062082651080E+02
    2.79000000E+02      -1.266173757690792883E+02
    2.80000000E+02      -1.267586073825148816E+02
    2.81000000E+02      -1.268988552921062620E+02
    2.82000000E+02      -1.270410880197212720E+02
    2.83000000E+02      -1.271847677676349377E+02
    2.84000000E+02      -1.273275347861907250E+02
    2.85000000E+02      -1.274708492626549088E+02
    2.86000000E+02      -1.276176212055759862E+02
    2.87000000E+02      -1.277648641538742851E+02
    2.88000000E+02      -1.279139157757220602E+02
    2.89000000E+02      -1.280634309152949868E+02
    2.90000000E+02      -1.282146416780124696E+02
    2.91000000E+02      -1.283681981224123660E+02
    2.92000000E+02      -1.285233065776770900E+02
    2.93000000E+02      -1.286799293235766868E+02
    2.94000000E+02      -1.288388892019027026E+02
    2.95000000E+02      -1.290005572718312692E+02
    2.96000000E+02      -1.291647191129566750E+02
    2.97000000E+02      -1.293327283922456559E+02
    2.98000000E+02      -1.295029182404635435E+02
    2.99000000E+02      -1.296741074850213522E+02
    3.00000000E+02      -1.298497759116651764E+02
    3.01000000E+02      -1.300283088992139824E+02
    3.02000000E+02      -1.302136105397533470E+02
    3.03000000E+02      -1.304021650386792430E+02
    3.04000000E+02      -1.305954669730525097E+02
    3.05000000E+02      -1.307887351818379216E+02
    3.06000000E+02      -1.309887953330974710E+02
    3.07000000E+02      -1.311948058403420987E+02
    3.08000000E+02      -1.314041037103909844E+02
    3.09000000E+02      -1.316196485724679519E+02
    3.10000000E+02      -1.318360018460253400E+02
    3.11000000E+02      -1.320589747123515849E+02
    3.12000000E+02      -1.322878499095441498E+02
    3.13000000E+02      -1.325234530646724238E+02
    3.14000000E+02      -1.327648810528143599E+02
    3.15000000E+02      -1.330086324097694046E+02
    3.16000000E+02      -1.332592758605556469E+02
    3.17000000E+02      -1.335172701153031198E+02
    3.18000000E+02      -1.337823155940233164E+02
    3.19000000E+02      -1.340526730548397722E+02
    3.20000000E+02      -1.343324326473713768E+02
    3.21000000E+02      -1.346218079953432039E+02
    3.22000000E+02      -1.349159363005138061E+02
    3.23000000E+02      -1.352194287829542532E+02
    3.24000000E+02      -1.355296944019527814E+02
    3.25000000E+02      -1.358479696965915196E+02
    3.26000000E+02      -1.361765384221390036E+02
    3.27000000E+02      -1.365115608692892124E+02
    3.28000000E+02      -1.368585815930713920E+02
    3.29000000E+02      -1.372131677841444457E+02
    3.30000000E+02      -1.375751839305289081E+02
    3.31000000E+02      -1.379472154773198440E+02
    3.32000000E+02      -1.383281917765692128E+02
    3.33000000E+02      -1.387187330471927567E+02
    3.34000000E+02      -1.391197919104373000E+02
    3.35000000E+02      -1.395328326627371212E+02
    3.36000000E+02      -1.399552312160927272E+02
    3.37000000E+02      -1.403891461054557226E+02
    3.38000000E+02      -1.408382646256655448E+02
    3.39000000E+02      -1.412924343077821163E+02
    3.40000000E+02      -1.417613583916029825E+02
    3.41000000E+02      -1.422450799568810567E+02
    3.42000000E+02      -1.427370692618838461E+02
    3.43000000E+02      -1.432435820781182088E+02
    3.44000000E+02      -1.437658153418652205E+02
    3.45000000E+02      -1.442968864808552212E+02
    3.46000000E+02      -1.448411675737693827E+02
    3.47000000E+02      -1.454005765825768890E+02
    3.48000000E+02      -1.459700193138167492E+02
    3.49000000E+02      -1.465607213795588564E+02
    3.50000000E+02      -1.471596328083324465E+02
    3.51000000E+02      -1.477783092492666697E+02
    3.52000000E+02      -1.484136775059362776E+02
    3.53000000E+02      -1.490659059709690268E+02
    3.54000000E+02      -1.497310917364353031E+02
    3.55000000E+02      -1.504140583918552352E+02
    3.56000000E+02      -1.511076869305075547E+02
    3.57000000E+02      -1.518247784544572028E+02
    3.58000000E+02      -1.525568830917475793E+02
    3.59000000E+02      -1.533067888742564833E+02
    3.60000000E+02      -1.540717566920087052E+02
    3.61000000E+02      -1.548556304674196440E+02
    3.62000000E+02      -1.556565925921511848E+02
    3.63000000E+02      -1.564666776616944048E+02
    3.64000000E+02      -1.573067760209674475E+02
    3.65000000E+02      -1.581637370878177649E+02
    3.66000000E+02      -1.590376336791474046E+02
    3.67000000E+02      -1.599308795820075488E+02
    3.68000000E+02      -1.608598014150909989E+02
    3.69000000E+02      -1.617955262070848335E+02
    3.70000000E+02      -1.627561859062460030E+02
    3.71000000E+02      -1.637385917748961788E+02
    3.72000000E+02      -1.647420950464755265E+02
    3.73000000E+02      -1.657630476994161768E+02
    3.74000000E+02      -1.668042138854621612E+02
    3.75000000E+02      -1.678810599314190881E+02
    3.76000000E+02      -1.689716323084106193E+02
    3.77000000E+02      -1.700913014046803369E+02
    3.78000000E+02      -1.712357630074646409E+02
    3.79000000E+02      -1.723995116559354415E+02
    3.80000000E+02      -1.735792803093971202E+02
    3.81000000E+02      -1.747983099266160139E+02
    3.82000000E+02      -1.760346019127489967E+02
    3.83000000E+02      -1.773010912170348661E+02
    3.84000000E+02      -1.785953920815221068E+02
    3.85000000E+02      -1.799195299410671964E+02
    3.86000000E+02      -1.812592886310774816E+02
    3.87000000E+02      -1.826267187289063827E+02
    3.88000000E+02      -1.840292107591242825E+02
    3.89000000E+02      -1.854516808371047887E+02
    3.90000000E+02      -1.869078711164334550E+02
    3.91000000E+02      -1.883914002712106708E+02
    3.92000000E+02      -1.899087369436079484E+02
    3.93000000E+02      -1.914583214643569704E+02
    3.94000000E+02      -1.930295078685119847E+02
    3.95000000E+02      -1.946423089399048081E+02
    3.96000000E+02      -1.962828149732570751E+02
    3.97000000E+02      -1.979486094471561159E+02
    3.98000000E+02      -1.996417817716640570E+02
    3.99000000E+02      -2.013629673318426399E+02
    4.00000000E+02      -2.031275235869805442E+02
    4.01000000E+02      -2.049173525198378343E+02
    4.02000000E+02      -2.067469238502081339E+02
    4.03000000E+02      -2.086010225239304532E+02
    4.04000000E+02      -2.104934709182207939E+02
    4.05000000E+02      -2.124321571291246187E+02
    4.06000000E+02      -2.144057945454349579E+02
    4.07000000E+02      -2.164134217186702358E+02
    4.08000000E+02      -2.184515973058913119E+02
    4.09000000E+02      -2.205270892720325833E+02
    4.10000000E+02      -2.226426382554005272E+02
    4.11000000E+02      -2.247905962980440222E+02
    4.12000000E+02      -2.269818253836797908E+02
    4.13000000E+02      -2.292098844501843473E+02
    4.14000000E+02      -2.314796936565833789E+02
    4.15000000E+02      -2.337772277265240177E+02
    4.16000000E+02      -2.361174389531248039E+02
    4.17000000E+02      -2.384955027567264665E+02
    4.18000000E+02      -2.409131080519594548E+02
    4.19000000E+02      -2.433877183791410630E+02
    4.20000000E+02      -2.458951458169379407E+02
    4.21000000E+02      -2.484347514556027932E+02
    4.22000000E+02      -2.510122323172998335E+02
    4.23000000E+02      -2.536488664660021755E+02
    4.24000000E+02      -2.563345175823454269E+02
    4.25000000E+02      -2.590667750398504836E+02
    4.26000000E+02      -2.618343626472497476E+02
    4.27000000E+02      -2.646448268769484571E+02
    4.28000000E+02      -2.675101108290378420E+02
    4.29000000E+02      -2.704273102499140009E+02
    4.30000000E+02      -2.733821491175661436E+02
    4.31000000E+02      -2.763938214936277404E+02
    4.32000000E+02      -2.794496495514302410E+02
    4.33000000E+02      -2.825582213776886533E+02
    4.34000000E+02      -2.856944257004236647E+02
    4.35000000E+02      -2.888978820407635908E+02
    4.36000000E+02      -2.921624783836701340E+02
    4.37000000E+02      -2.954661665768306307E+02
    4.38000000E+02      -2.988107478631630443E+02
    4.39000000E+02      -3.022142305078901359E+02
    4.40000000E+02      -3.056865539441776605E+02
    4.41000000E+02      -3.091961097046267355E+02
    4.42000000E+02      -3.127649954056296906E+02
    4.43000000E+02      -3.163827156991043807E+02
    4.44000000E+02      -3.200504639486653673E+02
    4.45000000E+02      -3.238050100485929192E+02
    4.46000000E+02      -3.275784864248938106E+02
    4.47000000E+02      -3.314074056708803369E+02
    4.48000000E+02      -3.352905441858916333E+02
    4.49000000E+02      -3.392278967004600077E+02
    4.50000000E+02      -3.432518704851177631E+02
    4.51000000E+02      -3.473120638273069858E+02
    4.52000000E+02      -3.514200350983699650E+02
    4.53000000E+02      -3.556095225249710552E+02
    4.54000000E+02      -3.598647711104611631E+02
    4.55000000E+02      -3.641840105910890202E+02
    4.56000000E+02      -3.685456340635390120E+02
    4.57000000E+02      -3.729751187462709936E+02
    4.58000000E+02      -3.774911936761318998E+02
    4.59000000E+02      -3.820463554343455712E+02
    4.60000000E+02      -3.866712780593018692E+02
    4.61000000E+02      -3.913513665705978042E+02
    4.62000000E+02      -3.961088214372184098E+02
    4.63000000E+02      -4.009185118721814547E+02
    4.64000000E+02      -4.058029274165832589E+02
    4.65000000E+02      -4.107313169427453090E+02
    4.66000000E+02      -4.157550222400648749E+02
    4.67000000E+02      -4.208531692187696649E+02
    4.68000000E+02      -4.260196316373924788E+02
    4.69000000E+02      -4.312653004311799236E+02
    4.70000000E+02      -4.365565778245208435E+02
    4.71000000E+02      -4.418945602526958396E+02
    4.72000000E+02      -4.473309264081306651E+02
    4.73000000E+02      -4.528252520248022961E+02
    4.74000000E+02      -4.584267052823957442E+02
    4.75000000E+02      -4.640982443689204615E+02
    4.76000000E+02      -4.698468890439779102E+02
    4.77000000E+02      -4.756740364712739506E+02
    4.78000000E+02      -4.815843542626932390E+02
    4.79000000E+02      -4.875410358571598977E+02
    4.80000000E+02      -4.935725044499884575E+02
    4.81000000E+02      -4.996975171145634818E+02
    4.82000000E+02      -5.058824000136758627E+02
    4.83000000E+02      -5.121602293429815518E+02
    4.84000000E+02      -5.185298286760507835E+02
    4.85000000E+02      -5.249514323655702128E+02
    4.86000000E+02      -5.314737604919222349E+02
    4.87000000E+02      -5.380472629577228645E+02
    4.88000000E+02      -5.447263687624016484E+02
    4.89000000E+02      -5.515013109590162230E+02
    4.90000000E+02      -5.583506134396019434E+02
    4.91000000E+02      -5.653022045301858043E+02
    4.92000000E+02      -5.723097605873614384E+02
    4.93000000E+02      -5.794228131165565401E+02
    4.94000000E+02      -5.866566284233680335E+02
    4.95000000E+02      -5.939214890253732619E+02
    4.96000000E+02      -6.012630890130102443E+02
    4.97000000E+02      -6.087395670009826745E+02
    4.98000000E+02      -6.162849858274765893E+02
    4.99000000E+02      -6.239174832399183970E+02
    5.00000000E+02      -6.316494712117454355E+02
    5.01000000E+02      -6.394741015084999844E+02
    5.02000000E+02      -6.473709163678284995E+02
    5.03000000E+02      -6.554118928755259503E+02
    5.04000000E+02      -6.635502421814315994E+02
    5.05000000E+02      -6.717274070034771967E+02
    5.06000000E+02      -6.800026431573040782E+02
    5.07000000E+02      -6.883348810637088491E+02
    5.08000000E+02      -6.968346672840251586E+02
    5.09000000E+02      -7.054602376851670442E+02
    5.10000000E+02      -7.142030654637145517E+02
