    0.0000000000E+00     -0.1317798915E+02
    0.1000000000E+01     -0.1079408168E+02
    0.2000000000E+01     -0.9082608169E+01
    0.3000000000E+01     -0.7755801785E+01
    0.4000000000E+01     -0.6695973534E+01
    0.5000000000E+01     -0.5838604716E+01
    0.6000000000E+01     -0.5142886023E+01
    0.7000000000E+01     -0.4580767350E+01
    0.8000000000E+01     -0.4131715616E+01
    0.9000000000E+01     -0.3780045989E+01
    0.1000000000E+02     -0.3513346444E+01
    0.1100000000E+02     -0.3321262098E+01
    0.1200000000E+02     -0.3195686144E+01
    0.1300000000E+02     -0.3129920020E+01
    0.1400000000E+02     -0.3118221235E+01
    0.1500000000E+02     -0.3155238808E+01
    0.1600000000E+02     -0.3236204483E+01
    0.1700000000E+02     -0.3357465973E+01
    0.1800000000E+02     -0.3515675020E+01
    0.1900000000E+02     -0.3707744855E+01
    0.2000000000E+02     -0.3931024349E+01
    0.2100000000E+02     -0.4182979343E+01
    0.2200000000E+02     -0.4461253593E+01
    0.2300000000E+02     -0.4763850299E+01
    0.2400000000E+02     -0.5088955848E+01
    0.2500000000E+02     -0.5434897246E+01
    0.2600000000E+02     -0.5799793365E+01
    0.2700000000E+02     -0.6182470450E+01
    0.2800000000E+02     -0.6581772485E+01
    0.2900000000E+02     -0.6996260822E+01
    0.3000000000E+02     -0.7424835977E+01
    0.3100000000E+02     -0.7866488130E+01
    0.3200000000E+02     -0.8319917993E+01
    0.3300000000E+02     -0.8784468143E+01
    0.3400000000E+02     -0.9259298202E+01
    0.3500000000E+02     -0.9743773454E+01
    0.3600000000E+02     -0.1023673021E+02
    0.3700000000E+02     -0.1073726831E+02
    0.3800000000E+02     -0.1124459014E+02
    0.3900000000E+02     -0.1175831925E+02
    0.4000000000E+02     -0.1227826332E+02
    0.4100000000E+02     -0.1280360545E+02
    0.4200000000E+02     -0.1333390156E+02
    0.4300000000E+02     -0.1386848697E+02
    0.4400000000E+02     -0.1440677073E+02
    0.4500000000E+02     -0.1494802236E+02
    0.4600000000E+02     -0.1549245419E+02
    0.4700000000E+02     -0.1603919481E+02
    0.4800000000E+02     -0.1658817483E+02
    0.4900000000E+02     -0.1713839355E+02
    0.5000000000E+02     -0.1768977149E+02
    0.5100000000E+02     -0.1824241312E+02
    0.5200000000E+02     -0.1879563962E+02
    0.5300000000E+02     -0.1934925391E+02
    0.5400000000E+02     -0.1990247074E+02
    0.5500000000E+02     -0.2045552868E+02
    0.5600000000E+02     -0.2100817316E+02
    0.5700000000E+02     -0.2155985672E+02
    0.5800000000E+02     -0.2211055682E+02
    0.5900000000E+02     -0.2265938633E+02
    0.6000000000E+02     -0.2320753017E+02
    0.6100000000E+02     -0.2375369288E+02
    0.6200000000E+02     -0.2429812242E+02
    0.6300000000E+02     -0.2484004497E+02
    0.6400000000E+02     -0.2538008500E+02
    0.6500000000E+02     -0.2591705058E+02
    0.6600000000E+02     -0.2645143871E+02
    0.6700000000E+02     -0.2698325801E+02
    0.6800000000E+02     -0.2751155938E+02
    0.6900000000E+02     -0.2803679785E+02
    0.7000000000E+02     -0.2855879826E+02
    0.7100000000E+02     -0.2907728045E+02
    0.7200000000E+02     -0.2959236806E+02
    0.7300000000E+02     -0.3010366160E+02
    0.7400000000E+02     -0.3061101915E+02
    0.7500000000E+02     -0.3111439884E+02
    0.7600000000E+02     -0.3161370113E+02
    0.7700000000E+02     -0.3210944163E+02
    0.7800000000E+02     -0.3260038991E+02
    0.7900000000E+02     -0.3308699451E+02
    0.8000000000E+02     -0.3357017926E+02
    0.8100000000E+02     -0.3404836907E+02
    0.8200000000E+02     -0.3452206015E+02
    0.8300000000E+02     -0.3499109392E+02
    0.8400000000E+02     -0.3545603184E+02
    0.8500000000E+02     -0.3591598934E+02
    0.8600000000E+02     -0.3637076519E+02
    0.8700000000E+02     -0.3682054098E+02
    0.8800000000E+02     -0.3726592660E+02
    0.8900000000E+02     -0.3770728997E+02
    0.9000000000E+02     -0.3814322333E+02
    0.9100000000E+02     -0.3857499985E+02
    0.9200000000E+02     -0.3900231713E+02
    0.9300000000E+02     -0.3942442137E+02
    0.9400000000E+02     -0.3984164005E+02
    0.9500000000E+02     -0.4025458618E+02
    0.9600000000E+02     -0.4066180902E+02
    0.9700000000E+02     -0.4106431974E+02
    0.9800000000E+02     -0.4146176608E+02
    0.9900000000E+02     -0.4185362482E+02
    0.1000000000E+03     -0.4224083260E+02
    0.1010000000E+03     -0.4262345879E+02
    0.1020000000E+03     -0.4300049896E+02
    0.1030000000E+03     -0.4337393503E+02
    0.1040000000E+03     -0.4374164041E+02
    0.1050000000E+03     -0.4410452499E+02
    0.1060000000E+03     -0.4446150196E+02
    0.1070000000E+03     -0.4481392594E+02
    0.1080000000E+03     -0.4516052836E+02
    0.1090000000E+03     -0.4550158601E+02
    0.1100000000E+03     -0.4583768692E+02
    0.1110000000E+03     -0.4616939380E+02
    0.1120000000E+03     -0.4649593177E+02
    0.1130000000E+03     -0.4681747177E+02
    0.1140000000E+03     -0.4713458552E+02
    0.1150000000E+03     -0.4744621665E+02
    0.1160000000E+03     -0.4775195976E+02
    0.1170000000E+03     -0.4805268578E+02
    0.1180000000E+03     -0.4834864460E+02
    0.1190000000E+03     -0.4864021359E+02
    0.1200000000E+03     -0.4892530974E+02
    0.1210000000E+03     -0.4920744111E+02
    0.1220000000E+03     -0.4948354303E+02
    0.1230000000E+03     -0.4975397888E+02
    0.1240000000E+03     -0.5002005188E+02
    0.1250000000E+03     -0.5028115426E+02
    0.1260000000E+03     -0.5053679490E+02
    0.1270000000E+03     -0.5078914876E+02
    0.1280000000E+03     -0.5103459623E+02
    0.1290000000E+03     -0.5127572736E+02
    0.1300000000E+03     -0.5150988111E+02
    0.1310000000E+03     -0.5174097063E+02
    0.1320000000E+03     -0.5196707653E+02
    0.1330000000E+03     -0.5218770115E+02
    0.1340000000E+03     -0.5240338121E+02
    0.1350000000E+03     -0.5261420538E+02
    0.1360000000E+03     -0.5281959905E+02
    0.1370000000E+03     -0.5302075033E+02
    0.1380000000E+03     -0.5321707493E+02
    0.1390000000E+03     -0.5340837025E+02
    0.1400000000E+03     -0.5359479888E+02
    0.1410000000E+03     -0.5377703210E+02
    0.1420000000E+03     -0.5395332812E+02
    0.1430000000E+03     -0.5412555585E+02
    0.1440000000E+03     -0.5429157560E+02
    0.1450000000E+03     -0.5445294466E+02
    0.1460000000E+03     -0.5460972784E+02
    0.1470000000E+03     -0.5476077920E+02
    0.1480000000E+03     -0.5490727502E+02
    0.1490000000E+03     -0.5505013960E+02
    0.1500000000E+03     -0.5518783081E+02
    0.1510000000E+03     -0.5532070684E+02
    0.1520000000E+03     -0.5544756583E+02
    0.1530000000E+03     -0.5557126727E+02
    0.1540000000E+03     -0.5568931973E+02
    0.1550000000E+03     -0.5580397820E+02
    0.1560000000E+03     -0.5591336990E+02
    0.1570000000E+03     -0.5601760070E+02
    0.1580000000E+03     -0.5611643949E+02
    0.1590000000E+03     -0.5621147125E+02
    0.1600000000E+03     -0.5630173157E+02
    0.1610000000E+03     -0.5638675269E+02
    0.1620000000E+03     -0.5646675785E+02
    0.1630000000E+03     -0.5654132400E+02
    0.1640000000E+03     -0.5661143184E+02
    0.1650000000E+03     -0.5667701300E+02
    0.1660000000E+03     -0.5673739818E+02
    0.1670000000E+03     -0.5679267472E+02
    0.1680000000E+03     -0.5684574385E+02
    0.1690000000E+03     -0.5689203021E+02
    0.1700000000E+03     -0.5693345283E+02
    0.1710000000E+03     -0.5697070594E+02
    0.1720000000E+03     -0.5700354368E+02
    0.1730000000E+03     -0.5702989507E+02
    0.1740000000E+03     -0.5704683415E+02
    0.1750000000E+03     -0.5706506882E+02
    0.1760000000E+03     -0.5707740384E+02
    0.1770000000E+03     -0.5708197573E+02
    0.1780000000E+03     -0.5708467466E+02
    0.1790000000E+03     -0.5708210657E+02
    0.1800000000E+03     -0.5707702771E+02
    0.1810000000E+03     -0.5706432807E+02
    0.1820000000E+03     -0.5704771661E+02
    0.1830000000E+03     -0.5702642952E+02
    0.1840000000E+03     -0.5699976526E+02
    0.1850000000E+03     -0.5696874705E+02
    0.1860000000E+03     -0.5693401116E+02
    0.1870000000E+03     -0.5689469429E+02
    0.1880000000E+03     -0.5684898430E+02
    0.1890000000E+03     -0.5679881833E+02
    0.1900000000E+03     -0.5674361010E+02
    0.1910000000E+03     -0.5668247278E+02
    0.1920000000E+03     -0.5661811823E+02
    0.1930000000E+03     -0.5654872322E+02
    0.1940000000E+03     -0.5647281438E+02
    0.1950000000E+03     -0.5639312658E+02
    0.1960000000E+03     -0.5630707623E+02
    0.1970000000E+03     -0.5621767918E+02
    0.1980000000E+03     -0.5612127455E+02
    0.1990000000E+03     -0.5602132000E+02
    0.2000000000E+03     -0.5591584871E+02
    0.2010000000E+03     -0.5580481852E+02
    0.2020000000E+03     -0.5569113932E+02
    0.2030000000E+03     -0.5557125101E+02
    0.2040000000E+03     -0.5544636464E+02
    0.2050000000E+03     -0.5531661192E+02
    0.2060000000E+03     -0.5518195841E+02
    0.2070000000E+03     -0.5504305366E+02
    0.2080000000E+03     -0.5489950095E+02
    0.2090000000E+03     -0.5475030719E+02
    0.2100000000E+03     -0.5459576750E+02
    0.2110000000E+03     -0.5443672857E+02
    0.2120000000E+03     -0.5427352664E+02
    0.2130000000E+03     -0.5410705113E+02
    0.2140000000E+03     -0.5393332518E+02
    0.2150000000E+03     -0.5375543137E+02
    0.2160000000E+03     -0.5357309339E+02
    0.2170000000E+03     -0.5338677350E+02
    0.2180000000E+03     -0.5319607236E+02
    0.2190000000E+03     -0.5300036867E+02
    0.2200000000E+03     -0.5280044287E+02
    0.2210000000E+03     -0.5259403692E+02
    0.2220000000E+03     -0.5238325636E+02
    0.2230000000E+03     -0.5216859639E+02
    0.2240000000E+03     -0.5194768673E+02
    0.2250000000E+03     -0.5172335886E+02
    0.2260000000E+03     -0.5149238724E+02
    0.2270000000E+03     -0.5125665188E+02
    0.2280000000E+03     -0.5101719827E+02
    0.2290000000E+03     -0.5077293591E+02
    0.2300000000E+03     -0.5052451885E+02
    0.2310000000E+03     -0.5027085118E+02
    0.2320000000E+03     -0.5001358845E+02
    0.2330000000E+03     -0.4975098444E+02
    0.2340000000E+03     -0.4948279034E+02
    0.2350000000E+03     -0.4921007712E+02
    0.2360000000E+03     -0.4893289502E+02
    0.2370000000E+03     -0.4865040862E+02
    0.2380000000E+03     -0.4836330425E+02
    0.2390000000E+03     -0.4806913191E+02
    0.2400000000E+03     -0.4777236018E+02
    0.2410000000E+03     -0.4746973350E+02
    0.2420000000E+03     -0.4716542381E+02
    0.2430000000E+03     -0.4685503859E+02
    0.2440000000E+03     -0.4654054152E+02
    0.2450000000E+03     -0.4622073142E+02
    0.2460000000E+03     -0.4589602522E+02
    0.2470000000E+03     -0.4556691062E+02
    0.2480000000E+03     -0.4523090473E+02
    0.2490000000E+03     -0.4489235211E+02
    0.2500000000E+03     -0.4455212389E+02
    0.2510000000E+03     -0.4420452675E+02
    0.2520000000E+03     -0.4385246860E+02
    0.2530000000E+03     -0.4349424588E+02
    0.2540000000E+03     -0.4313314886E+02
    0.2550000000E+03     -0.4276914107E+02
    0.2560000000E+03     -0.4239774204E+02
    0.2570000000E+03     -0.4202498614E+02
    0.2580000000E+03     -0.4164602467E+02
    0.2590000000E+03     -0.4126481594E+02
    0.2600000000E+03     -0.4087816787E+02
    0.2610000000E+03     -0.4048809190E+02
    0.2620000000E+03     -0.4009156153E+02
    0.2630000000E+03     -0.3969126016E+02
    0.2640000000E+03     -0.3928940111E+02
    0.2650000000E+03     -0.3888402019E+02
    0.2660000000E+03     -0.3847444006E+02
    0.2670000000E+03     -0.3806054291E+02
    0.2680000000E+03     -0.3764018321E+02
    0.2690000000E+03     -0.3721916517E+02
    0.2700000000E+03     -0.3679317085E+02
    0.2710000000E+03     -0.3636195082E+02
    0.2720000000E+03     -0.3593104351E+02
    0.2730000000E+03     -0.3549598340E+02
    0.2740000000E+03     -0.3505671668E+02
    0.2750000000E+03     -0.3461395068E+02
    0.2760000000E+03     -0.3416843521E+02
    0.2770000000E+03     -0.3372111110E+02
    0.2780000000E+03     -0.3327084476E+02
    0.2790000000E+03     -0.3281768552E+02
    0.2800000000E+03     -0.3236179276E+02
    0.2810000000E+03     -0.3190144133E+02
    0.2820000000E+03     -0.3144062307E+02
    0.2830000000E+03     -0.3097757289E+02
    0.2840000000E+03     -0.3051077413E+02
    0.2850000000E+03     -0.3004111063E+02
    0.2860000000E+03     -0.2957453445E+02
    0.2870000000E+03     -0.2910303252E+02
    0.2880000000E+03     -0.2863083810E+02
    0.2890000000E+03     -0.2815689194E+02
    0.2900000000E+03     -0.2768095473E+02
    0.2910000000E+03     -0.2720217321E+02
    0.2920000000E+03     -0.2672531149E+02
    0.2930000000E+03     -0.2624657786E+02
    0.2940000000E+03     -0.2576759803E+02
    0.2950000000E+03     -0.2528909350E+02
    0.2960000000E+03     -0.2480964406E+02
    0.2970000000E+03     -0.2433309893E+02
    0.2980000000E+03     -0.2385541786E+02
    0.2990000000E+03     -0.2337599559E+02
    0.3000000000E+03     -0.2289927869E+02
    0.3010000000E+03     -0.2242244217E+02
    0.3020000000E+03     -0.2194947651E+02
    0.3030000000E+03     -0.2148001472E+02
    0.3040000000E+03     -0.2100858307E+02
    0.3050000000E+03     -0.2053671252E+02
    0.3060000000E+03     -0.2007235647E+02
    0.3070000000E+03     -0.1961121725E+02
    0.3080000000E+03     -0.1914732583E+02
    0.3090000000E+03     -0.1868792821E+02
    0.3100000000E+03     -0.1822616251E+02
    0.3110000000E+03     -0.1776894158E+02
    0.3120000000E+03     -0.1731607355E+02
    0.3130000000E+03     -0.1686593839E+02
    0.3140000000E+03     -0.1642102806E+02
    0.3150000000E+03     -0.1597633427E+02
    0.3160000000E+03     -0.1553490789E+02
    0.3170000000E+03     -0.1509693869E+02
    0.3180000000E+03     -0.1466261588E+02
    0.3190000000E+03     -0.1423418729E+02
    0.3200000000E+03     -0.1381237218E+02
    0.3210000000E+03     -0.1339657021E+02
    0.3220000000E+03     -0.1298403563E+02
    0.3230000000E+03     -0.1257707992E+02
    0.3240000000E+03     -0.1217607717E+02
    0.3250000000E+03     -0.1177985009E+02
    0.3260000000E+03     -0.1139279981E+02
    0.3270000000E+03     -0.1100944917E+02
    0.3280000000E+03     -0.1063620828E+02
    0.3290000000E+03     -0.1026714200E+02
    0.3300000000E+03     -0.9902835814E+01
    0.3310000000E+03     -0.9547771283E+01
    0.3320000000E+03     -0.9198734017E+01
    0.3330000000E+03     -0.8857499814E+01
    0.3340000000E+03     -0.8522779270E+01
    0.3350000000E+03     -0.8199183906E+01
    0.3360000000E+03     -0.7880223932E+01
    0.3370000000E+03     -0.7572766628E+01
    0.3380000000E+03     -0.7281278258E+01
    0.3390000000E+03     -0.6990295878E+01
    0.3400000000E+03     -0.6713457373E+01
    0.3410000000E+03     -0.6446986141E+01
    0.3420000000E+03     -0.6188103589E+01
    0.3430000000E+03     -0.5941697877E+01
    0.3440000000E+03     -0.5707486143E+01
    0.3450000000E+03     -0.5483764864E+01
    0.3460000000E+03     -0.5272126995E+01
    0.3470000000E+03     -0.5070491109E+01
    0.3480000000E+03     -0.4876120095E+01
    0.3490000000E+03     -0.4701474984E+01
    0.3500000000E+03     -0.4535165713E+01
    0.3510000000E+03     -0.4383999864E+01
    0.3520000000E+03     -0.4247339425E+01
    0.3530000000E+03     -0.4123601915E+01
    0.3540000000E+03     -0.4017468495E+01
    0.3550000000E+03     -0.3923118227E+01
    0.3560000000E+03     -0.3840735691E+01
    0.3570000000E+03     -0.3781920244E+01
    0.3580000000E+03     -0.3733199008E+01
    0.3590000000E+03     -0.3698564756E+01
    0.3600000000E+03     -0.3675197250E+01
    0.3610000000E+03     -0.3676079797E+01
    0.3620000000E+03     -0.3689575547E+01
    0.3630000000E+03     -0.3708691279E+01
    0.3640000000E+03     -0.3758780618E+01
    0.3650000000E+03     -0.3825323896E+01
    0.3660000000E+03     -0.3904160444E+01
    0.3670000000E+03     -0.4004385392E+01
    0.3680000000E+03     -0.4136138577E+01
    0.3690000000E+03     -0.4272058742E+01
    0.3700000000E+03     -0.4431608687E+01
    0.3710000000E+03     -0.4611073352E+01
    0.3720000000E+03     -0.4812325340E+01
    0.3730000000E+03     -0.5033299037E+01
    0.3740000000E+03     -0.5268921469E+01
    0.3750000000E+03     -0.5536937611E+01
    0.3760000000E+03     -0.5817571412E+01
    0.3770000000E+03     -0.6133732170E+01
    0.3780000000E+03     -0.6470050213E+01
    0.3790000000E+03     -0.6821577264E+01
    0.3800000000E+03     -0.7192437150E+01
    0.3810000000E+03     -0.7597558881E+01
    0.3820000000E+03     -0.8017014797E+01
    0.3830000000E+03     -0.8469448654E+01
    0.3840000000E+03     -0.8942138377E+01
    0.3850000000E+03     -0.9447785574E+01
    0.3860000000E+03     -0.9966328953E+01
    0.3870000000E+03     -0.1051460807E+02
    0.3880000000E+03     -0.1109038370E+02
    0.3890000000E+03     -0.1169133664E+02
    0.3900000000E+03     -0.1232715463E+02
    0.3910000000E+03     -0.1298875740E+02
    0.3920000000E+03     -0.1368177809E+02
    0.3930000000E+03     -0.1440789699E+02
    0.3940000000E+03     -0.1514629531E+02
    0.3950000000E+03     -0.1592460947E+02
    0.3960000000E+03     -0.1674218344E+02
    0.3970000000E+03     -0.1758003323E+02
    0.3980000000E+03     -0.1844107082E+02
    0.3990000000E+03     -0.1933138686E+02
    0.4000000000E+03     -0.2026698042E+02
    0.4010000000E+03     -0.2122060090E+02
    0.4020000000E+03     -0.2222309738E+02
    0.4030000000E+03     -0.2324833520E+02
    0.4040000000E+03     -0.2430768781E+02
    0.4050000000E+03     -0.2541619013E+02
    0.4060000000E+03     -0.2655181460E+02
    0.4070000000E+03     -0.2772550768E+02
    0.4080000000E+03     -0.2893132392E+02
    0.4090000000E+03     -0.3016702700E+02
    0.4100000000E+03     -0.3145069304E+02
    0.4110000000E+03     -0.3276740858E+02
    0.4120000000E+03     -0.3412247248E+02
    0.4130000000E+03     -0.3551096682E+02
    0.4140000000E+03     -0.3694251189E+02
    0.4150000000E+03     -0.3839865603E+02
    0.4160000000E+03     -0.3989669961E+02
    0.4170000000E+03     -0.4144871565E+02
    0.4180000000E+03     -0.4302720567E+02
    0.4190000000E+03     -0.4466640704E+02
    0.4200000000E+03     -0.4633133163E+02
    0.4210000000E+03     -0.4804288259E+02
    0.4220000000E+03     -0.4978571803E+02
    0.4230000000E+03     -0.5158986633E+02
    0.4240000000E+03     -0.5343480297E+02
    0.4250000000E+03     -0.5533062351E+02
    0.4260000000E+03     -0.5726617634E+02
    0.4270000000E+03     -0.5924347891E+02
    0.4280000000E+03     -0.6128563137E+02
    0.4290000000E+03     -0.6336749493E+02
    0.4300000000E+03     -0.6547910464E+02
    0.4310000000E+03     -0.6766295839E+02
    0.4320000000E+03     -0.6987914375E+02
    0.4330000000E+03     -0.7215778770E+02
    0.4340000000E+03     -0.7447227022E+02
    0.4350000000E+03     -0.7684339398E+02
    0.4360000000E+03     -0.7927583614E+02
    0.4370000000E+03     -0.8174067826E+02
    0.4380000000E+03     -0.8425179859E+02
    0.4390000000E+03     -0.8682958454E+02
    0.4400000000E+03     -0.8947939205E+02
    0.4410000000E+03     -0.9215810286E+02
    0.4420000000E+03     -0.9489138968E+02
    0.4430000000E+03     -0.9769457851E+02
    0.4440000000E+03     -0.1005366888E+03
    0.4450000000E+03     -0.1034697089E+03
    0.4460000000E+03     -0.1064257718E+03
    0.4470000000E+03     -0.1094253598E+03
    0.4480000000E+03     -0.1124898492E+03
    0.4490000000E+03     -0.1156036540E+03
    0.4500000000E+03     -0.1188392149E+03
    0.4510000000E+03     -0.1220705256E+03
    0.4520000000E+03     -0.1253777960E+03
    0.4530000000E+03     -0.1287616501E+03
    0.4540000000E+03     -0.1322030761E+03
    0.4550000000E+03     -0.1357063107E+03
    0.4560000000E+03     -0.1392613350E+03
    0.4570000000E+03     -0.1428856221E+03
    0.4580000000E+03     -0.1465875464E+03
    0.4590000000E+03     -0.1503209733E+03
    0.4600000000E+03     -0.1541462864E+03
    0.4610000000E+03     -0.1580353718E+03
    0.4620000000E+03     -0.1619952064E+03
    0.4630000000E+03     -0.1660119614E+03
    0.4640000000E+03     -0.1701029888E+03
    0.4650000000E+03     -0.1742523814E+03
    0.4660000000E+03     -0.1784807273E+03
    0.4670000000E+03     -0.1827959580E+03
    0.4680000000E+03     -0.1871780437E+03
    0.4690000000E+03     -0.1916289196E+03
    0.4700000000E+03     -0.1961514583E+03
    0.4710000000E+03     -0.2007107544E+03
    0.4720000000E+03     -0.2053854446E+03
    0.4730000000E+03     -0.2101027166E+03
    0.4740000000E+03     -0.2149181178E+03
    0.4750000000E+03     -0.2198153585E+03
    0.4760000000E+03     -0.2247992861E+03
    0.4770000000E+03     -0.2298623868E+03
    0.4780000000E+03     -0.2349957562E+03
    0.4790000000E+03     -0.2401777877E+03
    0.4800000000E+03     -0.2454620785E+03
    0.4810000000E+03     -0.2508423124E+03
    0.4820000000E+03     -0.2562682020E+03
    0.4830000000E+03     -0.2617974799E+03
    0.4840000000E+03     -0.2674084175E+03
    0.4850000000E+03     -0.2731094763E+03
