    0.0000000000E+00     -0.1884427477E+01
    0.1000000000E+01     -0.1731910412E+01
    0.2000000000E+01     -0.2235835791E+01
    0.3000000000E+01     -0.3108731433E+01
    0.4000000000E+01     -0.4232585244E+01
    0.5000000000E+01     -0.5542628405E+01
    0.6000000000E+01     -0.6997980812E+01
    0.7000000000E+01     -0.8570102975E+01
    0.8000000000E+01     -0.1023871511E+02
    0.9000000000E+01     -0.1198756383E+02
    0.1000000000E+02     -0.1380428387E+02
    0.1100000000E+02     -0.1567857347E+02
    0.1200000000E+02     -0.1760195979E+02
    0.1300000000E+02     -0.1956715777E+02
    0.1400000000E+02     -0.2156824014E+02
    0.1500000000E+02     -0.2359947145E+02
    0.1600000000E+02     -0.2565621904E+02
    0.1700000000E+02     -0.2773409147E+02
    0.1800000000E+02     -0.2982938108E+02
    0.1900000000E+02     -0.3193860540E+02
    0.2000000000E+02     -0.3405826900E+02
    0.2100000000E+02     -0.3618560122E+02
    0.2200000000E+02     -0.3831751284E+02
    0.2300000000E+02     -0.4045102893E+02
    0.2400000000E+02     -0.4258385956E+02
    0.2500000000E+02     -0.4471318101E+02
    0.2600000000E+02     -0.4683622060E+02
    0.2700000000E+02     -0.4895095853E+02
    0.2800000000E+02     -0.5105445486E+02
    0.2900000000E+02     -0.5314446613E+02
    0.3000000000E+02     -0.5521818429E+02
    0.3100000000E+02     -0.5727353028E+02
    0.3200000000E+02     -0.5930852145E+02
    0.3300000000E+02     -0.6132104280E+02
    0.3400000000E+02     -0.6330958199E+02
    0.3500000000E+02     -0.6527258435E+02
    0.3600000000E+02     -0.6720932657E+02
    0.3700000000E+02     -0.6911929055E+02
    0.3800000000E+02     -0.7100250457E+02
    0.3900000000E+02     -0.7285941370E+02
    0.4000000000E+02     -0.7469030138E+02
    0.4100000000E+02     -0.7649614498E+02
    0.4200000000E+02     -0.7827748652E+02
    0.4300000000E+02     -0.8003553855E+02
    0.4400000000E+02     -0.8177123489E+02
    0.4500000000E+02     -0.8348545382E+02
    0.4600000000E+02     -0.8517947815E+02
    0.4700000000E+02     -0.8685384000E+02
    0.4800000000E+02     -0.8850924271E+02
    0.4900000000E+02     -0.9014665877E+02
    0.5000000000E+02     -0.9176683754E+02
    0.5100000000E+02     -0.9336960042E+02
    0.5200000000E+02     -0.9495615016E+02
    0.5300000000E+02     -0.9652669232E+02
    0.5400000000E+02     -0.9808168786E+02
    0.5500000000E+02     -0.9962097279E+02
    0.5600000000E+02     -0.1011454872E+03
    0.5700000000E+02     -0.1026551044E+03
    0.5800000000E+02     -0.1041498712E+03
    0.5900000000E+02     -0.1056305557E+03
    0.6000000000E+02     -0.1070964116E+03
    0.6100000000E+02     -0.1085477685E+03
    0.6200000000E+02     -0.1099852407E+03
    0.6300000000E+02     -0.1114080876E+03
    0.6400000000E+02     -0.1128167261E+03
    0.6500000000E+02     -0.1142109467E+03
    0.6600000000E+02     -0.1155902184E+03
    0.6700000000E+02     -0.1169549274E+03
    0.6800000000E+02     -0.1183049096E+03
    0.6900000000E+02     -0.1196402426E+03
    0.7000000000E+02     -0.1209608593E+03
    0.7100000000E+02     -0.1222664896E+03
    0.7200000000E+02     -0.1235573603E+03
    0.7300000000E+02     -0.1248331409E+03
    0.7400000000E+02     -0.1260941016E+03
    0.7500000000E+02     -0.1273396231E+03
    0.7600000000E+02     -0.1285703919E+03
    0.7700000000E+02     -0.1297866634E+03
    0.7800000000E+02     -0.1309882260E+03
    0.7900000000E+02     -0.1321755245E+03
    0.8000000000E+02     -0.1333491414E+03
    0.8100000000E+02     -0.1345088654E+03
    0.8200000000E+02     -0.1356552713E+03
    0.8300000000E+02     -0.1367880729E+03
    0.8400000000E+02     -0.1379079084E+03
    0.8500000000E+02     -0.1390160424E+03
    0.8600000000E+02     -0.1401111786E+03
    0.8700000000E+02     -0.1411943342E+03
    0.8800000000E+02     -0.1422664707E+03
    0.8900000000E+02     -0.1433270100E+03
    0.9000000000E+02     -0.1443771378E+03
    0.9100000000E+02     -0.1454158791E+03
    0.9200000000E+02     -0.1464441994E+03
    0.9300000000E+02     -0.1474620483E+03
    0.9400000000E+02     -0.1484699970E+03
    0.9500000000E+02     -0.1494682545E+03
    0.9600000000E+02     -0.1504566490E+03
    0.9700000000E+02     -0.1514358404E+03
    0.9800000000E+02     -0.1524057254E+03
    0.9900000000E+02     -0.1533660786E+03
    0.1000000000E+03     -0.1543172190E+03
    0.1010000000E+03     -0.1552599672E+03
    0.1020000000E+03     -0.1561939860E+03
    0.1030000000E+03     -0.1571195591E+03
    0.1040000000E+03     -0.1580360759E+03
    0.1050000000E+03     -0.1589437095E+03
    0.1060000000E+03     -0.1598425068E+03
    0.1070000000E+03     -0.1607323062E+03
    0.1080000000E+03     -0.1616133721E+03
    0.1090000000E+03     -0.1624855580E+03
    0.1100000000E+03     -0.1633493828E+03
    0.1110000000E+03     -0.1642041382E+03
    0.1120000000E+03     -0.1650496834E+03
    0.1130000000E+03     -0.1658864520E+03
    0.1140000000E+03     -0.1667136518E+03
    0.1150000000E+03     -0.1675312512E+03
    0.1160000000E+03     -0.1683386924E+03
    0.1170000000E+03     -0.1691362209E+03
    0.1180000000E+03     -0.1699238563E+03
    0.1190000000E+03     -0.1707011943E+03
    0.1200000000E+03     -0.1714682185E+03
    0.1210000000E+03     -0.1722242800E+03
    0.1220000000E+03     -0.1729689167E+03
    0.1230000000E+03     -0.1737025295E+03
    0.1240000000E+03     -0.1744242495E+03
    0.1250000000E+03     -0.1751334464E+03
    0.1260000000E+03     -0.1758300799E+03
    0.1270000000E+03     -0.1765143634E+03
    0.1280000000E+03     -0.1771853820E+03
    0.1290000000E+03     -0.1778422217E+03
    0.1300000000E+03     -0.1784854610E+03
    0.1310000000E+03     -0.1791143254E+03
    0.1320000000E+03     -0.1797297939E+03
    0.1330000000E+03     -0.1803301781E+03
    0.1340000000E+03     -0.1809148147E+03
    0.1350000000E+03     -0.1814839819E+03
    0.1360000000E+03     -0.1820362484E+03
    0.1370000000E+03     -0.1825721755E+03
    0.1380000000E+03     -0.1830919358E+03
    0.1390000000E+03     -0.1835944128E+03
    0.1400000000E+03     -0.1840792710E+03
    0.1410000000E+03     -0.1845467305E+03
    0.1420000000E+03     -0.1849961659E+03
    0.1430000000E+03     -0.1854281306E+03
    0.1440000000E+03     -0.1858424641E+03
    0.1450000000E+03     -0.1862395963E+03
    0.1460000000E+03     -0.1866194529E+03
    0.1470000000E+03     -0.1869825152E+03
    0.1480000000E+03     -0.1873296331E+03
    0.1490000000E+03     -0.1876620244E+03
    0.1500000000E+03     -0.1879783730E+03
    0.1510000000E+03     -0.1882810534E+03
    0.1520000000E+03     -0.1885694251E+03
    0.1530000000E+03     -0.1888458543E+03
    0.1540000000E+03     -0.1891116495E+03
    0.1550000000E+03     -0.1893650241E+03
    0.1560000000E+03     -0.1896091964E+03
    0.1570000000E+03     -0.1898435691E+03
    0.1580000000E+03     -0.1900689323E+03
    0.1590000000E+03     -0.1902865633E+03
    0.1600000000E+03     -0.1904957329E+03
    0.1610000000E+03     -0.1906977574E+03
    0.1620000000E+03     -0.1908921596E+03
    0.1630000000E+03     -0.1910805675E+03
    0.1640000000E+03     -0.1912621481E+03
    0.1650000000E+03     -0.1914375294E+03
    0.1660000000E+03     -0.1916065012E+03
    0.1670000000E+03     -0.1917701542E+03
    0.1680000000E+03     -0.1919287022E+03
    0.1690000000E+03     -0.1920819793E+03
    0.1700000000E+03     -0.1922304749E+03
    0.1710000000E+03     -0.1923738868E+03
    0.1720000000E+03     -0.1925130101E+03
    0.1730000000E+03     -0.1926478979E+03
    0.1740000000E+03     -0.1927777122E+03
    0.1750000000E+03     -0.1929036364E+03
    0.1760000000E+03     -0.1930256620E+03
    0.1770000000E+03     -0.1931436976E+03
    0.1780000000E+03     -0.1932574832E+03
    0.1790000000E+03     -0.1933679922E+03
    0.1800000000E+03     -0.1934748792E+03
    0.1810000000E+03     -0.1935768731E+03
    0.1820000000E+03     -0.1936758455E+03
    0.1830000000E+03     -0.1937709490E+03
    0.1840000000E+03     -0.1938627852E+03
    0.1850000000E+03     -0.1939510496E+03
    0.1860000000E+03     -0.1940362317E+03
    0.1870000000E+03     -0.1941183118E+03
    0.1880000000E+03     -0.1941973080E+03
    0.1890000000E+03     -0.1942722762E+03
    0.1900000000E+03     -0.1943445394E+03
    0.1910000000E+03     -0.1944135027E+03
    0.1920000000E+03     -0.1944787570E+03
    0.1930000000E+03     -0.1945413409E+03
    0.1940000000E+03     -0.1946009951E+03
    0.1950000000E+03     -0.1946573276E+03
    0.1960000000E+03     -0.1947100245E+03
    0.1970000000E+03     -0.1947600972E+03
    0.1980000000E+03     -0.1948083325E+03
    0.1990000000E+03     -0.1948523831E+03
    0.2000000000E+03     -0.1948932903E+03
    0.2010000000E+03     -0.1949312316E+03
    0.2020000000E+03     -0.1949670565E+03
    0.2030000000E+03     -0.1950002987E+03
    0.2040000000E+03     -0.1950299931E+03
    0.2050000000E+03     -0.1950562889E+03
    0.2060000000E+03     -0.1950804340E+03
    0.2070000000E+03     -0.1951013260E+03
    0.2080000000E+03     -0.1951188458E+03
    0.2090000000E+03     -0.1951334752E+03
    0.2100000000E+03     -0.1951445460E+03
    0.2110000000E+03     -0.1951528216E+03
    0.2120000000E+03     -0.1951585717E+03
    0.2130000000E+03     -0.1951607497E+03
    0.2140000000E+03     -0.1951597419E+03
    0.2150000000E+03     -0.1951557628E+03
    0.2160000000E+03     -0.1951478392E+03
    0.2170000000E+03     -0.1951367668E+03
    0.2180000000E+03     -0.1951223296E+03
    0.2190000000E+03     -0.1951041788E+03
    0.2200000000E+03     -0.1950833095E+03
    0.2210000000E+03     -0.1950572953E+03
    0.2220000000E+03     -0.1950277970E+03
    0.2230000000E+03     -0.1949954021E+03
    0.2240000000E+03     -0.1949573777E+03
    0.2250000000E+03     -0.1949154692E+03
    0.2260000000E+03     -0.1948685441E+03
    0.2270000000E+03     -0.1948174388E+03
    0.2280000000E+03     -0.1947612057E+03
    0.2290000000E+03     -0.1946998153E+03
    0.2300000000E+03     -0.1946331182E+03
    0.2310000000E+03     -0.1945606720E+03
    0.2320000000E+03     -0.1944825259E+03
    0.2330000000E+03     -0.1943971112E+03
    0.2340000000E+03     -0.1943048928E+03
    0.2350000000E+03     -0.1942047412E+03
    0.2360000000E+03     -0.1940973842E+03
    0.2370000000E+03     -0.1939807088E+03
    0.2380000000E+03     -0.1938535040E+03
    0.2390000000E+03     -0.1937159623E+03
    0.2400000000E+03     -0.1935678987E+03
    0.2410000000E+03     -0.1934069179E+03
    0.2420000000E+03     -0.1932325933E+03
    0.2430000000E+03     -0.1930440056E+03
    0.2440000000E+03     -0.1928396800E+03
    0.2450000000E+03     -0.1926197994E+03
    0.2460000000E+03     -0.1923814881E+03
    0.2470000000E+03     -0.1921262873E+03
    0.2480000000E+03     -0.1918508826E+03
    0.2490000000E+03     -0.1915578181E+03
    0.2500000000E+03     -0.1912459404E+03
    0.2510000000E+03     -0.1909153690E+03
    0.2520000000E+03     -0.1905660181E+03
    0.2530000000E+03     -0.1901959337E+03
    0.2540000000E+03     -0.1898081004E+03
    0.2550000000E+03     -0.1894056279E+03
    0.2560000000E+03     -0.1889864305E+03
    0.2570000000E+03     -0.1885494779E+03
    0.2580000000E+03     -0.1880963254E+03
    0.2590000000E+03     -0.1876272457E+03
    0.2600000000E+03     -0.1871422926E+03
    0.2610000000E+03     -0.1866443182E+03
    0.2620000000E+03     -0.1861322323E+03
    0.2630000000E+03     -0.1856077713E+03
    0.2640000000E+03     -0.1850695077E+03
    0.2650000000E+03     -0.1845195247E+03
    0.2660000000E+03     -0.1839578840E+03
    0.2670000000E+03     -0.1833823611E+03
    0.2680000000E+03     -0.1827980341E+03
    0.2690000000E+03     -0.1822011703E+03
    0.2700000000E+03     -0.1815945812E+03
    0.2710000000E+03     -0.1809762349E+03
    0.2720000000E+03     -0.1803483467E+03
    0.2730000000E+03     -0.1797096527E+03
    0.2740000000E+03     -0.1790619891E+03
    0.2750000000E+03     -0.1784042402E+03
    0.2760000000E+03     -0.1777394301E+03
    0.2770000000E+03     -0.1770637608E+03
    0.2780000000E+03     -0.1763789773E+03
    0.2790000000E+03     -0.1756846360E+03
    0.2800000000E+03     -0.1749807334E+03
    0.2810000000E+03     -0.1742676515E+03
    0.2820000000E+03     -0.1735475898E+03
    0.2830000000E+03     -0.1728190082E+03
    0.2840000000E+03     -0.1720806443E+03
    0.2850000000E+03     -0.1713365273E+03
    0.2860000000E+03     -0.1705822079E+03
    0.2870000000E+03     -0.1698184134E+03
    0.2880000000E+03     -0.1690475546E+03
    0.2890000000E+03     -0.1682676887E+03
    0.2900000000E+03     -0.1674764594E+03
    0.2910000000E+03     -0.1666801744E+03
    0.2920000000E+03     -0.1658709050E+03
    0.2930000000E+03     -0.1650548378E+03
    0.2940000000E+03     -0.1642283957E+03
    0.2950000000E+03     -0.1633901607E+03
    0.2960000000E+03     -0.1625426957E+03
    0.2970000000E+03     -0.1616851116E+03
    0.2980000000E+03     -0.1608179368E+03
    0.2990000000E+03     -0.1599391496E+03
    0.3000000000E+03     -0.1590495336E+03
    0.3010000000E+03     -0.1581481202E+03
    0.3020000000E+03     -0.1572362814E+03
    0.3030000000E+03     -0.1563107191E+03
    0.3040000000E+03     -0.1553745009E+03
    0.3050000000E+03     -0.1544238797E+03
    0.3060000000E+03     -0.1534606092E+03
    0.3070000000E+03     -0.1524842606E+03
    0.3080000000E+03     -0.1514966023E+03
    0.3090000000E+03     -0.1504904878E+03
    0.3100000000E+03     -0.1494729134E+03
    0.3110000000E+03     -0.1484403228E+03
    0.3120000000E+03     -0.1473936602E+03
    0.3130000000E+03     -0.1463337140E+03
    0.3140000000E+03     -0.1452598025E+03
    0.3150000000E+03     -0.1441698342E+03
    0.3160000000E+03     -0.1430682031E+03
    0.3170000000E+03     -0.1419510926E+03
    0.3180000000E+03     -0.1408221203E+03
    0.3190000000E+03     -0.1396777485E+03
    0.3200000000E+03     -0.1385185585E+03
    0.3210000000E+03     -0.1373497742E+03
    0.3220000000E+03     -0.1361669694E+03
    0.3230000000E+03     -0.1349653489E+03
    0.3240000000E+03     -0.1337520468E+03
    0.3250000000E+03     -0.1325209453E+03
    0.3260000000E+03     -0.1312733256E+03
    0.3270000000E+03     -0.1300167822E+03
    0.3280000000E+03     -0.1287402732E+03
    0.3290000000E+03     -0.1274479137E+03
    0.3300000000E+03     -0.1261345563E+03
    0.3310000000E+03     -0.1248054882E+03
    0.3320000000E+03     -0.1234555710E+03
    0.3330000000E+03     -0.1220812420E+03
    0.3340000000E+03     -0.1206916246E+03
    0.3350000000E+03     -0.1192818221E+03
    0.3360000000E+03     -0.1178477238E+03
    0.3370000000E+03     -0.1163916520E+03
    0.3380000000E+03     -0.1149074747E+03
    0.3390000000E+03     -0.1134001287E+03
    0.3400000000E+03     -0.1118728476E+03
    0.3410000000E+03     -0.1103219754E+03
    0.3420000000E+03     -0.1087532217E+03
    0.3430000000E+03     -0.1071636290E+03
    0.3440000000E+03     -0.1055548322E+03
    0.3450000000E+03     -0.1039316434E+03
    0.3460000000E+03     -0.1022944408E+03
    0.3470000000E+03     -0.1006481026E+03
    0.3480000000E+03     -0.9898988341E+02
    0.3490000000E+03     -0.9731901698E+02
    0.3500000000E+03     -0.9564180542E+02
    0.3510000000E+03     -0.9395818463E+02
    0.3520000000E+03     -0.9226968440E+02
    0.3530000000E+03     -0.9058039206E+02
    0.3540000000E+03     -0.8888812244E+02
    0.3550000000E+03     -0.8719136529E+02
    0.3560000000E+03     -0.8549624893E+02
    0.3570000000E+03     -0.8379552607E+02
    0.3580000000E+03     -0.8210229392E+02
    0.3590000000E+03     -0.8040896825E+02
    0.3600000000E+03     -0.7872339732E+02
    0.3610000000E+03     -0.7703859165E+02
    0.3620000000E+03     -0.7535471813E+02
    0.3630000000E+03     -0.7367345628E+02
    0.3640000000E+03     -0.7199433286E+02
    0.3650000000E+03     -0.7032245101E+02
    0.3660000000E+03     -0.6865988266E+02
    0.3670000000E+03     -0.6700384801E+02
    0.3680000000E+03     -0.6535810086E+02
    0.3690000000E+03     -0.6372140773E+02
    0.3700000000E+03     -0.6209139000E+02
    0.3710000000E+03     -0.6047439722E+02
    0.3720000000E+03     -0.5886347302E+02
    0.3730000000E+03     -0.5726457496E+02
    0.3740000000E+03     -0.5567675701E+02
    0.3750000000E+03     -0.5409436988E+02
    0.3760000000E+03     -0.5253018591E+02
    0.3770000000E+03     -0.5097594406E+02
    0.3780000000E+03     -0.4944033270E+02
    0.3790000000E+03     -0.4791474427E+02
    0.3800000000E+03     -0.4640529459E+02
    0.3810000000E+03     -0.4490495990E+02
    0.3820000000E+03     -0.4341928808E+02
    0.3830000000E+03     -0.4195738089E+02
    0.3840000000E+03     -0.4051080823E+02
    0.3850000000E+03     -0.3908658521E+02
    0.3860000000E+03     -0.3767959000E+02
    0.3870000000E+03     -0.3628882619E+02
    0.3880000000E+03     -0.3492389832E+02
    0.3890000000E+03     -0.3357673899E+02
    0.3900000000E+03     -0.3224664521E+02
    0.3910000000E+03     -0.3094285687E+02
    0.3920000000E+03     -0.2966215021E+02
    0.3930000000E+03     -0.2839759775E+02
    0.3940000000E+03     -0.2715333172E+02
    0.3950000000E+03     -0.2593320586E+02
    0.3960000000E+03     -0.2474322878E+02
    0.3970000000E+03     -0.2357762573E+02
    0.3980000000E+03     -0.2242991918E+02
    0.3990000000E+03     -0.2131289653E+02
    0.4000000000E+03     -0.2022834990E+02
    0.4010000000E+03     -0.1916011159E+02
    0.4020000000E+03     -0.1812802560E+02
    0.4030000000E+03     -0.1711596856E+02
    0.4040000000E+03     -0.1614144478E+02
    0.4050000000E+03     -0.1518734006E+02
    0.4060000000E+03     -0.1426793348E+02
    0.4070000000E+03     -0.1337707868E+02
    0.4080000000E+03     -0.1252329070E+02
    0.4090000000E+03     -0.1170510413E+02
    0.4100000000E+03     -0.1091082408E+02
    0.4110000000E+03     -0.1015479507E+02
    0.4120000000E+03     -0.9433195368E+01
    0.4130000000E+03     -0.8739946954E+01
    0.4140000000E+03     -0.8098903179E+01
    0.4150000000E+03     -0.7473967768E+01
    0.4160000000E+03     -0.6896132438E+01
    0.4170000000E+03     -0.6352710416E+01
    0.4180000000E+03     -0.5861951746E+01
    0.4190000000E+03     -0.5389817909E+01
    0.4200000000E+03     -0.4967455291E+01
    0.4210000000E+03     -0.4586116458E+01
    0.4220000000E+03     -0.4248628873E+01
    0.4230000000E+03     -0.3956977478E+01
    0.4240000000E+03     -0.3705794075E+01
    0.4250000000E+03     -0.3504587747E+01
    0.4260000000E+03     -0.3337836476E+01
    0.4270000000E+03     -0.3219206809E+01
    0.4280000000E+03     -0.3148691734E+01
    0.4290000000E+03     -0.3119270838E+01
    0.4300000000E+03     -0.3151311701E+01
    0.4310000000E+03     -0.3232007991E+01
    0.4320000000E+03     -0.3354211221E+01
    0.4330000000E+03     -0.3536741923E+01
    0.4340000000E+03     -0.3771020851E+01
    0.4350000000E+03     -0.4049378163E+01
    0.4360000000E+03     -0.4379760702E+01
    0.4370000000E+03     -0.4756433148E+01
    0.4380000000E+03     -0.5200859839E+01
    0.4390000000E+03     -0.5693768333E+01
    0.4400000000E+03     -0.6235509961E+01
    0.4410000000E+03     -0.6827635075E+01
    0.4420000000E+03     -0.7507176690E+01
    0.4430000000E+03     -0.8225942577E+01
    0.4440000000E+03     -0.8974396124E+01
    0.4450000000E+03     -0.9814591507E+01
    0.4460000000E+03     -0.1073143154E+02
    0.4470000000E+03     -0.1169341476E+02
    0.4480000000E+03     -0.1272052362E+02
    0.4490000000E+03     -0.1379805515E+02
    0.4500000000E+03     -0.1492372398E+02
    0.4510000000E+03     -0.1615282425E+02
    0.4520000000E+03     -0.1746190229E+02
    0.4530000000E+03     -0.1882779319E+02
    0.4540000000E+03     -0.2024038120E+02
    0.4550000000E+03     -0.2172550947E+02
    0.4560000000E+03     -0.2330434520E+02
    0.4570000000E+03     -0.2494709321E+02
    0.4580000000E+03     -0.2664080038E+02
    0.4590000000E+03     -0.2840122368E+02
    0.4600000000E+03     -0.3023903426E+02
    0.4610000000E+03     -0.3216379918E+02
    0.4620000000E+03     -0.3414269741E+02
    0.4630000000E+03     -0.3622869259E+02
    0.4640000000E+03     -0.3839699665E+02
    0.4650000000E+03     -0.4062171978E+02
    0.4660000000E+03     -0.4294062283E+02
    0.4670000000E+03     -0.4532051946E+02
    0.4680000000E+03     -0.4780259433E+02
    0.4690000000E+03     -0.5038272138E+02
    0.4700000000E+03     -0.5300163614E+02
    0.4710000000E+03     -0.5569449943E+02
    0.4720000000E+03     -0.5850287220E+02
    0.4730000000E+03     -0.6136386974E+02
    0.4740000000E+03     -0.6433192308E+02
    0.4750000000E+03     -0.6740594081E+02
    0.4760000000E+03     -0.7051435874E+02
    0.4770000000E+03     -0.7376132644E+02
    0.4780000000E+03     -0.7710471916E+02
    0.4790000000E+03     -0.8056584602E+02
    0.4800000000E+03     -0.8410891056E+02
    0.4810000000E+03     -0.8769544208E+02
    0.4820000000E+03     -0.9129699425E+02
    0.4830000000E+03     -0.9305390623E+02
    0.4840000000E+03     -0.9267905783E+02
    0.4850000000E+03     -0.9622491666E+02
