    0.00000000E+00      -2.171384878951975850E+00
    1.00000000E+00      -1.432325589034626034E+00
    2.00000000E+00      -1.354256666760811356E+00
    3.00000000E+00      -1.649389645580122021E+00
    4.00000000E+00      -2.199958948913881329E+00
    5.00000000E+00      -2.941451675753960160E+00
    6.00000000E+00      -3.832814069960186032E+00
    7.00000000E+00      -4.845963774744340924E+00
    8.00000000E+00      -5.960303831409582642E+00
    9.00000000E+00      -7.159949561145076302E+00
    1.00000000E+01      -8.432353492390284089E+00
    1.10000000E+01      -9.767629212263891247E+00
    1.20000000E+01      -1.115712832243359998E+01
    1.30000000E+01      -1.259394068041063264E+01
    1.40000000E+01      -1.407219145310289576E+01
    1.50000000E+01      -1.558639761110014632E+01
    1.60000000E+01      -1.713214844794190839E+01
    1.70000000E+01      -1.870515024339027121E+01
    1.80000000E+01      -2.030207976096487954E+01
    1.90000000E+01      -2.191950852100915625E+01
    2.00000000E+01      -2.355457278483725503E+01
    2.10000000E+01      -2.520468013783163741E+01
    2.20000000E+01      -2.686728157897658065E+01
    2.30000000E+01      -2.854002293900764897E+01
    2.40000000E+01      -3.022074096606291249E+01
    2.50000000E+01      -3.190792076059795335E+01
    2.60000000E+01      -3.359910549924887135E+01
    2.70000000E+01      -3.529279335078961566E+01
    2.80000000E+01      -3.698761695859200671E+01
    2.90000000E+01      -3.868181696769959643E+01
    3.00000000E+01      -4.037357097168631270E+01
    3.10000000E+01      -4.206202580363667920E+01
    3.20000000E+01      -4.374553517581141904E+01
    3.30000000E+01      -4.542254634157932713E+01
    3.40000000E+01      -4.709178830173976138E+01
    3.50000000E+01      -4.875161808033652022E+01
    3.60000000E+01      -5.040085283995784238E+01
    3.70000000E+01      -5.203781637040145114E+01
    3.80000000E+01      -5.366143465836710646E+01
    3.90000000E+01      -5.527026216176516726E+01
    4.00000000E+01      -5.686371174317962840E+01
    4.10000000E+01      -5.844108438168830588E+01
    4.20000000E+01      -6.000201886383063510E+01
    4.30000000E+01      -6.154658531447119429E+01
    4.40000000E+01      -6.307381531552589848E+01
    4.50000000E+01      -6.458401652102537582E+01
    4.60000000E+01      -6.607738976230092476E+01
    4.70000000E+01      -6.755426977624364326E+01
    4.80000000E+01      -6.901491814528770874E+01
    4.90000000E+01      -7.045968684510506819E+01
    5.00000000E+01      -7.188816622694201897E+01
    5.10000000E+01      -7.330099039574332664E+01
    5.20000000E+01      -7.469851702221848200E+01
    5.30000000E+01      -7.608027754773564766E+01
    5.40000000E+01      -7.744722998098649214E+01
    5.50000000E+01      -7.879916324609138201E+01
    5.60000000E+01      -8.013635504947222898E+01
    5.70000000E+01      -8.145922865488745401E+01
    5.80000000E+01      -8.276818637878812979E+01
    5.90000000E+01      -8.406224253171302507E+01
    6.00000000E+01      -8.534258020905025433E+01
    6.10000000E+01      -8.660961646449931095E+01
    6.20000000E+01      -8.786259115257479380E+01
    6.30000000E+01      -8.910217762788005302E+01
    6.40000000E+01      -9.032850126692272852E+01
    6.50000000E+01      -9.154252114662148188E+01
    6.60000000E+01      -9.274339696814485023E+01
    6.70000000E+01      -9.393051300619907806E+01
    6.80000000E+01      -9.510651542202748487E+01
    6.90000000E+01      -9.626928288352854679E+01
    7.00000000E+01      -9.741955021538950632E+01
    7.10000000E+01      -9.855700976823635528E+01
    7.20000000E+01      -9.968234448836363981E+01
    7.30000000E+01      -1.007963734804949922E+02
    7.40000000E+01      -1.018980485280341668E+02
    7.50000000E+01      -1.029870560705027742E+02
    7.60000000E+01      -1.040641440977639718E+02
    7.70000000E+01      -1.051291180798149867E+02
    7.80000000E+01      -1.061816626382357640E+02
    7.90000000E+01      -1.072229674724227948E+02
    8.00000000E+01      -1.082528647645673914E+02
    8.10000000E+01      -1.092707975595555467E+02
    8.20000000E+01      -1.102768626385665698E+02
    8.30000000E+01      -1.112723632748536033E+02
    8.40000000E+01      -1.122560367719567580E+02
    8.50000000E+01      -1.132292872867844267E+02
    8.60000000E+01      -1.141917570070660872E+02
    8.70000000E+01      -1.151431257580704255E+02
    8.80000000E+01      -1.160840938757471008E+02
    8.90000000E+01      -1.170159884500614567E+02
    9.00000000E+01      -1.179366308213508887E+02
    9.10000000E+01      -1.188475505118555589E+02
    9.20000000E+01      -1.197477405793330831E+02
    9.30000000E+01      -1.206384728350973887E+02
    9.40000000E+01      -1.215195459197572632E+02
    9.50000000E+01      -1.223921047193295522E+02
    9.60000000E+01      -1.232547408701217933E+02
    9.70000000E+01      -1.241083683441690368E+02
    9.80000000E+01      -1.249533310788980884E+02
    9.90000000E+01      -1.257891844525299234E+02
    1.00000000E+02      -1.266156157958618564E+02
    1.01000000E+02      -1.274334260444454117E+02
    1.02000000E+02      -1.282417915328703089E+02
    1.03000000E+02      -1.290421708529181046E+02
    1.04000000E+02      -1.298327178894839449E+02
    1.05000000E+02      -1.306146651967725916E+02
    1.06000000E+02      -1.313878449318296475E+02
    1.07000000E+02      -1.321524431533477468E+02
    1.08000000E+02      -1.329085311326495571E+02
    1.09000000E+02      -1.336572177741042537E+02
    1.10000000E+02      -1.343966050925961895E+02
    1.11000000E+02      -1.351264017368964119E+02
    1.12000000E+02      -1.358477446143812699E+02
    1.13000000E+02      -1.365606170581019683E+02
    1.14000000E+02      -1.372649455019570155E+02
    1.15000000E+02      -1.379593818909785909E+02
    1.16000000E+02      -1.386446782718709869E+02
    1.17000000E+02      -1.393214894631243510E+02
    1.18000000E+02      -1.399882974461949630E+02
    1.19000000E+02      -1.406457188125065727E+02
    1.20000000E+02      -1.412928388272709412E+02
    1.21000000E+02      -1.419314512987918420E+02
    1.22000000E+02      -1.425606144625059528E+02
    1.23000000E+02      -1.431800655634439750E+02
    1.24000000E+02      -1.437887417706958217E+02
    1.25000000E+02      -1.443868880304805202E+02
    1.26000000E+02      -1.449750264245382709E+02
    1.27000000E+02      -1.455538619128353162E+02
    1.28000000E+02      -1.461211707755289240E+02
    1.29000000E+02      -1.466770121786109371E+02
    1.30000000E+02      -1.472235889095179004E+02
    1.31000000E+02      -1.477585693016014261E+02
    1.32000000E+02      -1.482817097115627689E+02
    1.33000000E+02      -1.487933385516814155E+02
    1.34000000E+02      -1.492946773269511027E+02
    1.35000000E+02      -1.497835399336478872E+02
    1.36000000E+02      -1.502601851425430937E+02
    1.37000000E+02      -1.507262320067099495E+02
    1.38000000E+02      -1.511790725034958882E+02
    1.39000000E+02      -1.516196426539979143E+02
    1.40000000E+02      -1.520474682818464203E+02
    1.41000000E+02      -1.524633829440287514E+02
    1.42000000E+02      -1.528672205512709183E+02
    1.43000000E+02      -1.532588058593980236E+02
    1.44000000E+02      -1.536383257708809538E+02
    1.45000000E+02      -1.540040489076934023E+02
    1.46000000E+02      -1.543596161105967326E+02
    1.47000000E+02      -1.547009978280700011E+02
    1.48000000E+02      -1.550343067250511808E+02
    1.49000000E+02      -1.553540040129161639E+02
    1.50000000E+02      -1.556630502878985567E+02
    1.51000000E+02      -1.559612613716460032E+02
    1.52000000E+02      -1.562469599158800406E+02
    1.53000000E+02      -1.565239026607311530E+02
    1.54000000E+02      -1.567906448287255330E+02
    1.55000000E+02      -1.570479532382748289E+02
    1.56000000E+02      -1.572979872417933507E+02
    1.57000000E+02      -1.575382665214426083E+02
    1.58000000E+02      -1.577712622075638933E+02
    1.59000000E+02      -1.579950948977208895E+02
    1.60000000E+02      -1.582119098869449658E+02
    1.61000000E+02      -1.584207374775148196E+02
    1.62000000E+02      -1.586233885032422108E+02
    1.63000000E+02      -1.588177812383807463E+02
    1.64000000E+02      -1.590061845300085110E+02
    1.65000000E+02      -1.591903037973976893E+02
    1.66000000E+02      -1.593673295392952127E+02
    1.67000000E+02      -1.595386928399390740E+02
    1.68000000E+02      -1.597050635754428072E+02
    1.69000000E+02      -1.598654038734100027E+02
    1.70000000E+02      -1.600206695446110530E+02
    1.71000000E+02      -1.601703944313637180E+02
    1.72000000E+02      -1.603168469104281826E+02
    1.73000000E+02      -1.604587696562818451E+02
    1.74000000E+02      -1.605954823210201425E+02
    1.75000000E+02      -1.607285948065406842E+02
    1.76000000E+02      -1.608562035677320523E+02
    1.77000000E+02      -1.609800904686860008E+02
    1.78000000E+02      -1.610995309897995753E+02
    1.79000000E+02      -1.612152739926538629E+02
    1.80000000E+02      -1.613258731267712278E+02
    1.81000000E+02      -1.614334795489273233E+02
    1.82000000E+02      -1.615378083610273166E+02
    1.83000000E+02      -1.616384281493089361E+02
    1.84000000E+02      -1.617351816841698451E+02
    1.85000000E+02      -1.618282210245094461E+02
    1.86000000E+02      -1.619173371927178664E+02
    1.87000000E+02      -1.620038277828431887E+02
    1.88000000E+02      -1.620857636961451931E+02
    1.89000000E+02      -1.621647592219821377E+02
    1.90000000E+02      -1.622399407499767108E+02
    1.91000000E+02      -1.623115181704349084E+02
    1.92000000E+02      -1.623820312065369649E+02
    1.93000000E+02      -1.624477260937280221E+02
    1.94000000E+02      -1.625103032910562320E+02
    1.95000000E+02      -1.625689383806026740E+02
    1.96000000E+02      -1.626243436229712529E+02
    1.97000000E+02      -1.626771506402007503E+02
    1.98000000E+02      -1.627263627411163611E+02
    1.99000000E+02      -1.627716274638957543E+02
    2.00000000E+02      -1.628128713476768894E+02
    2.01000000E+02      -1.628520366414747400E+02
    2.02000000E+02      -1.628861947437114281E+02
    2.03000000E+02      -1.629175152280665202E+02
    2.04000000E+02      -1.629433780373371405E+02
    2.05000000E+02      -1.629660011246166391E+02
    2.06000000E+02      -1.629845122820995016E+02
    2.07000000E+02      -1.629982934245205684E+02
    2.08000000E+02      -1.630066265208012624E+02
    2.09000000E+02      -1.630124173793307705E+02
    2.10000000E+02      -1.630136810881382985E+02
    2.11000000E+02      -1.630091791511810584E+02
    2.12000000E+02      -1.630002165385819239E+02
    2.13000000E+02      -1.629845459037757678E+02
    2.14000000E+02      -1.629636128400749726E+02
    2.15000000E+02      -1.629364279532171054E+02
    2.16000000E+02      -1.629033371690026684E+02
    2.17000000E+02      -1.628650786909572048E+02
    2.18000000E+02      -1.628206181251741214E+02
    2.19000000E+02      -1.627685249005741639E+02
    2.20000000E+02      -1.627105495850852890E+02
    2.21000000E+02      -1.626445458908862634E+02
    2.22000000E+02      -1.625716199227906031E+02
    2.23000000E+02      -1.624918529740832014E+02
    2.24000000E+02      -1.624053662396333380E+02
    2.25000000E+02      -1.623075457956007881E+02
    2.26000000E+02      -1.622033425993583364E+02
    2.27000000E+02      -1.620917282705492539E+02
    2.28000000E+02      -1.619685109597928090E+02
    2.29000000E+02      -1.618382990728429718E+02
    2.30000000E+02      -1.617003184571228189E+02
    2.31000000E+02      -1.615532512753567858E+02
    2.32000000E+02      -1.613980213613546653E+02
    2.33000000E+02      -1.612280112640298171E+02
    2.34000000E+02      -1.610467106546572609E+02
    2.35000000E+02      -1.608583602919540567E+02
    2.36000000E+02      -1.606567842760420604E+02
    2.37000000E+02      -1.604445059853903217E+02
    2.38000000E+02      -1.602256852719298763E+02
    2.39000000E+02      -1.599900746955833597E+02
    2.40000000E+02      -1.597407836686185760E+02
    2.41000000E+02      -1.594793755286670489E+02
    2.42000000E+02      -1.592093870747200413E+02
    2.43000000E+02      -1.589208635757974548E+02
    2.44000000E+02      -1.586175045497081442E+02
    2.45000000E+02      -1.583005237416661544E+02
    2.46000000E+02      -1.579693979411683245E+02
    2.47000000E+02      -1.576262783189601464E+02
    2.48000000E+02      -1.572686744747049374E+02
    2.49000000E+02      -1.568989210636652274E+02
    2.50000000E+02      -1.565146948858461542E+02
    2.51000000E+02      -1.561253987490496797E+02
    2.52000000E+02      -1.557196526513732238E+02
    2.53000000E+02      -1.553071495271585150E+02
    2.54000000E+02      -1.548863061047456426E+02
    2.55000000E+02      -1.544546183911449475E+02
    2.56000000E+02      -1.540153097859881086E+02
    2.57000000E+02      -1.535683016660920543E+02
    2.58000000E+02      -1.531103629847354455E+02
    2.59000000E+02      -1.526411187374330325E+02
    2.60000000E+02      -1.521665411289147301E+02
    2.61000000E+02      -1.516800971185154481E+02
    2.62000000E+02      -1.511858590715862078E+02
    2.63000000E+02      -1.506799111333972974E+02
    2.64000000E+02      -1.501671102284751100E+02
    2.65000000E+02      -1.496492809183261556E+02
    2.66000000E+02      -1.491201685970015092E+02
    2.67000000E+02      -1.485829901541880531E+02
    2.68000000E+02      -1.480370420026890201E+02
    2.69000000E+02      -1.474819524265191717E+02
    2.70000000E+02      -1.469171187193430228E+02
    2.71000000E+02      -1.463442291631660623E+02
    2.72000000E+02      -1.457659509447700543E+02
    2.73000000E+02      -1.451777542564383907E+02
    2.74000000E+02      -1.445772903641051812E+02
    2.75000000E+02      -1.439691577083728475E+02
    2.76000000E+02      -1.433535367097071571E+02
    2.77000000E+02      -1.427266169651708765E+02
    2.78000000E+02      -1.420984511017165346E+02
    2.79000000E+02      -1.414564858698583407E+02
    2.80000000E+02      -1.408086527246347828E+02
    2.81000000E+02      -1.401476431717462106E+02
    2.82000000E+02      -1.394755759020633263E+02
    2.83000000E+02      -1.388026174283883734E+02
    2.84000000E+02      -1.381156210326886935E+02
    2.85000000E+02      -1.374226211994252367E+02
    2.86000000E+02      -1.367174461284018321E+02
    2.87000000E+02      -1.360052863364405198E+02
    2.88000000E+02      -1.352813699632249040E+02
    2.89000000E+02      -1.345469021420291824E+02
    2.90000000E+02      -1.338038946059829755E+02
    2.91000000E+02      -1.330512657850346727E+02
    2.92000000E+02      -1.322891660542524619E+02
    2.93000000E+02      -1.315108264820016188E+02
    2.94000000E+02      -1.307245452623180313E+02
    2.95000000E+02      -1.299431397733575864E+02
    2.96000000E+02      -1.291310768169648213E+02
    2.97000000E+02      -1.283142296555749340E+02
    2.98000000E+02      -1.274840602181217832E+02
    2.99000000E+02      -1.266365600829309983E+02
    3.00000000E+02      -1.257802043627313537E+02
    3.01000000E+02      -1.249077774393669529E+02
    3.02000000E+02      -1.240213566287717981E+02
    3.03000000E+02      -1.231169230868405862E+02
    3.04000000E+02      -1.222032866929955048E+02
    3.05000000E+02      -1.212829213417432470E+02
    3.06000000E+02      -1.203483566078654690E+02
    3.07000000E+02      -1.193938425253442688E+02
    3.08000000E+02      -1.184272654136008782E+02
    3.09000000E+02      -1.174488464477769298E+02
    3.10000000E+02      -1.164573553814850015E+02
    3.11000000E+02      -1.154508416788018508E+02
    3.12000000E+02      -1.144321714048571152E+02
    3.13000000E+02      -1.133980364376045031E+02
    3.14000000E+02      -1.123551305211446447E+02
    3.15000000E+02      -1.112962455149105949E+02
    3.16000000E+02      -1.102251280206552906E+02
    3.17000000E+02      -1.091469138809777064E+02
    3.18000000E+02      -1.080627540205902619E+02
    3.19000000E+02      -1.069606182300782962E+02
    3.20000000E+02      -1.058434764021373553E+02
    3.21000000E+02      -1.047230098662263913E+02
    3.22000000E+02      -1.035875302725768847E+02
    3.23000000E+02      -1.024349660077429576E+02
    3.24000000E+02      -1.012774436488113565E+02
    3.25000000E+02      -1.001108344761020703E+02
    3.26000000E+02      -9.893389311668641994E+01
    3.27000000E+02      -9.773687634946026037E+01
    3.28000000E+02      -9.653288907886661718E+01
    3.29000000E+02      -9.531702324145652483E+01
    3.30000000E+02      -9.409273931247361134E+01
    3.31000000E+02      -9.285204456889249514E+01
    3.32000000E+02      -9.159402550992734859E+01
    3.33000000E+02      -9.032017436859376858E+01
    3.34000000E+02      -8.903275132973857353E+01
    3.35000000E+02      -8.773601379853852222E+01
    3.36000000E+02      -8.642322385919459293E+01
    3.37000000E+02      -8.509854533572860191E+01
    3.38000000E+02      -8.376360198998071382E+01
    3.39000000E+02      -8.241629573007293175E+01
    3.40000000E+02      -8.106179728315390776E+01
    3.41000000E+02      -7.971021850549794863E+01
    3.42000000E+02      -7.835763587852187584E+01
    3.43000000E+02      -7.700496593819178770E+01
    3.44000000E+02      -7.566053839915610979E+01
    3.45000000E+02      -7.432623853863395880E+01
    3.46000000E+02      -7.298925919414676855E+01
    3.47000000E+02      -7.166138326239951084E+01
    3.48000000E+02      -7.033229173024363945E+01
    3.49000000E+02      -6.901383556475110481E+01
    3.50000000E+02      -6.770844093200929592E+01
    3.51000000E+02      -6.639106565949686001E+01
    3.52000000E+02      -6.507917595331736038E+01
    3.53000000E+02      -6.377519575369722560E+01
    3.54000000E+02      -6.247210215081639006E+01
    3.55000000E+02      -6.116956726324922755E+01
    3.56000000E+02      -5.987633955341942027E+01
    3.57000000E+02      -5.858612029397107079E+01
    3.58000000E+02      -5.730007629704839900E+01
    3.59000000E+02      -5.602720672593630269E+01
    3.60000000E+02      -5.475942763735718444E+01
    3.61000000E+02      -5.349627759636558011E+01
    3.62000000E+02      -5.224057926752782777E+01
    3.63000000E+02      -5.099692096796996310E+01
    3.64000000E+02      -4.976787439876414254E+01
    3.65000000E+02      -4.853767505337662413E+01
    3.66000000E+02      -4.732054743685937837E+01
    3.67000000E+02      -4.612217854851103738E+01
    3.68000000E+02      -4.492914472476757481E+01
    3.69000000E+02      -4.375500696947045043E+01
    3.70000000E+02      -4.258742287990815356E+01
    3.71000000E+02      -4.143230276604361251E+01
    3.72000000E+02      -4.029185844169176534E+01
    3.73000000E+02      -3.916073242438204005E+01
    3.74000000E+02      -3.804867940631873324E+01
    3.75000000E+02      -3.695111410462475732E+01
    3.76000000E+02      -3.586573155366993859E+01
    3.77000000E+02      -3.479732001342988923E+01
    3.78000000E+02      -3.375390449867762044E+01
    3.79000000E+02      -3.272353374635047629E+01
    3.80000000E+02      -3.169706492827452138E+01
    3.81000000E+02      -3.069924158373094514E+01
    3.82000000E+02      -2.972273547158754781E+01
    3.83000000E+02      -2.876425597028053716E+01
    3.84000000E+02      -2.782126632661736920E+01
    3.85000000E+02      -2.689953990982092336E+01
    3.86000000E+02      -2.599413364430136397E+01
    3.87000000E+02      -2.511473935892052367E+01
    3.88000000E+02      -2.424850053669131711E+01
    3.89000000E+02      -2.340976665777332499E+01
    3.90000000E+02      -2.259340647378183320E+01
    3.91000000E+02      -2.180080744114882663E+01
    3.92000000E+02      -2.103087166653192952E+01
    3.93000000E+02      -2.028981426873422578E+01
    3.94000000E+02      -1.957511661437518313E+01
    3.95000000E+02      -1.887441959374762490E+01
    3.96000000E+02      -1.821259324209011510E+01
    3.97000000E+02      -1.757830040392644122E+01
    3.98000000E+02      -1.697235184957451537E+01
    3.99000000E+02      -1.639164500081158593E+01
    4.00000000E+02      -1.582535621852792218E+01
    4.01000000E+02      -1.529942981575793937E+01
    4.02000000E+02      -1.480087200974292472E+01
    4.03000000E+02      -1.432315327928579762E+01
    4.04000000E+02      -1.388445239191121772E+01
    4.05000000E+02      -1.346870301992810681E+01
    4.06000000E+02      -1.309218398251748994E+01
    4.07000000E+02      -1.275571882122374490E+01
    4.08000000E+02      -1.244874632594353869E+01
    4.09000000E+02      -1.218241284092135146E+01
    4.10000000E+02      -1.193698933956391528E+01
    4.11000000E+02      -1.174012759470559075E+01
    4.12000000E+02      -1.156226333652801230E+01
    4.13000000E+02      -1.143271786582834437E+01
    4.14000000E+02      -1.133738513806081727E+01
    4.15000000E+02      -1.127156755098319962E+01
    4.16000000E+02      -1.125827334963894799E+01
    4.17000000E+02      -1.127191397597260192E+01
    4.18000000E+02      -1.132309911729014829E+01
    4.19000000E+02      -1.141072257657713607E+01
    4.20000000E+02      -1.155308100537575200E+01
    4.21000000E+02      -1.172549341296024039E+01
    4.22000000E+02      -1.193417385735727265E+01
    4.23000000E+02      -1.220443334573126748E+01
    4.24000000E+02      -1.252478172679609969E+01
    4.25000000E+02      -1.288403498896575883E+01
    4.26000000E+02      -1.328265237298972323E+01
    4.27000000E+02      -1.374012128126985743E+01
    4.28000000E+02      -1.423766172354287818E+01
    4.29000000E+02      -1.477270668887711480E+01
    4.30000000E+02      -1.535315497921026662E+01
    4.31000000E+02      -1.599582822484142497E+01
    4.32000000E+02      -1.669306731646127417E+01
    4.33000000E+02      -1.743033421647913173E+01
    4.34000000E+02      -1.822884036463863566E+01
    4.35000000E+02      -1.906046286740518525E+01
    4.36000000E+02      -1.995495576274759486E+01
    4.37000000E+02      -2.089787248664713815E+01
    4.38000000E+02      -2.189151613463825896E+01
    4.39000000E+02      -2.297212338869638160E+01
    4.40000000E+02      -2.407559912049389794E+01
    4.41000000E+02      -2.523347109326339677E+01
    4.42000000E+02      -2.643891300496823504E+01
    4.43000000E+02      -2.771644717690713122E+01
    4.44000000E+02      -2.905133125328637078E+01
    4.45000000E+02      -3.044911517624921515E+01
    4.46000000E+02      -3.190128598039216712E+01
    4.47000000E+02      -3.342097484649337247E+01
    4.48000000E+02      -3.500758341376847937E+01
    4.49000000E+02      -3.663594592598445132E+01
    4.50000000E+02      -3.835847279665238574E+01
    4.51000000E+02      -4.012745807928211406E+01
    4.52000000E+02      -4.196383407947785571E+01
    4.53000000E+02      -4.387153491520501092E+01
    4.54000000E+02      -4.583804792960352614E+01
    4.55000000E+02      -4.788543805157012656E+01
    4.56000000E+02      -4.997288378098226502E+01
    4.57000000E+02      -5.213185601731009200E+01
    4.58000000E+02      -5.438845316183931544E+01
    4.59000000E+02      -5.668612378419555142E+01
    4.60000000E+02      -5.906440440149224713E+01
    4.61000000E+02      -6.152390172102666810E+01
    4.62000000E+02      -6.403941935164101551E+01
    4.63000000E+02      -6.665332463526345919E+01
    4.64000000E+02      -6.933743286554880569E+01
    4.65000000E+02      -7.210554742676384876E+01
    4.66000000E+02      -7.490313547433532904E+01
    4.67000000E+02      -7.780839886472739408E+01
    4.68000000E+02      -8.080814153471209238E+01
    4.69000000E+02      -8.391182970305152367E+01
    4.70000000E+02      -8.704345453393824528E+01
    4.71000000E+02      -9.029407382526613901E+01
    4.72000000E+02      -9.357883109201856087E+01
    4.73000000E+02      -9.696728485779084394E+01
    4.74000000E+02      -1.004586102324835224E+02
    4.75000000E+02      -1.040054385974369211E+02
    4.76000000E+02      -1.076651790584734840E+02
    4.77000000E+02      -1.114056317587680383E+02
    4.78000000E+02      -1.152056143735832734E+02
    4.79000000E+02      -1.191096653533465428E+02
    4.80000000E+02      -1.231583482078573866E+02
    4.81000000E+02      -1.272704928745812936E+02
    4.82000000E+02      -1.314650527374184890E+02
    4.83000000E+02      -1.357632369106001420E+02
    4.84000000E+02      -1.401161408168561024E+02
    4.85000000E+02      -1.446371490513271851E+02
    4.86000000E+02      -1.491328551010525985E+02
    4.87000000E+02      -1.538378714085853858E+02
    4.88000000E+02      -1.585967737217731042E+02
    4.89000000E+02      -1.622545992578677101E+02
    4.90000000E+02      -1.662364551169163747E+02
    4.91000000E+02      -1.720502469265199466E+02
    4.92000000E+02      -1.802608268969058258E+02
    4.93000000E+02      -1.840910903062037391E+02
    4.94000000E+02      -1.866543365172407789E+02
    4.95000000E+02      -1.917664205627813203E+02
    4.96000000E+02      -1.940397048346064253E+02
    4.97000000E+02      -1.963383981925732655E+02
    4.98000000E+02      -1.977340019052214188E+02
    4.99000000E+02      -2.009595686900726719E+02
    5.00000000E+02      -2.055310099269560737E+02
    5.01000000E+02      -2.099122395157179994E+02
    5.02000000E+02      -2.146916989139578504E+02
    5.03000000E+02      -2.182407948761544390E+02
    5.04000000E+02      -2.207995686768851442E+02
    5.05000000E+02      -2.345720105930528803E+02
    5.06000000E+02      -2.424244798193983002E+02
    5.07000000E+02      -2.327082704934588833E+02
    5.08000000E+02      -2.431476171477995081E+02
    5.09000000E+02      -2.644513157215266688E+02
    5.10000000E+02      -2.766915213535837097E+02
