    0.0000000000E+00     -0.2877401546E+02
    0.1000000000E+01     -0.2569431701E+02
    0.2000000000E+01     -0.2329191829E+02
    0.3000000000E+01     -0.2127916420E+02
    0.4000000000E+01     -0.1953822970E+02
    0.5000000000E+01     -0.1800460563E+02
    0.6000000000E+01     -0.1663757894E+02
    0.7000000000E+01     -0.1540915450E+02
    0.8000000000E+01     -0.1429863353E+02
    0.9000000000E+01     -0.1329022605E+02
    0.1000000000E+02     -0.1237157529E+02
    0.1100000000E+02     -0.1153259592E+02
    0.1200000000E+02     -0.1076526538E+02
    0.1300000000E+02     -0.1006264355E+02
    0.1400000000E+02     -0.9418770446E+01
    0.1500000000E+02     -0.8828493122E+01
    0.1600000000E+02     -0.8287343615E+01
    0.1700000000E+02     -0.7791445716E+01
    0.1800000000E+02     -0.7337377164E+01
    0.1900000000E+02     -0.6922199213E+01
    0.2000000000E+02     -0.6543053461E+01
    0.2100000000E+02     -0.6197481814E+01
    0.2200000000E+02     -0.5883171373E+01
    0.2300000000E+02     -0.5598395271E+01
    0.2400000000E+02     -0.5341205868E+01
    0.2500000000E+02     -0.5109660291E+01
    0.2600000000E+02     -0.4901983513E+01
    0.2700000000E+02     -0.4717247370E+01
    0.2800000000E+02     -0.4553958171E+01
    0.2900000000E+02     -0.4410870893E+01
    0.3000000000E+02     -0.4286901924E+01
    0.3100000000E+02     -0.4180938088E+01
    0.3200000000E+02     -0.4091915084E+01
    0.3300000000E+02     -0.4019098583E+01
    0.3400000000E+02     -0.3961367064E+01
    0.3500000000E+02     -0.3918000979E+01
    0.3600000000E+02     -0.3888151559E+01
    0.3700000000E+02     -0.3870971941E+01
    0.3800000000E+02     -0.3866041077E+01
    0.3900000000E+02     -0.3872535232E+01
    0.4000000000E+02     -0.3890025966E+01
    0.4100000000E+02     -0.3917792303E+01
    0.4200000000E+02     -0.3955034348E+01
    0.4300000000E+02     -0.4001726590E+01
    0.4400000000E+02     -0.4057116104E+01
    0.4500000000E+02     -0.4120622101E+01
    0.4600000000E+02     -0.4192181163E+01
    0.4700000000E+02     -0.4271230859E+01
    0.4800000000E+02     -0.4357186588E+01
    0.4900000000E+02     -0.4449556731E+01
    0.5000000000E+02     -0.4548192514E+01
    0.5100000000E+02     -0.4652775409E+01
    0.5200000000E+02     -0.4762891524E+01
    0.5300000000E+02     -0.4877974374E+01
    0.5400000000E+02     -0.4997966262E+01
    0.5500000000E+02     -0.5122508369E+01
    0.5600000000E+02     -0.5251575184E+01
    0.5700000000E+02     -0.5384603085E+01
    0.5800000000E+02     -0.5521382503E+01
    0.5900000000E+02     -0.5661536020E+01
    0.6000000000E+02     -0.5805313738E+01
    0.6100000000E+02     -0.5951817058E+01
    0.6200000000E+02     -0.6101597202E+01
    0.6300000000E+02     -0.6254053595E+01
    0.6400000000E+02     -0.6408524148E+01
    0.6500000000E+02     -0.6565380794E+01
    0.6600000000E+02     -0.6724616381E+01
    0.6700000000E+02     -0.6885452233E+01
    0.6800000000E+02     -0.7048079801E+01
    0.6900000000E+02     -0.7211917820E+01
    0.7000000000E+02     -0.7377061419E+01
    0.7100000000E+02     -0.7543420953E+01
    0.7200000000E+02     -0.7710951122E+01
    0.7300000000E+02     -0.7879661463E+01
    0.7400000000E+02     -0.8048953783E+01
    0.7500000000E+02     -0.8218873860E+01
    0.7600000000E+02     -0.8389216415E+01
    0.7700000000E+02     -0.8560201508E+01
    0.7800000000E+02     -0.8731147023E+01
    0.7900000000E+02     -0.8902592263E+01
    0.8000000000E+02     -0.9073756647E+01
    0.8100000000E+02     -0.9244781079E+01
    0.8200000000E+02     -0.9415778331E+01
    0.8300000000E+02     -0.9586451095E+01
    0.8400000000E+02     -0.9757045181E+01
    0.8500000000E+02     -0.9927034876E+01
    0.8600000000E+02     -0.1009648908E+02
    0.8700000000E+02     -0.1026526904E+02
    0.8800000000E+02     -0.1043366443E+02
    0.8900000000E+02     -0.1060116528E+02
    0.9000000000E+02     -0.1076792416E+02
    0.9100000000E+02     -0.1093344303E+02
    0.9200000000E+02     -0.1109838278E+02
    0.9300000000E+02     -0.1126199430E+02
    0.9400000000E+02     -0.1142448526E+02
    0.9500000000E+02     -0.1158589188E+02
    0.9600000000E+02     -0.1174646309E+02
    0.9700000000E+02     -0.1190561118E+02
    0.9800000000E+02     -0.1206328965E+02
    0.9900000000E+02     -0.1221982372E+02
    0.1000000000E+03     -0.1237466263E+02
    0.1010000000E+03     -0.1252823482E+02
    0.1020000000E+03     -0.1268038604E+02
    0.1030000000E+03     -0.1283107456E+02
    0.1040000000E+03     -0.1298011084E+02
    0.1050000000E+03     -0.1312708336E+02
    0.1060000000E+03     -0.1327242368E+02
    0.1070000000E+03     -0.1341584615E+02
    0.1080000000E+03     -0.1355770365E+02
    0.1090000000E+03     -0.1369766953E+02
    0.1100000000E+03     -0.1383564819E+02
    0.1110000000E+03     -0.1397194457E+02
    0.1120000000E+03     -0.1410627352E+02
    0.1130000000E+03     -0.1423835609E+02
    0.1140000000E+03     -0.1436868867E+02
    0.1150000000E+03     -0.1449711390E+02
    0.1160000000E+03     -0.1462346299E+02
    0.1170000000E+03     -0.1474754566E+02
    0.1180000000E+03     -0.1486972719E+02
    0.1190000000E+03     -0.1498979608E+02
    0.1200000000E+03     -0.1510817793E+02
    0.1210000000E+03     -0.1522398414E+02
    0.1220000000E+03     -0.1533793021E+02
    0.1230000000E+03     -0.1544970739E+02
    0.1240000000E+03     -0.1555867600E+02
    0.1250000000E+03     -0.1566596351E+02
    0.1260000000E+03     -0.1577045462E+02
    0.1270000000E+03     -0.1587285527E+02
    0.1280000000E+03     -0.1597299714E+02
    0.1290000000E+03     -0.1607071048E+02
    0.1300000000E+03     -0.1616628640E+02
    0.1310000000E+03     -0.1625912813E+02
    0.1320000000E+03     -0.1635003200E+02
    0.1330000000E+03     -0.1643827035E+02
    0.1340000000E+03     -0.1652430142E+02
    0.1350000000E+03     -0.1660792923E+02
    0.1360000000E+03     -0.1668914615E+02
    0.1370000000E+03     -0.1676831935E+02
    0.1380000000E+03     -0.1684442148E+02
    0.1390000000E+03     -0.1691822692E+02
    0.1400000000E+03     -0.1698945267E+02
    0.1410000000E+03     -0.1705837148E+02
    0.1420000000E+03     -0.1712474137E+02
    0.1430000000E+03     -0.1718833343E+02
    0.1440000000E+03     -0.1725027230E+02
    0.1450000000E+03     -0.1730958595E+02
    0.1460000000E+03     -0.1736603643E+02
    0.1470000000E+03     -0.1742034400E+02
    0.1480000000E+03     -0.1747228431E+02
    0.1490000000E+03     -0.1752191482E+02
    0.1500000000E+03     -0.1756858227E+02
    0.1510000000E+03     -0.1761202820E+02
    0.1520000000E+03     -0.1765325875E+02
    0.1530000000E+03     -0.1769256240E+02
    0.1540000000E+03     -0.1772926824E+02
    0.1550000000E+03     -0.1776312403E+02
    0.1560000000E+03     -0.1779441872E+02
    0.1570000000E+03     -0.1782352616E+02
    0.1580000000E+03     -0.1784974230E+02
    0.1590000000E+03     -0.1787380934E+02
    0.1600000000E+03     -0.1789512431E+02
    0.1610000000E+03     -0.1791389249E+02
    0.1620000000E+03     -0.1793029365E+02
    0.1630000000E+03     -0.1794421430E+02
    0.1640000000E+03     -0.1795559127E+02
    0.1650000000E+03     -0.1796427268E+02
    0.1660000000E+03     -0.1797084670E+02
    0.1670000000E+03     -0.1797455875E+02
    0.1680000000E+03     -0.1797569993E+02
    0.1690000000E+03     -0.1797456636E+02
    0.1700000000E+03     -0.1797059561E+02
    0.1710000000E+03     -0.1796410835E+02
    0.1720000000E+03     -0.1795484947E+02
    0.1730000000E+03     -0.1794305668E+02
    0.1740000000E+03     -0.1792998835E+02
    0.1750000000E+03     -0.1791330536E+02
    0.1760000000E+03     -0.1789400120E+02
    0.1770000000E+03     -0.1787251669E+02
    0.1780000000E+03     -0.1784775250E+02
    0.1790000000E+03     -0.1782100085E+02
    0.1800000000E+03     -0.1779187909E+02
    0.1810000000E+03     -0.1776002433E+02
    0.1820000000E+03     -0.1772586168E+02
    0.1830000000E+03     -0.1768925214E+02
    0.1840000000E+03     -0.1765039669E+02
    0.1850000000E+03     -0.1760902331E+02
    0.1860000000E+03     -0.1756538734E+02
    0.1870000000E+03     -0.1751888819E+02
    0.1880000000E+03     -0.1747001035E+02
    0.1890000000E+03     -0.1741903871E+02
    0.1900000000E+03     -0.1736554175E+02
    0.1910000000E+03     -0.1730956832E+02
    0.1920000000E+03     -0.1725132802E+02
    0.1930000000E+03     -0.1719073524E+02
    0.1940000000E+03     -0.1712709857E+02
    0.1950000000E+03     -0.1706196916E+02
    0.1960000000E+03     -0.1699405240E+02
    0.1970000000E+03     -0.1692401419E+02
    0.1980000000E+03     -0.1685157344E+02
    0.1990000000E+03     -0.1677707608E+02
    0.2000000000E+03     -0.1669980569E+02
    0.2010000000E+03     -0.1662086493E+02
    0.2020000000E+03     -0.1653943293E+02
    0.2030000000E+03     -0.1645567421E+02
    0.2040000000E+03     -0.1636953416E+02
    0.2050000000E+03     -0.1628133108E+02
    0.2060000000E+03     -0.1619145239E+02
    0.2070000000E+03     -0.1609927153E+02
    0.2080000000E+03     -0.1600500475E+02
    0.2090000000E+03     -0.1590828774E+02
    0.2100000000E+03     -0.1580961045E+02
    0.2110000000E+03     -0.1570933648E+02
    0.2120000000E+03     -0.1560669095E+02
    0.2130000000E+03     -0.1550166219E+02
    0.2140000000E+03     -0.1539448838E+02
    0.2150000000E+03     -0.1528589646E+02
    0.2160000000E+03     -0.1517566660E+02
    0.2170000000E+03     -0.1506320896E+02
    0.2180000000E+03     -0.1494881082E+02
    0.2190000000E+03     -0.1483176601E+02
    0.2200000000E+03     -0.1471397470E+02
    0.2210000000E+03     -0.1459393773E+02
    0.2220000000E+03     -0.1447212979E+02
    0.2230000000E+03     -0.1434846862E+02
    0.2240000000E+03     -0.1422338552E+02
    0.2250000000E+03     -0.1409642678E+02
    0.2260000000E+03     -0.1396765797E+02
    0.2270000000E+03     -0.1383723120E+02
    0.2280000000E+03     -0.1370542469E+02
    0.2290000000E+03     -0.1357221462E+02
    0.2300000000E+03     -0.1343783820E+02
    0.2310000000E+03     -0.1330229878E+02
    0.2320000000E+03     -0.1316483389E+02
    0.2330000000E+03     -0.1302633212E+02
    0.2340000000E+03     -0.1288633451E+02
    0.2350000000E+03     -0.1274488350E+02
    0.2360000000E+03     -0.1260286743E+02
    0.2370000000E+03     -0.1245928162E+02
    0.2380000000E+03     -0.1231465630E+02
    0.2390000000E+03     -0.1216885058E+02
    0.2400000000E+03     -0.1202184608E+02
    0.2410000000E+03     -0.1187419524E+02
    0.2420000000E+03     -0.1172581578E+02
    0.2430000000E+03     -0.1157652986E+02
    0.2440000000E+03     -0.1142643808E+02
    0.2450000000E+03     -0.1127608333E+02
    0.2460000000E+03     -0.1112485692E+02
    0.2470000000E+03     -0.1097253473E+02
    0.2480000000E+03     -0.1081983561E+02
    0.2490000000E+03     -0.1066744119E+02
    0.2500000000E+03     -0.1051390712E+02
    0.2510000000E+03     -0.1036027721E+02
    0.2520000000E+03     -0.1020612183E+02
    0.2530000000E+03     -0.1005222060E+02
    0.2540000000E+03     -0.9897936709E+01
    0.2550000000E+03     -0.9743481156E+01
    0.2560000000E+03     -0.9588789331E+01
    0.2570000000E+03     -0.9433552242E+01
    0.2580000000E+03     -0.9279438582E+01
    0.2590000000E+03     -0.9126404958E+01
    0.2600000000E+03     -0.8973055906E+01
    0.2610000000E+03     -0.8818700728E+01
    0.2620000000E+03     -0.8665828990E+01
    0.2630000000E+03     -0.8514011539E+01
    0.2640000000E+03     -0.8362797287E+01
    0.2650000000E+03     -0.8213056462E+01
    0.2660000000E+03     -0.8063536651E+01
    0.2670000000E+03     -0.7914681551E+01
    0.2680000000E+03     -0.7768316971E+01
    0.2690000000E+03     -0.7621690846E+01
    0.2700000000E+03     -0.7475986686E+01
    0.2710000000E+03     -0.7331984358E+01
    0.2720000000E+03     -0.7190709538E+01
    0.2730000000E+03     -0.7050689038E+01
    0.2740000000E+03     -0.6912073778E+01
    0.2750000000E+03     -0.6774573124E+01
    0.2760000000E+03     -0.6639276650E+01
    0.2770000000E+03     -0.6506113546E+01
    0.2780000000E+03     -0.6374870426E+01
    0.2790000000E+03     -0.6247226235E+01
    0.2800000000E+03     -0.6122377740E+01
    0.2810000000E+03     -0.5998867965E+01
    0.2820000000E+03     -0.5878327932E+01
    0.2830000000E+03     -0.5759938197E+01
    0.2840000000E+03     -0.5644607848E+01
    0.2850000000E+03     -0.5532376226E+01
    0.2860000000E+03     -0.5423268364E+01
    0.2870000000E+03     -0.5318670667E+01
    0.2880000000E+03     -0.5217263248E+01
    0.2890000000E+03     -0.5117932693E+01
    0.2900000000E+03     -0.5022703654E+01
    0.2910000000E+03     -0.4931995269E+01
    0.2920000000E+03     -0.4845152841E+01
    0.2930000000E+03     -0.4762799120E+01
    0.2940000000E+03     -0.4684066024E+01
    0.2950000000E+03     -0.4611589507E+01
    0.2960000000E+03     -0.4543276972E+01
    0.2970000000E+03     -0.4479443129E+01
    0.2980000000E+03     -0.4419603513E+01
    0.2990000000E+03     -0.4363641536E+01
    0.3000000000E+03     -0.4315651562E+01
    0.3010000000E+03     -0.4271142022E+01
    0.3020000000E+03     -0.4231538898E+01
    0.3030000000E+03     -0.4199790712E+01
    0.3040000000E+03     -0.4174202071E+01
    0.3050000000E+03     -0.4152627206E+01
    0.3060000000E+03     -0.4137712325E+01
    0.3070000000E+03     -0.4129822210E+01
    0.3080000000E+03     -0.4129507845E+01
    0.3090000000E+03     -0.4135772641E+01
    0.3100000000E+03     -0.4149164484E+01
    0.3110000000E+03     -0.4170004284E+01
    0.3120000000E+03     -0.4197450186E+01
    0.3130000000E+03     -0.4232857124E+01
    0.3140000000E+03     -0.4274331337E+01
    0.3150000000E+03     -0.4323470469E+01
    0.3160000000E+03     -0.4381171927E+01
    0.3170000000E+03     -0.4448704099E+01
    0.3180000000E+03     -0.4522768463E+01
    0.3190000000E+03     -0.4605768756E+01
    0.3200000000E+03     -0.4698980039E+01
    0.3210000000E+03     -0.4802069004E+01
    0.3220000000E+03     -0.4913577721E+01
    0.3230000000E+03     -0.5035724675E+01
    0.3240000000E+03     -0.5165114309E+01
    0.3250000000E+03     -0.5305287138E+01
    0.3260000000E+03     -0.5456776743E+01
    0.3270000000E+03     -0.5621052022E+01
    0.3280000000E+03     -0.5794338331E+01
    0.3290000000E+03     -0.5977394556E+01
    0.3300000000E+03     -0.6172041739E+01
    0.3310000000E+03     -0.6375946477E+01
    0.3320000000E+03     -0.6594716614E+01
    0.3330000000E+03     -0.6822497542E+01
    0.3340000000E+03     -0.7063861892E+01
    0.3350000000E+03     -0.7315789138E+01
    0.3360000000E+03     -0.7579943682E+01
    0.3370000000E+03     -0.7856703177E+01
    0.3380000000E+03     -0.8146912818E+01
    0.3390000000E+03     -0.8448461647E+01
    0.3400000000E+03     -0.8764282927E+01
    0.3410000000E+03     -0.9095187520E+01
    0.3420000000E+03     -0.9440095867E+01
    0.3430000000E+03     -0.9799055889E+01
    0.3440000000E+03     -0.1017473740E+02
    0.3450000000E+03     -0.1056091982E+02
    0.3460000000E+03     -0.1096284716E+02
    0.3470000000E+03     -0.1138109115E+02
    0.3480000000E+03     -0.1180985203E+02
    0.3490000000E+03     -0.1226016642E+02
    0.3500000000E+03     -0.1272468055E+02
    0.3510000000E+03     -0.1320578789E+02
    0.3520000000E+03     -0.1370173536E+02
    0.3530000000E+03     -0.1421669052E+02
    0.3540000000E+03     -0.1474957713E+02
    0.3550000000E+03     -0.1529949589E+02
    0.3560000000E+03     -0.1586471755E+02
    0.3570000000E+03     -0.1645058077E+02
    0.3580000000E+03     -0.1705507640E+02
    0.3590000000E+03     -0.1768022123E+02
    0.3600000000E+03     -0.1832327106E+02
    0.3610000000E+03     -0.1898403014E+02
    0.3620000000E+03     -0.1966628433E+02
    0.3630000000E+03     -0.2036594426E+02
    0.3640000000E+03     -0.2108491205E+02
    0.3650000000E+03     -0.2182725439E+02
    0.3660000000E+03     -0.2258875080E+02
    0.3670000000E+03     -0.2336934192E+02
    0.3680000000E+03     -0.2417490811E+02
    0.3690000000E+03     -0.2500095730E+02
    0.3700000000E+03     -0.2585130207E+02
    0.3710000000E+03     -0.2672171262E+02
    0.3720000000E+03     -0.2761188378E+02
    0.3730000000E+03     -0.2852955820E+02
    0.3740000000E+03     -0.2946643961E+02
    0.3750000000E+03     -0.3043122935E+02
    0.3760000000E+03     -0.3141837464E+02
    0.3770000000E+03     -0.3242721746E+02
    0.3780000000E+03     -0.3346419319E+02
    0.3790000000E+03     -0.3452647371E+02
    0.3800000000E+03     -0.3561124570E+02
    0.3810000000E+03     -0.3672469657E+02
    0.3820000000E+03     -0.3786608414E+02
    0.3830000000E+03     -0.3903554097E+02
    0.3840000000E+03     -0.4022911241E+02
    0.3850000000E+03     -0.4145253266E+02
    0.3860000000E+03     -0.4269846940E+02
    0.3870000000E+03     -0.4397200548E+02
    0.3880000000E+03     -0.4528000282E+02
    0.3890000000E+03     -0.4660829386E+02
    0.3900000000E+03     -0.4797895881E+02
    0.3910000000E+03     -0.4936704548E+02
    0.3920000000E+03     -0.5077540130E+02
    0.3930000000E+03     -0.5222622519E+02
    0.3940000000E+03     -0.5371069614E+02
    0.3950000000E+03     -0.5522447995E+02
    0.3960000000E+03     -0.5676838841E+02
    0.3970000000E+03     -0.5834416033E+02
    0.3980000000E+03     -0.5994947422E+02
    0.3990000000E+03     -0.6158976602E+02
    0.4000000000E+03     -0.6325585709E+02
    0.4010000000E+03     -0.6496373460E+02
    0.4020000000E+03     -0.6670199593E+02
    0.4030000000E+03     -0.6846997495E+02
    0.4040000000E+03     -0.7028283698E+02
    0.4050000000E+03     -0.7212185042E+02
    0.4060000000E+03     -0.7400132231E+02
    0.4070000000E+03     -0.7591609493E+02
    0.4080000000E+03     -0.7786559513E+02
    0.4090000000E+03     -0.7985240544E+02
    0.4100000000E+03     -0.8187613273E+02
    0.4110000000E+03     -0.8393568503E+02
    0.4120000000E+03     -0.8603373621E+02
    0.4130000000E+03     -0.8817674145E+02
    0.4140000000E+03     -0.9036061569E+02
    0.4150000000E+03     -0.9258031113E+02
    0.4160000000E+03     -0.9482905263E+02
    0.4170000000E+03     -0.9712654572E+02
    0.4180000000E+03     -0.9946025340E+02
    0.4190000000E+03     -0.1018332754E+03
    0.4200000000E+03     -0.1042540444E+03
    0.4210000000E+03     -0.1067138531E+03
    0.4220000000E+03     -0.1092150401E+03
    0.4230000000E+03     -0.1117642691E+03
    0.4240000000E+03     -0.1143621598E+03
    0.4250000000E+03     -0.1169967835E+03
    0.4260000000E+03     -0.1196772469E+03
    0.4270000000E+03     -0.1223996303E+03
    0.4280000000E+03     -0.1251729570E+03
    0.4290000000E+03     -0.1279996030E+03
    0.4300000000E+03     -0.1308687492E+03
    0.4310000000E+03     -0.1337804784E+03
    0.4320000000E+03     -0.1367333086E+03
    0.4330000000E+03     -0.1397458702E+03
    0.4340000000E+03     -0.1428034463E+03
    0.4350000000E+03     -0.1459076117E+03
    0.4360000000E+03     -0.1490809111E+03
    0.4370000000E+03     -0.1522860270E+03
    0.4380000000E+03     -0.1555329890E+03
    0.4390000000E+03     -0.1588458739E+03
    0.4400000000E+03     -0.1622010707E+03
    0.4410000000E+03     -0.1656035712E+03
    0.4420000000E+03     -0.1690800976E+03
    0.4430000000E+03     -0.1725846176E+03
    0.4440000000E+03     -0.1761636013E+03
    0.4450000000E+03     -0.1797784908E+03
    0.4460000000E+03     -0.1834518558E+03
    0.4470000000E+03     -0.1871914382E+03
    0.4480000000E+03     -0.1909714609E+03
    0.4490000000E+03     -0.1948019826E+03
    0.4500000000E+03     -0.1986992677E+03
    0.4510000000E+03     -0.2026519176E+03
    0.4520000000E+03     -0.2066645368E+03
    0.4530000000E+03     -0.2107336695E+03
    0.4540000000E+03     -0.2148681772E+03
    0.4550000000E+03     -0.2190679044E+03
    0.4560000000E+03     -0.2233114820E+03
    0.4570000000E+03     -0.2276330341E+03
    0.4580000000E+03     -0.2320087152E+03
    0.4590000000E+03     -0.2364553550E+03
    0.4600000000E+03     -0.2409728591E+03
    0.4610000000E+03     -0.2455345162E+03
    0.4620000000E+03     -0.2501735782E+03
    0.4630000000E+03     -0.2548581286E+03
    0.4640000000E+03     -0.2596378810E+03
    0.4650000000E+03     -0.2644550546E+03
    0.4660000000E+03     -0.2693479244E+03
    0.4670000000E+03     -0.2743102985E+03
    0.4680000000E+03     -0.2793468653E+03
    0.4690000000E+03     -0.2844616945E+03
    0.4700000000E+03     -0.2896226114E+03
    0.4710000000E+03     -0.2948574824E+03
    0.4720000000E+03     -0.3001478642E+03
    0.4730000000E+03     -0.3055101702E+03
    0.4740000000E+03     -0.3109469522E+03
    0.4750000000E+03     -0.3164588656E+03
    0.4760000000E+03     -0.3220466877E+03
    0.4770000000E+03     -0.3276948547E+03
    0.4780000000E+03     -0.3334168356E+03
    0.4790000000E+03     -0.3392066659E+03
    0.4800000000E+03     -0.3450827196E+03
    0.4810000000E+03     -0.3510365588E+03
    0.4820000000E+03     -0.3570768001E+03
    0.4830000000E+03     -0.3631626896E+03
    0.4840000000E+03     -0.3693220048E+03
    0.4850000000E+03     -0.3756042157E+03
