    0.00000000E+00       2.419110872672150185E-10
    1.00000000E+00      -6.057397596096238948E-04
    2.00000000E+00      -4.623127700550609676E-02
    3.00000000E+00      -1.374024142617567279E-01
    4.00000000E+00      -2.751246184045034737E-01
    5.00000000E+00      -4.599390551620455292E-01
    6.00000000E+00      -6.926391009133494592E-01
    7.00000000E+00      -9.743404177537687838E-01
    8.00000000E+00      -1.306608739659875784E+00
    9.00000000E+00      -1.689842111659733748E+00
    1.00000000E+01      -2.125551537934059265E+00
    1.10000000E+01      -2.615630164220240417E+00
    1.20000000E+01      -3.161989381747898342E+00
    1.30000000E+01      -3.766133674264789732E+00
    1.40000000E+01      -4.430811572394192766E+00
    1.50000000E+01      -5.158182517629885666E+00
    1.60000000E+01      -5.951616513631556415E+00
    1.70000000E+01      -6.815036132751366438E+00
    1.80000000E+01      -7.751471660037942968E+00
    1.90000000E+01      -8.767085750513402331E+00
    2.00000000E+01      -9.866500941386306067E+00
    2.10000000E+01      -1.105584640911055772E+01
    2.20000000E+01      -1.234508395781074341E+01
    2.30000000E+01      -1.373950308843177481E+01
    2.40000000E+01      -1.525100447892737066E+01
    2.50000000E+01      -1.689066689718100633E+01
    2.60000000E+01      -1.867140294058162908E+01
    2.70000000E+01      -2.060578632983822445E+01
    2.80000000E+01      -2.270802515226250762E+01
    2.90000000E+01      -2.499345358002938156E+01
    3.00000000E+01      -2.746845148809552484E+01
    3.10000000E+01      -3.014823047320510341E+01
    3.20000000E+01      -3.303515449638553036E+01
    3.30000000E+01      -3.612232563746761116E+01
    3.40000000E+01      -3.940146024949035564E+01
    3.50000000E+01      -4.285986546274489228E+01
    3.60000000E+01      -4.647236930169674451E+01
    3.70000000E+01      -5.020579787875522015E+01
    3.80000000E+01      -5.403610666196331636E+01
    3.90000000E+01      -5.793426714863312554E+01
    4.00000000E+01      -6.187653815933504120E+01
    4.10000000E+01      -6.584675032053291943E+01
    4.20000000E+01      -6.982822517160548159E+01
    4.30000000E+01      -7.380322936251923238E+01
    4.40000000E+01      -7.778390693385608756E+01
    4.50000000E+01      -8.175620228327807126E+01
    4.60000000E+01      -8.571052942466667446E+01
    4.70000000E+01      -8.966300336880522082E+01
    4.80000000E+01      -9.360441815127160226E+01
    4.90000000E+01      -9.753678938133907650E+01
    5.00000000E+01      -1.014556336677214858E+02
    5.10000000E+01      -1.053669694727122987E+02
    5.20000000E+01      -1.092845292810097817E+02
    5.30000000E+01      -1.132010755284718471E+02
    5.40000000E+01      -1.171167715232968476E+02
    5.50000000E+01      -1.210307339672135640E+02
    5.60000000E+01      -1.249556225842316053E+02
    5.70000000E+01      -1.288951897688657482E+02
    5.80000000E+01      -1.328323090329122351E+02
    5.90000000E+01      -1.367886051923660489E+02
    6.00000000E+01      -1.407564532220767433E+02
    6.10000000E+01      -1.447297503159102234E+02
    6.20000000E+01      -1.487219115475168110E+02
    6.30000000E+01      -1.527233478869534338E+02
    6.40000000E+01      -1.567406632509960218E+02
    6.50000000E+01      -1.607746121188356483E+02
    6.60000000E+01      -1.648324072451314350E+02
    6.70000000E+01      -1.689092086315299639E+02
    6.80000000E+01      -1.730180697893720208E+02
    6.90000000E+01      -1.771617151496348015E+02
    7.00000000E+01      -1.813361716432352750E+02
    7.10000000E+01      -1.855364064577613590E+02
    7.20000000E+01      -1.897667065513396665E+02
    7.30000000E+01      -1.940332590227083074E+02
    7.40000000E+01      -1.983302292672533440E+02
    7.50000000E+01      -2.026683438096742975E+02
    7.60000000E+01      -2.070349893596887796E+02
    7.70000000E+01      -2.114367429331140329E+02
    7.80000000E+01      -2.158693185986734306E+02
    7.90000000E+01      -2.203200798484255074E+02
    8.00000000E+01      -2.247830579632655486E+02
    8.10000000E+01      -2.292868978379805185E+02
    8.20000000E+01      -2.338080077593869532E+02
    8.30000000E+01      -2.383402075765340271E+02
    8.40000000E+01      -2.428957770980124735E+02
    8.50000000E+01      -2.474628608391127500E+02
    8.60000000E+01      -2.520403275933502414E+02
    8.70000000E+01      -2.566354101718593483E+02
    8.80000000E+01      -2.612362263583755748E+02
    8.90000000E+01      -2.658520517597145840E+02
    9.00000000E+01      -2.704651400677928450E+02
    9.10000000E+01      -2.750803288461187321E+02
    9.20000000E+01      -2.796875918986066836E+02
    9.30000000E+01      -2.843179968203466501E+02
    9.40000000E+01      -2.889437837551946586E+02
    9.50000000E+01      -2.935657438368438648E+02
    9.60000000E+01      -2.981788561073941537E+02
    9.70000000E+01      -3.027984896851438066E+02
    9.80000000E+01      -3.074275130106591405E+02
    9.90000000E+01      -3.120614899635671122E+02
    1.00000000E+02      -3.166770728169963718E+02
    1.01000000E+02      -3.213075575845530238E+02
    1.02000000E+02      -3.259354423959580913E+02
    1.03000000E+02      -3.305631530122046797E+02
    1.04000000E+02      -3.351986610341364781E+02
    1.05000000E+02      -3.398275347751861091E+02
    1.06000000E+02      -3.444352730474462305E+02
    1.07000000E+02      -3.490536178717242137E+02
    1.08000000E+02      -3.536625295872786410E+02
    1.09000000E+02      -3.582682649510888382E+02
    1.10000000E+02      -3.628727134181187921E+02
    1.11000000E+02      -3.674696639894833083E+02
    1.12000000E+02      -3.720815895489502054E+02
    1.13000000E+02      -3.766889305681153246E+02
    1.14000000E+02      -3.812924947742448012E+02
    1.15000000E+02      -3.859056043027396754E+02
    1.16000000E+02      -3.905117630807785645E+02
    1.17000000E+02      -3.951164802626925621E+02
    1.18000000E+02      -3.997304607422461231E+02
    1.19000000E+02      -4.043332464647530742E+02
    1.20000000E+02      -4.089571039313857455E+02
    1.21000000E+02      -4.135896209077943695E+02
    1.22000000E+02      -4.182224647380371607E+02
    1.23000000E+02      -4.228724689345433490E+02
    1.24000000E+02      -4.275455374579819363E+02
    1.25000000E+02      -4.322334177434738649E+02
    1.26000000E+02      -4.369486874129559055E+02
    1.27000000E+02      -4.416786439113725464E+02
    1.28000000E+02      -4.464400180381580867E+02
    1.29000000E+02      -4.512124337501215905E+02
    1.30000000E+02      -4.560323594363630946E+02
    1.31000000E+02      -4.608649750339409366E+02
    1.32000000E+02      -4.657373141593761829E+02
    1.33000000E+02      -4.706476262194355513E+02
    1.34000000E+02      -4.755800019729415453E+02
    1.35000000E+02      -4.805737066118906569E+02
    1.36000000E+02      -4.856033727205010564E+02
    1.37000000E+02      -4.906719881773356065E+02
    1.38000000E+02      -4.957927560538055332E+02
    1.39000000E+02      -5.009526556694972896E+02
    1.40000000E+02      -5.061806179730260737E+02
    1.41000000E+02      -5.114651341915518969E+02
    1.42000000E+02      -5.168216911840645480E+02
    1.43000000E+02      -5.222309098969933530E+02
    1.44000000E+02      -5.276787935254374133E+02
    1.45000000E+02      -5.332120057453503250E+02
    1.46000000E+02      -5.387998083406228034E+02
    1.47000000E+02      -5.444468690721678286E+02
    1.48000000E+02      -5.501220782010118455E+02
    1.49000000E+02      -5.558576270527041743E+02
    1.50000000E+02      -5.616455988502752916E+02
    1.51000000E+02      -5.674542511483614362E+02
    1.52000000E+02      -5.733632826740949895E+02
    1.53000000E+02      -5.792285375851738536E+02
    1.54000000E+02      -5.851107351316049972E+02
    1.55000000E+02      -5.910254706574714874E+02
    1.56000000E+02      -5.969145839951606831E+02
    1.57000000E+02      -6.028264296155998636E+02
    1.58000000E+02      -6.087486294557684232E+02
    1.59000000E+02      -6.146832509848518384E+02
    1.60000000E+02      -6.206139926261676010E+02
    1.61000000E+02      -6.265613687143886636E+02
    1.62000000E+02      -6.324865630401891394E+02
    1.63000000E+02      -6.384310496490470541E+02
    1.64000000E+02      -6.443655371946688319E+02
    1.65000000E+02      -6.503019588058577938E+02
    1.66000000E+02      -6.562353647821237246E+02
    1.67000000E+02      -6.621680404948583600E+02
    1.68000000E+02      -6.680995554476021425E+02
    1.69000000E+02      -6.740318298836937174E+02
    1.70000000E+02      -6.799684510235401831E+02
    1.71000000E+02      -6.858926345494710404E+02
    1.72000000E+02      -6.918264430216922847E+02
    1.73000000E+02      -6.977534292502550670E+02
    1.74000000E+02      -7.036869446409918964E+02
    1.75000000E+02      -7.096227423052314407E+02
    1.76000000E+02      -7.155292221557319863E+02
    1.77000000E+02      -7.214413053635053075E+02
    1.78000000E+02      -7.273764796860650677E+02
    1.79000000E+02      -7.333117317106170958E+02
    1.80000000E+02      -7.392339252867695905E+02
    1.81000000E+02      -7.451530732416376850E+02
    1.82000000E+02      -7.510711209898854577E+02
    1.83000000E+02      -7.569846933759454259E+02
    1.84000000E+02      -7.628966380239180580E+02
    1.85000000E+02      -7.688143437710723447E+02
    1.86000000E+02      -7.747439035501392937E+02
    1.87000000E+02      -7.806648538410408946E+02
    1.88000000E+02      -7.865856452601919955E+02
    1.89000000E+02      -7.924954997925569842E+02
    1.90000000E+02      -7.984024629920813823E+02
    1.91000000E+02      -8.043165652676943864E+02
    1.92000000E+02      -8.102245694868051942E+02
    1.93000000E+02      -8.161343353037809720E+02
    1.94000000E+02      -8.220351863928235616E+02
    1.95000000E+02      -8.279645892331800496E+02
    1.96000000E+02      -8.338711674792666599E+02
    1.97000000E+02      -8.397722739980563347E+02
    1.98000000E+02      -8.456717623876957077E+02
    1.99000000E+02      -8.515854893594423629E+02
    2.00000000E+02      -8.574848235388071771E+02
    2.01000000E+02      -8.633687999374515130E+02
    2.02000000E+02      -8.692389269824193434E+02
    2.03000000E+02      -8.751170214469875646E+02
    2.04000000E+02      -8.809875518199842190E+02
    2.05000000E+02      -8.868727603060660840E+02
    2.06000000E+02      -8.927331648111503455E+02
    2.07000000E+02      -8.985944304601284784E+02
    2.08000000E+02      -9.044686608840950157E+02
    2.09000000E+02      -9.103112572879496156E+02
    2.10000000E+02      -9.161630199979540521E+02
    2.11000000E+02      -9.220153980195598251E+02
    2.12000000E+02      -9.278516812007774206E+02
    2.13000000E+02      -9.336688880118931593E+02
    2.14000000E+02      -9.394991669028715933E+02
    2.15000000E+02      -9.453246399185491100E+02
    2.16000000E+02      -9.511342975772950012E+02
    2.17000000E+02      -9.569341981877969374E+02
    2.18000000E+02      -9.627358913457355811E+02
    2.19000000E+02      -9.685162051586139569E+02
    2.20000000E+02      -9.742755348611253794E+02
    2.21000000E+02      -9.800331962305508569E+02
    2.22000000E+02      -9.857645960769541489E+02
    2.23000000E+02      -9.914472668615526345E+02
    2.24000000E+02      -9.971612493041557173E+02
    2.25000000E+02      -1.002835409007382623E+03
    2.26000000E+02      -1.008515351074607679E+03
    2.27000000E+02      -1.014185548961742825E+03
    2.28000000E+02      -1.019852169165747910E+03
    2.29000000E+02      -1.025414006757448078E+03
    2.30000000E+02      -1.030982692089874035E+03
    2.31000000E+02      -1.036513148728359738E+03
    2.32000000E+02      -1.042013666142895090E+03
    2.33000000E+02      -1.047440777612468082E+03
    2.34000000E+02      -1.052772523834843014E+03
    2.35000000E+02      -1.058100841512277839E+03
    2.36000000E+02      -1.063331094338213916E+03
    2.37000000E+02      -1.068564748437516755E+03
    2.38000000E+02      -1.073628793958897404E+03
    2.39000000E+02      -1.078640475713538763E+03
    2.40000000E+02      -1.083573428677238553E+03
    2.41000000E+02      -1.088391989523910070E+03
    2.42000000E+02      -1.093202033448969814E+03
    2.43000000E+02      -1.097848051433437377E+03
    2.44000000E+02      -1.102433985048445948E+03
    2.45000000E+02      -1.107044959752839986E+03
    2.46000000E+02      -1.111546999332373389E+03
    2.47000000E+02      -1.115982641732280626E+03
    2.48000000E+02      -1.120416058153237827E+03
    2.49000000E+02      -1.124887756320174958E+03
    2.50000000E+02      -1.129420315909321289E+03
    2.51000000E+02      -1.134000356465959158E+03
    2.52000000E+02      -1.138650270661522882E+03
    2.53000000E+02      -1.143469063632991492E+03
    2.54000000E+02      -1.148350740162743023E+03
    2.55000000E+02      -1.153331037828897024E+03
    2.56000000E+02      -1.158458229275817757E+03
    2.57000000E+02      -1.163701027177619835E+03
    2.58000000E+02      -1.169046634400456242E+03
    2.59000000E+02      -1.174508702493685632E+03
    2.60000000E+02      -1.180071033139088286E+03
    2.61000000E+02      -1.185717256460488898E+03
    2.62000000E+02      -1.191340746951881101E+03
    2.63000000E+02      -1.197153211479034326E+03
    2.64000000E+02      -1.203027301830602937E+03
    2.65000000E+02      -1.208799206167160946E+03
    2.66000000E+02      -1.214847268947761449E+03
    2.67000000E+02      -1.220944710643403141E+03
    2.68000000E+02      -1.227059290023844824E+03
    2.69000000E+02      -1.233241930193228427E+03
    2.70000000E+02      -1.239485461987484086E+03
    2.71000000E+02      -1.245785869212597163E+03
    2.72000000E+02      -1.252090209099400454E+03
    2.73000000E+02      -1.258434030505886312E+03
    2.74000000E+02      -1.264794239720572023E+03
    2.75000000E+02      -1.271134219627569792E+03
    2.76000000E+02      -1.277518635258558334E+03
    2.77000000E+02      -1.284010320314883984E+03
    2.78000000E+02      -1.290514497687451012E+03
    2.79000000E+02      -1.296957372338045388E+03
    2.80000000E+02      -1.303406416857098066E+03
    2.81000000E+02      -1.309920135914265757E+03
    2.82000000E+02      -1.316381958903668419E+03
    2.83000000E+02      -1.322866129957998510E+03
    2.84000000E+02      -1.329358824249149620E+03
    2.85000000E+02      -1.335822227830220982E+03
    2.86000000E+02      -1.342296759013024712E+03
    2.87000000E+02      -1.348771055844462353E+03
    2.88000000E+02      -1.355196446832705988E+03
    2.89000000E+02      -1.361642338110617857E+03
    2.90000000E+02      -1.368031536985144157E+03
    2.91000000E+02      -1.374485631848872799E+03
    2.92000000E+02      -1.380818272295631687E+03
    2.93000000E+02      -1.387196125512238723E+03
    2.94000000E+02      -1.393539878519010017E+03
    2.95000000E+02      -1.399764759641582714E+03
    2.96000000E+02      -1.406087239786062128E+03
    2.97000000E+02      -1.412478913136967094E+03
    2.98000000E+02      -1.418687199099296777E+03
    2.99000000E+02      -1.424960263573426346E+03
    3.00000000E+02      -1.431167510747603956E+03
    3.01000000E+02      -1.437339739070876021E+03
    3.02000000E+02      -1.443548632035010087E+03
    3.03000000E+02      -1.449770386873762618E+03
    3.04000000E+02      -1.455836699163326557E+03
    3.05000000E+02      -1.461986234933956439E+03
    3.06000000E+02      -1.468157720184231948E+03
    3.07000000E+02      -1.474288047191825171E+03
    3.08000000E+02      -1.480410750121787714E+03
    3.09000000E+02      -1.486396530753798288E+03
    3.10000000E+02      -1.492488534828833508E+03
    3.11000000E+02      -1.498670706466149568E+03
    3.12000000E+02      -1.504852731565788417E+03
    3.13000000E+02      -1.511044520072493469E+03
    3.14000000E+02      -1.517230490956262656E+03
    3.15000000E+02      -1.523433365358676383E+03
    3.16000000E+02      -1.529807626969170087E+03
    3.17000000E+02      -1.536154857881843782E+03
    3.18000000E+02      -1.542465322224154079E+03
    3.19000000E+02      -1.548859877524773765E+03
    3.20000000E+02      -1.555299847914120619E+03
    3.21000000E+02      -1.561689701761179094E+03
    3.22000000E+02      -1.568138384854028118E+03
    3.23000000E+02      -1.574587539158388608E+03
    3.24000000E+02      -1.581085892707937091E+03
    3.25000000E+02      -1.587551285821888087E+03
    3.26000000E+02      -1.593969342043799770E+03
    3.27000000E+02      -1.600430048689187970E+03
    3.28000000E+02      -1.606885097583372044E+03
    3.29000000E+02      -1.613175357791978968E+03
    3.30000000E+02      -1.619164137767442298E+03
    3.31000000E+02      -1.625310859764130328E+03
    3.32000000E+02      -1.631435954873638821E+03
    3.33000000E+02      -1.637167357101087191E+03
    3.34000000E+02      -1.642981415584407841E+03
    3.35000000E+02      -1.648684298629323166E+03
    3.36000000E+02      -1.654336174079986449E+03
    3.37000000E+02      -1.659839966556937725E+03
    3.38000000E+02      -1.665394873517760061E+03
    3.39000000E+02      -1.670949483011536358E+03
    3.40000000E+02      -1.676720891104603652E+03
    3.41000000E+02      -1.682656947143790603E+03
    3.42000000E+02      -1.688875764623378927E+03
    3.43000000E+02      -1.695497073965874733E+03
    3.44000000E+02      -1.702407006317454943E+03
    3.45000000E+02      -1.709652486572529597E+03
    3.46000000E+02      -1.717317701328709518E+03
    3.47000000E+02      -1.725263233013558420E+03
    3.48000000E+02      -1.733428090130108103E+03
    3.49000000E+02      -1.741925223480538989E+03
    3.50000000E+02      -1.750564480154927878E+03
    3.51000000E+02      -1.759509750249499120E+03
    3.52000000E+02      -1.768545597835365697E+03
    3.53000000E+02      -1.777745980776816396E+03
    3.54000000E+02      -1.786986121286374328E+03
    3.55000000E+02      -1.796406657907266435E+03
    3.56000000E+02      -1.805969510682350119E+03
    3.57000000E+02      -1.815557411385743762E+03
    3.58000000E+02      -1.825316160760861749E+03
    3.59000000E+02      -1.835050127067187532E+03
    3.60000000E+02      -1.844786797858799900E+03
    3.61000000E+02      -1.854691133120290488E+03
    3.62000000E+02      -1.864591395679128254E+03
    3.63000000E+02      -1.874536323253122191E+03
    3.64000000E+02      -1.884555405938766398E+03
    3.65000000E+02      -1.894722621557269349E+03
    3.66000000E+02      -1.904884417758545851E+03
    3.67000000E+02      -1.915064342229355816E+03
    3.68000000E+02      -1.925279179730819806E+03
    3.69000000E+02      -1.935566513734158434E+03
    3.70000000E+02      -1.945862993411857360E+03
    3.71000000E+02      -1.956141997335360202E+03
    3.72000000E+02      -1.966547189295450153E+03
    3.73000000E+02      -1.977034495604726771E+03
    3.74000000E+02      -1.987490367054818762E+03
    3.75000000E+02      -1.997949768459610141E+03
    3.76000000E+02      -2.008465588636864595E+03
    3.77000000E+02      -2.019037168542110976E+03
    3.78000000E+02      -2.029641378968230811E+03
    3.79000000E+02      -2.040266953104417553E+03
    3.80000000E+02      -2.050902720800228053E+03
    3.81000000E+02      -2.061521010693734752E+03
    3.82000000E+02      -2.072268327288714772E+03
    3.83000000E+02      -2.083002254160016491E+03
    3.84000000E+02      -2.093686684672841693E+03
    3.85000000E+02      -2.104519939096685448E+03
    3.86000000E+02      -2.115299373968762666E+03
    3.87000000E+02      -2.126204438387314440E+03
    3.88000000E+02      -2.137059487459590400E+03
    3.89000000E+02      -2.147904378889323198E+03
    3.90000000E+02      -2.158793994222321544E+03
    3.91000000E+02      -2.169678164518411450E+03
    3.92000000E+02      -2.180542043274560456E+03
    3.93000000E+02      -2.191638837826742019E+03
    3.94000000E+02      -2.202565918925367896E+03
    3.95000000E+02      -2.213622378406440021E+03
    3.96000000E+02      -2.224628727584045464E+03
    3.97000000E+02      -2.235669673781787424E+03
    3.98000000E+02      -2.246733602225040158E+03
    3.99000000E+02      -2.257825434396732817E+03
    4.00000000E+02      -2.268954462134202004E+03
    4.01000000E+02      -2.280045398006376217E+03
    4.02000000E+02      -2.291156178470790110E+03
    4.03000000E+02      -2.302313437851745221E+03
    4.04000000E+02      -2.313452895383315990E+03
    4.05000000E+02      -2.324522456957484792E+03
    4.06000000E+02      -2.335803593350602114E+03
    4.07000000E+02      -2.347095397422938277E+03
    4.08000000E+02      -2.358300784367789674E+03
    4.09000000E+02      -2.369596608137486783E+03
    4.10000000E+02      -2.380746055494967095E+03
    4.11000000E+02      -2.392004165153334725E+03
    4.12000000E+02      -2.403289605758392554E+03
    4.13000000E+02      -2.414519782294418292E+03
    4.14000000E+02      -2.425790875344281631E+03
    4.15000000E+02      -2.437094231151830172E+03
    4.16000000E+02      -2.448434971004997806E+03
    4.17000000E+02      -2.459791959193434195E+03
    4.18000000E+02      -2.471179358480354040E+03
    4.19000000E+02      -2.482492377582420431E+03
    4.20000000E+02      -2.493811939753372826E+03
    4.21000000E+02      -2.505177050292587865E+03
    4.22000000E+02      -2.516581290817890931E+03
    4.23000000E+02      -2.527936732382073842E+03
    4.24000000E+02      -2.539144325239188220E+03
    4.25000000E+02      -2.550620674144145596E+03
    4.26000000E+02      -2.561997975007036985E+03
    4.27000000E+02      -2.573478210070756177E+03
    4.28000000E+02      -2.584735698816482000E+03
    4.29000000E+02      -2.596114301723926474E+03
    4.30000000E+02      -2.607490183799277929E+03
    4.31000000E+02      -2.618810241471286645E+03
    4.32000000E+02      -2.630306622761557264E+03
    4.33000000E+02      -2.641756477123016339E+03
    4.34000000E+02      -2.653099948451981163E+03
    4.35000000E+02      -2.664457918067105311E+03
    4.36000000E+02      -2.675877191224019953E+03
    4.37000000E+02      -2.687277551442584354E+03
    4.38000000E+02      -2.698613400728015677E+03
    4.39000000E+02      -2.710058940413823166E+03
    4.40000000E+02      -2.721384391558770403E+03
    4.41000000E+02      -2.732668893627920625E+03
    4.42000000E+02      -2.744138873257319119E+03
    4.43000000E+02      -2.755406891372605969E+03
    4.44000000E+02      -2.766761579908783915E+03
    4.45000000E+02      -2.778193457680725260E+03
    4.46000000E+02      -2.789441837543262409E+03
    4.47000000E+02      -2.800902095164160528E+03
    4.48000000E+02      -2.812161922302562743E+03
    4.49000000E+02      -2.823442336440717099E+03
    4.50000000E+02      -2.834691041018369106E+03
    4.51000000E+02      -2.846091216075189095E+03
    4.52000000E+02      -2.857361068607023299E+03
    4.53000000E+02      -2.868707469071310697E+03
    4.54000000E+02      -2.879811220400409184E+03
    4.55000000E+02      -2.891075868918855122E+03
    4.56000000E+02      -2.902341532729868959E+03
    4.57000000E+02      -2.913499841961544917E+03
    4.58000000E+02      -2.924632068931803587E+03
    4.59000000E+02      -2.935891985660322916E+03
    4.60000000E+02      -2.947177303180535091E+03
    4.61000000E+02      -2.958217170403835553E+03
    4.62000000E+02      -2.969314756017454783E+03
    4.63000000E+02      -2.980508343199358478E+03
    4.64000000E+02      -2.991530310415170788E+03
    4.65000000E+02      -3.002631402861434708E+03
    4.66000000E+02      -3.013732885913736482E+03
    4.67000000E+02      -3.024618119175718221E+03
    4.68000000E+02      -3.035669534644100167E+03
    4.69000000E+02      -3.046442633120247137E+03
    4.70000000E+02      -3.057576512164066116E+03
    4.71000000E+02      -3.068388855834421520E+03
    4.72000000E+02      -3.079306064737153974E+03
    4.73000000E+02      -3.090099113084584133E+03
    4.74000000E+02      -3.101070118366309089E+03
    4.75000000E+02      -3.111983122359013123E+03
    4.76000000E+02      -3.122680607980033528E+03
    4.77000000E+02      -3.133330117014023472E+03
    4.78000000E+02      -3.144236048430638675E+03
    4.79000000E+02      -3.154863429580903357E+03
    4.80000000E+02      -3.165393289990918220E+03
    4.81000000E+02      -3.176277855468561484E+03
    4.82000000E+02      -3.187058345205085061E+03
    4.83000000E+02      -3.197642714082515340E+03
    4.84000000E+02      -3.208174347265044617E+03
    4.85000000E+02      -3.218783455391539974E+03
    4.86000000E+02      -3.228864485299272928E+03
    4.87000000E+02      -3.232389838366383628E+03
    4.88000000E+02      -3.198390129053965211E+03
    4.89000000E+02      -3.264118865894211922E+03
    4.90000000E+02      -3.372394676732292282E+03
    4.91000000E+02      -3.293906511075969320E+03
    4.92000000E+02      -3.400941025113686919E+03
    4.93000000E+02      -3.446545474653424662E+03
    4.94000000E+02      -3.471814171727117355E+03
    4.95000000E+02      -3.285502735636429861E+03
    4.96000000E+02      -3.475626702325098449E+03
    4.97000000E+02      -3.544228756383759901E+03
    4.98000000E+02      -3.569764714052202180E+03
    4.99000000E+02      -3.583943962312769145E+03
    5.00000000E+02      -3.598419878041371703E+03
    5.01000000E+02      -3.582877686957799597E+03
    5.02000000E+02      -3.566348816255456768E+03
    5.03000000E+02      -3.579666115938773146E+03
    5.04000000E+02      -3.593864497905000462E+03
    5.05000000E+02      -3.607886815136851510E+03
    5.06000000E+02      -3.622153416276545613E+03
    5.07000000E+02      -3.637530550809970009E+03
    5.08000000E+02      -3.690143359004985541E+03
    5.09000000E+02      -3.671002380324120168E+03
    5.10000000E+02      -3.678069969618198229E+03
