    0.0000000000E+00     -0.2865574220E+02
    0.1000000000E+01     -0.2557948042E+02
    0.2000000000E+01     -0.2318049548E+02
    0.3000000000E+01     -0.2117112798E+02
    0.4000000000E+01     -0.1943355743E+02
    0.5000000000E+01     -0.1790327348E+02
    0.6000000000E+01     -0.1653955911E+02
    0.7000000000E+01     -0.1531442244E+02
    0.8000000000E+01     -0.1420716517E+02
    0.9000000000E+01     -0.1320200254E+02
    0.1000000000E+02     -0.1228657447E+02
    0.1100000000E+02     -0.1145078906E+02
    0.1200000000E+02     -0.1068662434E+02
    0.1300000000E+02     -0.9987144495E+01
    0.1400000000E+02     -0.9346395131E+01
    0.1500000000E+02     -0.8759220449E+01
    0.1600000000E+02     -0.8221141874E+01
    0.1700000000E+02     -0.7728290350E+01
    0.1800000000E+02     -0.7277246358E+01
    0.1900000000E+02     -0.6865068886E+01
    0.2000000000E+02     -0.6488898819E+01
    0.2100000000E+02     -0.6146282948E+01
    0.2200000000E+02     -0.5834900387E+01
    0.2300000000E+02     -0.5553023676E+01
    0.2400000000E+02     -0.5298710417E+01
    0.2500000000E+02     -0.5070018334E+01
    0.2600000000E+02     -0.4865167751E+01
    0.2700000000E+02     -0.4683234677E+01
    0.2800000000E+02     -0.4522725539E+01
    0.2900000000E+02     -0.4382394958E+01
    0.3000000000E+02     -0.4261159678E+01
    0.3100000000E+02     -0.4157904974E+01
    0.3200000000E+02     -0.4071565591E+01
    0.3300000000E+02     -0.4001404578E+01
    0.3400000000E+02     -0.3946309235E+01
    0.3500000000E+02     -0.3905559895E+01
    0.3600000000E+02     -0.3878303020E+01
    0.3700000000E+02     -0.3863688529E+01
    0.3800000000E+02     -0.3861290367E+01
    0.3900000000E+02     -0.3870296601E+01
    0.4000000000E+02     -0.3890275334E+01
    0.4100000000E+02     -0.3920514053E+01
    0.4200000000E+02     -0.3960208334E+01
    0.4300000000E+02     -0.4009329805E+01
    0.4400000000E+02     -0.4067126136E+01
    0.4500000000E+02     -0.4133011890E+01
    0.4600000000E+02     -0.4206925435E+01
    0.4700000000E+02     -0.4288300768E+01
    0.4800000000E+02     -0.4376563774E+01
    0.4900000000E+02     -0.4471215802E+01
    0.5000000000E+02     -0.4572111060E+01
    0.5100000000E+02     -0.4678928754E+01
    0.5200000000E+02     -0.4791256897E+01
    0.5300000000E+02     -0.4908528531E+01
    0.5400000000E+02     -0.5030685361E+01
    0.5500000000E+02     -0.5157358912E+01
    0.5600000000E+02     -0.5288542984E+01
    0.5700000000E+02     -0.5423673361E+01
    0.5800000000E+02     -0.5562521399E+01
    0.5900000000E+02     -0.5704721960E+01
    0.6000000000E+02     -0.5850524311E+01
    0.6100000000E+02     -0.5999033785E+01
    0.6200000000E+02     -0.6150799103E+01
    0.6300000000E+02     -0.6305214563E+01
    0.6400000000E+02     -0.6461626778E+01
    0.6500000000E+02     -0.6620401126E+01
    0.6600000000E+02     -0.6781529380E+01
    0.6700000000E+02     -0.6944230005E+01
    0.6800000000E+02     -0.7108708755E+01
    0.6900000000E+02     -0.7274373519E+01
    0.7000000000E+02     -0.7441322763E+01
    0.7100000000E+02     -0.7609462073E+01
    0.7200000000E+02     -0.7778759144E+01
    0.7300000000E+02     -0.7949211353E+01
    0.7400000000E+02     -0.8120219554E+01
    0.7500000000E+02     -0.8291835841E+01
    0.7600000000E+02     -0.8463859824E+01
    0.7700000000E+02     -0.8636496424E+01
    0.7800000000E+02     -0.8809080691E+01
    0.7900000000E+02     -0.8982140126E+01
    0.8000000000E+02     -0.9154909048E+01
    0.8100000000E+02     -0.9327508455E+01
    0.8200000000E+02     -0.9500060058E+01
    0.8300000000E+02     -0.9672268578E+01
    0.8400000000E+02     -0.9844372789E+01
    0.8500000000E+02     -0.1001585079E+02
    0.8600000000E+02     -0.1018677185E+02
    0.8700000000E+02     -0.1035700805E+02
    0.8800000000E+02     -0.1052681939E+02
    0.8900000000E+02     -0.1069572665E+02
    0.9000000000E+02     -0.1086387442E+02
    0.9100000000E+02     -0.1103078266E+02
    0.9200000000E+02     -0.1119708305E+02
    0.9300000000E+02     -0.1136203732E+02
    0.9400000000E+02     -0.1152585124E+02
    0.9500000000E+02     -0.1168855592E+02
    0.9600000000E+02     -0.1185041147E+02
    0.9700000000E+02     -0.1201084283E+02
    0.9800000000E+02     -0.1216976726E+02
    0.9900000000E+02     -0.1232752058E+02
    0.1000000000E+03     -0.1248356206E+02
    0.1010000000E+03     -0.1263831190E+02
    0.1020000000E+03     -0.1279162527E+02
    0.1030000000E+03     -0.1294345234E+02
    0.1040000000E+03     -0.1309361703E+02
    0.1050000000E+03     -0.1324170796E+02
    0.1060000000E+03     -0.1338814808E+02
    0.1070000000E+03     -0.1353264902E+02
    0.1080000000E+03     -0.1367554875E+02
    0.1090000000E+03     -0.1381656115E+02
    0.1100000000E+03     -0.1395556893E+02
    0.1110000000E+03     -0.1409286510E+02
    0.1120000000E+03     -0.1422817548E+02
    0.1130000000E+03     -0.1436122602E+02
    0.1140000000E+03     -0.1449251308E+02
    0.1150000000E+03     -0.1462187755E+02
    0.1160000000E+03     -0.1474915382E+02
    0.1170000000E+03     -0.1487415367E+02
    0.1180000000E+03     -0.1499721411E+02
    0.1190000000E+03     -0.1511815500E+02
    0.1200000000E+03     -0.1523738680E+02
    0.1210000000E+03     -0.1535402698E+02
    0.1220000000E+03     -0.1546879379E+02
    0.1230000000E+03     -0.1558137012E+02
    0.1240000000E+03     -0.1569113324E+02
    0.1250000000E+03     -0.1579918988E+02
    0.1260000000E+03     -0.1590443115E+02
    0.1270000000E+03     -0.1600757147E+02
    0.1280000000E+03     -0.1610844778E+02
    0.1290000000E+03     -0.1620687182E+02
    0.1300000000E+03     -0.1630313795E+02
    0.1310000000E+03     -0.1639664568E+02
    0.1320000000E+03     -0.1648820793E+02
    0.1330000000E+03     -0.1657709440E+02
    0.1340000000E+03     -0.1666377287E+02
    0.1350000000E+03     -0.1674801710E+02
    0.1360000000E+03     -0.1682982933E+02
    0.1370000000E+03     -0.1690959331E+02
    0.1380000000E+03     -0.1698627907E+02
    0.1390000000E+03     -0.1706064239E+02
    0.1400000000E+03     -0.1713241768E+02
    0.1410000000E+03     -0.1720187626E+02
    0.1420000000E+03     -0.1726875562E+02
    0.1430000000E+03     -0.1733285228E+02
    0.1440000000E+03     -0.1739527751E+02
    0.1450000000E+03     -0.1745505057E+02
    0.1460000000E+03     -0.1751194746E+02
    0.1470000000E+03     -0.1756669085E+02
    0.1480000000E+03     -0.1761905874E+02
    0.1490000000E+03     -0.1766909348E+02
    0.1500000000E+03     -0.1771616073E+02
    0.1510000000E+03     -0.1775999539E+02
    0.1520000000E+03     -0.1780159011E+02
    0.1530000000E+03     -0.1784123980E+02
    0.1540000000E+03     -0.1787829229E+02
    0.1550000000E+03     -0.1791245371E+02
    0.1560000000E+03     -0.1794404998E+02
    0.1570000000E+03     -0.1797346318E+02
    0.1580000000E+03     -0.1799995419E+02
    0.1590000000E+03     -0.1802427822E+02
    0.1600000000E+03     -0.1804584578E+02
    0.1610000000E+03     -0.1806484402E+02
    0.1620000000E+03     -0.1808147023E+02
    0.1630000000E+03     -0.1809558589E+02
    0.1640000000E+03     -0.1810716204E+02
    0.1650000000E+03     -0.1811602629E+02
    0.1660000000E+03     -0.1812276862E+02
    0.1670000000E+03     -0.1812663753E+02
    0.1680000000E+03     -0.1812792401E+02
    0.1690000000E+03     -0.1812691213E+02
    0.1700000000E+03     -0.1812305032E+02
    0.1710000000E+03     -0.1811665829E+02
    0.1720000000E+03     -0.1810746055E+02
    0.1730000000E+03     -0.1809573390E+02
    0.1740000000E+03     -0.1808276486E+02
    0.1750000000E+03     -0.1806610366E+02
    0.1760000000E+03     -0.1804681152E+02
    0.1770000000E+03     -0.1802534654E+02
    0.1780000000E+03     -0.1800057173E+02
    0.1790000000E+03     -0.1797379360E+02
    0.1800000000E+03     -0.1794463760E+02
    0.1810000000E+03     -0.1791274503E+02
    0.1820000000E+03     -0.1787851370E+02
    0.1830000000E+03     -0.1784181736E+02
    0.1840000000E+03     -0.1780286402E+02
    0.1850000000E+03     -0.1776136963E+02
    0.1860000000E+03     -0.1771759285E+02
    0.1870000000E+03     -0.1767093239E+02
    0.1880000000E+03     -0.1762189074E+02
    0.1890000000E+03     -0.1757074671E+02
    0.1900000000E+03     -0.1751705803E+02
    0.1910000000E+03     -0.1746087931E+02
    0.1920000000E+03     -0.1740242108E+02
    0.1930000000E+03     -0.1734158902E+02
    0.1940000000E+03     -0.1727769449E+02
    0.1950000000E+03     -0.1721230351E+02
    0.1960000000E+03     -0.1714410314E+02
    0.1970000000E+03     -0.1707376867E+02
    0.1980000000E+03     -0.1700100234E+02
    0.1990000000E+03     -0.1692615581E+02
    0.2000000000E+03     -0.1684853777E+02
    0.2010000000E+03     -0.1676922137E+02
    0.2020000000E+03     -0.1668740300E+02
    0.2030000000E+03     -0.1660324073E+02
    0.2040000000E+03     -0.1651668713E+02
    0.2050000000E+03     -0.1642804379E+02
    0.2060000000E+03     -0.1633771030E+02
    0.2070000000E+03     -0.1624506189E+02
    0.2080000000E+03     -0.1615030597E+02
    0.2090000000E+03     -0.1605308504E+02
    0.2100000000E+03     -0.1595388310E+02
    0.2110000000E+03     -0.1585305704E+02
    0.2120000000E+03     -0.1574985956E+02
    0.2130000000E+03     -0.1564426132E+02
    0.2140000000E+03     -0.1553651159E+02
    0.2150000000E+03     -0.1542731693E+02
    0.2160000000E+03     -0.1531644475E+02
    0.2170000000E+03     -0.1520334717E+02
    0.2180000000E+03     -0.1508829635E+02
    0.2190000000E+03     -0.1497057798E+02
    0.2200000000E+03     -0.1485208106E+02
    0.2210000000E+03     -0.1473133073E+02
    0.2220000000E+03     -0.1460879976E+02
    0.2230000000E+03     -0.1448438672E+02
    0.2240000000E+03     -0.1435852540E+02
    0.2250000000E+03     -0.1423078499E+02
    0.2260000000E+03     -0.1410120995E+02
    0.2270000000E+03     -0.1396995990E+02
    0.2280000000E+03     -0.1383730604E+02
    0.2290000000E+03     -0.1370323227E+02
    0.2300000000E+03     -0.1356796940E+02
    0.2310000000E+03     -0.1343154340E+02
    0.2320000000E+03     -0.1329317595E+02
    0.2330000000E+03     -0.1315373098E+02
    0.2340000000E+03     -0.1301277121E+02
    0.2350000000E+03     -0.1287034183E+02
    0.2360000000E+03     -0.1272733202E+02
    0.2370000000E+03     -0.1258272373E+02
    0.2380000000E+03     -0.1243706521E+02
    0.2390000000E+03     -0.1229020578E+02
    0.2400000000E+03     -0.1214211598E+02
    0.2410000000E+03     -0.1199337912E+02
    0.2420000000E+03     -0.1184386704E+02
    0.2430000000E+03     -0.1169343704E+02
    0.2440000000E+03     -0.1154218057E+02
    0.2450000000E+03     -0.1139066029E+02
    0.2460000000E+03     -0.1123823259E+02
    0.2470000000E+03     -0.1108469434E+02
    0.2480000000E+03     -0.1093074541E+02
    0.2490000000E+03     -0.1077706267E+02
    0.2500000000E+03     -0.1062225793E+02
    0.2510000000E+03     -0.1046732302E+02
    0.2520000000E+03     -0.1031183891E+02
    0.2530000000E+03     -0.1015657534E+02
    0.2540000000E+03     -0.1000092327E+02
    0.2550000000E+03     -0.9845075928E+01
    0.2560000000E+03     -0.9688970501E+01
    0.2570000000E+03     -0.9532299306E+01
    0.2580000000E+03     -0.9376735208E+01
    0.2590000000E+03     -0.9222207873E+01
    0.2600000000E+03     -0.9067374766E+01
    0.2610000000E+03     -0.8911519201E+01
    0.2620000000E+03     -0.8757093552E+01
    0.2630000000E+03     -0.8603701924E+01
    0.2640000000E+03     -0.8450901932E+01
    0.2650000000E+03     -0.8299550213E+01
    0.2660000000E+03     -0.8148379335E+01
    0.2670000000E+03     -0.7997858863E+01
    0.2680000000E+03     -0.7849791002E+01
    0.2690000000E+03     -0.7701495214E+01
    0.2700000000E+03     -0.7554073349E+01
    0.2710000000E+03     -0.7408343421E+01
    0.2720000000E+03     -0.7265256244E+01
    0.2730000000E+03     -0.7123451282E+01
    0.2740000000E+03     -0.6983013532E+01
    0.2750000000E+03     -0.6843697779E+01
    0.2760000000E+03     -0.6706549966E+01
    0.2770000000E+03     -0.6571497019E+01
    0.2780000000E+03     -0.6438364652E+01
    0.2790000000E+03     -0.6308797358E+01
    0.2800000000E+03     -0.6181981295E+01
    0.2810000000E+03     -0.6056510271E+01
    0.2820000000E+03     -0.5933961662E+01
    0.2830000000E+03     -0.5813575868E+01
    0.2840000000E+03     -0.5696197128E+01
    0.2850000000E+03     -0.5581891246E+01
    0.2860000000E+03     -0.5470699468E+01
    0.2870000000E+03     -0.5363984953E+01
    0.2880000000E+03     -0.5260452014E+01
    0.2890000000E+03     -0.5158986403E+01
    0.2900000000E+03     -0.5061589762E+01
    0.2910000000E+03     -0.4968725936E+01
    0.2920000000E+03     -0.4879649150E+01
    0.2930000000E+03     -0.4795040805E+01
    0.2940000000E+03     -0.4714037469E+01
    0.2950000000E+03     -0.4639256022E+01
    0.2960000000E+03     -0.4568614715E+01
    0.2970000000E+03     -0.4502450074E+01
    0.2980000000E+03     -0.4440254864E+01
    0.2990000000E+03     -0.4381930141E+01
    0.3000000000E+03     -0.4331519246E+01
    0.3010000000E+03     -0.4284589500E+01
    0.3020000000E+03     -0.4242577734E+01
    0.3030000000E+03     -0.4208331261E+01
    0.3040000000E+03     -0.4180293923E+01
    0.3050000000E+03     -0.4156201697E+01
    0.3060000000E+03     -0.4138764330E+01
    0.3070000000E+03     -0.4128343979E+01
    0.3080000000E+03     -0.4125448119E+01
    0.3090000000E+03     -0.4129151566E+01
    0.3100000000E+03     -0.4139867618E+01
    0.3110000000E+03     -0.4158046768E+01
    0.3120000000E+03     -0.4182791369E+01
    0.3130000000E+03     -0.4215525020E+01
    0.3140000000E+03     -0.4254335006E+01
    0.3150000000E+03     -0.4300718120E+01
    0.3160000000E+03     -0.4355668568E+01
    0.3170000000E+03     -0.4420423979E+01
    0.3180000000E+03     -0.4491716709E+01
    0.3190000000E+03     -0.4571897206E+01
    0.3200000000E+03     -0.4662264614E+01
    0.3210000000E+03     -0.4762537003E+01
    0.3220000000E+03     -0.4871175142E+01
    0.3230000000E+03     -0.4990432564E+01
    0.3240000000E+03     -0.5116933142E+01
    0.3250000000E+03     -0.5254188186E+01
    0.3260000000E+03     -0.5402728297E+01
    0.3270000000E+03     -0.5563950131E+01
    0.3280000000E+03     -0.5734263938E+01
    0.3290000000E+03     -0.5914346230E+01
    0.3300000000E+03     -0.6105938776E+01
    0.3310000000E+03     -0.6306809858E+01
    0.3320000000E+03     -0.6522448348E+01
    0.3330000000E+03     -0.6747145433E+01
    0.3340000000E+03     -0.6985413899E+01
    0.3350000000E+03     -0.7234226546E+01
    0.3360000000E+03     -0.7495262318E+01
    0.3370000000E+03     -0.7768869782E+01
    0.3380000000E+03     -0.8055973406E+01
    0.3390000000E+03     -0.8354301062E+01
    0.3400000000E+03     -0.8666918813E+01
    0.3410000000E+03     -0.8994662196E+01
    0.3420000000E+03     -0.9336286546E+01
    0.3430000000E+03     -0.9691976044E+01
    0.3440000000E+03     -0.1006438691E+02
    0.3450000000E+03     -0.1044728497E+02
    0.3460000000E+03     -0.1084589518E+02
    0.3470000000E+03     -0.1126082359E+02
    0.3480000000E+03     -0.1168626184E+02
    0.3490000000E+03     -0.1213326196E+02
    0.3500000000E+03     -0.1259439005E+02
    0.3510000000E+03     -0.1307215105E+02
    0.3520000000E+03     -0.1356480332E+02
    0.3530000000E+03     -0.1407648747E+02
    0.3540000000E+03     -0.1460591461E+02
    0.3550000000E+03     -0.1515246116E+02
    0.3560000000E+03     -0.1571419605E+02
    0.3570000000E+03     -0.1629658824E+02
    0.3580000000E+03     -0.1689765945E+02
    0.3590000000E+03     -0.1751933467E+02
    0.3600000000E+03     -0.1815884992E+02
    0.3610000000E+03     -0.1881604165E+02
    0.3620000000E+03     -0.1949475506E+02
    0.3630000000E+03     -0.2019066656E+02
    0.3640000000E+03     -0.2090609059E+02
    0.3650000000E+03     -0.2164480490E+02
    0.3660000000E+03     -0.2240264074E+02
    0.3670000000E+03     -0.2317959107E+02
    0.3680000000E+03     -0.2398164568E+02
    0.3690000000E+03     -0.2480403418E+02
    0.3700000000E+03     -0.2565073399E+02
    0.3710000000E+03     -0.2651756681E+02
    0.3720000000E+03     -0.2740417825E+02
    0.3730000000E+03     -0.2831810768E+02
    0.3740000000E+03     -0.2925125103E+02
    0.3750000000E+03     -0.3021242966E+02
    0.3760000000E+03     -0.3119587874E+02
    0.3770000000E+03     -0.3220106324E+02
    0.3780000000E+03     -0.3323433464E+02
    0.3790000000E+03     -0.3429287949E+02
    0.3800000000E+03     -0.3537373113E+02
    0.3810000000E+03     -0.3648346230E+02
    0.3820000000E+03     -0.3762102133E+02
    0.3830000000E+03     -0.3878659812E+02
    0.3840000000E+03     -0.3997645593E+02
    0.3850000000E+03     -0.4119619594E+02
    0.3860000000E+03     -0.4243834454E+02
    0.3870000000E+03     -0.4370797400E+02
    0.3880000000E+03     -0.4501219548E+02
    0.3890000000E+03     -0.4633665619E+02
    0.3900000000E+03     -0.4770326669E+02
    0.3910000000E+03     -0.4908755176E+02
    0.3920000000E+03     -0.5049228396E+02
    0.3930000000E+03     -0.5193943642E+02
    0.3940000000E+03     -0.5341999169E+02
    0.3950000000E+03     -0.5493014949E+02
    0.3960000000E+03     -0.5647026756E+02
    0.3970000000E+03     -0.5804215121E+02
    0.3980000000E+03     -0.5964359614E+02
    0.3990000000E+03     -0.6127994471E+02
    0.4000000000E+03     -0.6294230738E+02
    0.4010000000E+03     -0.6464620232E+02
    0.4020000000E+03     -0.6638059804E+02
    0.4030000000E+03     -0.6814455801E+02
    0.4040000000E+03     -0.6995335928E+02
    0.4050000000E+03     -0.7178860891E+02
    0.4060000000E+03     -0.7366436753E+02
    0.4070000000E+03     -0.7557540721E+02
    0.4080000000E+03     -0.7752107743E+02
    0.4090000000E+03     -0.7950410308E+02
    0.4100000000E+03     -0.8152401565E+02
    0.4110000000E+03     -0.8357962270E+02
    0.4120000000E+03     -0.8567394154E+02
    0.4130000000E+03     -0.8781299295E+02
    0.4140000000E+03     -0.8999298643E+02
    0.4150000000E+03     -0.9220865687E+02
    0.4160000000E+03     -0.9445369714E+02
    0.4170000000E+03     -0.9674707236E+02
    0.4180000000E+03     -0.9907684254E+02
    0.4190000000E+03     -0.1014461755E+03
    0.4200000000E+03     -0.1038631291E+03
    0.4210000000E+03     -0.1063189057E+03
    0.4220000000E+03     -0.1088160684E+03
    0.4230000000E+03     -0.1113614247E+03
    0.4240000000E+03     -0.1139553412E+03
    0.4250000000E+03     -0.1165862916E+03
    0.4260000000E+03     -0.1192628415E+03
    0.4270000000E+03     -0.1219813909E+03
    0.4280000000E+03     -0.1247508242E+03
    0.4290000000E+03     -0.1275736638E+03
    0.4300000000E+03     -0.1304389628E+03
    0.4310000000E+03     -0.1333468948E+03
    0.4320000000E+03     -0.1362963372E+03
    0.4330000000E+03     -0.1393050809E+03
    0.4340000000E+03     -0.1423585500E+03
    0.4350000000E+03     -0.1454588778E+03
    0.4360000000E+03     -0.1486283768E+03
    0.4370000000E+03     -0.1518299584E+03
    0.4380000000E+03     -0.1550731398E+03
    0.4390000000E+03     -0.1583820769E+03
    0.4400000000E+03     -0.1617339128E+03
    0.4410000000E+03     -0.1651329704E+03
    0.4420000000E+03     -0.1686057146E+03
    0.4430000000E+03     -0.1721066352E+03
    0.4440000000E+03     -0.1756816380E+03
    0.4450000000E+03     -0.1792935321E+03
    0.4460000000E+03     -0.1829632768E+03
    0.4470000000E+03     -0.1866990075E+03
    0.4480000000E+03     -0.1904753727E+03
    0.4490000000E+03     -0.1943022732E+03
    0.4500000000E+03     -0.1981960366E+03
    0.4510000000E+03     -0.2021451212E+03
    0.4520000000E+03     -0.2061538627E+03
    0.4530000000E+03     -0.2102195952E+03
    0.4540000000E+03     -0.2143505270E+03
    0.4550000000E+03     -0.2185467807E+03
    0.4560000000E+03     -0.2227870771E+03
    0.4570000000E+03     -0.2271049686E+03
    0.4580000000E+03     -0.2314774772E+03
    0.4590000000E+03     -0.2359207100E+03
    0.4600000000E+03     -0.2404344268E+03
    0.4610000000E+03     -0.2449924999E+03
    0.4620000000E+03     -0.2496278179E+03
    0.4630000000E+03     -0.2543088225E+03
    0.4640000000E+03     -0.2590846936E+03
    0.4650000000E+03     -0.2638980354E+03
    0.4660000000E+03     -0.2687875041E+03
    0.4670000000E+03     -0.2737466970E+03
    0.4680000000E+03     -0.2787799406E+03
    0.4690000000E+03     -0.2838913299E+03
    0.4700000000E+03     -0.2890486656E+03
    0.4710000000E+03     -0.2942797211E+03
    0.4720000000E+03     -0.2995667430E+03
    0.4730000000E+03     -0.3049257872E+03
    0.4740000000E+03     -0.3103596943E+03
    0.4750000000E+03     -0.3158687195E+03
    0.4760000000E+03     -0.3214534044E+03
    0.4770000000E+03     -0.3270988945E+03
    0.4780000000E+03     -0.3328187047E+03
    0.4790000000E+03     -0.3386058980E+03
    0.4800000000E+03     -0.3444785675E+03
    0.4810000000E+03     -0.3504295908E+03
    0.4820000000E+03     -0.3564666364E+03
    0.4830000000E+03     -0.3625499681E+03
    0.4840000000E+03     -0.3687072690E+03
    0.4850000000E+03     -0.3749860969E+03
