    0.00000000E+00      -1.505425631927877194E-10
    1.00000000E+00      -6.057401523693260433E-04
    2.00000000E+00      -4.007837733164774235E-02
    3.00000000E+00      -1.185225192884363926E-01
    4.00000000E+00      -2.361925761904425658E-01
    5.00000000E+00      -3.934325026478097120E-01
    6.00000000E+00      -5.901794922571613755E-01
    7.00000000E+00      -8.268960113875154505E-01
    8.00000000E+00      -1.103867119058405066E+00
    9.00000000E+00      -1.421230138003282351E+00
    1.00000000E+01      -1.779327156140597666E+00
    1.10000000E+01      -2.178307034179811641E+00
    1.20000000E+01      -2.618605608676404017E+00
    1.30000000E+01      -3.101416732637456874E+00
    1.40000000E+01      -3.625066845792074055E+00
    1.50000000E+01      -4.191419332757841509E+00
    1.60000000E+01      -4.800941431360955747E+00
    1.70000000E+01      -5.453399952777380655E+00
    1.80000000E+01      -6.149463606995946741E+00
    1.90000000E+01      -6.889593925300856903E+00
    2.00000000E+01      -7.674544649342482039E+00
    2.10000000E+01      -8.504426001468235796E+00
    2.20000000E+01      -9.378376965463417037E+00
    2.30000000E+01      -1.030009724679943162E+01
    2.40000000E+01      -1.126831847695134670E+01
    2.50000000E+01      -1.228330938154763174E+01
    2.60000000E+01      -1.334680237572349171E+01
    2.70000000E+01      -1.445914469118592649E+01
    2.80000000E+01      -1.562080250322003394E+01
    2.90000000E+01      -1.683357956763218510E+01
    3.00000000E+01      -1.809842731362843438E+01
    3.10000000E+01      -1.941462487527226699E+01
    3.20000000E+01      -2.078279878623020238E+01
    3.30000000E+01      -2.220718030414700195E+01
    3.40000000E+01      -2.368465885876931054E+01
    3.50000000E+01      -2.521612575478053486E+01
    3.60000000E+01      -2.680604739931860081E+01
    3.70000000E+01      -2.845573678628323933E+01
    3.80000000E+01      -3.016272511229183806E+01
    3.90000000E+01      -3.193109503331470478E+01
    4.00000000E+01      -3.376040813242093463E+01
    4.10000000E+01      -3.565162576535198014E+01
    4.20000000E+01      -3.760508561745967882E+01
    4.30000000E+01      -3.962424814704445453E+01
    4.40000000E+01      -4.170998140288469358E+01
    4.50000000E+01      -4.386343439570191549E+01
    4.60000000E+01      -4.607917328853761774E+01
    4.70000000E+01      -4.836642989349581967E+01
    4.80000000E+01      -5.071820354992701141E+01
    4.90000000E+01      -5.313791360037441791E+01
    5.00000000E+01      -5.562779256537987749E+01
    5.10000000E+01      -5.817793986002766360E+01
    5.20000000E+01      -6.079990707185822885E+01
    5.30000000E+01      -6.348916265873731390E+01
    5.40000000E+01      -6.624506914893026988E+01
    5.50000000E+01      -6.906513066903266918E+01
    5.60000000E+01      -7.195023112253898034E+01
    5.70000000E+01      -7.490272398387651265E+01
    5.80000000E+01      -7.790691992202800975E+01
    5.90000000E+01      -8.097277174285909496E+01
    6.00000000E+01      -8.409176488557523044E+01
    6.10000000E+01      -8.726604898863979543E+01
    6.20000000E+01      -9.048784648193100111E+01
    6.30000000E+01      -9.376870019556054103E+01
    6.40000000E+01      -9.708428083735316250E+01
    6.50000000E+01      -1.004532809283148254E+02
    6.60000000E+01      -1.038669124766707910E+02
    6.70000000E+01      -1.073192724403826332E+02
    6.80000000E+01      -1.108051147761520951E+02
    6.90000000E+01      -1.143327283259433216E+02
    7.00000000E+01      -1.178921473064006022E+02
    7.10000000E+01      -1.214915431375826529E+02
    7.20000000E+01      -1.251220621514163440E+02
    7.30000000E+01      -1.287815172565901207E+02
    7.40000000E+01      -1.324716770691468355E+02
    7.50000000E+01      -1.361797486134066446E+02
    7.60000000E+01      -1.399202879800944288E+02
    7.70000000E+01      -1.436927500138095013E+02
    7.80000000E+01      -1.474760680156167609E+02
    7.90000000E+01      -1.512738133829915341E+02
    8.00000000E+01      -1.551043169415960392E+02
    8.10000000E+01      -1.589519447179004601E+02
    8.20000000E+01      -1.628215942655377830E+02
    8.30000000E+01      -1.667179863155743078E+02
    8.40000000E+01      -1.706281887163432884E+02
    8.50000000E+01      -1.745550881596336694E+02
    8.60000000E+01      -1.785123802233156312E+02
    8.70000000E+01      -1.824871259906576597E+02
    8.80000000E+01      -1.864705018914455650E+02
    8.90000000E+01      -1.904747548533655390E+02
    9.00000000E+01      -1.944961721246536399E+02
    9.10000000E+01      -1.985276441880553193E+02
    9.20000000E+01      -2.025881761796756564E+02
    9.30000000E+01      -2.066394188450053662E+02
    9.40000000E+01      -2.107207017862845078E+02
    9.50000000E+01      -2.148089148204740013E+02
    9.60000000E+01      -2.189048189168124736E+02
    9.70000000E+01      -2.230152044752021538E+02
    9.80000000E+01      -2.271197199588309559E+02
    9.90000000E+01      -2.312588173018821180E+02
    1.00000000E+02      -2.354047225588583387E+02
    1.01000000E+02      -2.395662411689213513E+02
    1.02000000E+02      -2.437431766351910483E+02
    1.03000000E+02      -2.479282238402988696E+02
    1.04000000E+02      -2.521425245756117874E+02
    1.05000000E+02      -2.563602435317861818E+02
    1.06000000E+02      -2.605844131859548725E+02
    1.07000000E+02      -2.648260303503830073E+02
    1.08000000E+02      -2.690623445477372115E+02
    1.09000000E+02      -2.733221742714958964E+02
    1.10000000E+02      -2.775980086825124999E+02
    1.11000000E+02      -2.818821505493870063E+02
    1.12000000E+02      -2.861815265993968751E+02
    1.13000000E+02      -2.904790946859020551E+02
    1.14000000E+02      -2.948065813027351396E+02
    1.15000000E+02      -2.991415759906376479E+02
    1.16000000E+02      -3.034925274508714210E+02
    1.17000000E+02      -3.078463235088811416E+02
    1.18000000E+02      -3.122363465555499715E+02
    1.19000000E+02      -3.166253234478845116E+02
    1.20000000E+02      -3.210534955182165504E+02
    1.21000000E+02      -3.254738164150312514E+02
    1.22000000E+02      -3.299168654534846610E+02
    1.23000000E+02      -3.343658888966756422E+02
    1.24000000E+02      -3.388355576419253339E+02
    1.25000000E+02      -3.433278031074460159E+02
    1.26000000E+02      -3.478258375468021768E+02
    1.27000000E+02      -3.523414856099234385E+02
    1.28000000E+02      -3.568701303168427330E+02
    1.29000000E+02      -3.614179441738606329E+02
    1.30000000E+02      -3.659924570390230656E+02
    1.31000000E+02      -3.706028724203788443E+02
    1.32000000E+02      -3.752101493219906843E+02
    1.33000000E+02      -3.798431598745037263E+02
    1.34000000E+02      -3.844975147722689144E+02
    1.35000000E+02      -3.891803835947666812E+02
    1.36000000E+02      -3.938960027212015120E+02
    1.37000000E+02      -3.986292139672732446E+02
    1.38000000E+02      -4.033706773628318842E+02
    1.39000000E+02      -4.081314779813556015E+02
    1.40000000E+02      -4.129247805836630505E+02
    1.41000000E+02      -4.177309825025104146E+02
    1.42000000E+02      -4.225644577646116886E+02
    1.43000000E+02      -4.274181941775605083E+02
    1.44000000E+02      -4.322833887905908341E+02
    1.45000000E+02      -4.371876651490638324E+02
    1.46000000E+02      -4.421064825995199499E+02
    1.47000000E+02      -4.470534486497381295E+02
    1.48000000E+02      -4.520083164354255132E+02
    1.49000000E+02      -4.569744389628249337E+02
    1.50000000E+02      -4.619836103183861269E+02
    1.51000000E+02      -4.670088469816901124E+02
    1.52000000E+02      -4.721346553679122735E+02
    1.53000000E+02      -4.772060449205291661E+02
    1.54000000E+02      -4.822811187796869490E+02
    1.55000000E+02      -4.874530767388287131E+02
    1.56000000E+02      -4.925696263589643422E+02
    1.57000000E+02      -4.977126722919601889E+02
    1.58000000E+02      -5.028680292003464274E+02
    1.59000000E+02      -5.080371482261789424E+02
    1.60000000E+02      -5.132101250790547056E+02
    1.61000000E+02      -5.184035202650375140E+02
    1.62000000E+02      -5.235876501937555076E+02
    1.63000000E+02      -5.287856011308231245E+02
    1.64000000E+02      -5.339926806093571940E+02
    1.65000000E+02      -5.392111590591794084E+02
    1.66000000E+02      -5.444181222239694762E+02
    1.67000000E+02      -5.496185679394066028E+02
    1.68000000E+02      -5.548329854719140712E+02
    1.69000000E+02      -5.600455388661912366E+02
    1.70000000E+02      -5.652772649304779407E+02
    1.71000000E+02      -5.704910377058249651E+02
    1.72000000E+02      -5.757014597086181311E+02
    1.73000000E+02      -5.809218687957773000E+02
    1.74000000E+02      -5.861121124453184166E+02
    1.75000000E+02      -5.913069815122398722E+02
    1.76000000E+02      -5.964913700553715898E+02
    1.77000000E+02      -6.016661950722773327E+02
    1.78000000E+02      -6.068153157006963738E+02
    1.79000000E+02      -6.119858048066089395E+02
    1.80000000E+02      -6.171433557847103657E+02
    1.81000000E+02      -6.222863090145019669E+02
    1.82000000E+02      -6.274187300003022756E+02
    1.83000000E+02      -6.325426773374656477E+02
    1.84000000E+02      -6.376465007400984177E+02
    1.85000000E+02      -6.427588724155302771E+02
    1.86000000E+02      -6.478206230502810286E+02
    1.87000000E+02      -6.529016845398127771E+02
    1.88000000E+02      -6.579676682155240997E+02
    1.89000000E+02      -6.630198922387926359E+02
    1.90000000E+02      -6.680250340745228641E+02
    1.91000000E+02      -6.730465823697013548E+02
    1.92000000E+02      -6.780003107713059762E+02
    1.93000000E+02      -6.829848925541987228E+02
    1.94000000E+02      -6.879576149614426868E+02
    1.95000000E+02      -6.928924670719734422E+02
    1.96000000E+02      -6.978610958383637808E+02
    1.97000000E+02      -7.028222269173638779E+02
    1.98000000E+02      -7.077619228460398517E+02
    1.99000000E+02      -7.127139365419971000E+02
    2.00000000E+02      -7.176332206701049472E+02
    2.01000000E+02      -7.225399765570191448E+02
    2.02000000E+02      -7.274627926245266281E+02
    2.03000000E+02      -7.323721902378438244E+02
    2.04000000E+02      -7.372708989452908099E+02
    2.05000000E+02      -7.421798641922282513E+02
    2.06000000E+02      -7.470916065582132433E+02
    2.07000000E+02      -7.520068851024389005E+02
    2.08000000E+02      -7.569312487600195709E+02
    2.09000000E+02      -7.618567832452881703E+02
    2.10000000E+02      -7.667828892970069319E+02
    2.11000000E+02      -7.717362636222123911E+02
    2.12000000E+02      -7.767021384816830505E+02
    2.13000000E+02      -7.816810249156351347E+02
    2.14000000E+02      -7.866598502663641739E+02
    2.15000000E+02      -7.916741683618238312E+02
    2.16000000E+02      -7.966995244220252061E+02
    2.17000000E+02      -8.017394006008371434E+02
    2.18000000E+02      -8.068121002778448201E+02
    2.19000000E+02      -8.118858538294325626E+02
    2.20000000E+02      -8.170461385851867817E+02
    2.21000000E+02      -8.221902512261908669E+02
    2.22000000E+02      -8.273536711849365020E+02
    2.23000000E+02      -8.327311216726507155E+02
    2.24000000E+02      -8.379320911570152930E+02
    2.25000000E+02      -8.431738715195915574E+02
    2.26000000E+02      -8.484503972098000304E+02
    2.27000000E+02      -8.536811763662058183E+02
    2.28000000E+02      -8.590153810801243708E+02
    2.29000000E+02      -8.643105831593875337E+02
    2.30000000E+02      -8.696606622665840405E+02
    2.31000000E+02      -8.750447167107731730E+02
    2.32000000E+02      -8.804169885938499647E+02
    2.33000000E+02      -8.858139914641669748E+02
    2.34000000E+02      -8.911885361124041083E+02
    2.35000000E+02      -8.966374120319678696E+02
    2.36000000E+02      -9.020739056032007284E+02
    2.37000000E+02      -9.075770886974751193E+02
    2.38000000E+02      -9.130491413222289339E+02
    2.39000000E+02      -9.185221317820851255E+02
    2.40000000E+02      -9.240130082171167487E+02
    2.41000000E+02      -9.295526345580633460E+02
    2.42000000E+02      -9.350974061414476637E+02
    2.43000000E+02      -9.406540779435977129E+02
    2.44000000E+02      -9.462232034972930705E+02
    2.45000000E+02      -9.517253918408277968E+02
    2.46000000E+02      -9.573107710414269604E+02
    2.47000000E+02      -9.629409094135871783E+02
    2.48000000E+02      -9.685439035053718726E+02
    2.49000000E+02      -9.741776206647755316E+02
    2.50000000E+02      -9.798358398047198534E+02
    2.51000000E+02      -9.854412336276031965E+02
    2.52000000E+02      -9.910838212489502439E+02
    2.53000000E+02      -9.967576743730419366E+02
    2.54000000E+02      -1.002441365154730647E+03
    2.55000000E+02      -1.008150429214570067E+03
    2.56000000E+02      -1.013831637952801884E+03
    2.57000000E+02      -1.019539451183323308E+03
    2.58000000E+02      -1.025269605160762467E+03
    2.59000000E+02      -1.030937613955400593E+03
    2.60000000E+02      -1.036674775153966038E+03
    2.61000000E+02      -1.042439310701843397E+03
    2.62000000E+02      -1.048227327171248817E+03
    2.63000000E+02      -1.053924882302027527E+03
    2.64000000E+02      -1.059689972970110375E+03
    2.65000000E+02      -1.065509945915918706E+03
    2.66000000E+02      -1.071303915123829483E+03
    2.67000000E+02      -1.077093116110404935E+03
    2.68000000E+02      -1.082901576537490428E+03
    2.69000000E+02      -1.088689243460863963E+03
    2.70000000E+02      -1.094521685736226118E+03
    2.71000000E+02      -1.100335916897722655E+03
    2.72000000E+02      -1.106210415017109199E+03
    2.73000000E+02      -1.112065256681800520E+03
    2.74000000E+02      -1.117907821152061615E+03
    2.75000000E+02      -1.123770775395276360E+03
    2.76000000E+02      -1.129673653154837211E+03
    2.77000000E+02      -1.135570843451399469E+03
    2.78000000E+02      -1.141474742691095344E+03
    2.79000000E+02      -1.147420295641162284E+03
    2.80000000E+02      -1.153395973998212867E+03
    2.81000000E+02      -1.159360003318189229E+03
    2.82000000E+02      -1.165353088372532511E+03
    2.83000000E+02      -1.171396079443749841E+03
    2.84000000E+02      -1.177455933286207255E+03
    2.85000000E+02      -1.183527916404467760E+03
    2.86000000E+02      -1.189640608965513820E+03
    2.87000000E+02      -1.195814589840459121E+03
    2.88000000E+02      -1.202010705766022511E+03
    2.89000000E+02      -1.208239959783666563E+03
    2.90000000E+02      -1.214512929489757880E+03
    2.91000000E+02      -1.220840221726143682E+03
    2.92000000E+02      -1.227168220688725341E+03
    2.93000000E+02      -1.233581771114655567E+03
    2.94000000E+02      -1.240028110798142734E+03
    2.95000000E+02      -1.246588480541310673E+03
    2.96000000E+02      -1.253198087617270176E+03
    2.97000000E+02      -1.259899265041631224E+03
    2.98000000E+02      -1.266663342270974681E+03
    2.99000000E+02      -1.273463116314315812E+03
    3.00000000E+02      -1.280328055170311927E+03
    3.01000000E+02      -1.287250183019500582E+03
    3.02000000E+02      -1.294246333058325945E+03
    3.03000000E+02      -1.301356877460303622E+03
    3.04000000E+02      -1.308568779167606408E+03
    3.05000000E+02      -1.315831133201125340E+03
    3.06000000E+02      -1.323156997388974560E+03
    3.07000000E+02      -1.330592968892739918E+03
    3.08000000E+02      -1.338103150585056483E+03
    3.09000000E+02      -1.345709018462090171E+03
    3.10000000E+02      -1.353330133149985159E+03
    3.11000000E+02      -1.361066601638237444E+03
    3.12000000E+02      -1.368831552975123486E+03
    3.13000000E+02      -1.376649320499344412E+03
    3.14000000E+02      -1.384530239559644542E+03
    3.15000000E+02      -1.392503901809892341E+03
    3.16000000E+02      -1.400507668330723845E+03
    3.17000000E+02      -1.408622714582621029E+03
    3.18000000E+02      -1.416843934226700185E+03
    3.19000000E+02      -1.425077009439456106E+03
    3.20000000E+02      -1.433354787458291867E+03
    3.21000000E+02      -1.441696049680987244E+03
    3.22000000E+02      -1.450131149328725769E+03
    3.23000000E+02      -1.458587793902957401E+03
    3.24000000E+02      -1.467053379447748284E+03
    3.25000000E+02      -1.475591214882894064E+03
    3.26000000E+02      -1.484178051070170568E+03
    3.27000000E+02      -1.492841569647878487E+03
    3.28000000E+02      -1.501531972917340227E+03
    3.29000000E+02      -1.510260959989092953E+03
    3.30000000E+02      -1.519014374659176610E+03
    3.31000000E+02      -1.527840754720764380E+03
    3.32000000E+02      -1.536721306840244097E+03
    3.33000000E+02      -1.545606266594428007E+03
    3.34000000E+02      -1.554563098622273856E+03
    3.35000000E+02      -1.563565983447550479E+03
    3.36000000E+02      -1.572624238722290102E+03
    3.37000000E+02      -1.581751172883812160E+03
    3.38000000E+02      -1.590835083695344565E+03
    3.39000000E+02      -1.599953075071094645E+03
    3.40000000E+02      -1.609214781710750231E+03
    3.41000000E+02      -1.618441843814082858E+03
    3.42000000E+02      -1.627701899424865587E+03
    3.43000000E+02      -1.637044177330356206E+03
    3.44000000E+02      -1.646363835874636152E+03
    3.45000000E+02      -1.655792717435972236E+03
    3.46000000E+02      -1.665216397838298917E+03
    3.47000000E+02      -1.674674476656645311E+03
    3.48000000E+02      -1.684177731975875759E+03
    3.49000000E+02      -1.693675385425138984E+03
    3.50000000E+02      -1.703192370020401313E+03
    3.51000000E+02      -1.712787490817806656E+03
    3.52000000E+02      -1.722380173529603780E+03
    3.53000000E+02      -1.732036396891605364E+03
    3.54000000E+02      -1.741705982597242155E+03
    3.55000000E+02      -1.751382088935486536E+03
    3.56000000E+02      -1.761157984257199359E+03
    3.57000000E+02      -1.770888213795535876E+03
    3.58000000E+02      -1.780647932474181744E+03
    3.59000000E+02      -1.790483684990922939E+03
    3.60000000E+02      -1.800332158319302152E+03
    3.61000000E+02      -1.810200831379342162E+03
    3.62000000E+02      -1.820098702679502821E+03
    3.63000000E+02      -1.830021852725106783E+03
    3.64000000E+02      -1.840020096328504223E+03
    3.65000000E+02      -1.849921439487046428E+03
    3.66000000E+02      -1.859969511554332712E+03
    3.67000000E+02      -1.869953529556205922E+03
    3.68000000E+02      -1.880062365291716333E+03
    3.69000000E+02      -1.890191758038544776E+03
    3.70000000E+02      -1.900270718331575154E+03
    3.71000000E+02      -1.910420652099488279E+03
    3.72000000E+02      -1.920567293879534418E+03
    3.73000000E+02      -1.930745754218531602E+03
    3.74000000E+02      -1.940904849803091793E+03
    3.75000000E+02      -1.951091832764028140E+03
    3.76000000E+02      -1.961370382456540483E+03
    3.77000000E+02      -1.971661076315664559E+03
    3.78000000E+02      -1.981892718136871281E+03
    3.79000000E+02      -1.992174631126777513E+03
    3.80000000E+02      -2.002550423140318799E+03
    3.81000000E+02      -2.012944468256291429E+03
    3.82000000E+02      -2.023328256935268428E+03
    3.83000000E+02      -2.033681461425117504E+03
    3.84000000E+02      -2.044071141586428894E+03
    3.85000000E+02      -2.054471905052050261E+03
    3.86000000E+02      -2.065008205653301957E+03
    3.87000000E+02      -2.075404482017683677E+03
    3.88000000E+02      -2.085799459261254015E+03
    3.89000000E+02      -2.096357692413684163E+03
    3.90000000E+02      -2.106818005364333203E+03
    3.91000000E+02      -2.117331248940690784E+03
    3.92000000E+02      -2.127903401735894022E+03
    3.93000000E+02      -2.138496950820037000E+03
    3.94000000E+02      -2.148995276517749062E+03
    3.95000000E+02      -2.159666099462097918E+03
    3.96000000E+02      -2.170259508844254924E+03
    3.97000000E+02      -2.180888303357042332E+03
    3.98000000E+02      -2.191442861608269141E+03
    3.99000000E+02      -2.202071916065963705E+03
    4.00000000E+02      -2.212672017087021231E+03
    4.01000000E+02      -2.223343743888693098E+03
    4.02000000E+02      -2.234070058146322481E+03
    4.03000000E+02      -2.244784622925545591E+03
    4.04000000E+02      -2.255476365391013132E+03
    4.05000000E+02      -2.266189045379853724E+03
    4.06000000E+02      -2.276840529550238898E+03
    4.07000000E+02      -2.287517099204461829E+03
    4.08000000E+02      -2.298400488884888546E+03
    4.09000000E+02      -2.309125787220995335E+03
    4.10000000E+02      -2.319733905134122324E+03
    4.11000000E+02      -2.330534224756276672E+03
    4.12000000E+02      -2.341327890850165659E+03
    4.13000000E+02      -2.352032514029637241E+03
    4.14000000E+02      -2.362830418822156389E+03
    4.15000000E+02      -2.373579911804687981E+03
    4.16000000E+02      -2.384351363094717271E+03
    4.17000000E+02      -2.395168784470170522E+03
    4.18000000E+02      -2.405969373976086445E+03
    4.19000000E+02      -2.416830038291239362E+03
    4.20000000E+02      -2.427579239085660447E+03
    4.21000000E+02      -2.438442917673572083E+03
    4.22000000E+02      -2.449186900995247470E+03
    4.23000000E+02      -2.460094002214456850E+03
    4.24000000E+02      -2.470837220750928282E+03
    4.25000000E+02      -2.481564705707746725E+03
    4.26000000E+02      -2.492350326933064025E+03
    4.27000000E+02      -2.503189111178389794E+03
    4.28000000E+02      -2.514018570308751805E+03
    4.29000000E+02      -2.524916754753585337E+03
    4.30000000E+02      -2.535543146193854227E+03
    4.31000000E+02      -2.546400096426306845E+03
    4.32000000E+02      -2.557138995667539803E+03
    4.33000000E+02      -2.568168943562146069E+03
    4.34000000E+02      -2.578895655148407513E+03
    4.35000000E+02      -2.589835141791782917E+03
    4.36000000E+02      -2.600406036607952046E+03
    4.37000000E+02      -2.611231170489507349E+03
    4.38000000E+02      -2.621942911554660441E+03
    4.39000000E+02      -2.632602229640153382E+03
    4.40000000E+02      -2.643274263767428238E+03
    4.41000000E+02      -2.654193912478264792E+03
    4.42000000E+02      -2.664928204785767775E+03
    4.43000000E+02      -2.675581382108006437E+03
    4.44000000E+02      -2.686408086605011704E+03
    4.45000000E+02      -2.697054176226756681E+03
    4.46000000E+02      -2.707767451356695346E+03
    4.47000000E+02      -2.718510715298892592E+03
    4.48000000E+02      -2.729061224860762650E+03
    4.49000000E+02      -2.739813694292507535E+03
    4.50000000E+02      -2.750614843111427035E+03
    4.51000000E+02      -2.760879887970595064E+03
    4.52000000E+02      -2.771561143073980929E+03
    4.53000000E+02      -2.782369647971358063E+03
    4.54000000E+02      -2.792850538993985992E+03
    4.55000000E+02      -2.803541108168898518E+03
    4.56000000E+02      -2.814150066676837923E+03
    4.57000000E+02      -2.824548393948567991E+03
    4.58000000E+02      -2.835142561020677022E+03
    4.59000000E+02      -2.845646626230595302E+03
    4.60000000E+02      -2.856248049522735982E+03
    4.61000000E+02      -2.866657412198223028E+03
    4.62000000E+02      -2.876938066445515688E+03
    4.63000000E+02      -2.887373033529073382E+03
    4.64000000E+02      -2.897864000150383617E+03
    4.65000000E+02      -2.908238504082743930E+03
    4.66000000E+02      -2.918525083285177061E+03
    4.67000000E+02      -2.928790264370752993E+03
    4.68000000E+02      -2.939249365753285929E+03
    4.69000000E+02      -2.949781396284416587E+03
    4.70000000E+02      -2.959988495805407638E+03
    4.71000000E+02      -2.970150255038345222E+03
    4.72000000E+02      -2.980159652190199267E+03
    4.73000000E+02      -2.990308284169983381E+03
    4.74000000E+02      -3.000561606754051354E+03
    4.75000000E+02      -3.010547475096099333E+03
    4.76000000E+02      -3.020760978585371049E+03
    4.77000000E+02      -3.030816012020554808E+03
    4.78000000E+02      -3.040819746248240790E+03
    4.79000000E+02      -3.050551594517415197E+03
    4.80000000E+02      -3.060158571074602605E+03
    4.81000000E+02      -3.070435786981877300E+03
    4.82000000E+02      -3.080468910290639542E+03
    4.83000000E+02      -3.090188575496644262E+03
    4.84000000E+02      -3.100015153015848682E+03
    4.85000000E+02      -3.109772068718154514E+03
    4.86000000E+02      -3.119777370045068437E+03
    4.87000000E+02      -3.129143495601934319E+03
    4.88000000E+02      -3.139046358718595911E+03
    4.89000000E+02      -3.148491111599088526E+03
    4.90000000E+02      -3.158310508079969622E+03
    4.91000000E+02      -3.167650310743932096E+03
    4.92000000E+02      -3.176778772506244422E+03
    4.93000000E+02      -3.186375449293211204E+03
    4.94000000E+02      -3.195851892717409100E+03
    4.95000000E+02      -3.205150628888281972E+03
    4.96000000E+02      -3.214704175308684171E+03
    4.97000000E+02      -3.224492158324761931E+03
    4.98000000E+02      -3.233045733213645235E+03
    4.99000000E+02      -3.242173524805225497E+03
    5.00000000E+02      -3.251308481707388182E+03
    5.01000000E+02      -3.260067416194725411E+03
    5.02000000E+02      -3.269613324292933612E+03
    5.03000000E+02      -3.278394201725847779E+03
    5.04000000E+02      -3.287503429879952364E+03
    5.05000000E+02      -3.295658559272049388E+03
    5.06000000E+02      -3.297774979054134747E+03
    5.07000000E+02      -3.169933781748812180E+03
    5.08000000E+02      -3.406758247605204815E+03
    5.09000000E+02      -3.520072092560751116E+03
    5.10000000E+02      -3.566319883593794657E+03
