    0.00000000E+00       3.283372532070591380E-10
    1.00000000E+00      -6.057396733202551238E-04
    2.00000000E+00      -3.699659015813684670E-02
    3.00000000E+00      -1.089635210099802604E-01
    4.00000000E+00      -2.168924689613022927E-01
    5.00000000E+00      -3.606843015277043096E-01
    6.00000000E+00      -5.406503825129815866E-01
    7.00000000E+00      -7.565015169776408976E-01
    8.00000000E+00      -1.008461284491855237E+00
    9.00000000E+00      -1.296338383142545680E+00
    1.00000000E+01      -1.620939104648169593E+00
    1.10000000E+01      -1.981662970024302917E+00
    1.20000000E+01      -2.379219138434232939E+00
    1.30000000E+01      -2.812579734492561823E+00
    1.40000000E+01      -3.283109169816631034E+00
    1.50000000E+01      -3.790001722000847728E+00
    1.60000000E+01      -4.333265005570380524E+00
    1.70000000E+01      -4.913608937026275214E+00
    1.80000000E+01      -5.530571639701239661E+00
    1.90000000E+01      -6.185042503738589659E+00
    2.00000000E+01      -6.876639859186060022E+00
    2.10000000E+01      -7.604880741627615848E+00
    2.20000000E+01      -8.370667089782719117E+00
    2.30000000E+01      -9.173772406244271593E+00
    2.40000000E+01      -1.001495948313567297E+01
    2.50000000E+01      -1.089359983318502145E+01
    2.60000000E+01      -1.181003779251538433E+01
    2.70000000E+01      -1.276138843272537571E+01
    2.80000000E+01      -1.375366753845772649E+01
    2.90000000E+01      -1.478177996053426568E+01
    3.00000000E+01      -1.584785612584389725E+01
    3.10000000E+01      -1.695096869040283138E+01
    3.20000000E+01      -1.809357069963722608E+01
    3.30000000E+01      -1.927286869190643870E+01
    3.40000000E+01      -2.049152521851532072E+01
    3.50000000E+01      -2.174590437949252930E+01
    3.60000000E+01      -2.303961159309167783E+01
    3.70000000E+01      -2.437283218202773583E+01
    3.80000000E+01      -2.574051375660491203E+01
    3.90000000E+01      -2.714734693803436016E+01
    4.00000000E+01      -2.859403932992796626E+01
    4.10000000E+01      -3.007710970204692558E+01
    4.20000000E+01      -3.160169572665279247E+01
    4.30000000E+01      -3.316245051544331091E+01
    4.40000000E+01      -3.476298044624053318E+01
    4.50000000E+01      -3.640415404486856232E+01
    4.60000000E+01      -3.808197645513007501E+01
    4.70000000E+01      -3.979969697519572946E+01
    4.80000000E+01      -4.155682381967744732E+01
    4.90000000E+01      -4.335463364429972444E+01
    5.00000000E+01      -4.519638912611651449E+01
    5.10000000E+01      -4.707650874696821575E+01
    5.20000000E+01      -4.900219388038681245E+01
    5.30000000E+01      -5.097281050893525389E+01
    5.40000000E+01      -5.298753781580478517E+01
    5.50000000E+01      -5.504443460717061498E+01
    5.60000000E+01      -5.714981156227008796E+01
    5.70000000E+01      -5.929740105854159538E+01
    5.80000000E+01      -6.149418373516846259E+01
    5.90000000E+01      -6.373419642762405601E+01
    6.00000000E+01      -6.601623233528766832E+01
    6.10000000E+01      -6.834632746631154987E+01
    6.20000000E+01      -7.072381694385830997E+01
    6.30000000E+01      -7.314250727526848550E+01
    6.40000000E+01      -7.560367262459783433E+01
    6.50000000E+01      -7.811181931218686714E+01
    6.60000000E+01      -8.065773141054398820E+01
    6.70000000E+01      -8.323899912292063163E+01
    6.80000000E+01      -8.586196435675560679E+01
    6.90000000E+01      -8.852674119019263799E+01
    7.00000000E+01      -9.124008999512449236E+01
    7.10000000E+01      -9.397358017724030788E+01
    7.20000000E+01      -9.674828581840972674E+01
    7.30000000E+01      -9.956948432636215784E+01
    7.40000000E+01      -1.024164236710979594E+02
    7.50000000E+01      -1.052966108067310529E+02
    7.60000000E+01      -1.082054425608757526E+02
    7.70000000E+01      -1.111520318508506762E+02
    7.80000000E+01      -1.141268806005754755E+02
    7.90000000E+01      -1.171329977039753203E+02
    8.00000000E+01      -1.201693323401001976E+02
    8.10000000E+01      -1.232331692375025227E+02
    8.20000000E+01      -1.263296416864317280E+02
    8.30000000E+01      -1.294484283280379486E+02
    8.40000000E+01      -1.326016950597251025E+02
    8.50000000E+01      -1.357749721896367419E+02
    8.60000000E+01      -1.389779062841048471E+02
    8.70000000E+01      -1.422035895521530620E+02
    8.80000000E+01      -1.454583229875952384E+02
    8.90000000E+01      -1.487446931237063836E+02
    9.00000000E+01      -1.520554250212776424E+02
    9.10000000E+01      -1.553874161891330914E+02
    9.20000000E+01      -1.587472652532467237E+02
    9.30000000E+01      -1.621286179731550874E+02
    9.40000000E+01      -1.655388973146586977E+02
    9.50000000E+01      -1.689829445664927334E+02
    9.60000000E+01      -1.724283518983870636E+02
    9.70000000E+01      -1.759107087773688818E+02
    9.80000000E+01      -1.794245427012094751E+02
    9.90000000E+01      -1.829568719031890396E+02
    1.00000000E+02      -1.865021623406441904E+02
    1.01000000E+02      -1.900712414356294175E+02
    1.02000000E+02      -1.936587698534708579E+02
    1.03000000E+02      -1.972742356568965079E+02
    1.04000000E+02      -2.009207725521032444E+02
    1.05000000E+02      -2.045826872794114024E+02
    1.06000000E+02      -2.082705864539775575E+02
    1.07000000E+02      -2.119719887233623012E+02
    1.08000000E+02      -2.156782989292473758E+02
    1.09000000E+02      -2.193999363343109508E+02
    1.10000000E+02      -2.231601719055784088E+02
    1.11000000E+02      -2.269471421666853530E+02
    1.12000000E+02      -2.307194188396429126E+02
    1.13000000E+02      -2.345467300959726344E+02
    1.14000000E+02      -2.383770415658837010E+02
    1.15000000E+02      -2.422248956836037905E+02
    1.16000000E+02      -2.460988544743463535E+02
    1.17000000E+02      -2.499895807726725252E+02
    1.18000000E+02      -2.539005539288878026E+02
    1.19000000E+02      -2.578511007329311724E+02
    1.20000000E+02      -2.617781037109925819E+02
    1.21000000E+02      -2.657641816422801639E+02
    1.22000000E+02      -2.697409490844916036E+02
    1.23000000E+02      -2.737412560388779639E+02
    1.24000000E+02      -2.777507333570529227E+02
    1.25000000E+02      -2.817855008724263826E+02
    1.26000000E+02      -2.858414822640261264E+02
    1.27000000E+02      -2.899270378563905979E+02
    1.28000000E+02      -2.940114698510051312E+02
    1.29000000E+02      -2.981279958129493934E+02
    1.30000000E+02      -3.022523238273288371E+02
    1.31000000E+02      -3.064070617314355331E+02
    1.32000000E+02      -3.105512889882170384E+02
    1.33000000E+02      -3.147091252850777892E+02
    1.34000000E+02      -3.188994535381102651E+02
    1.35000000E+02      -3.230994468327412505E+02
    1.36000000E+02      -3.273213049554888130E+02
    1.37000000E+02      -3.315557095953722637E+02
    1.38000000E+02      -3.358066796283346775E+02
    1.39000000E+02      -3.400813907298415870E+02
    1.40000000E+02      -3.443559100191796460E+02
    1.41000000E+02      -3.486675136491780904E+02
    1.42000000E+02      -3.529894901167895114E+02
    1.43000000E+02      -3.573347052435046862E+02
    1.44000000E+02      -3.616938508457833450E+02
    1.45000000E+02      -3.660349383646857859E+02
    1.46000000E+02      -3.704073286532025122E+02
    1.47000000E+02      -3.747998290752375397E+02
    1.48000000E+02      -3.792338964220630260E+02
    1.49000000E+02      -3.836696320535816085E+02
    1.50000000E+02      -3.881279855561715522E+02
    1.51000000E+02      -3.925741181509374655E+02
    1.52000000E+02      -3.971129346433881437E+02
    1.53000000E+02      -4.015851636468955803E+02
    1.54000000E+02      -4.060670545463513008E+02
    1.55000000E+02      -4.106110815282331714E+02
    1.56000000E+02      -4.151504355953206868E+02
    1.57000000E+02      -4.197170468520566828E+02
    1.58000000E+02      -4.242794608612457523E+02
    1.59000000E+02      -4.288525881673999720E+02
    1.60000000E+02      -4.334302518860549753E+02
    1.61000000E+02      -4.380152198556247640E+02
    1.62000000E+02      -4.426212405508977099E+02
    1.63000000E+02      -4.472532960241833280E+02
    1.64000000E+02      -4.518779777177537653E+02
    1.65000000E+02      -4.565420621559978827E+02
    1.66000000E+02      -4.611997015930405723E+02
    1.67000000E+02      -4.658761490293818497E+02
    1.68000000E+02      -4.705508365425866941E+02
    1.69000000E+02      -4.752635911232941908E+02
    1.70000000E+02      -4.799454172407317856E+02
    1.71000000E+02      -4.846468875314049001E+02
    1.72000000E+02      -4.893633995094555758E+02
    1.73000000E+02      -4.940989846187785588E+02
    1.74000000E+02      -4.988933215973852384E+02
    1.75000000E+02      -5.036165492083205208E+02
    1.76000000E+02      -5.083850902738195146E+02
    1.77000000E+02      -5.131832190721224833E+02
    1.78000000E+02      -5.179478805146409286E+02
    1.79000000E+02      -5.227113789430941324E+02
    1.80000000E+02      -5.274858229269639196E+02
    1.81000000E+02      -5.322627064039097604E+02
    1.82000000E+02      -5.370533198839325451E+02
    1.83000000E+02      -5.418712891005370693E+02
    1.84000000E+02      -5.466630901377147893E+02
    1.85000000E+02      -5.514778514527192783E+02
    1.86000000E+02      -5.563099375232568491E+02
    1.87000000E+02      -5.611533500435793940E+02
    1.88000000E+02      -5.659904656659869033E+02
    1.89000000E+02      -5.708391239082293396E+02
    1.90000000E+02      -5.756923676603887543E+02
    1.91000000E+02      -5.805379520150750068E+02
    1.92000000E+02      -5.854200419088883791E+02
    1.93000000E+02      -5.903093427108578908E+02
    1.94000000E+02      -5.951894663661978484E+02
    1.95000000E+02      -6.000805388005232999E+02
    1.96000000E+02      -6.049898032439737108E+02
    1.97000000E+02      -6.099193617699816059E+02
    1.98000000E+02      -6.148458444914072061E+02
    1.99000000E+02      -6.198064740278327918E+02
    2.00000000E+02      -6.247705682308264841E+02
    2.01000000E+02      -6.297532742769108154E+02
    2.02000000E+02      -6.347518634912175912E+02
    2.03000000E+02      -6.397800746677030475E+02
    2.04000000E+02      -6.448198821726946335E+02
    2.05000000E+02      -6.498673851184412342E+02
    2.06000000E+02      -6.549295961177349454E+02
    2.07000000E+02      -6.600233475078780430E+02
    2.08000000E+02      -6.651495141272762339E+02
    2.09000000E+02      -6.702851773187667277E+02
    2.10000000E+02      -6.754671772890483226E+02
    2.11000000E+02      -6.806550476366119256E+02
    2.12000000E+02      -6.858599554395350424E+02
    2.13000000E+02      -6.910952126115212195E+02
    2.14000000E+02      -6.963447469778702725E+02
    2.15000000E+02      -7.016367336236207848E+02
    2.16000000E+02      -7.069547465772207033E+02
    2.17000000E+02      -7.122913310525236739E+02
    2.18000000E+02      -7.176442837420236174E+02
    2.19000000E+02      -7.230443143621951094E+02
    2.20000000E+02      -7.284553987864046576E+02
    2.21000000E+02      -7.338761163736448907E+02
    2.22000000E+02      -7.393349483855986364E+02
    2.23000000E+02      -7.448508330094668963E+02
    2.24000000E+02      -7.503392685519884253E+02
    2.25000000E+02      -7.558601559038183950E+02
    2.26000000E+02      -7.613943655971888802E+02
    2.27000000E+02      -7.669347469690760590E+02
    2.28000000E+02      -7.725070715731944802E+02
    2.29000000E+02      -7.780896877934578697E+02
    2.30000000E+02      -7.836960842189009782E+02
    2.31000000E+02      -7.893039314037687291E+02
    2.32000000E+02      -7.949554136393389854E+02
    2.33000000E+02      -8.005971694434497294E+02
    2.34000000E+02      -8.062709535943008632E+02
    2.35000000E+02      -8.119867613862033977E+02
    2.36000000E+02      -8.177064213641710921E+02
    2.37000000E+02      -8.234178324951831200E+02
    2.38000000E+02      -8.292147460586293164E+02
    2.39000000E+02      -8.349680456351488829E+02
    2.40000000E+02      -8.407539200701594382E+02
    2.41000000E+02      -8.465519755150262426E+02
    2.42000000E+02      -8.523889656045125776E+02
    2.43000000E+02      -8.582505585822518697E+02
    2.44000000E+02      -8.641246559383007479E+02
    2.45000000E+02      -8.700195563629958997E+02
    2.46000000E+02      -8.759298960537867060E+02
    2.47000000E+02      -8.818486110462026772E+02
    2.48000000E+02      -8.878026038719413009E+02
    2.49000000E+02      -8.937678986888413419E+02
    2.50000000E+02      -8.997600604556760118E+02
    2.51000000E+02      -9.057507933024076010E+02
    2.52000000E+02      -9.117814020414252809E+02
    2.53000000E+02      -9.178644728972990379E+02
    2.54000000E+02      -9.239514828601600129E+02
    2.55000000E+02      -9.300925502044897257E+02
    2.56000000E+02      -9.362164156912167527E+02
    2.57000000E+02      -9.423802437364120124E+02
    2.58000000E+02      -9.485535060368181348E+02
    2.59000000E+02      -9.547629525758036380E+02
    2.60000000E+02      -9.610060856657662498E+02
    2.61000000E+02      -9.672960164509902370E+02
    2.62000000E+02      -9.735926196268630974E+02
    2.63000000E+02      -9.799183358261466310E+02
    2.64000000E+02      -9.862609223823541242E+02
    2.65000000E+02      -9.926558578928280667E+02
    2.66000000E+02      -9.990392082299138110E+02
    2.67000000E+02      -1.005450924500814153E+03
    2.68000000E+02      -1.011878468728602456E+03
    2.69000000E+02      -1.018347355092626003E+03
    2.70000000E+02      -1.024848733167816590E+03
    2.71000000E+02      -1.031377680475862689E+03
    2.72000000E+02      -1.037948857798196059E+03
    2.73000000E+02      -1.044563195120065984E+03
    2.74000000E+02      -1.051203756621116554E+03
    2.75000000E+02      -1.057866487886739151E+03
    2.76000000E+02      -1.064571505704516085E+03
    2.77000000E+02      -1.071307212375404561E+03
    2.78000000E+02      -1.078061574299588756E+03
    2.79000000E+02      -1.084866419993144063E+03
    2.80000000E+02      -1.091699396119729045E+03
    2.81000000E+02      -1.098584514527399733E+03
    2.82000000E+02      -1.105484747260573840E+03
    2.83000000E+02      -1.112396421501491204E+03
    2.84000000E+02      -1.119410436233000837E+03
    2.85000000E+02      -1.126446183995868068E+03
    2.86000000E+02      -1.133536908372120251E+03
    2.87000000E+02      -1.140683853375657691E+03
    2.88000000E+02      -1.147822280327924091E+03
    2.89000000E+02      -1.155054264062837319E+03
    2.90000000E+02      -1.162323394206605371E+03
    2.91000000E+02      -1.169633351211803529E+03
    2.92000000E+02      -1.177018347365004956E+03
    2.93000000E+02      -1.184443771947267123E+03
    2.94000000E+02      -1.191881700715826810E+03
    2.95000000E+02      -1.199415367155453168E+03
    2.96000000E+02      -1.207020727382485347E+03
    2.97000000E+02      -1.214670250616827616E+03
    2.98000000E+02      -1.222337230071946578E+03
    2.99000000E+02      -1.230073700483122593E+03
    3.00000000E+02      -1.237866345854613428E+03
    3.01000000E+02      -1.245703569269238869E+03
    3.02000000E+02      -1.253596979454094253E+03
    3.03000000E+02      -1.261509300886349138E+03
    3.04000000E+02      -1.269547970152751077E+03
    3.05000000E+02      -1.277592976125298264E+03
    3.06000000E+02      -1.285684289264573636E+03
    3.07000000E+02      -1.293849160160372776E+03
    3.08000000E+02      -1.302029468492389242E+03
    3.09000000E+02      -1.310217220651505158E+03
    3.10000000E+02      -1.318475806256480610E+03
    3.11000000E+02      -1.326706716431771838E+03
    3.12000000E+02      -1.335045201851562069E+03
    3.13000000E+02      -1.343421477517578296E+03
    3.14000000E+02      -1.351786770797079043E+03
    3.15000000E+02      -1.360168534163450659E+03
    3.16000000E+02      -1.368658057293809634E+03
    3.17000000E+02      -1.377149594096071269E+03
    3.18000000E+02      -1.385645636028621084E+03
    3.19000000E+02      -1.394170321040058298E+03
    3.20000000E+02      -1.402776875226882112E+03
    3.21000000E+02      -1.411384150743330338E+03
    3.22000000E+02      -1.420009268277978208E+03
    3.23000000E+02      -1.428680212278771705E+03
    3.24000000E+02      -1.437371074129155431E+03
    3.25000000E+02      -1.446072750802381051E+03
    3.26000000E+02      -1.454788233804672473E+03
    3.27000000E+02      -1.463555425517673939E+03
    3.28000000E+02      -1.472368067133083514E+03
    3.29000000E+02      -1.481247275937058021E+03
    3.30000000E+02      -1.490061658305011179E+03
    3.31000000E+02      -1.498946018762884478E+03
    3.32000000E+02      -1.507913893100571386E+03
    3.33000000E+02      -1.516868470439716475E+03
    3.34000000E+02      -1.525805626099244137E+03
    3.35000000E+02      -1.534815781017196059E+03
    3.36000000E+02      -1.543863999611991858E+03
    3.37000000E+02      -1.552906560823475502E+03
    3.38000000E+02      -1.561985049051930673E+03
    3.39000000E+02      -1.571093276910722125E+03
    3.40000000E+02      -1.580239281014399921E+03
    3.41000000E+02      -1.589415338581538890E+03
    3.42000000E+02      -1.598606857973088154E+03
    3.43000000E+02      -1.607835594001691788E+03
    3.44000000E+02      -1.617124453629249047E+03
    3.45000000E+02      -1.626363205017496057E+03
    3.46000000E+02      -1.635629812064701127E+03
    3.47000000E+02      -1.644978782842062628E+03
    3.48000000E+02      -1.654362610112627635E+03
    3.49000000E+02      -1.663829923485546260E+03
    3.50000000E+02      -1.673217053692455011E+03
    3.51000000E+02      -1.682607530120629690E+03
    3.52000000E+02      -1.692042666204190482E+03
    3.53000000E+02      -1.701538229727153976E+03
    3.54000000E+02      -1.711088187610068417E+03
    3.55000000E+02      -1.720615117358269117E+03
    3.56000000E+02      -1.730214492914968559E+03
    3.57000000E+02      -1.739803424484754714E+03
    3.58000000E+02      -1.749402645748198665E+03
    3.59000000E+02      -1.759018055095190448E+03
    3.60000000E+02      -1.768588372322487430E+03
    3.61000000E+02      -1.778281223786839519E+03
    3.62000000E+02      -1.787926770250672234E+03
    3.63000000E+02      -1.797712849472206017E+03
    3.64000000E+02      -1.807479079241154977E+03
    3.65000000E+02      -1.817251874234608067E+03
    3.66000000E+02      -1.827055145031141819E+03
    3.67000000E+02      -1.836835150242820873E+03
    3.68000000E+02      -1.846482805546015470E+03
    3.69000000E+02      -1.856435958482818933E+03
    3.70000000E+02      -1.866272307639381779E+03
    3.71000000E+02      -1.876155517235774823E+03
    3.72000000E+02      -1.886008058432073994E+03
    3.73000000E+02      -1.895910266714610088E+03
    3.74000000E+02      -1.905845760157354789E+03
    3.75000000E+02      -1.915885745924140338E+03
    3.76000000E+02      -1.925791266111320965E+03
    3.77000000E+02      -1.935700305244807168E+03
    3.78000000E+02      -1.945814483753770446E+03
    3.79000000E+02      -1.955919111747067291E+03
    3.80000000E+02      -1.965893319576562362E+03
    3.81000000E+02      -1.976027059087117095E+03
    3.82000000E+02      -1.985941572849585555E+03
    3.83000000E+02      -1.996039170508427333E+03
    3.84000000E+02      -2.006274506720179488E+03
    3.85000000E+02      -2.016360575519706344E+03
    3.86000000E+02      -2.026417359244690033E+03
    3.87000000E+02      -2.036653889403075027E+03
    3.88000000E+02      -2.046786318867206774E+03
    3.89000000E+02      -2.056928826777850190E+03
    3.90000000E+02      -2.067125204152567221E+03
    3.91000000E+02      -2.077346338567193470E+03
    3.92000000E+02      -2.087503361334129295E+03
    3.93000000E+02      -2.097764174371885929E+03
    3.94000000E+02      -2.108117404878001253E+03
    3.95000000E+02      -2.118173759041889298E+03
    3.96000000E+02      -2.128468214702474597E+03
    3.97000000E+02      -2.138730398345622234E+03
    3.98000000E+02      -2.148933555864108712E+03
    3.99000000E+02      -2.159351838836710158E+03
    4.00000000E+02      -2.169506263066593419E+03
    4.01000000E+02      -2.179814936877696255E+03
    4.02000000E+02      -2.190236257243311229E+03
    4.03000000E+02      -2.200566893500059905E+03
    4.04000000E+02      -2.210870961780996367E+03
    4.05000000E+02      -2.221311640645536500E+03
    4.06000000E+02      -2.231569459360673136E+03
    4.07000000E+02      -2.241790279364528487E+03
    4.08000000E+02      -2.252196567633225641E+03
    4.09000000E+02      -2.262580073172245648E+03
    4.10000000E+02      -2.272737840405727638E+03
    4.11000000E+02      -2.283353826873164508E+03
    4.12000000E+02      -2.293711389243826943E+03
    4.13000000E+02      -2.304017509763909402E+03
    4.14000000E+02      -2.314373581482956979E+03
    4.15000000E+02      -2.324817046742011371E+03
    4.16000000E+02      -2.335129489470268709E+03
    4.17000000E+02      -2.345518930909384835E+03
    4.18000000E+02      -2.355998016822859427E+03
    4.19000000E+02      -2.366275410002424451E+03
    4.20000000E+02      -2.376848353421396951E+03
    4.21000000E+02      -2.387055095150526995E+03
    4.22000000E+02      -2.397537363713829109E+03
    4.23000000E+02      -2.408008240394452514E+03
    4.24000000E+02      -2.418298060812194308E+03
    4.25000000E+02      -2.428507817134570359E+03
    4.26000000E+02      -2.438977707048732555E+03
    4.27000000E+02      -2.449394156279624440E+03
    4.28000000E+02      -2.459824049763676157E+03
    4.29000000E+02      -2.470097398363461707E+03
    4.30000000E+02      -2.480631782706418562E+03
    4.31000000E+02      -2.490759083764220577E+03
    4.32000000E+02      -2.500979327152105725E+03
    4.33000000E+02      -2.511400080575291213E+03
    4.34000000E+02      -2.521746132926600239E+03
    4.35000000E+02      -2.532174370206798812E+03
    4.36000000E+02      -2.542513036013323472E+03
    4.37000000E+02      -2.552950543165752606E+03
    4.38000000E+02      -2.563114264055196145E+03
    4.39000000E+02      -2.573498922072817550E+03
    4.40000000E+02      -2.583645854377719843E+03
    4.41000000E+02      -2.593859463006455826E+03
    4.42000000E+02      -2.604327933497345839E+03
    4.43000000E+02      -2.614567944958803309E+03
    4.44000000E+02      -2.624592868459535566E+03
    4.45000000E+02      -2.634915797353094604E+03
    4.46000000E+02      -2.645281526544791632E+03
    4.47000000E+02      -2.655427361407420904E+03
    4.48000000E+02      -2.665454084809868164E+03
    4.49000000E+02      -2.675969581055062008E+03
    4.50000000E+02      -2.685830385824117911E+03
    4.51000000E+02      -2.695911029281473930E+03
    4.52000000E+02      -2.706134335298498172E+03
    4.53000000E+02      -2.716143689804619498E+03
    4.54000000E+02      -2.726204659191147584E+03
    4.55000000E+02      -2.736241040521847026E+03
    4.56000000E+02      -2.746625014720139916E+03
    4.57000000E+02      -2.756796950092872066E+03
    4.58000000E+02      -2.766805340075832191E+03
    4.59000000E+02      -2.776310319919333779E+03
    4.60000000E+02      -2.786268569345483229E+03
    4.61000000E+02      -2.796327196418224048E+03
    4.62000000E+02      -2.806243980240262317E+03
    4.63000000E+02      -2.815783686167641463E+03
    4.64000000E+02      -2.825878428536230786E+03
    4.65000000E+02      -2.835773695354058873E+03
    4.66000000E+02      -2.845728075942225587E+03
    4.67000000E+02      -2.855320340686455438E+03
    4.68000000E+02      -2.865619280631417951E+03
    4.69000000E+02      -2.875098982015402271E+03
    4.70000000E+02      -2.884896629011361256E+03
    4.71000000E+02      -2.894610626771802345E+03
    4.72000000E+02      -2.903660631038485917E+03
    4.73000000E+02      -2.913678869136064350E+03
    4.74000000E+02      -2.923053454883210179E+03
    4.75000000E+02      -2.932973112574971765E+03
    4.76000000E+02      -2.942215150125797663E+03
    4.77000000E+02      -2.951905229219584726E+03
    4.78000000E+02      -2.961322345564302850E+03
    4.79000000E+02      -2.970742134282618736E+03
    4.80000000E+02      -2.979710882343378671E+03
    4.81000000E+02      -2.989715772211265175E+03
    4.82000000E+02      -2.998827309538379268E+03
    4.83000000E+02      -3.008495743612314527E+03
    4.84000000E+02      -3.017343537528239722E+03
    4.85000000E+02      -3.026897861796771394E+03
    4.86000000E+02      -3.036040044815632882E+03
    4.87000000E+02      -3.044765692789368586E+03
    4.88000000E+02      -3.053342854842368070E+03
    4.89000000E+02      -3.062783152300166876E+03
    4.90000000E+02      -3.072041056411605041E+03
    4.91000000E+02      -3.080867273806681624E+03
    4.92000000E+02      -3.089815755699248257E+03
    4.93000000E+02      -3.098351681356773952E+03
    4.94000000E+02      -3.107363947561708301E+03
    4.95000000E+02      -3.116349241142523169E+03
    4.96000000E+02      -3.116783869674145535E+03
    4.97000000E+02      -2.848274412029422820E+03
    4.98000000E+02      -2.831072152124252170E+03
    4.99000000E+02      -2.901639990707393736E+03
    5.00000000E+02      -2.920259934557310771E+03
    5.01000000E+02      -3.166997197289407268E+03
    5.02000000E+02      -3.176053867060633820E+03
    5.03000000E+02      -3.184537208693263892E+03
    5.04000000E+02      -3.192857188449250316E+03
    5.05000000E+02      -3.201340639428986378E+03
    5.06000000E+02      -3.208984523098326918E+03
    5.07000000E+02      -3.212068071431942371E+03
    5.08000000E+02      -2.907020812224131078E+03
    5.09000000E+02      -3.222801084912171063E+03
    5.10000000E+02      -3.285325595503856675E+03
