    0.00000000E+00      -1.981438103664713222E-10
    1.00000000E+00      -6.057401998134743712E-04
    2.00000000E+00      -3.753871564665359206E-02
    3.00000000E+00      -1.108075267825406607E-01
    4.00000000E+00      -2.205199400330749848E-01
    5.00000000E+00      -3.669086902567165187E-01
    6.00000000E+00      -5.499321595578112731E-01
    7.00000000E+00      -7.695718273488196814E-01
    8.00000000E+00      -1.026072606559214506E+00
    9.00000000E+00      -1.319822440045523626E+00
    1.00000000E+01      -1.650470578425362156E+00
    1.10000000E+01      -2.018414137724180879E+00
    1.20000000E+01      -2.423496969188678740E+00
    1.30000000E+01      -2.866188884409927695E+00
    1.40000000E+01      -3.345527049535880870E+00
    1.50000000E+01      -3.863334098856871179E+00
    1.60000000E+01      -4.418895635358898843E+00
    1.70000000E+01      -5.012282071922526505E+00
    1.80000000E+01      -5.643736315081576471E+00
    1.90000000E+01      -6.312612698416057100E+00
    2.00000000E+01      -7.020475037603541857E+00
    2.10000000E+01      -7.766034530383240764E+00
    2.20000000E+01      -8.550057186241449614E+00
    2.30000000E+01      -9.372523457017921444E+00
    2.40000000E+01      -1.023423428427927107E+01
    2.50000000E+01      -1.113417570561694347E+01
    2.60000000E+01      -1.207281034547582976E+01
    2.70000000E+01      -1.305178603424358386E+01
    2.80000000E+01      -1.406883840418046105E+01
    2.90000000E+01      -1.512604766652150801E+01
    3.00000000E+01      -1.622207539317084013E+01
    3.10000000E+01      -1.735938855992897345E+01
    3.20000000E+01      -1.853464035940052668E+01
    3.30000000E+01      -1.974879745780791040E+01
    3.40000000E+01      -2.100445961805236550E+01
    3.50000000E+01      -2.229865307561763643E+01
    3.60000000E+01      -2.363165406263317436E+01
    3.70000000E+01      -2.500637479604074542E+01
    3.80000000E+01      -2.641987394633903818E+01
    3.90000000E+01      -2.787486155337725791E+01
    4.00000000E+01      -2.937093967797767391E+01
    4.10000000E+01      -3.090424429687169550E+01
    4.20000000E+01      -3.247918758348987467E+01
    4.30000000E+01      -3.409670121370402285E+01
    4.40000000E+01      -3.575728657908655350E+01
    4.50000000E+01      -3.745837618751255604E+01
    4.60000000E+01      -3.920207923787040727E+01
    4.70000000E+01      -4.099081194169491482E+01
    4.80000000E+01      -4.282268978456056630E+01
    4.90000000E+01      -4.470012088290854990E+01
    5.00000000E+01      -4.662384074483463792E+01
    5.10000000E+01      -4.858907722457183809E+01
    5.20000000E+01      -5.060651998738160273E+01
    5.30000000E+01      -5.266810725811217253E+01
    5.40000000E+01      -5.478278765555273822E+01
    5.50000000E+01      -5.694388535075563595E+01
    5.60000000E+01      -5.915536737942363743E+01
    5.70000000E+01      -6.141936717703174509E+01
    5.80000000E+01      -6.372936063025963449E+01
    5.90000000E+01      -6.609750182627044524E+01
    6.00000000E+01      -6.851250339394687217E+01
    6.10000000E+01      -7.097824382057615367E+01
    6.20000000E+01      -7.348466536488331258E+01
    6.30000000E+01      -7.604180395208754817E+01
    6.40000000E+01      -7.864460760917006610E+01
    6.50000000E+01      -8.129783679071101687E+01
    6.60000000E+01      -8.399200484514699383E+01
    6.70000000E+01      -8.673083740210608994E+01
    6.80000000E+01      -8.950918455434748466E+01
    6.90000000E+01      -9.233146465100855949E+01
    7.00000000E+01      -9.519487101227650783E+01
    7.10000000E+01      -9.809432411496919713E+01
    7.20000000E+01      -1.010370936555883645E+02
    7.30000000E+01      -1.040163611176969312E+02
    7.40000000E+01      -1.070332817550609548E+02
    7.50000000E+01      -1.100785526266002421E+02
    7.60000000E+01      -1.131558339997059903E+02
    7.70000000E+01      -1.162794424432417770E+02
    7.80000000E+01      -1.194127843029358473E+02
    7.90000000E+01      -1.225855869596064736E+02
    8.00000000E+01      -1.257909478626373811E+02
    8.10000000E+01      -1.290178354411293640E+02
    8.20000000E+01      -1.322796990362037377E+02
    8.30000000E+01      -1.355624250060466238E+02
    8.40000000E+01      -1.388664367334527014E+02
    8.50000000E+01      -1.422016642444467607E+02
    8.60000000E+01      -1.455680396423514367E+02
    8.70000000E+01      -1.489671478926802592E+02
    8.80000000E+01      -1.523862462177864927E+02
    8.90000000E+01      -1.558247262938577933E+02
    9.00000000E+01      -1.592908108061944858E+02
    9.10000000E+01      -1.627848944339148147E+02
    9.20000000E+01      -1.663063919066132712E+02
    9.30000000E+01      -1.698344465244331332E+02
    9.40000000E+01      -1.733998443078064611E+02
    9.50000000E+01      -1.769883359986279174E+02
    9.60000000E+01      -1.805925793197814073E+02
    9.70000000E+01      -1.842153888838431612E+02
    9.80000000E+01      -1.878328916772177308E+02
    9.90000000E+01      -1.914943483176934933E+02
    1.00000000E+02      -1.951682366757117961E+02
    1.01000000E+02      -1.988563707702901411E+02
    1.02000000E+02      -2.025741441729892358E+02
    1.03000000E+02      -2.063146952494939796E+02
    1.04000000E+02      -2.100766832285926284E+02
    1.05000000E+02      -2.138677770616168345E+02
    1.06000000E+02      -2.176787806976822139E+02
    1.07000000E+02      -2.215048832065590432E+02
    1.08000000E+02      -2.253464694892118132E+02
    1.09000000E+02      -2.292033765970222703E+02
    1.10000000E+02      -2.330776989647756636E+02
    1.11000000E+02      -2.369674731362579223E+02
    1.12000000E+02      -2.408756347801868287E+02
    1.13000000E+02      -2.447978006778084819E+02
    1.14000000E+02      -2.487455540921273496E+02
    1.15000000E+02      -2.527029570836789389E+02
    1.16000000E+02      -2.566925572673753777E+02
    1.17000000E+02      -2.606806508828431106E+02
    1.18000000E+02      -2.646976572903549823E+02
    1.19000000E+02      -2.687271872977821658E+02
    1.20000000E+02      -2.728103666657702888E+02
    1.21000000E+02      -2.768755350581141101E+02
    1.22000000E+02      -2.809853887777858290E+02
    1.23000000E+02      -2.850880564248654991E+02
    1.24000000E+02      -2.892036024135545631E+02
    1.25000000E+02      -2.933461465369068719E+02
    1.26000000E+02      -2.975012862320436398E+02
    1.27000000E+02      -3.016678750891533127E+02
    1.28000000E+02      -3.058511351341849149E+02
    1.29000000E+02      -3.100506241574576052E+02
    1.30000000E+02      -3.142840162753664117E+02
    1.31000000E+02      -3.185321271498664828E+02
    1.32000000E+02      -3.227820843374502147E+02
    1.33000000E+02      -3.270493531349438854E+02
    1.34000000E+02      -3.313422319100777713E+02
    1.35000000E+02      -3.356532534969851440E+02
    1.36000000E+02      -3.399994954374578811E+02
    1.37000000E+02      -3.443437688439016711E+02
    1.38000000E+02      -3.486934123943592567E+02
    1.39000000E+02      -3.530791156529512591E+02
    1.40000000E+02      -3.574789408796368662E+02
    1.41000000E+02      -3.618889155292072246E+02
    1.42000000E+02      -3.663202534274723803E+02
    1.43000000E+02      -3.707383734836453186E+02
    1.44000000E+02      -3.751762111745183574E+02
    1.45000000E+02      -3.796569106878441744E+02
    1.46000000E+02      -3.841457475977422291E+02
    1.47000000E+02      -3.886537772048595798E+02
    1.48000000E+02      -3.931433769862132976E+02
    1.49000000E+02      -3.976479092501886043E+02
    1.50000000E+02      -4.021751126745994043E+02
    1.51000000E+02      -4.067058894084493659E+02
    1.52000000E+02      -4.112939506762377277E+02
    1.53000000E+02      -4.158681583046654850E+02
    1.54000000E+02      -4.204611990030289235E+02
    1.55000000E+02      -4.251059171252600208E+02
    1.56000000E+02      -4.297180382808946888E+02
    1.57000000E+02      -4.343417387679728563E+02
    1.58000000E+02      -4.390155526115995599E+02
    1.59000000E+02      -4.437217734218775149E+02
    1.60000000E+02      -4.484084716682236831E+02
    1.61000000E+02      -4.531097860399204365E+02
    1.62000000E+02      -4.578046556286008126E+02
    1.63000000E+02      -4.625039695700179436E+02
    1.64000000E+02      -4.672283913265664523E+02
    1.65000000E+02      -4.719708458960194548E+02
    1.66000000E+02      -4.766967300903143041E+02
    1.67000000E+02      -4.814552187662693541E+02
    1.68000000E+02      -4.862240373689674016E+02
    1.69000000E+02      -4.909887290029819269E+02
    1.70000000E+02      -4.957873806313673413E+02
    1.71000000E+02      -5.005469191777974629E+02
    1.72000000E+02      -5.053502229032364994E+02
    1.73000000E+02      -5.101744599747253233E+02
    1.74000000E+02      -5.150148422760630638E+02
    1.75000000E+02      -5.198248865259301965E+02
    1.76000000E+02      -5.246374328925876398E+02
    1.77000000E+02      -5.294549420588200519E+02
    1.78000000E+02      -5.342463620100770640E+02
    1.79000000E+02      -5.390720029520593926E+02
    1.80000000E+02      -5.439079485853453662E+02
    1.81000000E+02      -5.487607224459006829E+02
    1.82000000E+02      -5.535810090387917626E+02
    1.83000000E+02      -5.584074470597988693E+02
    1.84000000E+02      -5.632365787009780433E+02
    1.85000000E+02      -5.680770191270153191E+02
    1.86000000E+02      -5.728738365456679276E+02
    1.87000000E+02      -5.777225005181326196E+02
    1.88000000E+02      -5.825854936699206519E+02
    1.89000000E+02      -5.874706031578302827E+02
    1.90000000E+02      -5.922973756602636968E+02
    1.91000000E+02      -5.971585092839204663E+02
    1.92000000E+02      -6.019665148690369278E+02
    1.93000000E+02      -6.068356563851680221E+02
    1.94000000E+02      -6.117006062419627597E+02
    1.95000000E+02      -6.165328152926563234E+02
    1.96000000E+02      -6.214413227760337577E+02
    1.97000000E+02      -6.263452980142828892E+02
    1.98000000E+02      -6.312673506997762161E+02
    1.99000000E+02      -6.362087314072105073E+02
    2.00000000E+02      -6.411339275195673508E+02
    2.01000000E+02      -6.460740703791238957E+02
    2.02000000E+02      -6.510522025785394362E+02
    2.03000000E+02      -6.560295726771419140E+02
    2.04000000E+02      -6.610366707728621805E+02
    2.05000000E+02      -6.660551045571760369E+02
    2.06000000E+02      -6.711039849166736531E+02
    2.07000000E+02      -6.761690432280574896E+02
    2.08000000E+02      -6.812597192878811256E+02
    2.09000000E+02      -6.863434339932364310E+02
    2.10000000E+02      -6.914507060869150337E+02
    2.11000000E+02      -6.966134957208514606E+02
    2.12000000E+02      -7.017788909342757506E+02
    2.13000000E+02      -7.070013824158909301E+02
    2.14000000E+02      -7.122428886249681455E+02
    2.15000000E+02      -7.174712413371212278E+02
    2.16000000E+02      -7.227489329259169608E+02
    2.17000000E+02      -7.280314757542255393E+02
    2.18000000E+02      -7.333780763817917432E+02
    2.19000000E+02      -7.387065601050162513E+02
    2.20000000E+02      -7.441401350102578363E+02
    2.21000000E+02      -7.495239060687772508E+02
    2.22000000E+02      -7.549249063684201246E+02
    2.23000000E+02      -7.605336003658235313E+02
    2.24000000E+02      -7.660084100749973004E+02
    2.25000000E+02      -7.714853683289793480E+02
    2.26000000E+02      -7.769929235569688899E+02
    2.27000000E+02      -7.824375819344945739E+02
    2.28000000E+02      -7.880225730362049035E+02
    2.29000000E+02      -7.935500957245258178E+02
    2.30000000E+02      -7.991270413492111402E+02
    2.31000000E+02      -8.047037565056143649E+02
    2.32000000E+02      -8.103003107043105047E+02
    2.33000000E+02      -8.159252662431190402E+02
    2.34000000E+02      -8.215125979388462838E+02
    2.35000000E+02      -8.271626082502239115E+02
    2.36000000E+02      -8.328042921047476739E+02
    2.37000000E+02      -8.385014568722858712E+02
    2.38000000E+02      -8.441591996310935428E+02
    2.39000000E+02      -8.498387017379068311E+02
    2.40000000E+02      -8.555425614903838323E+02
    2.41000000E+02      -8.612758422915080700E+02
    2.42000000E+02      -8.670560116018327790E+02
    2.43000000E+02      -8.728439181196672507E+02
    2.44000000E+02      -8.786447704495103608E+02
    2.45000000E+02      -8.843693989901403256E+02
    2.46000000E+02      -8.901703595945900815E+02
    2.47000000E+02      -8.960153572258986969E+02
    2.48000000E+02      -9.018719701148188506E+02
    2.49000000E+02      -9.077535314102242410E+02
    2.50000000E+02      -9.136455523022964371E+02
    2.51000000E+02      -9.194871370767423286E+02
    2.52000000E+02      -9.254073637981355205E+02
    2.53000000E+02      -9.313627471163417795E+02
    2.54000000E+02      -9.373584564714710723E+02
    2.55000000E+02      -9.434268941065347462E+02
    2.56000000E+02      -9.494402260347765150E+02
    2.57000000E+02      -9.554619822290974298E+02
    2.58000000E+02      -9.615291978477237080E+02
    2.59000000E+02      -9.675295382509318642E+02
    2.60000000E+02      -9.736145363568375615E+02
    2.61000000E+02      -9.797520294821551943E+02
    2.62000000E+02      -9.859180728207254560E+02
    2.63000000E+02      -9.920124356270714543E+02
    2.64000000E+02      -9.981998576999956185E+02
    2.65000000E+02      -1.004402638967533676E+03
    2.66000000E+02      -1.010638766649747140E+03
    2.67000000E+02      -1.016888421048204350E+03
    2.68000000E+02      -1.023188326615454343E+03
    2.69000000E+02      -1.029457725159886422E+03
    2.70000000E+02      -1.035819926268671679E+03
    2.71000000E+02      -1.042131971508021252E+03
    2.72000000E+02      -1.048573871334575188E+03
    2.73000000E+02      -1.055012245792021531E+03
    2.74000000E+02      -1.061428459179698621E+03
    2.75000000E+02      -1.067909906882443920E+03
    2.76000000E+02      -1.074432713330741763E+03
    2.77000000E+02      -1.080955146972735292E+03
    2.78000000E+02      -1.087605452866992891E+03
    2.79000000E+02      -1.094224751896472299E+03
    2.80000000E+02      -1.100895827553031268E+03
    2.81000000E+02      -1.107547134072333392E+03
    2.82000000E+02      -1.114264469626087248E+03
    2.83000000E+02      -1.121040984672123159E+03
    2.84000000E+02      -1.127850945849469099E+03
    2.85000000E+02      -1.134672338908825168E+03
    2.86000000E+02      -1.141568990195316474E+03
    2.87000000E+02      -1.148523809041623281E+03
    2.88000000E+02      -1.155525288742237535E+03
    2.89000000E+02      -1.162562317789305780E+03
    2.90000000E+02      -1.169672988293683375E+03
    2.91000000E+02      -1.176887183445601295E+03
    2.92000000E+02      -1.184070162406550480E+03
    2.93000000E+02      -1.191350091612633150E+03
    2.94000000E+02      -1.198652231636546276E+03
    2.95000000E+02      -1.206083424949298205E+03
    2.96000000E+02      -1.213507184157763731E+03
    2.97000000E+02      -1.221058715629042126E+03
    2.98000000E+02      -1.228676739129529778E+03
    2.99000000E+02      -1.236380864294347703E+03
    3.00000000E+02      -1.244066161840493805E+03
    3.01000000E+02      -1.251815637644000162E+03
    3.02000000E+02      -1.259600109829698340E+03
    3.03000000E+02      -1.267464221833291049E+03
    3.04000000E+02      -1.275466246913669238E+03
    3.05000000E+02      -1.283462621772756847E+03
    3.06000000E+02      -1.291475690974630197E+03
    3.07000000E+02      -1.299607234186665664E+03
    3.08000000E+02      -1.307830151196527368E+03
    3.09000000E+02      -1.315997365275503398E+03
    3.10000000E+02      -1.324205270505751287E+03
    3.11000000E+02      -1.332481569839129861E+03
    3.12000000E+02      -1.340806809418561443E+03
    3.13000000E+02      -1.349100584918653567E+03
    3.14000000E+02      -1.357452159430471511E+03
    3.15000000E+02      -1.365871979372010628E+03
    3.16000000E+02      -1.374300062875311596E+03
    3.17000000E+02      -1.382803342943809184E+03
    3.18000000E+02      -1.391411510409167931E+03
    3.19000000E+02      -1.399955710450989500E+03
    3.20000000E+02      -1.408527850038349698E+03
    3.21000000E+02      -1.417104552291571508E+03
    3.22000000E+02      -1.425755667868170576E+03
    3.23000000E+02      -1.434443751379527157E+03
    3.24000000E+02      -1.443135728393723412E+03
    3.25000000E+02      -1.451847701663043608E+03
    3.26000000E+02      -1.460609416347893330E+03
    3.27000000E+02      -1.469427103660960029E+03
    3.28000000E+02      -1.478256304633888703E+03
    3.29000000E+02      -1.487081188835208195E+03
    3.30000000E+02      -1.495952459019610615E+03
    3.31000000E+02      -1.504836481671567981E+03
    3.32000000E+02      -1.513788260592253209E+03
    3.33000000E+02      -1.522720305665327942E+03
    3.34000000E+02      -1.531729132865035581E+03
    3.35000000E+02      -1.540754927545710871E+03
    3.36000000E+02      -1.549805793831216761E+03
    3.37000000E+02      -1.558913321200676592E+03
    3.38000000E+02      -1.567987389755248614E+03
    3.39000000E+02      -1.577143493459676392E+03
    3.40000000E+02      -1.586381339263394466E+03
    3.41000000E+02      -1.595580192994807021E+03
    3.42000000E+02      -1.604765971938858911E+03
    3.43000000E+02      -1.614071975270232997E+03
    3.44000000E+02      -1.623326370946297175E+03
    3.45000000E+02      -1.632622690664425136E+03
    3.46000000E+02      -1.641950621505317486E+03
    3.47000000E+02      -1.651375202301986519E+03
    3.48000000E+02      -1.660762263395314221E+03
    3.49000000E+02      -1.670188054732663204E+03
    3.50000000E+02      -1.679640744498228742E+03
    3.51000000E+02      -1.689130166504860654E+03
    3.52000000E+02      -1.698597153057522064E+03
    3.53000000E+02      -1.708149829401287434E+03
    3.54000000E+02      -1.717710248116177127E+03
    3.55000000E+02      -1.727225464516908232E+03
    3.56000000E+02      -1.736845340982529251E+03
    3.57000000E+02      -1.746462699508876995E+03
    3.58000000E+02      -1.756113633439220166E+03
    3.59000000E+02      -1.765779711078900391E+03
    3.60000000E+02      -1.775445374977192841E+03
    3.61000000E+02      -1.785146479184716327E+03
    3.62000000E+02      -1.794884623656825170E+03
    3.63000000E+02      -1.804749261223441181E+03
    3.64000000E+02      -1.814487193210241912E+03
    3.65000000E+02      -1.824287243968935854E+03
    3.66000000E+02      -1.834196572518711264E+03
    3.67000000E+02      -1.843987384383840890E+03
    3.68000000E+02      -1.853802693244429065E+03
    3.69000000E+02      -1.863774947171896201E+03
    3.70000000E+02      -1.873753813832604919E+03
    3.71000000E+02      -1.883673039045386304E+03
    3.72000000E+02      -1.893591299151034036E+03
    3.73000000E+02      -1.903549530227443029E+03
    3.74000000E+02      -1.913584102043883149E+03
    3.75000000E+02      -1.923649168986931045E+03
    3.76000000E+02      -1.933627612528400277E+03
    3.77000000E+02      -1.943637834487590681E+03
    3.78000000E+02      -1.953650466113308312E+03
    3.79000000E+02      -1.963683578383607028E+03
    3.80000000E+02      -1.973850977394365373E+03
    3.81000000E+02      -1.984147230416153434E+03
    3.82000000E+02      -1.994268265686689347E+03
    3.83000000E+02      -2.004361829025347561E+03
    3.84000000E+02      -2.014484122614626813E+03
    3.85000000E+02      -2.024676787277127005E+03
    3.86000000E+02      -2.034982638726740788E+03
    3.87000000E+02      -2.045031807859560331E+03
    3.88000000E+02      -2.055273307070131523E+03
    3.89000000E+02      -2.065495928879523944E+03
    3.90000000E+02      -2.075744346821864383E+03
    3.91000000E+02      -2.085978172419645489E+03
    3.92000000E+02      -2.096319067415565314E+03
    3.93000000E+02      -2.106660167493387689E+03
    3.94000000E+02      -2.116983180209799684E+03
    3.95000000E+02      -2.127394565748673358E+03
    3.96000000E+02      -2.137744313725183929E+03
    3.97000000E+02      -2.148033608730956530E+03
    3.98000000E+02      -2.158202582370770870E+03
    3.99000000E+02      -2.168612289887484621E+03
    4.00000000E+02      -2.178963580003496190E+03
    4.01000000E+02      -2.189296058650884333E+03
    4.02000000E+02      -2.199758284343008199E+03
    4.03000000E+02      -2.210240042277257089E+03
    4.04000000E+02      -2.220676600351171146E+03
    4.05000000E+02      -2.231230330011658680E+03
    4.06000000E+02      -2.241445818490725287E+03
    4.07000000E+02      -2.251833897579011591E+03
    4.08000000E+02      -2.262488384984580989E+03
    4.09000000E+02      -2.272865727656466333E+03
    4.10000000E+02      -2.283150063700989449E+03
    4.11000000E+02      -2.293633658081853810E+03
    4.12000000E+02      -2.304140633802690900E+03
    4.13000000E+02      -2.314607631929956369E+03
    4.14000000E+02      -2.325030886963329976E+03
    4.15000000E+02      -2.335523838868452003E+03
    4.16000000E+02      -2.345931391486248685E+03
    4.17000000E+02      -2.356454494382168377E+03
    4.18000000E+02      -2.366968330933027573E+03
    4.19000000E+02      -2.377597864831785955E+03
    4.20000000E+02      -2.388139886443515024E+03
    4.21000000E+02      -2.398487270364494634E+03
    4.22000000E+02      -2.408806503302346755E+03
    4.23000000E+02      -2.419290616517056151E+03
    4.24000000E+02      -2.429804971574387309E+03
    4.25000000E+02      -2.440228886510682059E+03
    4.26000000E+02      -2.450771002061312174E+03
    4.27000000E+02      -2.461137435817784535E+03
    4.28000000E+02      -2.471622541384614578E+03
    4.29000000E+02      -2.482180204692443112E+03
    4.30000000E+02      -2.492647605885370467E+03
    4.31000000E+02      -2.503038006675844372E+03
    4.32000000E+02      -2.513348799213908933E+03
    4.33000000E+02      -2.524043286669972986E+03
    4.34000000E+02      -2.534400638744427852E+03
    4.35000000E+02      -2.545054807283854643E+03
    4.36000000E+02      -2.555195749621172581E+03
    4.37000000E+02      -2.565554823416084218E+03
    4.38000000E+02      -2.575886225516303512E+03
    4.39000000E+02      -2.586434305538266926E+03
    4.40000000E+02      -2.596662241843739139E+03
    4.41000000E+02      -2.607078056816705157E+03
    4.42000000E+02      -2.617464189215676015E+03
    4.43000000E+02      -2.627902199596003811E+03
    4.44000000E+02      -2.638236698366948985E+03
    4.45000000E+02      -2.648490425589445294E+03
    4.46000000E+02      -2.658925319531989771E+03
    4.47000000E+02      -2.669012319131190452E+03
    4.48000000E+02      -2.679400862148085253E+03
    4.49000000E+02      -2.689520196035162826E+03
    4.50000000E+02      -2.700177427638641802E+03
    4.51000000E+02      -2.709942413089123875E+03
    4.52000000E+02      -2.720358503475674297E+03
    4.53000000E+02      -2.730639327815574234E+03
    4.54000000E+02      -2.740786883432540890E+03
    4.55000000E+02      -2.750962522876919138E+03
    4.56000000E+02      -2.761256624922025821E+03
    4.57000000E+02      -2.771307777087278282E+03
    4.58000000E+02      -2.781284689010151851E+03
    4.59000000E+02      -2.791562211939178724E+03
    4.60000000E+02      -2.801736033596127527E+03
    4.61000000E+02      -2.811697737727653021E+03
    4.62000000E+02      -2.821795086674580944E+03
    4.63000000E+02      -2.831755072020113857E+03
    4.64000000E+02      -2.841893814413426753E+03
    4.65000000E+02      -2.851714236059634459E+03
    4.66000000E+02      -2.861586732772361302E+03
    4.67000000E+02      -2.871510886911603848E+03
    4.68000000E+02      -2.881312437111946110E+03
    4.69000000E+02      -2.891668582708864051E+03
    4.70000000E+02      -2.901396060875779312E+03
    4.71000000E+02      -2.910903475170402544E+03
    4.72000000E+02      -2.920708492944647332E+03
    4.73000000E+02      -2.930503348842225023E+03
    4.74000000E+02      -2.940201408090361838E+03
    4.75000000E+02      -2.949739901317635486E+03
    4.76000000E+02      -2.959586236714560982E+03
    4.77000000E+02      -2.969127223851567578E+03
    4.78000000E+02      -2.978776691861953168E+03
    4.79000000E+02      -2.988069522624072306E+03
    4.80000000E+02      -2.997307522100008100E+03
    4.81000000E+02      -3.006857484445475166E+03
    4.82000000E+02      -3.016761992170653684E+03
    4.83000000E+02      -3.026099814772366699E+03
    4.84000000E+02      -3.035583336136229264E+03
    4.85000000E+02      -3.044828616331970807E+03
    4.86000000E+02      -3.054153112384433825E+03
    4.87000000E+02      -3.063311629380968498E+03
    4.88000000E+02      -3.072536989784885918E+03
    4.89000000E+02      -3.081593956663032259E+03
    4.90000000E+02      -3.090978040821246850E+03
    4.91000000E+02      -3.099763434068173410E+03
    4.92000000E+02      -3.108688380222658907E+03
    4.93000000E+02      -3.117359858297734718E+03
    4.94000000E+02      -3.126451783868345501E+03
    4.95000000E+02      -3.135558318565527316E+03
    4.96000000E+02      -3.144419703282002956E+03
    4.97000000E+02      -3.153767938255868103E+03
    4.98000000E+02      -3.162064183104257609E+03
    4.99000000E+02      -3.170508267297902421E+03
    5.00000000E+02      -3.178929586115817074E+03
    5.01000000E+02      -3.187358013995724832E+03
    5.02000000E+02      -3.196443594621038756E+03
    5.03000000E+02      -3.204775116899530985E+03
    5.04000000E+02      -3.213249149802089050E+03
    5.05000000E+02      -3.219479840142035300E+03
    5.06000000E+02      -3.214940804404528535E+03
    5.07000000E+02      -2.927297756358631887E+03
    5.08000000E+02      -3.143303648772940505E+03
    5.09000000E+02      -3.290518345864924413E+03
    5.10000000E+02      -3.345172829158422246E+03
