    0.0000000000E+00     -0.2364588509E+02
    0.1000000000E+01     -0.2073254032E+02
    0.2000000000E+01     -0.1849558020E+02
    0.3000000000E+01     -0.1664742220E+02
    0.4000000000E+01     -0.1506998829E+02
    0.5000000000E+01     -0.1369876803E+02
    0.6000000000E+01     -0.1249277842E+02
    0.7000000000E+01     -0.1142393690E+02
    0.8000000000E+01     -0.1047212542E+02
    0.9000000000E+01     -0.9621384490E+01
    0.1000000000E+02     -0.8858918183E+01
    0.1100000000E+02     -0.8174962944E+01
    0.1200000000E+02     -0.7561368256E+01
    0.1300000000E+02     -0.7010933452E+01
    0.1400000000E+02     -0.6518411065E+01
    0.1500000000E+02     -0.6078400921E+01
    0.1600000000E+02     -0.5685975091E+01
    0.1700000000E+02     -0.5337695709E+01
    0.1800000000E+02     -0.5030318935E+01
    0.1900000000E+02     -0.4760634376E+01
    0.2000000000E+02     -0.4525679465E+01
    0.2100000000E+02     -0.4323224095E+01
    0.2200000000E+02     -0.4150886523E+01
    0.2300000000E+02     -0.4006605267E+01
    0.2400000000E+02     -0.3888877877E+01
    0.2500000000E+02     -0.3795606206E+01
    0.2600000000E+02     -0.3725459118E+01
    0.2700000000E+02     -0.3676839190E+01
    0.2800000000E+02     -0.3648526135E+01
    0.2900000000E+02     -0.3639584229E+01
    0.3000000000E+02     -0.3648161197E+01
    0.3100000000E+02     -0.3673604179E+01
    0.3200000000E+02     -0.3714834211E+01
    0.3300000000E+02     -0.3770708526E+01
    0.3400000000E+02     -0.3840665251E+01
    0.3500000000E+02     -0.3924125181E+01
    0.3600000000E+02     -0.4019637610E+01
    0.3700000000E+02     -0.4127368019E+01
    0.3800000000E+02     -0.4245322319E+01
    0.3900000000E+02     -0.4373671490E+01
    0.4000000000E+02     -0.4512303406E+01
    0.4100000000E+02     -0.4660131096E+01
    0.4200000000E+02     -0.4816001557E+01
    0.4300000000E+02     -0.4980473989E+01
    0.4400000000E+02     -0.5152479134E+01
    0.4500000000E+02     -0.5331712623E+01
    0.4600000000E+02     -0.5517375646E+01
    0.4700000000E+02     -0.5709386333E+01
    0.4800000000E+02     -0.5907179722E+01
    0.4900000000E+02     -0.6110237307E+01
    0.5000000000E+02     -0.6318000529E+01
    0.5100000000E+02     -0.6530728427E+01
    0.5200000000E+02     -0.6747939776E+01
    0.5300000000E+02     -0.6969048165E+01
    0.5400000000E+02     -0.7193886438E+01
    0.5500000000E+02     -0.7422625247E+01
    0.5600000000E+02     -0.7654486162E+01
    0.5700000000E+02     -0.7888887993E+01
    0.5800000000E+02     -0.8126298148E+01
    0.5900000000E+02     -0.8365471282E+01
    0.6000000000E+02     -0.8607277158E+01
    0.6100000000E+02     -0.8850779064E+01
    0.6200000000E+02     -0.9096006179E+01
    0.6300000000E+02     -0.9342754092E+01
    0.6400000000E+02     -0.9590847568E+01
    0.6500000000E+02     -0.9840766458E+01
    0.6600000000E+02     -0.1009105429E+02
    0.6700000000E+02     -0.1034240897E+02
    0.6800000000E+02     -0.1059458847E+02
    0.6900000000E+02     -0.1084712860E+02
    0.7000000000E+02     -0.1109959304E+02
    0.7100000000E+02     -0.1135276784E+02
    0.7200000000E+02     -0.1160595322E+02
    0.7300000000E+02     -0.1185841235E+02
    0.7400000000E+02     -0.1211061672E+02
    0.7500000000E+02     -0.1236277952E+02
    0.7600000000E+02     -0.1261413931E+02
    0.7700000000E+02     -0.1286507783E+02
    0.7800000000E+02     -0.1311526048E+02
    0.7900000000E+02     -0.1336514147E+02
    0.8000000000E+02     -0.1361341512E+02
    0.8100000000E+02     -0.1386039416E+02
    0.8200000000E+02     -0.1410683290E+02
    0.8300000000E+02     -0.1435191330E+02
    0.8400000000E+02     -0.1459520841E+02
    0.8500000000E+02     -0.1483768218E+02
    0.8600000000E+02     -0.1507862596E+02
    0.8700000000E+02     -0.1531792501E+02
    0.8800000000E+02     -0.1555555870E+02
    0.8900000000E+02     -0.1579138844E+02
    0.9000000000E+02     -0.1602557154E+02
    0.9100000000E+02     -0.1625755917E+02
    0.9200000000E+02     -0.1648772322E+02
    0.9300000000E+02     -0.1671614564E+02
    0.9400000000E+02     -0.1694290637E+02
    0.9500000000E+02     -0.1716695470E+02
    0.9600000000E+02     -0.1738900886E+02
    0.9700000000E+02     -0.1760905600E+02
    0.9800000000E+02     -0.1782663995E+02
    0.9900000000E+02     -0.1804193701E+02
    0.1000000000E+03     -0.1825503811E+02
    0.1010000000E+03     -0.1846577974E+02
    0.1020000000E+03     -0.1867355463E+02
    0.1030000000E+03     -0.1887960040E+02
    0.1040000000E+03     -0.1908283929E+02
    0.1050000000E+03     -0.1928394801E+02
    0.1060000000E+03     -0.1948247394E+02
    0.1070000000E+03     -0.1967834007E+02
    0.1080000000E+03     -0.1987160345E+02
    0.1090000000E+03     -0.2006196378E+02
    0.1100000000E+03     -0.2024960463E+02
    0.1110000000E+03     -0.2043493003E+02
    0.1120000000E+03     -0.2061779760E+02
    0.1130000000E+03     -0.2079743465E+02
    0.1140000000E+03     -0.2097475031E+02
    0.1150000000E+03     -0.2114872245E+02
    0.1160000000E+03     -0.2131998588E+02
    0.1170000000E+03     -0.2148791894E+02
    0.1180000000E+03     -0.2165368582E+02
    0.1190000000E+03     -0.2181597582E+02
    0.1200000000E+03     -0.2197530374E+02
    0.1210000000E+03     -0.2213228291E+02
    0.1220000000E+03     -0.2228580079E+02
    0.1230000000E+03     -0.2243704111E+02
    0.1240000000E+03     -0.2258550667E+02
    0.1250000000E+03     -0.2273003334E+02
    0.1260000000E+03     -0.2287210048E+02
    0.1270000000E+03     -0.2301137096E+02
    0.1280000000E+03     -0.2314707706E+02
    0.1290000000E+03     -0.2327987596E+02
    0.1300000000E+03     -0.2340986574E+02
    0.1310000000E+03     -0.2353651128E+02
    0.1320000000E+03     -0.2366003617E+02
    0.1330000000E+03     -0.2378071778E+02
    0.1340000000E+03     -0.2389791297E+02
    0.1350000000E+03     -0.2401261021E+02
    0.1360000000E+03     -0.2412408907E+02
    0.1370000000E+03     -0.2423252287E+02
    0.1380000000E+03     -0.2433780180E+02
    0.1390000000E+03     -0.2444027926E+02
    0.1400000000E+03     -0.2453972612E+02
    0.1410000000E+03     -0.2463521839E+02
    0.1420000000E+03     -0.2472804647E+02
    0.1430000000E+03     -0.2481694740E+02
    0.1440000000E+03     -0.2490328865E+02
    0.1450000000E+03     -0.2498605218E+02
    0.1460000000E+03     -0.2506581962E+02
    0.1470000000E+03     -0.2514225264E+02
    0.1480000000E+03     -0.2521529975E+02
    0.1490000000E+03     -0.2528484183E+02
    0.1500000000E+03     -0.2535139732E+02
    0.1510000000E+03     -0.2541547270E+02
    0.1520000000E+03     -0.2547611717E+02
    0.1530000000E+03     -0.2553359335E+02
    0.1540000000E+03     -0.2558741291E+02
    0.1550000000E+03     -0.2563838980E+02
    0.1560000000E+03     -0.2568582939E+02
    0.1570000000E+03     -0.2573035052E+02
    0.1580000000E+03     -0.2577186175E+02
    0.1590000000E+03     -0.2581012993E+02
    0.1600000000E+03     -0.2584549597E+02
    0.1610000000E+03     -0.2587764101E+02
    0.1620000000E+03     -0.2590643452E+02
    0.1630000000E+03     -0.2593138840E+02
    0.1640000000E+03     -0.2595339365E+02
    0.1650000000E+03     -0.2597224994E+02
    0.1660000000E+03     -0.2598790260E+02
    0.1670000000E+03     -0.2600034387E+02
    0.1680000000E+03     -0.2600967482E+02
    0.1690000000E+03     -0.2601550530E+02
    0.1700000000E+03     -0.2601919548E+02
    0.1710000000E+03     -0.2601884426E+02
    0.1720000000E+03     -0.2601503633E+02
    0.1730000000E+03     -0.2600781710E+02
    0.1740000000E+03     -0.2599856612E+02
    0.1750000000E+03     -0.2598541561E+02
    0.1760000000E+03     -0.2596904134E+02
    0.1770000000E+03     -0.2594907650E+02
    0.1780000000E+03     -0.2592629272E+02
    0.1790000000E+03     -0.2589986031E+02
    0.1800000000E+03     -0.2587046807E+02
    0.1810000000E+03     -0.2583774724E+02
    0.1820000000E+03     -0.2580230939E+02
    0.1830000000E+03     -0.2576420879E+02
    0.1840000000E+03     -0.2572286886E+02
    0.1850000000E+03     -0.2567730571E+02
    0.1860000000E+03     -0.2562930212E+02
    0.1870000000E+03     -0.2557805607E+02
    0.1880000000E+03     -0.2552405511E+02
    0.1890000000E+03     -0.2546708812E+02
    0.1900000000E+03     -0.2540678106E+02
    0.1910000000E+03     -0.2534286134E+02
    0.1920000000E+03     -0.2527580511E+02
    0.1930000000E+03     -0.2520602449E+02
    0.1940000000E+03     -0.2513383264E+02
    0.1950000000E+03     -0.2505774374E+02
    0.1960000000E+03     -0.2497886327E+02
    0.1970000000E+03     -0.2489630170E+02
    0.1980000000E+03     -0.2481101827E+02
    0.1990000000E+03     -0.2472270047E+02
    0.2000000000E+03     -0.2463195739E+02
    0.2010000000E+03     -0.2453846333E+02
    0.2020000000E+03     -0.2444141106E+02
    0.2030000000E+03     -0.2434177389E+02
    0.2040000000E+03     -0.2423832603E+02
    0.2050000000E+03     -0.2413223472E+02
    0.2060000000E+03     -0.2402349562E+02
    0.2070000000E+03     -0.2391158751E+02
    0.2080000000E+03     -0.2379618732E+02
    0.2090000000E+03     -0.2367877927E+02
    0.2100000000E+03     -0.2355838859E+02
    0.2110000000E+03     -0.2343492575E+02
    0.2120000000E+03     -0.2330857422E+02
    0.2130000000E+03     -0.2317955844E+02
    0.2140000000E+03     -0.2304706736E+02
    0.2150000000E+03     -0.2291232924E+02
    0.2160000000E+03     -0.2277476444E+02
    0.2170000000E+03     -0.2263398622E+02
    0.2180000000E+03     -0.2249085104E+02
    0.2190000000E+03     -0.2234558418E+02
    0.2200000000E+03     -0.2219786673E+02
    0.2210000000E+03     -0.2204662154E+02
    0.2220000000E+03     -0.2189266659E+02
    0.2230000000E+03     -0.2173632910E+02
    0.2240000000E+03     -0.2157726336E+02
    0.2250000000E+03     -0.2141576308E+02
    0.2260000000E+03     -0.2125129064E+02
    0.2270000000E+03     -0.2108539789E+02
    0.2280000000E+03     -0.2091593328E+02
    0.2290000000E+03     -0.2074502358E+02
    0.2300000000E+03     -0.2057060451E+02
    0.2310000000E+03     -0.2039405056E+02
    0.2320000000E+03     -0.2021543261E+02
    0.2330000000E+03     -0.2003504917E+02
    0.2340000000E+03     -0.1985225142E+02
    0.2350000000E+03     -0.1966767403E+02
    0.2360000000E+03     -0.1948084598E+02
    0.2370000000E+03     -0.1929125709E+02
    0.2380000000E+03     -0.1909984032E+02
    0.2390000000E+03     -0.1890597577E+02
    0.2400000000E+03     -0.1871042217E+02
    0.2410000000E+03     -0.1851355335E+02
    0.2420000000E+03     -0.1831459714E+02
    0.2430000000E+03     -0.1811320649E+02
    0.2440000000E+03     -0.1791060183E+02
    0.2450000000E+03     -0.1770655159E+02
    0.2460000000E+03     -0.1749981271E+02
    0.2470000000E+03     -0.1729136959E+02
    0.2480000000E+03     -0.1708212028E+02
    0.2490000000E+03     -0.1687118773E+02
    0.2500000000E+03     -0.1665873130E+02
    0.2510000000E+03     -0.1644517375E+02
    0.2520000000E+03     -0.1623101969E+02
    0.2530000000E+03     -0.1601504234E+02
    0.2540000000E+03     -0.1579771873E+02
    0.2550000000E+03     -0.1558040460E+02
    0.2560000000E+03     -0.1536118578E+02
    0.2570000000E+03     -0.1514067672E+02
    0.2580000000E+03     -0.1491893438E+02
    0.2590000000E+03     -0.1469638312E+02
    0.2600000000E+03     -0.1447243765E+02
    0.2610000000E+03     -0.1424890194E+02
    0.2620000000E+03     -0.1402528505E+02
    0.2630000000E+03     -0.1380085577E+02
    0.2640000000E+03     -0.1357605047E+02
    0.2650000000E+03     -0.1335097844E+02
    0.2660000000E+03     -0.1312635057E+02
    0.2670000000E+03     -0.1290049475E+02
    0.2680000000E+03     -0.1267585924E+02
    0.2690000000E+03     -0.1245069499E+02
    0.2700000000E+03     -0.1222601538E+02
    0.2710000000E+03     -0.1200108615E+02
    0.2720000000E+03     -0.1177747856E+02
    0.2730000000E+03     -0.1155380261E+02
    0.2740000000E+03     -0.1133037909E+02
    0.2750000000E+03     -0.1110845265E+02
    0.2760000000E+03     -0.1088679155E+02
    0.2770000000E+03     -0.1066674983E+02
    0.2780000000E+03     -0.1044853937E+02
    0.2790000000E+03     -0.1023066288E+02
    0.2800000000E+03     -0.1001465837E+02
    0.2810000000E+03     -0.9798470903E+01
    0.2820000000E+03     -0.9584571195E+01
    0.2830000000E+03     -0.9373770407E+01
    0.2840000000E+03     -0.9163249030E+01
    0.2850000000E+03     -0.8955813182E+01
    0.2860000000E+03     -0.8750678024E+01
    0.2870000000E+03     -0.8544242226E+01
    0.2880000000E+03     -0.8342305710E+01
    0.2890000000E+03     -0.8143150694E+01
    0.2900000000E+03     -0.7946954199E+01
    0.2910000000E+03     -0.7752941927E+01
    0.2920000000E+03     -0.7559879582E+01
    0.2930000000E+03     -0.7372763653E+01
    0.2940000000E+03     -0.7188199109E+01
    0.2950000000E+03     -0.7005648326E+01
    0.2960000000E+03     -0.6827321058E+01
    0.2970000000E+03     -0.6653711687E+01
    0.2980000000E+03     -0.6482513208E+01
    0.2990000000E+03     -0.6315026069E+01
    0.3000000000E+03     -0.6154228068E+01
    0.3010000000E+03     -0.5998020698E+01
    0.3020000000E+03     -0.5844144168E+01
    0.3030000000E+03     -0.5695197683E+01
    0.3040000000E+03     -0.5551704844E+01
    0.3050000000E+03     -0.5411997835E+01
    0.3060000000E+03     -0.5280536350E+01
    0.3070000000E+03     -0.5154754611E+01
    0.3080000000E+03     -0.5034577507E+01
    0.3090000000E+03     -0.4912391786E+01
    0.3100000000E+03     -0.4798055610E+01
    0.3110000000E+03     -0.4690949142E+01
    0.3120000000E+03     -0.4592516986E+01
    0.3130000000E+03     -0.4500279396E+01
    0.3140000000E+03     -0.4414152801E+01
    0.3150000000E+03     -0.4335425859E+01
    0.3160000000E+03     -0.4264589723E+01
    0.3170000000E+03     -0.4199371581E+01
    0.3180000000E+03     -0.4143374818E+01
    0.3190000000E+03     -0.4095367346E+01
    0.3200000000E+03     -0.4052738303E+01
    0.3210000000E+03     -0.4018715973E+01
    0.3220000000E+03     -0.3994983249E+01
    0.3230000000E+03     -0.3980589332E+01
    0.3240000000E+03     -0.3974288254E+01
    0.3250000000E+03     -0.3975779888E+01
    0.3260000000E+03     -0.3986210464E+01
    0.3270000000E+03     -0.4008679546E+01
    0.3280000000E+03     -0.4038447508E+01
    0.3290000000E+03     -0.4076261556E+01
    0.3300000000E+03     -0.4128331404E+01
    0.3310000000E+03     -0.4190756654E+01
    0.3320000000E+03     -0.4261342931E+01
    0.3330000000E+03     -0.4346623738E+01
    0.3340000000E+03     -0.4439554932E+01
    0.3350000000E+03     -0.4543372605E+01
    0.3360000000E+03     -0.4661503912E+01
    0.3370000000E+03     -0.4786107695E+01
    0.3380000000E+03     -0.4925709601E+01
    0.3390000000E+03     -0.5075785389E+01
    0.3400000000E+03     -0.5240524585E+01
    0.3410000000E+03     -0.5416099560E+01
    0.3420000000E+03     -0.5607183283E+01
    0.3430000000E+03     -0.5810921162E+01
    0.3440000000E+03     -0.6033975803E+01
    0.3450000000E+03     -0.6269264976E+01
    0.3460000000E+03     -0.6516834892E+01
    0.3470000000E+03     -0.6780245097E+01
    0.3480000000E+03     -0.7055224727E+01
    0.3490000000E+03     -0.7343391218E+01
    0.3500000000E+03     -0.7648374306E+01
    0.3510000000E+03     -0.7972481872E+01
    0.3520000000E+03     -0.8308472206E+01
    0.3530000000E+03     -0.8659380419E+01
    0.3540000000E+03     -0.9026589188E+01
    0.3550000000E+03     -0.9415699468E+01
    0.3560000000E+03     -0.9820329039E+01
    0.3570000000E+03     -0.1024127110E+02
    0.3580000000E+03     -0.1067411491E+02
    0.3590000000E+03     -0.1112828610E+02
    0.3600000000E+03     -0.1160302410E+02
    0.3610000000E+03     -0.1209189699E+02
    0.3620000000E+03     -0.1260624562E+02
    0.3630000000E+03     -0.1313961943E+02
    0.3640000000E+03     -0.1368975735E+02
    0.3650000000E+03     -0.1425909298E+02
    0.3660000000E+03     -0.1485247121E+02
    0.3670000000E+03     -0.1546330425E+02
    0.3680000000E+03     -0.1609613549E+02
    0.3690000000E+03     -0.1675399434E+02
    0.3700000000E+03     -0.1742682539E+02
    0.3710000000E+03     -0.1811785990E+02
    0.3720000000E+03     -0.1883451350E+02
    0.3730000000E+03     -0.1957311833E+02
    0.3740000000E+03     -0.2033228712E+02
    0.3750000000E+03     -0.2111872790E+02
    0.3760000000E+03     -0.2192971737E+02
    0.3770000000E+03     -0.2275866396E+02
    0.3780000000E+03     -0.2362197600E+02
    0.3790000000E+03     -0.2451046182E+02
    0.3800000000E+03     -0.2542401750E+02
    0.3810000000E+03     -0.2635455687E+02
    0.3820000000E+03     -0.2731321441E+02
    0.3830000000E+03     -0.2829700334E+02
    0.3840000000E+03     -0.2930207121E+02
    0.3850000000E+03     -0.3033908010E+02
    0.3860000000E+03     -0.3141110120E+02
    0.3870000000E+03     -0.3250597993E+02
    0.3880000000E+03     -0.3362922479E+02
    0.3890000000E+03     -0.3478221010E+02
    0.3900000000E+03     -0.3596924745E+02
    0.3910000000E+03     -0.3717525995E+02
    0.3920000000E+03     -0.3840736545E+02
    0.3930000000E+03     -0.3966369745E+02
    0.3940000000E+03     -0.4096388924E+02
    0.3950000000E+03     -0.4230427188E+02
    0.3960000000E+03     -0.4366337262E+02
    0.3970000000E+03     -0.4505071054E+02
    0.3980000000E+03     -0.4647009652E+02
    0.3990000000E+03     -0.4792953721E+02
    0.4000000000E+03     -0.4942315063E+02
    0.4010000000E+03     -0.5093677903E+02
    0.4020000000E+03     -0.5250506726E+02
    0.4030000000E+03     -0.5409648908E+02
    0.4040000000E+03     -0.5572344487E+02
    0.4050000000E+03     -0.5738357802E+02
    0.4060000000E+03     -0.5906812467E+02
    0.4070000000E+03     -0.6079916574E+02
    0.4080000000E+03     -0.6255938269E+02
    0.4090000000E+03     -0.6435412428E+02
    0.4100000000E+03     -0.6618359489E+02
    0.4110000000E+03     -0.6805904595E+02
    0.4120000000E+03     -0.6997728709E+02
    0.4130000000E+03     -0.7192090154E+02
    0.4140000000E+03     -0.7391645715E+02
    0.4150000000E+03     -0.7595293498E+02
    0.4160000000E+03     -0.7802912894E+02
    0.4170000000E+03     -0.8013134755E+02
    0.4180000000E+03     -0.8228618874E+02
    0.4190000000E+03     -0.8448677593E+02
    0.4200000000E+03     -0.8671712488E+02
    0.4210000000E+03     -0.8899952550E+02
    0.4220000000E+03     -0.9132410590E+02
    0.4230000000E+03     -0.9368606288E+02
    0.4240000000E+03     -0.9609669971E+02
    0.4250000000E+03     -0.9855038546E+02
    0.4260000000E+03     -0.1010480486E+03
    0.4270000000E+03     -0.1035900375E+03
    0.4280000000E+03     -0.1061718475E+03
    0.4290000000E+03     -0.1088126772E+03
    0.4300000000E+03     -0.1114969822E+03
    0.4310000000E+03     -0.1142160457E+03
    0.4320000000E+03     -0.1170022034E+03
    0.4330000000E+03     -0.1198299362E+03
    0.4340000000E+03     -0.1226959025E+03
    0.4350000000E+03     -0.1256135540E+03
    0.4360000000E+03     -0.1285760297E+03
    0.4370000000E+03     -0.1315938610E+03
    0.4380000000E+03     -0.1346834145E+03
    0.4390000000E+03     -0.1378052503E+03
    0.4400000000E+03     -0.1409995129E+03
    0.4410000000E+03     -0.1442151351E+03
    0.4420000000E+03     -0.1474746230E+03
    0.4430000000E+03     -0.1508069557E+03
    0.4440000000E+03     -0.1541782178E+03
    0.4450000000E+03     -0.1576243346E+03
    0.4460000000E+03     -0.1611401654E+03
    0.4470000000E+03     -0.1646963220E+03
    0.4480000000E+03     -0.1683111659E+03
    0.4490000000E+03     -0.1719947010E+03
    0.4500000000E+03     -0.1757091902E+03
    0.4510000000E+03     -0.1794821063E+03
    0.4520000000E+03     -0.1833230289E+03
    0.4530000000E+03     -0.1872301520E+03
    0.4540000000E+03     -0.1911886027E+03
    0.4550000000E+03     -0.1952278315E+03
    0.4560000000E+03     -0.1993169745E+03
    0.4570000000E+03     -0.2034583369E+03
    0.4580000000E+03     -0.2076719200E+03
    0.4590000000E+03     -0.2119406508E+03
    0.4600000000E+03     -0.2162767777E+03
    0.4610000000E+03     -0.2206721219E+03
    0.4620000000E+03     -0.2251275436E+03
    0.4630000000E+03     -0.2296618166E+03
    0.4640000000E+03     -0.2342630636E+03
    0.4650000000E+03     -0.2389090549E+03
    0.4660000000E+03     -0.2436504311E+03
    0.4670000000E+03     -0.2484431309E+03
    0.4680000000E+03     -0.2533168308E+03
    0.4690000000E+03     -0.2582500743E+03
    0.4700000000E+03     -0.2632452452E+03
    0.4710000000E+03     -0.2683139339E+03
    0.4720000000E+03     -0.2734696514E+03
    0.4730000000E+03     -0.2786816277E+03
    0.4740000000E+03     -0.2839443104E+03
    0.4750000000E+03     -0.2893145136E+03
    0.4760000000E+03     -0.2947698565E+03
    0.4770000000E+03     -0.3002741066E+03
    0.4780000000E+03     -0.3058495494E+03
    0.4790000000E+03     -0.3115141864E+03
    0.4800000000E+03     -0.3172694507E+03
    0.4810000000E+03     -0.3231157619E+03
    0.4820000000E+03     -0.3290198650E+03
    0.4830000000E+03     -0.3349851553E+03
    0.4840000000E+03     -0.3409886187E+03
    0.4850000000E+03     -0.3471232017E+03
