    0.0000000000E+00     -0.1185833802E+02
    0.1000000000E+01     -0.9574600384E+01
    0.2000000000E+01     -0.7962771843E+01
    0.3000000000E+01     -0.6735109154E+01
    0.4000000000E+01     -0.5773659255E+01
    0.5000000000E+01     -0.5013936082E+01
    0.6000000000E+01     -0.4415335006E+01
    0.7000000000E+01     -0.3949666201E+01
    0.8000000000E+01     -0.3596313306E+01
    0.9000000000E+01     -0.3339390765E+01
    0.1000000000E+02     -0.3166652177E+01
    0.1100000000E+02     -0.3068140457E+01
    0.1200000000E+02     -0.3035211076E+01
    0.1300000000E+02     -0.3061194272E+01
    0.1400000000E+02     -0.3140448327E+01
    0.1500000000E+02     -0.3267594800E+01
    0.1600000000E+02     -0.3438430870E+01
    0.1700000000E+02     -0.3648706138E+01
    0.1800000000E+02     -0.3895223835E+01
    0.1900000000E+02     -0.4174558604E+01
    0.2000000000E+02     -0.4484492289E+01
    0.2100000000E+02     -0.4822313534E+01
    0.2200000000E+02     -0.5185515341E+01
    0.2300000000E+02     -0.5572295824E+01
    0.2400000000E+02     -0.5981335354E+01
    0.2500000000E+02     -0.6410711701E+01
    0.2600000000E+02     -0.6858267160E+01
    0.2700000000E+02     -0.7323096334E+01
    0.2800000000E+02     -0.7803630898E+01
    0.2900000000E+02     -0.8298560691E+01
    0.3000000000E+02     -0.8806695762E+01
    0.3100000000E+02     -0.9326993717E+01
    0.3200000000E+02     -0.9858460309E+01
    0.3300000000E+02     -0.1040030732E+02
    0.3400000000E+02     -0.1095148433E+02
    0.3500000000E+02     -0.1151119165E+02
    0.3600000000E+02     -0.1207868839E+02
    0.3700000000E+02     -0.1265333875E+02
    0.3800000000E+02     -0.1323440003E+02
    0.3900000000E+02     -0.1382137624E+02
    0.4000000000E+02     -0.1441324766E+02
    0.4100000000E+02     -0.1500966781E+02
    0.4200000000E+02     -0.1560987821E+02
    0.4300000000E+02     -0.1621378330E+02
    0.4400000000E+02     -0.1682049789E+02
    0.4500000000E+02     -0.1742971503E+02
    0.4600000000E+02     -0.1804065934E+02
    0.4700000000E+02     -0.1865370686E+02
    0.4800000000E+02     -0.1926761085E+02
    0.4900000000E+02     -0.1988242928E+02
    0.5000000000E+02     -0.2049802380E+02
    0.5100000000E+02     -0.2111331529E+02
    0.5200000000E+02     -0.2172848000E+02
    0.5300000000E+02     -0.2234330337E+02
    0.5400000000E+02     -0.2295755086E+02
    0.5500000000E+02     -0.2357112498E+02
    0.5600000000E+02     -0.2418303162E+02
    0.5700000000E+02     -0.2479327481E+02
    0.5800000000E+02     -0.2540153749E+02
    0.5900000000E+02     -0.2600795000E+02
    0.6000000000E+02     -0.2661200567E+02
    0.6100000000E+02     -0.2721387927E+02
    0.6200000000E+02     -0.2781259894E+02
    0.6300000000E+02     -0.2840851319E+02
    0.6400000000E+02     -0.2900115387E+02
    0.6500000000E+02     -0.2959083846E+02
    0.6600000000E+02     -0.3017723375E+02
    0.6700000000E+02     -0.3075967749E+02
    0.6800000000E+02     -0.3133869677E+02
    0.6900000000E+02     -0.3191322574E+02
    0.7000000000E+02     -0.3248396110E+02
    0.7100000000E+02     -0.3305012872E+02
    0.7200000000E+02     -0.3361240924E+02
    0.7300000000E+02     -0.3417063477E+02
    0.7400000000E+02     -0.3472359256E+02
    0.7500000000E+02     -0.3527236765E+02
    0.7600000000E+02     -0.3581588448E+02
    0.7700000000E+02     -0.3635507938E+02
    0.7800000000E+02     -0.3688849661E+02
    0.7900000000E+02     -0.3741727341E+02
    0.8000000000E+02     -0.3794040144E+02
    0.8100000000E+02     -0.3845849436E+02
    0.8200000000E+02     -0.3897231153E+02
    0.8300000000E+02     -0.3948071738E+02
    0.8400000000E+02     -0.3998379548E+02
    0.8500000000E+02     -0.4048255733E+02
    0.8600000000E+02     -0.4097490649E+02
    0.8700000000E+02     -0.4146224708E+02
    0.8800000000E+02     -0.4194409432E+02
    0.8900000000E+02     -0.4242080585E+02
    0.9000000000E+02     -0.4289309010E+02
    0.9100000000E+02     -0.4335881575E+02
    0.9200000000E+02     -0.4381874412E+02
    0.9300000000E+02     -0.4427470193E+02
    0.9400000000E+02     -0.4472491733E+02
    0.9500000000E+02     -0.4516908902E+02
    0.9600000000E+02     -0.4560828990E+02
    0.9700000000E+02     -0.4604194923E+02
    0.9800000000E+02     -0.4646959868E+02
    0.9900000000E+02     -0.4689276614E+02
    0.1000000000E+03     -0.4730929644E+02
    0.1010000000E+03     -0.4772114464E+02
    0.1020000000E+03     -0.4812771521E+02
    0.1030000000E+03     -0.4852869258E+02
    0.1040000000E+03     -0.4892505333E+02
    0.1050000000E+03     -0.4931458258E+02
    0.1060000000E+03     -0.4969931726E+02
    0.1070000000E+03     -0.5007842508E+02
    0.1080000000E+03     -0.5045268043E+02
    0.1090000000E+03     -0.5082129624E+02
    0.1100000000E+03     -0.5118404847E+02
    0.1110000000E+03     -0.5154197751E+02
    0.1120000000E+03     -0.5189363270E+02
    0.1130000000E+03     -0.5224024442E+02
    0.1140000000E+03     -0.5258170896E+02
    0.1150000000E+03     -0.5291812871E+02
    0.1160000000E+03     -0.5324895828E+02
    0.1170000000E+03     -0.5357417287E+02
    0.1180000000E+03     -0.5389326838E+02
    0.1190000000E+03     -0.5420666599E+02
    0.1200000000E+03     -0.5451608460E+02
    0.1210000000E+03     -0.5481931715E+02
    0.1220000000E+03     -0.5511624814E+02
    0.1230000000E+03     -0.5540911792E+02
    0.1240000000E+03     -0.5569642558E+02
    0.1250000000E+03     -0.5597804968E+02
    0.1260000000E+03     -0.5625442531E+02
    0.1270000000E+03     -0.5652577180E+02
    0.1280000000E+03     -0.5679182508E+02
    0.1290000000E+03     -0.5705177864E+02
    0.1300000000E+03     -0.5730678935E+02
    0.1310000000E+03     -0.5755757160E+02
    0.1320000000E+03     -0.5780112447E+02
    0.1330000000E+03     -0.5804079161E+02
    0.1340000000E+03     -0.5827530109E+02
    0.1350000000E+03     -0.5850349193E+02
    0.1360000000E+03     -0.5872751556E+02
    0.1370000000E+03     -0.5894533790E+02
    0.1380000000E+03     -0.5915820091E+02
    0.1390000000E+03     -0.5936643923E+02
    0.1400000000E+03     -0.5956887841E+02
    0.1410000000E+03     -0.5976693214E+02
    0.1420000000E+03     -0.5995762159E+02
    0.1430000000E+03     -0.6014549611E+02
    0.1440000000E+03     -0.6032706185E+02
    0.1450000000E+03     -0.6050317018E+02
    0.1460000000E+03     -0.6067391987E+02
    0.1470000000E+03     -0.6083942209E+02
    0.1480000000E+03     -0.6100010540E+02
    0.1490000000E+03     -0.6115630995E+02
    0.1500000000E+03     -0.6130778312E+02
    0.1510000000E+03     -0.6145461910E+02
    0.1520000000E+03     -0.6160152764E+02
    0.1530000000E+03     -0.6173667657E+02
    0.1540000000E+03     -0.6186738098E+02
    0.1550000000E+03     -0.6199482167E+02
    0.1560000000E+03     -0.6211365714E+02
    0.1570000000E+03     -0.6222879033E+02
    0.1580000000E+03     -0.6234044645E+02
    0.1590000000E+03     -0.6244581746E+02
    0.1600000000E+03     -0.6254521166E+02
    0.1610000000E+03     -0.6264141834E+02
    0.1620000000E+03     -0.6273107011E+02
    0.1630000000E+03     -0.6281645792E+02
    0.1640000000E+03     -0.6289661303E+02
    0.1650000000E+03     -0.6297130654E+02
    0.1660000000E+03     -0.6304196321E+02
    0.1670000000E+03     -0.6310715675E+02
    0.1680000000E+03     -0.6316775494E+02
    0.1690000000E+03     -0.6322552045E+02
    0.1700000000E+03     -0.6327647046E+02
    0.1710000000E+03     -0.6332334852E+02
    0.1720000000E+03     -0.6336545635E+02
    0.1730000000E+03     -0.6340128755E+02
    0.1740000000E+03     -0.6342710548E+02
    0.1750000000E+03     -0.6345279493E+02
    0.1760000000E+03     -0.6347286024E+02
    0.1770000000E+03     -0.6348633028E+02
    0.1780000000E+03     -0.6349763806E+02
    0.1790000000E+03     -0.6350248268E+02
    0.1800000000E+03     -0.6350236506E+02
    0.1810000000E+03     -0.6349725750E+02
    0.1820000000E+03     -0.6348777145E+02
    0.1830000000E+03     -0.6347292036E+02
    0.1840000000E+03     -0.6345361477E+02
    0.1850000000E+03     -0.6343039037E+02
    0.1860000000E+03     -0.6340024180E+02
    0.1870000000E+03     -0.6336501926E+02
    0.1880000000E+03     -0.6332400838E+02
    0.1890000000E+03     -0.6327743974E+02
    0.1900000000E+03     -0.6322699261E+02
    0.1910000000E+03     -0.6317059303E+02
    0.1920000000E+03     -0.6310593107E+02
    0.1930000000E+03     -0.6303976696E+02
    0.1940000000E+03     -0.6296747630E+02
    0.1950000000E+03     -0.6288666339E+02
    0.1960000000E+03     -0.6280475319E+02
    0.1970000000E+03     -0.6271666044E+02
    0.1980000000E+03     -0.6262462761E+02
    0.1990000000E+03     -0.6252771666E+02
    0.2000000000E+03     -0.6242632403E+02
    0.2010000000E+03     -0.6231750070E+02
    0.2020000000E+03     -0.6220394957E+02
    0.2030000000E+03     -0.6208547512E+02
    0.2040000000E+03     -0.6196256282E+02
    0.2050000000E+03     -0.6183407271E+02
    0.2060000000E+03     -0.6170033514E+02
    0.2070000000E+03     -0.6156041176E+02
    0.2080000000E+03     -0.6141637506E+02
    0.2090000000E+03     -0.6126721541E+02
    0.2100000000E+03     -0.6111245838E+02
    0.2110000000E+03     -0.6095300460E+02
    0.2120000000E+03     -0.6078902149E+02
    0.2130000000E+03     -0.6061884797E+02
    0.2140000000E+03     -0.6044426629E+02
    0.2150000000E+03     -0.6026479668E+02
    0.2160000000E+03     -0.6008144409E+02
    0.2170000000E+03     -0.5989096840E+02
    0.2180000000E+03     -0.5969733849E+02
    0.2190000000E+03     -0.5949765120E+02
    0.2200000000E+03     -0.5929598037E+02
    0.2210000000E+03     -0.5908617512E+02
    0.2220000000E+03     -0.5887104670E+02
    0.2230000000E+03     -0.5865571962E+02
    0.2240000000E+03     -0.5842926045E+02
    0.2250000000E+03     -0.5819742929E+02
    0.2260000000E+03     -0.5796201663E+02
    0.2270000000E+03     -0.5772207242E+02
    0.2280000000E+03     -0.5747746754E+02
    0.2290000000E+03     -0.5722628334E+02
    0.2300000000E+03     -0.5697104004E+02
    0.2310000000E+03     -0.5671190378E+02
    0.2320000000E+03     -0.5644491274E+02
    0.2330000000E+03     -0.5617258957E+02
    0.2340000000E+03     -0.5589666358E+02
    0.2350000000E+03     -0.5561501908E+02
    0.2360000000E+03     -0.5532788379E+02
    0.2370000000E+03     -0.5503827240E+02
    0.2380000000E+03     -0.5474089111E+02
    0.2390000000E+03     -0.5444048066E+02
    0.2400000000E+03     -0.5413356300E+02
    0.2410000000E+03     -0.5382169462E+02
    0.2420000000E+03     -0.5350648609E+02
    0.2430000000E+03     -0.5318410648E+02
    0.2440000000E+03     -0.5285632936E+02
    0.2450000000E+03     -0.5252218309E+02
    0.2460000000E+03     -0.5218478533E+02
    0.2470000000E+03     -0.5184213249E+02
    0.2480000000E+03     -0.5149443847E+02
    0.2490000000E+03     -0.5114157393E+02
    0.2500000000E+03     -0.5078535038E+02
    0.2510000000E+03     -0.5042232656E+02
    0.2520000000E+03     -0.5005549775E+02
    0.2530000000E+03     -0.4968311803E+02
    0.2540000000E+03     -0.4930575117E+02
    0.2550000000E+03     -0.4892131706E+02
    0.2560000000E+03     -0.4853450624E+02
    0.2570000000E+03     -0.4814091258E+02
    0.2580000000E+03     -0.4774402192E+02
    0.2590000000E+03     -0.4734231182E+02
    0.2600000000E+03     -0.4693539420E+02
    0.2610000000E+03     -0.4652501637E+02
    0.2620000000E+03     -0.4610551822E+02
    0.2630000000E+03     -0.4568384995E+02
    0.2640000000E+03     -0.4525713981E+02
    0.2650000000E+03     -0.4482496371E+02
    0.2660000000E+03     -0.4439106074E+02
    0.2670000000E+03     -0.4394974186E+02
    0.2680000000E+03     -0.4350433647E+02
    0.2690000000E+03     -0.4305635250E+02
    0.2700000000E+03     -0.4260252020E+02
    0.2710000000E+03     -0.4214400325E+02
    0.2720000000E+03     -0.4168255120E+02
    0.2730000000E+03     -0.4121676095E+02
    0.2740000000E+03     -0.4074704502E+02
    0.2750000000E+03     -0.4027266728E+02
    0.2760000000E+03     -0.3979612443E+02
    0.2770000000E+03     -0.3931415666E+02
    0.2780000000E+03     -0.3883022263E+02
    0.2790000000E+03     -0.3834088866E+02
    0.2800000000E+03     -0.3784845292E+02
    0.2810000000E+03     -0.3735539760E+02
    0.2820000000E+03     -0.3685638397E+02
    0.2830000000E+03     -0.3635351033E+02
    0.2840000000E+03     -0.3584872327E+02
    0.2850000000E+03     -0.3534045274E+02
    0.2860000000E+03     -0.3482768471E+02
    0.2870000000E+03     -0.3431162820E+02
    0.2880000000E+03     -0.3379781743E+02
    0.2890000000E+03     -0.3327599345E+02
    0.2900000000E+03     -0.3275593234E+02
    0.2910000000E+03     -0.3223372354E+02
    0.2920000000E+03     -0.3171060221E+02
    0.2930000000E+03     -0.3118493600E+02
    0.2940000000E+03     -0.3065846850E+02
    0.2950000000E+03     -0.3012973156E+02
    0.2960000000E+03     -0.2960259022E+02
    0.2970000000E+03     -0.2907462731E+02
    0.2980000000E+03     -0.2854528818E+02
    0.2990000000E+03     -0.2801595386E+02
    0.3000000000E+03     -0.2748440912E+02
    0.3010000000E+03     -0.2695613199E+02
    0.3020000000E+03     -0.2642540663E+02
    0.3030000000E+03     -0.2590041544E+02
    0.3040000000E+03     -0.2537366629E+02
    0.3050000000E+03     -0.2484866430E+02
    0.3060000000E+03     -0.2432170266E+02
    0.3070000000E+03     -0.2379990492E+02
    0.3080000000E+03     -0.2327814112E+02
    0.3090000000E+03     -0.2275210849E+02
    0.3100000000E+03     -0.2223533152E+02
    0.3110000000E+03     -0.2172252401E+02
    0.3120000000E+03     -0.2121129085E+02
    0.3130000000E+03     -0.2069936423E+02
    0.3140000000E+03     -0.2019007564E+02
    0.3150000000E+03     -0.1968454272E+02
    0.3160000000E+03     -0.1918240267E+02
    0.3170000000E+03     -0.1868437679E+02
    0.3180000000E+03     -0.1818418045E+02
    0.3190000000E+03     -0.1769137476E+02
    0.3200000000E+03     -0.1720391349E+02
    0.3210000000E+03     -0.1671771327E+02
    0.3220000000E+03     -0.1623749731E+02
    0.3230000000E+03     -0.1576415102E+02
    0.3240000000E+03     -0.1529505912E+02
    0.3250000000E+03     -0.1483226509E+02
    0.3260000000E+03     -0.1437277417E+02
    0.3270000000E+03     -0.1391845472E+02
    0.3280000000E+03     -0.1346936091E+02
    0.3290000000E+03     -0.1302543955E+02
    0.3300000000E+03     -0.1258741437E+02
    0.3310000000E+03     -0.1215803930E+02
    0.3320000000E+03     -0.1173713133E+02
    0.3330000000E+03     -0.1132381613E+02
    0.3340000000E+03     -0.1091620883E+02
    0.3350000000E+03     -0.1051873772E+02
    0.3360000000E+03     -0.1012321826E+02
    0.3370000000E+03     -0.9740828270E+01
    0.3380000000E+03     -0.9367299373E+01
    0.3390000000E+03     -0.9002121164E+01
    0.3400000000E+03     -0.8645081063E+01
    0.3410000000E+03     -0.8300469339E+01
    0.3420000000E+03     -0.7967034639E+01
    0.3430000000E+03     -0.7638368786E+01
    0.3440000000E+03     -0.7325271041E+01
    0.3450000000E+03     -0.7016602104E+01
    0.3460000000E+03     -0.6719088280E+01
    0.3470000000E+03     -0.6436657656E+01
    0.3480000000E+03     -0.6164897776E+01
    0.3490000000E+03     -0.5902989249E+01
    0.3500000000E+03     -0.5658206374E+01
    0.3510000000E+03     -0.5420444603E+01
    0.3520000000E+03     -0.5199021597E+01
    0.3530000000E+03     -0.4988569846E+01
    0.3540000000E+03     -0.4795715068E+01
    0.3550000000E+03     -0.4615718985E+01
    0.3560000000E+03     -0.4445443155E+01
    0.3570000000E+03     -0.4292952631E+01
    0.3580000000E+03     -0.4156307693E+01
    0.3590000000E+03     -0.4035332558E+01
    0.3600000000E+03     -0.3921161722E+01
    0.3610000000E+03     -0.3826334788E+01
    0.3620000000E+03     -0.3753988211E+01
    0.3630000000E+03     -0.3694283366E+01
    0.3640000000E+03     -0.3648848621E+01
    0.3650000000E+03     -0.3624690406E+01
    0.3660000000E+03     -0.3614904542E+01
    0.3670000000E+03     -0.3625815421E+01
    0.3680000000E+03     -0.3661067305E+01
    0.3690000000E+03     -0.3715935054E+01
    0.3700000000E+03     -0.3785441804E+01
    0.3710000000E+03     -0.3875745863E+01
    0.3720000000E+03     -0.3981813446E+01
    0.3730000000E+03     -0.4107738039E+01
    0.3740000000E+03     -0.4255819529E+01
    0.3750000000E+03     -0.4430872650E+01
    0.3760000000E+03     -0.4621203102E+01
    0.3770000000E+03     -0.4835950989E+01
    0.3780000000E+03     -0.5068491629E+01
    0.3790000000E+03     -0.5329271607E+01
    0.3800000000E+03     -0.5603477959E+01
    0.3810000000E+03     -0.5912790353E+01
    0.3820000000E+03     -0.6242251392E+01
    0.3830000000E+03     -0.6593762115E+01
    0.3840000000E+03     -0.6974801153E+01
    0.3850000000E+03     -0.7378022033E+01
    0.3860000000E+03     -0.7805300547E+01
    0.3870000000E+03     -0.8259817360E+01
    0.3880000000E+03     -0.8749001020E+01
    0.3890000000E+03     -0.9263984210E+01
    0.3900000000E+03     -0.9789458289E+01
    0.3910000000E+03     -0.1034595818E+02
    0.3920000000E+03     -0.1093382028E+02
    0.3930000000E+03     -0.1155570195E+02
    0.3940000000E+03     -0.1219285618E+02
    0.3950000000E+03     -0.1287915041E+02
    0.3960000000E+03     -0.1359610336E+02
    0.3970000000E+03     -0.1432610520E+02
    0.3980000000E+03     -0.1509950495E+02
    0.3990000000E+03     -0.1589406329E+02
    0.4000000000E+03     -0.1672835374E+02
    0.4010000000E+03     -0.1757769891E+02
    0.4020000000E+03     -0.1846717353E+02
    0.4030000000E+03     -0.1940548399E+02
    0.4040000000E+03     -0.2036735743E+02
    0.4050000000E+03     -0.2135328418E+02
    0.4060000000E+03     -0.2238204505E+02
    0.4070000000E+03     -0.2344909830E+02
    0.4080000000E+03     -0.2454257305E+02
    0.4090000000E+03     -0.2568201926E+02
    0.4100000000E+03     -0.2686221409E+02
    0.4110000000E+03     -0.2806627198E+02
    0.4120000000E+03     -0.2930801573E+02
    0.4130000000E+03     -0.3059933320E+02
    0.4140000000E+03     -0.3189807173E+02
    0.4150000000E+03     -0.3327476882E+02
    0.4160000000E+03     -0.3468147304E+02
    0.4170000000E+03     -0.3613791224E+02
    0.4180000000E+03     -0.3761695695E+02
    0.4190000000E+03     -0.3913423117E+02
    0.4200000000E+03     -0.4070986924E+02
    0.4210000000E+03     -0.4231254500E+02
    0.4220000000E+03     -0.4395248310E+02
    0.4230000000E+03     -0.4566067243E+02
    0.4240000000E+03     -0.4740777428E+02
    0.4250000000E+03     -0.4919672017E+02
    0.4260000000E+03     -0.5103106495E+02
    0.4270000000E+03     -0.5290748975E+02
    0.4280000000E+03     -0.5483850773E+02
    0.4290000000E+03     -0.5680855627E+02
    0.4300000000E+03     -0.5882316465E+02
    0.4310000000E+03     -0.6090883610E+02
    0.4320000000E+03     -0.6301189314E+02
    0.4330000000E+03     -0.6518074529E+02
    0.4340000000E+03     -0.6737863638E+02
    0.4350000000E+03     -0.6963155627E+02
    0.4360000000E+03     -0.7194812166E+02
    0.4370000000E+03     -0.7432216567E+02
    0.4380000000E+03     -0.7673461432E+02
    0.4390000000E+03     -0.7919731613E+02
    0.4400000000E+03     -0.8171606389E+02
    0.4410000000E+03     -0.8429497089E+02
    0.4420000000E+03     -0.8693053823E+02
    0.4430000000E+03     -0.8963652337E+02
    0.4440000000E+03     -0.9236533925E+02
    0.4450000000E+03     -0.9516260067E+02
    0.4460000000E+03     -0.9802197150E+02
    0.4470000000E+03     -0.1009346071E+03
    0.4480000000E+03     -0.1039391464E+03
    0.4490000000E+03     -0.1069615624E+03
    0.4500000000E+03     -0.1100542616E+03
    0.4510000000E+03     -0.1132056490E+03
    0.4520000000E+03     -0.1164454478E+03
    0.4530000000E+03     -0.1197430648E+03
    0.4540000000E+03     -0.1230839442E+03
    0.4550000000E+03     -0.1264765086E+03
    0.4560000000E+03     -0.1299307601E+03
    0.4570000000E+03     -0.1335080284E+03
    0.4580000000E+03     -0.1370961980E+03
    0.4590000000E+03     -0.1407621909E+03
    0.4600000000E+03     -0.1445002616E+03
    0.4610000000E+03     -0.1482813817E+03
    0.4620000000E+03     -0.1521266323E+03
    0.4630000000E+03     -0.1560627127E+03
    0.4640000000E+03     -0.1600710589E+03
    0.4650000000E+03     -0.1641088467E+03
    0.4660000000E+03     -0.1682222503E+03
    0.4670000000E+03     -0.1724487598E+03
    0.4680000000E+03     -0.1767163755E+03
    0.4690000000E+03     -0.1810500956E+03
    0.4700000000E+03     -0.1854581515E+03
    0.4710000000E+03     -0.1899695607E+03
    0.4720000000E+03     -0.1945397498E+03
    0.4730000000E+03     -0.1992299109E+03
    0.4740000000E+03     -0.2039373867E+03
    0.4750000000E+03     -0.2087470955E+03
    0.4760000000E+03     -0.2136633747E+03
    0.4770000000E+03     -0.2186177383E+03
    0.4780000000E+03     -0.2236441405E+03
    0.4790000000E+03     -0.2287714337E+03
    0.4800000000E+03     -0.2339732501E+03
    0.4810000000E+03     -0.2392397615E+03
    0.4820000000E+03     -0.2446348164E+03
    0.4830000000E+03     -0.2500611043E+03
    0.4840000000E+03     -0.2556075344E+03
    0.4850000000E+03     -0.2612279986E+03
