    0.0000000000E+00     -0.3071442047E+02
    0.1000000000E+01     -0.2758042431E+02
    0.2000000000E+01     -0.2512431609E+02
    0.3000000000E+01     -0.2305831034E+02
    0.4000000000E+01     -0.2126452251E+02
    0.5000000000E+01     -0.1967876434E+02
    0.6000000000E+01     -0.1826002243E+02
    0.7000000000E+01     -0.1697987825E+02
    0.8000000000E+01     -0.1581802783E+02
    0.9000000000E+01     -0.1475900679E+02
    0.1000000000E+02     -0.1378992793E+02
    0.1100000000E+02     -0.1290071512E+02
    0.1200000000E+02     -0.1208358127E+02
    0.1300000000E+02     -0.1133184780E+02
    0.1400000000E+02     -0.1063888280E+02
    0.1500000000E+02     -0.9999836736E+01
    0.1600000000E+02     -0.9410263463E+01
    0.1700000000E+02     -0.8866347804E+01
    0.1800000000E+02     -0.8364637260E+01
    0.1900000000E+02     -0.7902165964E+01
    0.2000000000E+02     -0.7476069246E+01
    0.2100000000E+02     -0.7083757200E+01
    0.2200000000E+02     -0.6723286092E+01
    0.2300000000E+02     -0.6392643600E+01
    0.2400000000E+02     -0.6089830236E+01
    0.2500000000E+02     -0.5813011451E+01
    0.2600000000E+02     -0.5560818314E+01
    0.2700000000E+02     -0.5331810174E+01
    0.2800000000E+02     -0.5124629208E+01
    0.2900000000E+02     -0.4938032622E+01
    0.3000000000E+02     -0.4771084160E+01
    0.3100000000E+02     -0.4622589078E+01
    0.3200000000E+02     -0.4490834262E+01
    0.3300000000E+02     -0.4375553847E+01
    0.3400000000E+02     -0.4276566401E+01
    0.3500000000E+02     -0.4192276404E+01
    0.3600000000E+02     -0.4121524804E+01
    0.3700000000E+02     -0.4064249276E+01
    0.3800000000E+02     -0.4019689142E+01
    0.3900000000E+02     -0.3986743807E+01
    0.4000000000E+02     -0.3965207190E+01
    0.4100000000E+02     -0.3954036026E+01
    0.4200000000E+02     -0.3952928894E+01
    0.4300000000E+02     -0.3961696830E+01
    0.4400000000E+02     -0.3979406079E+01
    0.4500000000E+02     -0.4005994710E+01
    0.4600000000E+02     -0.4040581574E+01
    0.4700000000E+02     -0.4082832718E+01
    0.4800000000E+02     -0.4132198547E+01
    0.4900000000E+02     -0.4188400265E+01
    0.5000000000E+02     -0.4251274347E+01
    0.5100000000E+02     -0.4320609964E+01
    0.5200000000E+02     -0.4395906033E+01
    0.5300000000E+02     -0.4476637356E+01
    0.5400000000E+02     -0.4562495842E+01
    0.5500000000E+02     -0.4653378407E+01
    0.5600000000E+02     -0.4748991479E+01
    0.5700000000E+02     -0.4849181330E+01
    0.5800000000E+02     -0.4953413231E+01
    0.5900000000E+02     -0.5061820123E+01
    0.6000000000E+02     -0.5173549262E+01
    0.6100000000E+02     -0.5288762003E+01
    0.6200000000E+02     -0.5407427807E+01
    0.6300000000E+02     -0.5528809209E+01
    0.6400000000E+02     -0.5653104835E+01
    0.6500000000E+02     -0.5779428616E+01
    0.6600000000E+02     -0.5908470596E+01
    0.6700000000E+02     -0.6039767794E+01
    0.6800000000E+02     -0.6173154711E+01
    0.6900000000E+02     -0.6308452971E+01
    0.7000000000E+02     -0.6445474665E+01
    0.7100000000E+02     -0.6584063289E+01
    0.7200000000E+02     -0.6724283645E+01
    0.7300000000E+02     -0.6865167341E+01
    0.7400000000E+02     -0.7007513538E+01
    0.7500000000E+02     -0.7151022002E+01
    0.7600000000E+02     -0.7295128059E+01
    0.7700000000E+02     -0.7440039698E+01
    0.7800000000E+02     -0.7585393166E+01
    0.7900000000E+02     -0.7731685968E+01
    0.8000000000E+02     -0.7878078818E+01
    0.8100000000E+02     -0.8024749716E+01
    0.8200000000E+02     -0.8171572882E+01
    0.8300000000E+02     -0.8318552180E+01
    0.8400000000E+02     -0.8465384725E+01
    0.8500000000E+02     -0.8611731636E+01
    0.8600000000E+02     -0.8757829362E+01
    0.8700000000E+02     -0.8903640437E+01
    0.8800000000E+02     -0.9049604612E+01
    0.8900000000E+02     -0.9195197662E+01
    0.9000000000E+02     -0.9340186993E+01
    0.9100000000E+02     -0.9484537973E+01
    0.9200000000E+02     -0.9628450393E+01
    0.9300000000E+02     -0.9771305412E+01
    0.9400000000E+02     -0.9913504434E+01
    0.9500000000E+02     -0.1005478952E+02
    0.9600000000E+02     -0.1019498163E+02
    0.9700000000E+02     -0.1033476124E+02
    0.9800000000E+02     -0.1047282014E+02
    0.9900000000E+02     -0.1060970552E+02
    0.1000000000E+03     -0.1074564743E+02
    0.1010000000E+03     -0.1088035595E+02
    0.1020000000E+03     -0.1101403357E+02
    0.1030000000E+03     -0.1114687093E+02
    0.1040000000E+03     -0.1127770831E+02
    0.1050000000E+03     -0.1140725280E+02
    0.1060000000E+03     -0.1153563600E+02
    0.1070000000E+03     -0.1166210726E+02
    0.1080000000E+03     -0.1178763179E+02
    0.1090000000E+03     -0.1191145764E+02
    0.1100000000E+03     -0.1203346611E+02
    0.1110000000E+03     -0.1215357071E+02
    0.1120000000E+03     -0.1227204070E+02
    0.1130000000E+03     -0.1238907289E+02
    0.1140000000E+03     -0.1250442067E+02
    0.1150000000E+03     -0.1261787780E+02
    0.1160000000E+03     -0.1272965344E+02
    0.1170000000E+03     -0.1284003638E+02
    0.1180000000E+03     -0.1294853079E+02
    0.1190000000E+03     -0.1305456396E+02
    0.1200000000E+03     -0.1315894463E+02
    0.1210000000E+03     -0.1326225483E+02
    0.1220000000E+03     -0.1336336878E+02
    0.1230000000E+03     -0.1346227272E+02
    0.1240000000E+03     -0.1355884585E+02
    0.1250000000E+03     -0.1365358424E+02
    0.1260000000E+03     -0.1374641953E+02
    0.1270000000E+03     -0.1383747323E+02
    0.1280000000E+03     -0.1392648214E+02
    0.1290000000E+03     -0.1401413449E+02
    0.1300000000E+03     -0.1409877739E+02
    0.1310000000E+03     -0.1418125400E+02
    0.1320000000E+03     -0.1426168677E+02
    0.1330000000E+03     -0.1434016410E+02
    0.1340000000E+03     -0.1441582124E+02
    0.1350000000E+03     -0.1448967610E+02
    0.1360000000E+03     -0.1456153583E+02
    0.1370000000E+03     -0.1463166989E+02
    0.1380000000E+03     -0.1469917259E+02
    0.1390000000E+03     -0.1476490536E+02
    0.1400000000E+03     -0.1482820558E+02
    0.1410000000E+03     -0.1488944867E+02
    0.1420000000E+03     -0.1494761103E+02
    0.1430000000E+03     -0.1500401897E+02
    0.1440000000E+03     -0.1505830862E+02
    0.1450000000E+03     -0.1510963341E+02
    0.1460000000E+03     -0.1515878344E+02
    0.1470000000E+03     -0.1520651574E+02
    0.1480000000E+03     -0.1525138431E+02
    0.1490000000E+03     -0.1529447974E+02
    0.1500000000E+03     -0.1533508961E+02
    0.1510000000E+03     -0.1537348181E+02
    0.1520000000E+03     -0.1541002885E+02
    0.1530000000E+03     -0.1544364680E+02
    0.1540000000E+03     -0.1547484105E+02
    0.1550000000E+03     -0.1550376623E+02
    0.1560000000E+03     -0.1553009795E+02
    0.1570000000E+03     -0.1555414132E+02
    0.1580000000E+03     -0.1557611380E+02
    0.1590000000E+03     -0.1559630091E+02
    0.1600000000E+03     -0.1561416515E+02
    0.1610000000E+03     -0.1562918496E+02
    0.1620000000E+03     -0.1564185126E+02
    0.1630000000E+03     -0.1565241454E+02
    0.1640000000E+03     -0.1566079030E+02
    0.1650000000E+03     -0.1566713594E+02
    0.1660000000E+03     -0.1567102874E+02
    0.1670000000E+03     -0.1567233543E+02
    0.1680000000E+03     -0.1567138235E+02
    0.1690000000E+03     -0.1566779422E+02
    0.1700000000E+03     -0.1566249600E+02
    0.1710000000E+03     -0.1565454863E+02
    0.1720000000E+03     -0.1564447020E+02
    0.1730000000E+03     -0.1563221152E+02
    0.1740000000E+03     -0.1561761601E+02
    0.1750000000E+03     -0.1560138258E+02
    0.1760000000E+03     -0.1558181970E+02
    0.1770000000E+03     -0.1556020205E+02
    0.1780000000E+03     -0.1553606630E+02
    0.1790000000E+03     -0.1550967491E+02
    0.1800000000E+03     -0.1548150199E+02
    0.1810000000E+03     -0.1545076982E+02
    0.1820000000E+03     -0.1541813672E+02
    0.1830000000E+03     -0.1538323380E+02
    0.1840000000E+03     -0.1534633777E+02
    0.1850000000E+03     -0.1530684120E+02
    0.1860000000E+03     -0.1526510801E+02
    0.1870000000E+03     -0.1522108137E+02
    0.1880000000E+03     -0.1517552237E+02
    0.1890000000E+03     -0.1512775977E+02
    0.1900000000E+03     -0.1507816302E+02
    0.1910000000E+03     -0.1502600421E+02
    0.1920000000E+03     -0.1497119753E+02
    0.1930000000E+03     -0.1491452103E+02
    0.1940000000E+03     -0.1485591559E+02
    0.1950000000E+03     -0.1479585174E+02
    0.1960000000E+03     -0.1473315093E+02
    0.1970000000E+03     -0.1466795976E+02
    0.1980000000E+03     -0.1460093082E+02
    0.1990000000E+03     -0.1453201640E+02
    0.2000000000E+03     -0.1446085676E+02
    0.2010000000E+03     -0.1438798784E+02
    0.2020000000E+03     -0.1431297486E+02
    0.2030000000E+03     -0.1423571134E+02
    0.2040000000E+03     -0.1415654807E+02
    0.2050000000E+03     -0.1407597683E+02
    0.2060000000E+03     -0.1399313748E+02
    0.2070000000E+03     -0.1390879198E+02
    0.2080000000E+03     -0.1382246092E+02
    0.2090000000E+03     -0.1373389866E+02
    0.2100000000E+03     -0.1364351884E+02
    0.2110000000E+03     -0.1355144863E+02
    0.2120000000E+03     -0.1345783103E+02
    0.2130000000E+03     -0.1336252863E+02
    0.2140000000E+03     -0.1326485846E+02
    0.2150000000E+03     -0.1316523462E+02
    0.2160000000E+03     -0.1306470048E+02
    0.2170000000E+03     -0.1296259438E+02
    0.2180000000E+03     -0.1285887111E+02
    0.2190000000E+03     -0.1275265064E+02
    0.2200000000E+03     -0.1264614817E+02
    0.2210000000E+03     -0.1253727573E+02
    0.2220000000E+03     -0.1242762311E+02
    0.2230000000E+03     -0.1231621128E+02
    0.2240000000E+03     -0.1220363398E+02
    0.2250000000E+03     -0.1208903883E+02
    0.2260000000E+03     -0.1197377245E+02
    0.2270000000E+03     -0.1185708138E+02
    0.2280000000E+03     -0.1173919667E+02
    0.2290000000E+03     -0.1162013089E+02
    0.2300000000E+03     -0.1150010641E+02
    0.2310000000E+03     -0.1137821888E+02
    0.2320000000E+03     -0.1125613252E+02
    0.2330000000E+03     -0.1113272643E+02
    0.2340000000E+03     -0.1100809903E+02
    0.2350000000E+03     -0.1088332733E+02
    0.2360000000E+03     -0.1075713153E+02
    0.2370000000E+03     -0.1062989384E+02
    0.2380000000E+03     -0.1050216665E+02
    0.2390000000E+03     -0.1037339569E+02
    0.2400000000E+03     -0.1024405383E+02
    0.2410000000E+03     -0.1011416230E+02
    0.2420000000E+03     -0.9983973756E+01
    0.2430000000E+03     -0.9852915679E+01
    0.2440000000E+03     -0.9720336853E+01
    0.2450000000E+03     -0.9588475834E+01
    0.2460000000E+03     -0.9456794894E+01
    0.2470000000E+03     -0.9322777266E+01
    0.2480000000E+03     -0.9190417777E+01
    0.2490000000E+03     -0.9056358313E+01
    0.2500000000E+03     -0.8923651880E+01
    0.2510000000E+03     -0.8790905461E+01
    0.2520000000E+03     -0.8658918542E+01
    0.2530000000E+03     -0.8528467747E+01
    0.2540000000E+03     -0.8395377989E+01
    0.2550000000E+03     -0.8265030970E+01
    0.2560000000E+03     -0.8132168789E+01
    0.2570000000E+03     -0.8001071445E+01
    0.2580000000E+03     -0.7868403735E+01
    0.2590000000E+03     -0.7737423121E+01
    0.2600000000E+03     -0.7606796419E+01
    0.2610000000E+03     -0.7478764745E+01
    0.2620000000E+03     -0.7352201047E+01
    0.2630000000E+03     -0.7223971118E+01
    0.2640000000E+03     -0.7098392162E+01
    0.2650000000E+03     -0.6973524584E+01
    0.2660000000E+03     -0.6849274251E+01
    0.2670000000E+03     -0.6727221184E+01
    0.2680000000E+03     -0.6608046980E+01
    0.2690000000E+03     -0.6487613642E+01
    0.2700000000E+03     -0.6371235115E+01
    0.2710000000E+03     -0.6254902568E+01
    0.2720000000E+03     -0.6142269264E+01
    0.2730000000E+03     -0.6031858307E+01
    0.2740000000E+03     -0.5920791183E+01
    0.2750000000E+03     -0.5813556915E+01
    0.2760000000E+03     -0.5708727466E+01
    0.2770000000E+03     -0.5604951728E+01
    0.2780000000E+03     -0.5504120510E+01
    0.2790000000E+03     -0.5406778165E+01
    0.2800000000E+03     -0.5312107143E+01
    0.2810000000E+03     -0.5218430255E+01
    0.2820000000E+03     -0.5129438417E+01
    0.2830000000E+03     -0.5043407396E+01
    0.2840000000E+03     -0.4961146315E+01
    0.2850000000E+03     -0.4883405504E+01
    0.2860000000E+03     -0.4809017543E+01
    0.2870000000E+03     -0.4734138410E+01
    0.2880000000E+03     -0.4665563452E+01
    0.2890000000E+03     -0.4600070570E+01
    0.2900000000E+03     -0.4541255796E+01
    0.2910000000E+03     -0.4485559755E+01
    0.2920000000E+03     -0.4434606037E+01
    0.2930000000E+03     -0.4386807231E+01
    0.2940000000E+03     -0.4345792111E+01
    0.2950000000E+03     -0.4309529106E+01
    0.2960000000E+03     -0.4275890023E+01
    0.2970000000E+03     -0.4248240049E+01
    0.2980000000E+03     -0.4226437233E+01
    0.2990000000E+03     -0.4209291409E+01
    0.3000000000E+03     -0.4198605725E+01
    0.3010000000E+03     -0.4194572371E+01
    0.3020000000E+03     -0.4196163724E+01
    0.3030000000E+03     -0.4204148933E+01
    0.3040000000E+03     -0.4216968695E+01
    0.3050000000E+03     -0.4235171925E+01
    0.3060000000E+03     -0.4261414349E+01
    0.3070000000E+03     -0.4293890362E+01
    0.3080000000E+03     -0.4333293669E+01
    0.3090000000E+03     -0.4380159206E+01
    0.3100000000E+03     -0.4434294361E+01
    0.3110000000E+03     -0.4495079168E+01
    0.3120000000E+03     -0.4563151955E+01
    0.3130000000E+03     -0.4639743315E+01
    0.3140000000E+03     -0.4723680505E+01
    0.3150000000E+03     -0.4815773030E+01
    0.3160000000E+03     -0.4916145499E+01
    0.3170000000E+03     -0.5028483576E+01
    0.3180000000E+03     -0.5145497457E+01
    0.3190000000E+03     -0.5273084090E+01
    0.3200000000E+03     -0.5410360196E+01
    0.3210000000E+03     -0.5556349250E+01
    0.3220000000E+03     -0.5715570621E+01
    0.3230000000E+03     -0.5881714747E+01
    0.3240000000E+03     -0.6056549287E+01
    0.3250000000E+03     -0.6240970333E+01
    0.3260000000E+03     -0.6439913514E+01
    0.3270000000E+03     -0.6648417306E+01
    0.3280000000E+03     -0.6866646608E+01
    0.3290000000E+03     -0.7093617175E+01
    0.3300000000E+03     -0.7335974461E+01
    0.3310000000E+03     -0.7588893290E+01
    0.3320000000E+03     -0.7853754798E+01
    0.3330000000E+03     -0.8131737331E+01
    0.3340000000E+03     -0.8420462576E+01
    0.3350000000E+03     -0.8720582115E+01
    0.3360000000E+03     -0.9033560568E+01
    0.3370000000E+03     -0.9362427087E+01
    0.3380000000E+03     -0.9705440055E+01
    0.3390000000E+03     -0.1005730466E+02
    0.3400000000E+03     -0.1042596144E+02
    0.3410000000E+03     -0.1080388666E+02
    0.3420000000E+03     -0.1120329276E+02
    0.3430000000E+03     -0.1161196976E+02
    0.3440000000E+03     -0.1203479659E+02
    0.3450000000E+03     -0.1247180027E+02
    0.3460000000E+03     -0.1292779562E+02
    0.3470000000E+03     -0.1340026042E+02
    0.3480000000E+03     -0.1388564755E+02
    0.3490000000E+03     -0.1438220283E+02
    0.3500000000E+03     -0.1490296938E+02
    0.3510000000E+03     -0.1543793341E+02
    0.3520000000E+03     -0.1599029312E+02
    0.3530000000E+03     -0.1656115940E+02
    0.3540000000E+03     -0.1715236910E+02
    0.3550000000E+03     -0.1775980358E+02
    0.3560000000E+03     -0.1838055822E+02
    0.3570000000E+03     -0.1902015350E+02
    0.3580000000E+03     -0.1967818290E+02
    0.3590000000E+03     -0.2035607257E+02
    0.3600000000E+03     -0.2105324924E+02
    0.3610000000E+03     -0.2176690735E+02
    0.3620000000E+03     -0.2250229901E+02
    0.3630000000E+03     -0.2325881484E+02
    0.3640000000E+03     -0.2404098969E+02
    0.3650000000E+03     -0.2483565451E+02
    0.3660000000E+03     -0.2565388734E+02
    0.3670000000E+03     -0.2648944872E+02
    0.3680000000E+03     -0.2735416682E+02
    0.3690000000E+03     -0.2823691272E+02
    0.3700000000E+03     -0.2913930147E+02
    0.3710000000E+03     -0.3006751308E+02
    0.3720000000E+03     -0.3101681153E+02
    0.3730000000E+03     -0.3198755078E+02
    0.3740000000E+03     -0.3299222951E+02
    0.3750000000E+03     -0.3401639679E+02
    0.3760000000E+03     -0.3506968460E+02
    0.3770000000E+03     -0.3613456561E+02
    0.3780000000E+03     -0.3723463974E+02
    0.3790000000E+03     -0.3834990292E+02
    0.3800000000E+03     -0.3949274678E+02
    0.3810000000E+03     -0.4066424197E+02
    0.3820000000E+03     -0.4185906517E+02
    0.3830000000E+03     -0.4308283554E+02
    0.3840000000E+03     -0.4433490528E+02
    0.3850000000E+03     -0.4560902813E+02
    0.3860000000E+03     -0.4691074353E+02
    0.3870000000E+03     -0.4824649086E+02
    0.3880000000E+03     -0.4960746534E+02
    0.3890000000E+03     -0.5099167729E+02
    0.3900000000E+03     -0.5241931008E+02
    0.3910000000E+03     -0.5387436527E+02
    0.3920000000E+03     -0.5535513072E+02
    0.3930000000E+03     -0.5686520936E+02
    0.3940000000E+03     -0.5840809440E+02
    0.3950000000E+03     -0.5998562627E+02
    0.3960000000E+03     -0.6158609323E+02
    0.3970000000E+03     -0.6322409841E+02
    0.3980000000E+03     -0.6489514461E+02
    0.3990000000E+03     -0.6660786415E+02
    0.4000000000E+03     -0.6834115659E+02
    0.4010000000E+03     -0.7010544223E+02
    0.4020000000E+03     -0.7191200890E+02
    0.4030000000E+03     -0.7374943075E+02
    0.4040000000E+03     -0.7562276938E+02
    0.4050000000E+03     -0.7753047738E+02
    0.4060000000E+03     -0.7947873910E+02
    0.4070000000E+03     -0.8146075288E+02
    0.4080000000E+03     -0.8346832266E+02
    0.4090000000E+03     -0.8552201437E+02
    0.4100000000E+03     -0.8760211972E+02
    0.4110000000E+03     -0.8973231866E+02
    0.4120000000E+03     -0.9188953533E+02
    0.4130000000E+03     -0.9407954604E+02
    0.4140000000E+03     -0.9632066908E+02
    0.4150000000E+03     -0.9860848686E+02
    0.4160000000E+03     -0.1009258655E+03
    0.4170000000E+03     -0.1032929308E+03
    0.4180000000E+03     -0.1056913060E+03
    0.4190000000E+03     -0.1081295020E+03
    0.4200000000E+03     -0.1106202916E+03
    0.4210000000E+03     -0.1131404648E+03
    0.4220000000E+03     -0.1157110301E+03
    0.4230000000E+03     -0.1183209459E+03
    0.4240000000E+03     -0.1209776948E+03
    0.4250000000E+03     -0.1236757999E+03
    0.4260000000E+03     -0.1264148225E+03
    0.4270000000E+03     -0.1292058699E+03
    0.4280000000E+03     -0.1320439166E+03
    0.4290000000E+03     -0.1349231240E+03
    0.4300000000E+03     -0.1378512262E+03
    0.4310000000E+03     -0.1408118798E+03
    0.4320000000E+03     -0.1438302445E+03
    0.4330000000E+03     -0.1468897971E+03
    0.4340000000E+03     -0.1500081971E+03
    0.4350000000E+03     -0.1531704330E+03
    0.4360000000E+03     -0.1563669058E+03
    0.4370000000E+03     -0.1596307824E+03
    0.4380000000E+03     -0.1629529854E+03
    0.4390000000E+03     -0.1663225204E+03
    0.4400000000E+03     -0.1697534085E+03
    0.4410000000E+03     -0.1732082339E+03
    0.4420000000E+03     -0.1767084809E+03
    0.4430000000E+03     -0.1802706803E+03
    0.4440000000E+03     -0.1838806294E+03
    0.4450000000E+03     -0.1875668851E+03
    0.4460000000E+03     -0.1913036182E+03
    0.4470000000E+03     -0.1950929853E+03
    0.4480000000E+03     -0.1989315096E+03
    0.4490000000E+03     -0.2028412329E+03
    0.4500000000E+03     -0.2068026323E+03
    0.4510000000E+03     -0.2108069035E+03
    0.4520000000E+03     -0.2148912590E+03
    0.4530000000E+03     -0.2190244060E+03
    0.4540000000E+03     -0.2232289986E+03
    0.4550000000E+03     -0.2274792047E+03
    0.4560000000E+03     -0.2317894734E+03
    0.4570000000E+03     -0.2361556573E+03
    0.4580000000E+03     -0.2405872362E+03
    0.4590000000E+03     -0.2450843022E+03
    0.4600000000E+03     -0.2496487388E+03
    0.4610000000E+03     -0.2542578843E+03
    0.4620000000E+03     -0.2589468705E+03
    0.4630000000E+03     -0.2637010263E+03
    0.4640000000E+03     -0.2685028637E+03
    0.4650000000E+03     -0.2733727666E+03
    0.4660000000E+03     -0.2783203726E+03
    0.4670000000E+03     -0.2833500979E+03
    0.4680000000E+03     -0.2884426925E+03
    0.4690000000E+03     -0.2936058615E+03
    0.4700000000E+03     -0.2988093720E+03
    0.4710000000E+03     -0.3040738928E+03
    0.4720000000E+03     -0.3094254015E+03
    0.4730000000E+03     -0.3148416211E+03
    0.4740000000E+03     -0.3203202501E+03
    0.4750000000E+03     -0.3258832370E+03
    0.4760000000E+03     -0.3315141289E+03
    0.4770000000E+03     -0.3372266341E+03
    0.4780000000E+03     -0.3430146490E+03
    0.4790000000E+03     -0.3488593030E+03
    0.4800000000E+03     -0.3547990153E+03
    0.4810000000E+03     -0.3608057275E+03
    0.4820000000E+03     -0.3668883335E+03
    0.4830000000E+03     -0.3730353973E+03
    0.4840000000E+03     -0.3792576079E+03
    0.4850000000E+03     -0.3855477097E+03
