    0.0000000000E+00     -0.2003715516E+01
    0.1000000000E+01     -0.1757546819E+01
    0.2000000000E+01     -0.2168643338E+01
    0.3000000000E+01     -0.2949144234E+01
    0.4000000000E+01     -0.3981366452E+01
    0.5000000000E+01     -0.5200582027E+01
    0.6000000000E+01     -0.6565600790E+01
    0.7000000000E+01     -0.8048460175E+01
    0.8000000000E+01     -0.9628383174E+01
    0.9000000000E+01     -0.1128939500E+02
    0.1000000000E+02     -0.1301881497E+02
    0.1100000000E+02     -0.1480683872E+02
    0.1200000000E+02     -0.1664488423E+02
    0.1300000000E+02     -0.1852557564E+02
    0.1400000000E+02     -0.2044313812E+02
    0.1500000000E+02     -0.2239182405E+02
    0.1600000000E+02     -0.2436725465E+02
    0.1700000000E+02     -0.2636455769E+02
    0.1800000000E+02     -0.2838054254E+02
    0.1900000000E+02     -0.3041165113E+02
    0.2000000000E+02     -0.3245415860E+02
    0.2100000000E+02     -0.3450585882E+02
    0.2200000000E+02     -0.3656346662E+02
    0.2300000000E+02     -0.3862434072E+02
    0.2400000000E+02     -0.4068579332E+02
    0.2500000000E+02     -0.4274591724E+02
    0.2600000000E+02     -0.4480148364E+02
    0.2700000000E+02     -0.4685056634E+02
    0.2800000000E+02     -0.4889133604E+02
    0.2900000000E+02     -0.5092133646E+02
    0.3000000000E+02     -0.5293762090E+02
    0.3100000000E+02     -0.5493865049E+02
    0.3200000000E+02     -0.5692220439E+02
    0.3300000000E+02     -0.5888677053E+02
    0.3400000000E+02     -0.6083001715E+02
    0.3500000000E+02     -0.6275031458E+02
    0.3600000000E+02     -0.6464698486E+02
    0.3700000000E+02     -0.6651887814E+02
    0.3800000000E+02     -0.6836561606E+02
    0.3900000000E+02     -0.7018654622E+02
    0.4000000000E+02     -0.7198261713E+02
    0.4100000000E+02     -0.7375459200E+02
    0.4200000000E+02     -0.7550282824E+02
    0.4300000000E+02     -0.7722871462E+02
    0.4400000000E+02     -0.7893155035E+02
    0.4500000000E+02     -0.8061319355E+02
    0.4600000000E+02     -0.8227450156E+02
    0.4700000000E+02     -0.8391613459E+02
    0.4800000000E+02     -0.8553927998E+02
    0.4900000000E+02     -0.8714454093E+02
    0.5000000000E+02     -0.8873168925E+02
    0.5100000000E+02     -0.9030212945E+02
    0.5200000000E+02     -0.9185610639E+02
    0.5300000000E+02     -0.9339380768E+02
    0.5400000000E+02     -0.9491590472E+02
    0.5500000000E+02     -0.9642283544E+02
    0.5600000000E+02     -0.9791476626E+02
    0.5700000000E+02     -0.9939177400E+02
    0.5800000000E+02     -0.1008543397E+03
    0.5900000000E+02     -0.1023016677E+03
    0.6000000000E+02     -0.1037351152E+03
    0.6100000000E+02     -0.1051546681E+03
    0.6200000000E+02     -0.1065589586E+03
    0.6300000000E+02     -0.1079493586E+03
    0.6400000000E+02     -0.1093258867E+03
    0.6500000000E+02     -0.1106883014E+03
    0.6600000000E+02     -0.1120366499E+03
    0.6700000000E+02     -0.1133699360E+03
    0.6800000000E+02     -0.1146895794E+03
    0.6900000000E+02     -0.1159944255E+03
    0.7000000000E+02     -0.1172850965E+03
    0.7100000000E+02     -0.1185608821E+03
    0.7200000000E+02     -0.1198222076E+03
    0.7300000000E+02     -0.1210703512E+03
    0.7400000000E+02     -0.1223035465E+03
    0.7500000000E+02     -0.1235221083E+03
    0.7600000000E+02     -0.1247260663E+03
    0.7700000000E+02     -0.1259161362E+03
    0.7800000000E+02     -0.1270910488E+03
    0.7900000000E+02     -0.1282530994E+03
    0.8000000000E+02     -0.1294018996E+03
    0.8100000000E+02     -0.1305362728E+03
    0.8200000000E+02     -0.1316578503E+03
    0.8300000000E+02     -0.1327666007E+03
    0.8400000000E+02     -0.1338622284E+03
    0.8500000000E+02     -0.1349457948E+03
    0.8600000000E+02     -0.1360173982E+03
    0.8700000000E+02     -0.1370772440E+03
    0.8800000000E+02     -0.1381261130E+03
    0.8900000000E+02     -0.1391640621E+03
    0.9000000000E+02     -0.1401906161E+03
    0.9100000000E+02     -0.1412069613E+03
    0.9200000000E+02     -0.1422128322E+03
    0.9300000000E+02     -0.1432080247E+03
    0.9400000000E+02     -0.1441934573E+03
    0.9500000000E+02     -0.1451698227E+03
    0.9600000000E+02     -0.1461362199E+03
    0.9700000000E+02     -0.1470931681E+03
    0.9800000000E+02     -0.1480410506E+03
    0.9900000000E+02     -0.1489797483E+03
    0.1000000000E+03     -0.1499095453E+03
    0.1010000000E+03     -0.1508299868E+03
    0.1020000000E+03     -0.1517405057E+03
    0.1030000000E+03     -0.1526432928E+03
    0.1040000000E+03     -0.1535367566E+03
    0.1050000000E+03     -0.1544208187E+03
    0.1060000000E+03     -0.1552964614E+03
    0.1070000000E+03     -0.1561634560E+03
    0.1080000000E+03     -0.1570221542E+03
    0.1090000000E+03     -0.1578723751E+03
    0.1100000000E+03     -0.1587125685E+03
    0.1110000000E+03     -0.1595441538E+03
    0.1120000000E+03     -0.1603672085E+03
    0.1130000000E+03     -0.1611813316E+03
    0.1140000000E+03     -0.1619867805E+03
    0.1150000000E+03     -0.1627811342E+03
    0.1160000000E+03     -0.1635662826E+03
    0.1170000000E+03     -0.1643425046E+03
    0.1180000000E+03     -0.1651084563E+03
    0.1190000000E+03     -0.1658633463E+03
    0.1200000000E+03     -0.1666067733E+03
    0.1210000000E+03     -0.1673403055E+03
    0.1220000000E+03     -0.1680631588E+03
    0.1230000000E+03     -0.1687746933E+03
    0.1240000000E+03     -0.1694740577E+03
    0.1250000000E+03     -0.1701616425E+03
    0.1260000000E+03     -0.1708375022E+03
    0.1270000000E+03     -0.1715010029E+03
    0.1280000000E+03     -0.1721512053E+03
    0.1290000000E+03     -0.1727884042E+03
    0.1300000000E+03     -0.1734129682E+03
    0.1310000000E+03     -0.1740232292E+03
    0.1320000000E+03     -0.1746194171E+03
    0.1330000000E+03     -0.1752013351E+03
    0.1340000000E+03     -0.1757698159E+03
    0.1350000000E+03     -0.1763218966E+03
    0.1360000000E+03     -0.1768588948E+03
    0.1370000000E+03     -0.1773806441E+03
    0.1380000000E+03     -0.1778858080E+03
    0.1390000000E+03     -0.1783745307E+03
    0.1400000000E+03     -0.1788472788E+03
    0.1410000000E+03     -0.1793029415E+03
    0.1420000000E+03     -0.1797417258E+03
    0.1430000000E+03     -0.1801630396E+03
    0.1440000000E+03     -0.1805684652E+03
    0.1450000000E+03     -0.1809574683E+03
    0.1460000000E+03     -0.1813306022E+03
    0.1470000000E+03     -0.1816864939E+03
    0.1480000000E+03     -0.1820282968E+03
    0.1490000000E+03     -0.1823544102E+03
    0.1500000000E+03     -0.1826665912E+03
    0.1510000000E+03     -0.1829657609E+03
    0.1520000000E+03     -0.1832517035E+03
    0.1530000000E+03     -0.1835259318E+03
    0.1540000000E+03     -0.1837878723E+03
    0.1550000000E+03     -0.1840396881E+03
    0.1560000000E+03     -0.1842822325E+03
    0.1570000000E+03     -0.1845140829E+03
    0.1580000000E+03     -0.1847374550E+03
    0.1590000000E+03     -0.1849516775E+03
    0.1600000000E+03     -0.1851586521E+03
    0.1610000000E+03     -0.1853569244E+03
    0.1620000000E+03     -0.1855490501E+03
    0.1630000000E+03     -0.1857344166E+03
    0.1640000000E+03     -0.1859131702E+03
    0.1650000000E+03     -0.1860866396E+03
    0.1660000000E+03     -0.1862533130E+03
    0.1670000000E+03     -0.1864149202E+03
    0.1680000000E+03     -0.1865720615E+03
    0.1690000000E+03     -0.1867238760E+03
    0.1700000000E+03     -0.1868701517E+03
    0.1710000000E+03     -0.1870113554E+03
    0.1720000000E+03     -0.1871479166E+03
    0.1730000000E+03     -0.1872802198E+03
    0.1740000000E+03     -0.1874080217E+03
    0.1750000000E+03     -0.1875323394E+03
    0.1760000000E+03     -0.1876517875E+03
    0.1770000000E+03     -0.1877672544E+03
    0.1780000000E+03     -0.1878789600E+03
    0.1790000000E+03     -0.1879865735E+03
    0.1800000000E+03     -0.1880903132E+03
    0.1810000000E+03     -0.1881912535E+03
    0.1820000000E+03     -0.1882883108E+03
    0.1830000000E+03     -0.1883826039E+03
    0.1840000000E+03     -0.1884726242E+03
    0.1850000000E+03     -0.1885598496E+03
    0.1860000000E+03     -0.1886432708E+03
    0.1870000000E+03     -0.1887241377E+03
    0.1880000000E+03     -0.1887999926E+03
    0.1890000000E+03     -0.1888728358E+03
    0.1900000000E+03     -0.1889421329E+03
    0.1910000000E+03     -0.1890085946E+03
    0.1920000000E+03     -0.1890724535E+03
    0.1930000000E+03     -0.1891328146E+03
    0.1940000000E+03     -0.1891907202E+03
    0.1950000000E+03     -0.1892448574E+03
    0.1960000000E+03     -0.1892959609E+03
    0.1970000000E+03     -0.1893441404E+03
    0.1980000000E+03     -0.1893891222E+03
    0.1990000000E+03     -0.1894306421E+03
    0.2000000000E+03     -0.1894697082E+03
    0.2010000000E+03     -0.1895069444E+03
    0.2020000000E+03     -0.1895398448E+03
    0.2030000000E+03     -0.1895697971E+03
    0.2040000000E+03     -0.1895962853E+03
    0.2050000000E+03     -0.1896195992E+03
    0.2060000000E+03     -0.1896416578E+03
    0.2070000000E+03     -0.1896599875E+03
    0.2080000000E+03     -0.1896738068E+03
    0.2090000000E+03     -0.1896859738E+03
    0.2100000000E+03     -0.1896943087E+03
    0.2110000000E+03     -0.1896992988E+03
    0.2120000000E+03     -0.1897020452E+03
    0.2130000000E+03     -0.1897001006E+03
    0.2140000000E+03     -0.1896942939E+03
    0.2150000000E+03     -0.1896855167E+03
    0.2160000000E+03     -0.1896728638E+03
    0.2170000000E+03     -0.1896573504E+03
    0.2180000000E+03     -0.1896384319E+03
    0.2190000000E+03     -0.1896157222E+03
    0.2200000000E+03     -0.1895893839E+03
    0.2210000000E+03     -0.1895569286E+03
    0.2220000000E+03     -0.1895197871E+03
    0.2230000000E+03     -0.1894798273E+03
    0.2240000000E+03     -0.1894358836E+03
    0.2250000000E+03     -0.1893852354E+03
    0.2260000000E+03     -0.1893319963E+03
    0.2270000000E+03     -0.1892751657E+03
    0.2280000000E+03     -0.1892106669E+03
    0.2290000000E+03     -0.1891405971E+03
    0.2300000000E+03     -0.1890650841E+03
    0.2310000000E+03     -0.1889843222E+03
    0.2320000000E+03     -0.1888959428E+03
    0.2330000000E+03     -0.1887972756E+03
    0.2340000000E+03     -0.1886895946E+03
    0.2350000000E+03     -0.1885754661E+03
    0.2360000000E+03     -0.1884539877E+03
    0.2370000000E+03     -0.1883220724E+03
    0.2380000000E+03     -0.1881815201E+03
    0.2390000000E+03     -0.1880271278E+03
    0.2400000000E+03     -0.1878595496E+03
    0.2410000000E+03     -0.1876780354E+03
    0.2420000000E+03     -0.1874862934E+03
    0.2430000000E+03     -0.1872781558E+03
    0.2440000000E+03     -0.1870525558E+03
    0.2450000000E+03     -0.1868083630E+03
    0.2460000000E+03     -0.1865473664E+03
    0.2470000000E+03     -0.1862694398E+03
    0.2480000000E+03     -0.1859715263E+03
    0.2490000000E+03     -0.1856559035E+03
    0.2500000000E+03     -0.1853217176E+03
    0.2510000000E+03     -0.1849723849E+03
    0.2520000000E+03     -0.1846022694E+03
    0.2530000000E+03     -0.1842162936E+03
    0.2540000000E+03     -0.1838130611E+03
    0.2550000000E+03     -0.1833926040E+03
    0.2560000000E+03     -0.1829608191E+03
    0.2570000000E+03     -0.1825145946E+03
    0.2580000000E+03     -0.1820550860E+03
    0.2590000000E+03     -0.1815749785E+03
    0.2600000000E+03     -0.1810869537E+03
    0.2610000000E+03     -0.1805847273E+03
    0.2620000000E+03     -0.1800736020E+03
    0.2630000000E+03     -0.1795441347E+03
    0.2640000000E+03     -0.1790028897E+03
    0.2650000000E+03     -0.1784571938E+03
    0.2660000000E+03     -0.1778930305E+03
    0.2670000000E+03     -0.1773195454E+03
    0.2680000000E+03     -0.1767344141E+03
    0.2690000000E+03     -0.1761398104E+03
    0.2700000000E+03     -0.1755330270E+03
    0.2710000000E+03     -0.1749175050E+03
    0.2720000000E+03     -0.1742940205E+03
    0.2730000000E+03     -0.1736584435E+03
    0.2740000000E+03     -0.1730121424E+03
    0.2750000000E+03     -0.1723580917E+03
    0.2760000000E+03     -0.1716964081E+03
    0.2770000000E+03     -0.1710239175E+03
    0.2780000000E+03     -0.1703456189E+03
    0.2790000000E+03     -0.1696554859E+03
    0.2800000000E+03     -0.1689593258E+03
    0.2810000000E+03     -0.1682526377E+03
    0.2820000000E+03     -0.1675357806E+03
    0.2830000000E+03     -0.1668150802E+03
    0.2840000000E+03     -0.1660810807E+03
    0.2850000000E+03     -0.1653439134E+03
    0.2860000000E+03     -0.1645960575E+03
    0.2870000000E+03     -0.1638382785E+03
    0.2880000000E+03     -0.1630722954E+03
    0.2890000000E+03     -0.1622951833E+03
    0.2900000000E+03     -0.1615109113E+03
    0.2910000000E+03     -0.1607178770E+03
    0.2920000000E+03     -0.1599176718E+03
    0.2930000000E+03     -0.1591022375E+03
    0.2940000000E+03     -0.1582806142E+03
    0.2950000000E+03     -0.1574612922E+03
    0.2960000000E+03     -0.1566173851E+03
    0.2970000000E+03     -0.1557664123E+03
    0.2980000000E+03     -0.1549055435E+03
    0.2990000000E+03     -0.1540276633E+03
    0.3000000000E+03     -0.1531425616E+03
    0.3010000000E+03     -0.1522435263E+03
    0.3020000000E+03     -0.1513293306E+03
    0.3030000000E+03     -0.1503979298E+03
    0.3040000000E+03     -0.1494563808E+03
    0.3050000000E+03     -0.1485121286E+03
    0.3060000000E+03     -0.1475460192E+03
    0.3070000000E+03     -0.1465684165E+03
    0.3080000000E+03     -0.1455779524E+03
    0.3090000000E+03     -0.1445734339E+03
    0.3100000000E+03     -0.1435574528E+03
    0.3110000000E+03     -0.1425230835E+03
    0.3120000000E+03     -0.1414771383E+03
    0.3130000000E+03     -0.1404154062E+03
    0.3140000000E+03     -0.1393438085E+03
    0.3150000000E+03     -0.1382565945E+03
    0.3160000000E+03     -0.1371555323E+03
    0.3170000000E+03     -0.1360423349E+03
    0.3180000000E+03     -0.1349137751E+03
    0.3190000000E+03     -0.1337754591E+03
    0.3200000000E+03     -0.1326181063E+03
    0.3210000000E+03     -0.1314518174E+03
    0.3220000000E+03     -0.1302710674E+03
    0.3230000000E+03     -0.1290679454E+03
    0.3240000000E+03     -0.1278558041E+03
    0.3250000000E+03     -0.1266330393E+03
    0.3260000000E+03     -0.1253933100E+03
    0.3270000000E+03     -0.1241334585E+03
    0.3280000000E+03     -0.1228626415E+03
    0.3290000000E+03     -0.1215750257E+03
    0.3300000000E+03     -0.1202687915E+03
    0.3310000000E+03     -0.1189435316E+03
    0.3320000000E+03     -0.1175986638E+03
    0.3330000000E+03     -0.1162308931E+03
    0.3340000000E+03     -0.1148440732E+03
    0.3350000000E+03     -0.1134372123E+03
    0.3360000000E+03     -0.1120015551E+03
    0.3370000000E+03     -0.1105441191E+03
    0.3380000000E+03     -0.1090628618E+03
    0.3390000000E+03     -0.1075567044E+03
    0.3400000000E+03     -0.1060284805E+03
    0.3410000000E+03     -0.1044848678E+03
    0.3420000000E+03     -0.1029244526E+03
    0.3430000000E+03     -0.1013442912E+03
    0.3440000000E+03     -0.9975772861E+02
    0.3450000000E+03     -0.9815840547E+02
    0.3460000000E+03     -0.9655057985E+02
    0.3470000000E+03     -0.9493360381E+02
    0.3480000000E+03     -0.9330622538E+02
    0.3490000000E+03     -0.9168127453E+02
    0.3500000000E+03     -0.9006203593E+02
    0.3510000000E+03     -0.8842508434E+02
    0.3520000000E+03     -0.8678998348E+02
    0.3530000000E+03     -0.8515477585E+02
    0.3540000000E+03     -0.8351481833E+02
    0.3550000000E+03     -0.8187039437E+02
    0.3560000000E+03     -0.8023349378E+02
    0.3570000000E+03     -0.7858793180E+02
    0.3580000000E+03     -0.7694584604E+02
    0.3590000000E+03     -0.7531432776E+02
    0.3600000000E+03     -0.7368451810E+02
    0.3610000000E+03     -0.7205632719E+02
    0.3620000000E+03     -0.7043168402E+02
    0.3630000000E+03     -0.6881404545E+02
    0.3640000000E+03     -0.6721035299E+02
    0.3650000000E+03     -0.6560046203E+02
    0.3660000000E+03     -0.6399884714E+02
    0.3670000000E+03     -0.6241467212E+02
    0.3680000000E+03     -0.6083428637E+02
    0.3690000000E+03     -0.5925968992E+02
    0.3700000000E+03     -0.5769993150E+02
    0.3710000000E+03     -0.5614661977E+02
    0.3720000000E+03     -0.5460178207E+02
    0.3730000000E+03     -0.5306774284E+02
    0.3740000000E+03     -0.5154829507E+02
    0.3750000000E+03     -0.5004135789E+02
    0.3760000000E+03     -0.4853733849E+02
    0.3770000000E+03     -0.4705736510E+02
    0.3780000000E+03     -0.4559635726E+02
    0.3790000000E+03     -0.4414393184E+02
    0.3800000000E+03     -0.4268929175E+02
    0.3810000000E+03     -0.4126791311E+02
    0.3820000000E+03     -0.3987008026E+02
    0.3830000000E+03     -0.3848516935E+02
    0.3840000000E+03     -0.3711168117E+02
    0.3850000000E+03     -0.3575277238E+02
    0.3860000000E+03     -0.3441705826E+02
    0.3870000000E+03     -0.3310091884E+02
    0.3880000000E+03     -0.3180262168E+02
    0.3890000000E+03     -0.3052249727E+02
    0.3900000000E+03     -0.2926211054E+02
    0.3910000000E+03     -0.2802155296E+02
    0.3920000000E+03     -0.2680844892E+02
    0.3930000000E+03     -0.2562211681E+02
    0.3940000000E+03     -0.2446282398E+02
    0.3950000000E+03     -0.2331447019E+02
    0.3960000000E+03     -0.2219961951E+02
    0.3970000000E+03     -0.2111517692E+02
    0.3980000000E+03     -0.2005121005E+02
    0.3990000000E+03     -0.1900988749E+02
    0.4000000000E+03     -0.1799298774E+02
    0.4010000000E+03     -0.1701879656E+02
    0.4020000000E+03     -0.1606161295E+02
    0.4030000000E+03     -0.1511817445E+02
    0.4040000000E+03     -0.1421018569E+02
    0.4050000000E+03     -0.1332857573E+02
    0.4060000000E+03     -0.1248039190E+02
    0.4070000000E+03     -0.1167096624E+02
    0.4080000000E+03     -0.1089500845E+02
    0.4090000000E+03     -0.1015403507E+02
    0.4100000000E+03     -0.9440812768E+01
    0.4110000000E+03     -0.8771667526E+01
    0.4120000000E+03     -0.8122280260E+01
    0.4130000000E+03     -0.7535458558E+01
    0.4140000000E+03     -0.6971884997E+01
    0.4150000000E+03     -0.6427280119E+01
    0.4160000000E+03     -0.5949770268E+01
    0.4170000000E+03     -0.5495852667E+01
    0.4180000000E+03     -0.5072627331E+01
    0.4190000000E+03     -0.4680368023E+01
    0.4200000000E+03     -0.4331219239E+01
    0.4210000000E+03     -0.4036107145E+01
    0.4220000000E+03     -0.3774588531E+01
    0.4230000000E+03     -0.3543781953E+01
    0.4240000000E+03     -0.3380048664E+01
    0.4250000000E+03     -0.3265081649E+01
    0.4260000000E+03     -0.3175849485E+01
    0.4270000000E+03     -0.3152189888E+01
    0.4280000000E+03     -0.3154781424E+01
    0.4290000000E+03     -0.3213033226E+01
    0.4300000000E+03     -0.3305025109E+01
    0.4310000000E+03     -0.3467800981E+01
    0.4320000000E+03     -0.3687806264E+01
    0.4330000000E+03     -0.3949711161E+01
    0.4340000000E+03     -0.4262933945E+01
    0.4350000000E+03     -0.4624598523E+01
    0.4360000000E+03     -0.5032005471E+01
    0.4370000000E+03     -0.5504870969E+01
    0.4380000000E+03     -0.6026496243E+01
    0.4390000000E+03     -0.6632046639E+01
    0.4400000000E+03     -0.7257034413E+01
    0.4410000000E+03     -0.7941047479E+01
    0.4420000000E+03     -0.8667997899E+01
    0.4430000000E+03     -0.9457185528E+01
    0.4440000000E+03     -0.1030033560E+02
    0.4450000000E+03     -0.1122729916E+02
    0.4460000000E+03     -0.1220636834E+02
    0.4470000000E+03     -0.1325047707E+02
    0.4480000000E+03     -0.1434700855E+02
    0.4490000000E+03     -0.1551553484E+02
    0.4500000000E+03     -0.1674227998E+02
    0.4510000000E+03     -0.1803597418E+02
    0.4520000000E+03     -0.1939152326E+02
    0.4530000000E+03     -0.2082936044E+02
    0.4540000000E+03     -0.2233139971E+02
    0.4550000000E+03     -0.2392023882E+02
    0.4560000000E+03     -0.2555203046E+02
    0.4570000000E+03     -0.2726450590E+02
    0.4580000000E+03     -0.2906855268E+02
    0.4590000000E+03     -0.3092275902E+02
    0.4600000000E+03     -0.3281340256E+02
    0.4610000000E+03     -0.3480259643E+02
    0.4620000000E+03     -0.3685816444E+02
    0.4630000000E+03     -0.3903696367E+02
    0.4640000000E+03     -0.4126511632E+02
    0.4650000000E+03     -0.4357980441E+02
    0.4660000000E+03     -0.4592628049E+02
    0.4670000000E+03     -0.4836976485E+02
    0.4680000000E+03     -0.5090916255E+02
    0.4690000000E+03     -0.5360553507E+02
    0.4700000000E+03     -0.5629986885E+02
    0.4710000000E+03     -0.5911764567E+02
    0.4720000000E+03     -0.6194927913E+02
    0.4730000000E+03     -0.6491177212E+02
    0.4740000000E+03     -0.6797438022E+02
    0.4750000000E+03     -0.7109231755E+02
    0.4760000000E+03     -0.7434218596E+02
    0.4770000000E+03     -0.7766558318E+02
    0.4780000000E+03     -0.8104900256E+02
    0.4790000000E+03     -0.8452873557E+02
    0.4800000000E+03     -0.8818273426E+02
    0.4810000000E+03     -0.9191884931E+02
    0.4820000000E+03     -0.9568837525E+02
    0.4830000000E+03     -0.9956284310E+02
    0.4840000000E+03     -0.1035180724E+03
    0.4850000000E+03     -0.1076184178E+03
