    0.00000000E+00       9.412203329727665644E-10
    1.00000000E+00      -6.057390605155325760E-04
    2.00000000E+00      -4.043569114831269129E-02
    3.00000000E+00      -1.197840807191664914E-01
    4.00000000E+00      -2.387722229958769427E-01
    5.00000000E+00      -3.977135183927005269E-01
    6.00000000E+00      -5.969344081014618109E-01
    7.00000000E+00      -8.367077823316448892E-01
    8.00000000E+00      -1.117193753314084548E+00
    9.00000000E+00      -1.438698980441722730E+00
    1.00000000E+01      -1.801673127380299277E+00
    1.10000000E+01      -2.206582283613186313E+00
    1.20000000E+01      -2.652907486493812250E+00
    1.30000000E+01      -3.141949577127177040E+00
    1.40000000E+01      -3.673756381498021639E+00
    1.50000000E+01      -4.248992679350843460E+00
    1.60000000E+01      -4.867855401471299359E+00
    1.70000000E+01      -5.531343105468926602E+00
    1.80000000E+01      -6.239560368259969181E+00
    1.90000000E+01      -6.992851391775936953E+00
    2.00000000E+01      -7.791538181197084967E+00
    2.10000000E+01      -8.637076152738002222E+00
    2.20000000E+01      -9.529684465660364978E+00
    2.30000000E+01      -1.046961041683564275E+01
    2.40000000E+01      -1.145916944826678119E+01
    2.50000000E+01      -1.249826362814292224E+01
    2.60000000E+01      -1.358664649822030768E+01
    2.70000000E+01      -1.472734352266900260E+01
    2.80000000E+01      -1.592092655386027644E+01
    2.90000000E+01      -1.716623509940581727E+01
    3.00000000E+01      -1.846840503790937760E+01
    3.10000000E+01      -1.982283841047421902E+01
    3.20000000E+01      -2.123464290347951078E+01
    3.30000000E+01      -2.270418288295755360E+01
    3.40000000E+01      -2.423136659280015692E+01
    3.50000000E+01      -2.582110968757120872E+01
    3.60000000E+01      -2.747246219775354348E+01
    3.70000000E+01      -2.918720005152900399E+01
    3.80000000E+01      -3.096397505202199341E+01
    3.90000000E+01      -3.281062799091574789E+01
    4.00000000E+01      -3.472217031134897525E+01
    4.10000000E+01      -3.670408888613695808E+01
    4.20000000E+01      -3.875229265158225189E+01
    4.30000000E+01      -4.087348650152415530E+01
    4.40000000E+01      -4.306904721402247560E+01
    4.50000000E+01      -4.533409340902403528E+01
    4.60000000E+01      -4.766893860641550873E+01
    4.70000000E+01      -5.008079999326650977E+01
    4.80000000E+01      -5.256602322672267746E+01
    4.90000000E+01      -5.512452903682947181E+01
    5.00000000E+01      -5.775189897544237283E+01
    5.10000000E+01      -6.045062291357783124E+01
    5.20000000E+01      -6.322149533449976389E+01
    5.30000000E+01      -6.606044545472718710E+01
    5.40000000E+01      -6.897173891793090661E+01
    5.50000000E+01      -7.194650268213217714E+01
    5.60000000E+01      -7.499029047781527879E+01
    5.70000000E+01      -7.809287275817609952E+01
    5.80000000E+01      -8.125385219333293207E+01
    5.90000000E+01      -8.446486919893095546E+01
    6.00000000E+01      -8.773560140862036860E+01
    6.10000000E+01      -9.105685393121370907E+01
    6.20000000E+01      -9.442831224370684140E+01
    6.30000000E+01      -9.784513410247927823E+01
    6.40000000E+01      -1.013029262385437050E+02
    6.50000000E+01      -1.047999454557655099E+02
    6.60000000E+01      -1.083389611209113355E+02
    6.70000000E+01      -1.119093843723493364E+02
    6.80000000E+01      -1.155186778573579431E+02
    6.90000000E+01      -1.191478056735344353E+02
    7.00000000E+01      -1.228141832488037153E+02
    7.10000000E+01      -1.265122142750961984E+02
    7.20000000E+01      -1.302364517523873815E+02
    7.30000000E+01      -1.339921668282216274E+02
    7.40000000E+01      -1.377675975677710198E+02
    7.50000000E+01      -1.415790966408944769E+02
    7.60000000E+01      -1.454000528843177449E+02
    7.70000000E+01      -1.492474699382194956E+02
    7.80000000E+01      -1.531045135999299305E+02
    7.90000000E+01      -1.569947540431222137E+02
    8.00000000E+01      -1.609019710815834969E+02
    8.10000000E+01      -1.648158364887237894E+02
    8.20000000E+01      -1.687561490717149582E+02
    8.30000000E+01      -1.727173117520859478E+02
    8.40000000E+01      -1.766932083575028400E+02
    8.50000000E+01      -1.806891680448886746E+02
    8.60000000E+01      -1.846976006292136390E+02
    8.70000000E+01      -1.887238731137356353E+02
    8.80000000E+01      -1.927697953878594035E+02
    8.90000000E+01      -1.968308461922972583E+02
    9.00000000E+01      -2.009055809217875321E+02
    9.10000000E+01      -2.049896913446241342E+02
    9.20000000E+01      -2.090898195673435112E+02
    9.30000000E+01      -2.132079318220471578E+02
    9.40000000E+01      -2.173470323269521032E+02
    9.50000000E+01      -2.214864475446461256E+02
    9.60000000E+01      -2.256523204458367218E+02
    9.70000000E+01      -2.298234181039465511E+02
    9.80000000E+01      -2.340003022727123607E+02
    9.90000000E+01      -2.381905062210066717E+02
    1.00000000E+02      -2.423829445508699791E+02
    1.01000000E+02      -2.465980989892677826E+02
    1.02000000E+02      -2.508192300048276593E+02
    1.03000000E+02      -2.550624361815284828E+02
    1.04000000E+02      -2.593006997228158070E+02
    1.05000000E+02      -2.635503370684473339E+02
    1.06000000E+02      -2.678180084920049921E+02
    1.07000000E+02      -2.720944503217901911E+02
    1.08000000E+02      -2.763851223225510694E+02
    1.09000000E+02      -2.806798999906791323E+02
    1.10000000E+02      -2.849980093735284754E+02
    1.11000000E+02      -2.893246715053301159E+02
    1.12000000E+02      -2.936478566678083553E+02
    1.13000000E+02      -2.979884048606677425E+02
    1.14000000E+02      -3.023432293058704090E+02
    1.15000000E+02      -3.067183836099766268E+02
    1.16000000E+02      -3.111036138048375506E+02
    1.17000000E+02      -3.155100626447547256E+02
    1.18000000E+02      -3.199276519814393396E+02
    1.19000000E+02      -3.243578283146848662E+02
    1.20000000E+02      -3.288144646340533654E+02
    1.21000000E+02      -3.332651593453115311E+02
    1.22000000E+02      -3.377401229775823595E+02
    1.23000000E+02      -3.422303244182776325E+02
    1.24000000E+02      -3.467218552694921527E+02
    1.25000000E+02      -3.512389048127670321E+02
    1.26000000E+02      -3.557710591376308003E+02
    1.27000000E+02      -3.603307241387474278E+02
    1.28000000E+02      -3.649072473165424526E+02
    1.29000000E+02      -3.695042166208604613E+02
    1.30000000E+02      -3.741111799501941277E+02
    1.31000000E+02      -3.787641091404675535E+02
    1.32000000E+02      -3.834228198655810047E+02
    1.33000000E+02      -3.881172111243131440E+02
    1.34000000E+02      -3.928172371684677273E+02
    1.35000000E+02      -3.975289769562496076E+02
    1.36000000E+02      -4.022883460225402814E+02
    1.37000000E+02      -4.070717663161431119E+02
    1.38000000E+02      -4.118749075201612868E+02
    1.39000000E+02      -4.166897988674400040E+02
    1.40000000E+02      -4.215461280934523529E+02
    1.41000000E+02      -4.264220638458928079E+02
    1.42000000E+02      -4.313221379712813359E+02
    1.43000000E+02      -4.362471400652757438E+02
    1.44000000E+02      -4.412037208557785561E+02
    1.45000000E+02      -4.461987805507233134E+02
    1.46000000E+02      -4.511910030739518334E+02
    1.47000000E+02      -4.562236765001798631E+02
    1.48000000E+02      -4.612903473561991632E+02
    1.49000000E+02      -4.663727385721504106E+02
    1.50000000E+02      -4.714746309218307943E+02
    1.51000000E+02      -4.766064715011889348E+02
    1.52000000E+02      -4.818822465787852707E+02
    1.53000000E+02      -4.870457288006055023E+02
    1.54000000E+02      -4.922282839445661011E+02
    1.55000000E+02      -4.974805620041852308E+02
    1.56000000E+02      -5.026956627523941279E+02
    1.57000000E+02      -5.079186505679062975E+02
    1.58000000E+02      -5.131696778095338232E+02
    1.59000000E+02      -5.184264637205951658E+02
    1.60000000E+02      -5.236866194528402048E+02
    1.61000000E+02      -5.289584967937253168E+02
    1.62000000E+02      -5.342339346247063077E+02
    1.63000000E+02      -5.395221045162461451E+02
    1.64000000E+02      -5.448232189516338622E+02
    1.65000000E+02      -5.501189204124339085E+02
    1.66000000E+02      -5.554224488812433265E+02
    1.67000000E+02      -5.607296903274454962E+02
    1.68000000E+02      -5.660426431179075735E+02
    1.69000000E+02      -5.713535093333093755E+02
    1.70000000E+02      -5.766580554686988762E+02
    1.71000000E+02      -5.819505816339842568E+02
    1.72000000E+02      -5.872603494072754984E+02
    1.73000000E+02      -5.925513617060314573E+02
    1.74000000E+02      -5.978314585672433168E+02
    1.75000000E+02      -6.031139404943014597E+02
    1.76000000E+02      -6.083759113456389969E+02
    1.77000000E+02      -6.136465787144425121E+02
    1.78000000E+02      -6.189093960958771277E+02
    1.79000000E+02      -6.241417076264951902E+02
    1.80000000E+02      -6.293704531393877915E+02
    1.81000000E+02      -6.345962345263042153E+02
    1.82000000E+02      -6.398116949768209452E+02
    1.83000000E+02      -6.450149509358407158E+02
    1.84000000E+02      -6.502068425772677074E+02
    1.85000000E+02      -6.553925966377209988E+02
    1.86000000E+02      -6.605539710080529403E+02
    1.87000000E+02      -6.656975874310192012E+02
    1.88000000E+02      -6.708113448196500030E+02
    1.89000000E+02      -6.759145214954405674E+02
    1.90000000E+02      -6.810188267884486777E+02
    1.91000000E+02      -6.860953357315174799E+02
    1.92000000E+02      -6.911129121880194361E+02
    1.93000000E+02      -6.961681355303244345E+02
    1.94000000E+02      -7.012096104804672905E+02
    1.95000000E+02      -7.061943075367485108E+02
    1.96000000E+02      -7.112124105094626429E+02
    1.97000000E+02      -7.162198896743880141E+02
    1.98000000E+02      -7.212061030250724798E+02
    1.99000000E+02      -7.261659090059706614E+02
    2.00000000E+02      -7.311228577182187109E+02
    2.01000000E+02      -7.360637701221394309E+02
    2.02000000E+02      -7.409998319612400337E+02
    2.03000000E+02      -7.459213645796853598E+02
    2.04000000E+02      -7.508408254911505537E+02
    2.05000000E+02      -7.557493148178136835E+02
    2.06000000E+02      -7.606507992480173925E+02
    2.07000000E+02      -7.655499318163574571E+02
    2.08000000E+02      -7.704590795380750023E+02
    2.09000000E+02      -7.753648049259068102E+02
    2.10000000E+02      -7.802491359695991378E+02
    2.11000000E+02      -7.851455431301401404E+02
    2.12000000E+02      -7.900674944614247579E+02
    2.13000000E+02      -7.949827146492825705E+02
    2.14000000E+02      -7.999139288566520918E+02
    2.15000000E+02      -8.048563014121045853E+02
    2.16000000E+02      -8.098170185336975919E+02
    2.17000000E+02      -8.147905236047108701E+02
    2.18000000E+02      -8.197796470739667711E+02
    2.19000000E+02      -8.248059322832632461E+02
    2.20000000E+02      -8.298512177889751911E+02
    2.21000000E+02      -8.349059771438701318E+02
    2.22000000E+02      -8.399928462560428670E+02
    2.23000000E+02      -8.451649635585877149E+02
    2.24000000E+02      -8.502842459516655254E+02
    2.25000000E+02      -8.554139549330679984E+02
    2.26000000E+02      -8.605742095659347797E+02
    2.27000000E+02      -8.658003494727545331E+02
    2.28000000E+02      -8.710414379336457387E+02
    2.29000000E+02      -8.762851542457578944E+02
    2.30000000E+02      -8.815644034248362004E+02
    2.31000000E+02      -8.868966517375229159E+02
    2.32000000E+02      -8.922085959902497052E+02
    2.33000000E+02      -8.975470303294468977E+02
    2.34000000E+02      -9.029384489513777226E+02
    2.35000000E+02      -9.083386522004848302E+02
    2.36000000E+02      -9.137297890389663735E+02
    2.37000000E+02      -9.191947198037432827E+02
    2.38000000E+02      -9.246458586147800816E+02
    2.39000000E+02      -9.301303708434015789E+02
    2.40000000E+02      -9.356252496848628653E+02
    2.41000000E+02      -9.411635459597982845E+02
    2.42000000E+02      -9.468040511980470910E+02
    2.43000000E+02      -9.523564348727131801E+02
    2.44000000E+02      -9.579219358886189184E+02
    2.45000000E+02      -9.635596059127146873E+02
    2.46000000E+02      -9.691657352752436054E+02
    2.47000000E+02      -9.747833605191904098E+02
    2.48000000E+02      -9.804031078137863915E+02
    2.49000000E+02      -9.860431360876787039E+02
    2.50000000E+02      -9.917213637722388739E+02
    2.51000000E+02      -9.973719984158174157E+02
    2.52000000E+02      -1.003029411755690944E+03
    2.53000000E+02      -1.008729318445617537E+03
    2.54000000E+02      -1.014418256520744762E+03
    2.55000000E+02      -1.020109469457105206E+03
    2.56000000E+02      -1.025852116554340682E+03
    2.57000000E+02      -1.031565644501820771E+03
    2.58000000E+02      -1.037286842510071438E+03
    2.59000000E+02      -1.043039811922511490E+03
    2.60000000E+02      -1.048792991953918772E+03
    2.61000000E+02      -1.054574381168752552E+03
    2.62000000E+02      -1.060264684066022483E+03
    2.63000000E+02      -1.066009352028342619E+03
    2.64000000E+02      -1.071782654548357641E+03
    2.65000000E+02      -1.077478165529173111E+03
    2.66000000E+02      -1.083273251805106156E+03
    2.67000000E+02      -1.089044867009981544E+03
    2.68000000E+02      -1.094798336882982994E+03
    2.69000000E+02      -1.100603237901017337E+03
    2.70000000E+02      -1.106415837959265900E+03
    2.71000000E+02      -1.112248406088968977E+03
    2.72000000E+02      -1.118071120067736274E+03
    2.73000000E+02      -1.123893996635154281E+03
    2.74000000E+02      -1.129711221750895902E+03
    2.75000000E+02      -1.135555085594823595E+03
    2.76000000E+02      -1.141425382306849087E+03
    2.77000000E+02      -1.147299063841681800E+03
    2.78000000E+02      -1.153228893499767310E+03
    2.79000000E+02      -1.159116220558069472E+03
    2.80000000E+02      -1.165034758405542561E+03
    2.81000000E+02      -1.171016850959780186E+03
    2.82000000E+02      -1.176993692897987330E+03
    2.83000000E+02      -1.182929248186521363E+03
    2.84000000E+02      -1.188894343105439475E+03
    2.85000000E+02      -1.194862409173894775E+03
    2.86000000E+02      -1.200853778414634689E+03
    2.87000000E+02      -1.206886632923206889E+03
    2.88000000E+02      -1.212970646502526506E+03
    2.89000000E+02      -1.219050198729382828E+03
    2.90000000E+02      -1.225181903900742327E+03
    2.91000000E+02      -1.231357178972663860E+03
    2.92000000E+02      -1.237569942883627846E+03
    2.93000000E+02      -1.243826133052671139E+03
    2.94000000E+02      -1.250108870600708542E+03
    2.95000000E+02      -1.256338853514722359E+03
    2.96000000E+02      -1.262776335940232457E+03
    2.97000000E+02      -1.269221434689859962E+03
    2.98000000E+02      -1.275704765937842240E+03
    2.99000000E+02      -1.282299738760635591E+03
    3.00000000E+02      -1.288910364945071706E+03
    3.01000000E+02      -1.295614167014078703E+03
    3.02000000E+02      -1.302384049971304194E+03
    3.03000000E+02      -1.309274112934930599E+03
    3.04000000E+02      -1.316254247234483046E+03
    3.05000000E+02      -1.323282415079164821E+03
    3.06000000E+02      -1.330286184915144077E+03
    3.07000000E+02      -1.337451740363628687E+03
    3.08000000E+02      -1.344723595536942412E+03
    3.09000000E+02      -1.351987720008995439E+03
    3.10000000E+02      -1.359411927794874373E+03
    3.11000000E+02      -1.366926549042761508E+03
    3.12000000E+02      -1.374529965954508043E+03
    3.13000000E+02      -1.382218314679507785E+03
    3.14000000E+02      -1.389957907173558397E+03
    3.15000000E+02      -1.397779654866924830E+03
    3.16000000E+02      -1.405674113122125618E+03
    3.17000000E+02      -1.413646976891464874E+03
    3.18000000E+02      -1.421628318055077443E+03
    3.19000000E+02      -1.429699322928510810E+03
    3.20000000E+02      -1.437850071498868601E+03
    3.21000000E+02      -1.446002005913038374E+03
    3.22000000E+02      -1.454327706212786779E+03
    3.23000000E+02      -1.462685161634961105E+03
    3.24000000E+02      -1.471099525783673926E+03
    3.25000000E+02      -1.479579712127481343E+03
    3.26000000E+02      -1.488128504637417791E+03
    3.27000000E+02      -1.496715647262113634E+03
    3.28000000E+02      -1.505314738013260467E+03
    3.29000000E+02      -1.514032912055177803E+03
    3.30000000E+02      -1.522789922155147906E+03
    3.31000000E+02      -1.531595958497267020E+03
    3.32000000E+02      -1.540427174722409291E+03
    3.33000000E+02      -1.549331571072911174E+03
    3.34000000E+02      -1.558277025458313574E+03
    3.35000000E+02      -1.567250637431850919E+03
    3.36000000E+02      -1.576238664721429359E+03
    3.37000000E+02      -1.585313660365006172E+03
    3.38000000E+02      -1.594390846454540906E+03
    3.39000000E+02      -1.603538083836746637E+03
    3.40000000E+02      -1.612729012549517847E+03
    3.41000000E+02      -1.621951008137007420E+03
    3.42000000E+02      -1.631237927462947937E+03
    3.43000000E+02      -1.640571718535578384E+03
    3.44000000E+02      -1.649914850743512488E+03
    3.45000000E+02      -1.659286035365164253E+03
    3.46000000E+02      -1.668721776630145996E+03
    3.47000000E+02      -1.678178404875370461E+03
    3.48000000E+02      -1.687688575992827737E+03
    3.49000000E+02      -1.697229394088474919E+03
    3.50000000E+02      -1.706724797680553365E+03
    3.51000000E+02      -1.716319320600361607E+03
    3.52000000E+02      -1.725950686849937256E+03
    3.53000000E+02      -1.735631858593103516E+03
    3.54000000E+02      -1.745349849184674895E+03
    3.55000000E+02      -1.755010285326478879E+03
    3.56000000E+02      -1.764736439249945533E+03
    3.57000000E+02      -1.774542030448507830E+03
    3.58000000E+02      -1.784364476529699687E+03
    3.59000000E+02      -1.794223303644900625E+03
    3.60000000E+02      -1.804056444079684525E+03
    3.61000000E+02      -1.813913730128784209E+03
    3.62000000E+02      -1.823793488028635466E+03
    3.63000000E+02      -1.833776266240854056E+03
    3.64000000E+02      -1.843742676682896672E+03
    3.65000000E+02      -1.853726752387153510E+03
    3.66000000E+02      -1.863780751412737573E+03
    3.67000000E+02      -1.873849004040971749E+03
    3.68000000E+02      -1.883915526393092932E+03
    3.69000000E+02      -1.894044596986710530E+03
    3.70000000E+02      -1.904160180660567903E+03
    3.71000000E+02      -1.914334536620230210E+03
    3.72000000E+02      -1.924475256125594569E+03
    3.73000000E+02      -1.934771440655450760E+03
    3.74000000E+02      -1.944968411317760001E+03
    3.75000000E+02      -1.955198686743852704E+03
    3.76000000E+02      -1.965440287934680327E+03
    3.77000000E+02      -1.975783592423503706E+03
    3.78000000E+02      -1.986025193592679670E+03
    3.79000000E+02      -1.996368913180151594E+03
    3.80000000E+02      -2.006738890712232433E+03
    3.81000000E+02      -2.017089515871127333E+03
    3.82000000E+02      -2.027479376478376025E+03
    3.83000000E+02      -2.037914130636107984E+03
    3.84000000E+02      -2.048420700534035859E+03
    3.85000000E+02      -2.058881680155291178E+03
    3.86000000E+02      -2.069331505242800176E+03
    3.87000000E+02      -2.079798324232369851E+03
    3.88000000E+02      -2.090340831562638414E+03
    3.89000000E+02      -2.100870347926606883E+03
    3.90000000E+02      -2.111434206920346242E+03
    3.91000000E+02      -2.121981416184841237E+03
    3.92000000E+02      -2.132522947416584429E+03
    3.93000000E+02      -2.143069212367992805E+03
    3.94000000E+02      -2.153671473195061935E+03
    3.95000000E+02      -2.164334494160528266E+03
    3.96000000E+02      -2.174989208081560719E+03
    3.97000000E+02      -2.185555921320519701E+03
    3.98000000E+02      -2.196315822569229113E+03
    3.99000000E+02      -2.206999795758182700E+03
    4.00000000E+02      -2.217682720464416889E+03
    4.01000000E+02      -2.228334024258851059E+03
    4.02000000E+02      -2.239051828982771895E+03
    4.03000000E+02      -2.249778117366992774E+03
    4.04000000E+02      -2.260505007373322769E+03
    4.05000000E+02      -2.271212992091725937E+03
    4.06000000E+02      -2.282034250634984801E+03
    4.07000000E+02      -2.292765165536753557E+03
    4.08000000E+02      -2.303470720249080841E+03
    4.09000000E+02      -2.314256393141268290E+03
    4.10000000E+02      -2.325023358545559404E+03
    4.11000000E+02      -2.335928868898108703E+03
    4.12000000E+02      -2.346690547243910260E+03
    4.13000000E+02      -2.357521366670317548E+03
    4.14000000E+02      -2.368352024949497263E+03
    4.15000000E+02      -2.379157500747261565E+03
    4.16000000E+02      -2.390009430197086658E+03
    4.17000000E+02      -2.400841636711003048E+03
    4.18000000E+02      -2.411610993321486603E+03
    4.19000000E+02      -2.422482235358580510E+03
    4.20000000E+02      -2.433346226246721926E+03
    4.21000000E+02      -2.444160681528647729E+03
    4.22000000E+02      -2.455080702058117822E+03
    4.23000000E+02      -2.465907551041081206E+03
    4.24000000E+02      -2.476729314296232587E+03
    4.25000000E+02      -2.487652465125529488E+03
    4.26000000E+02      -2.498498508229028630E+03
    4.27000000E+02      -2.509414050058589510E+03
    4.28000000E+02      -2.520226373966102074E+03
    4.29000000E+02      -2.531060360612896602E+03
    4.30000000E+02      -2.541883180849206838E+03
    4.31000000E+02      -2.552839539789836635E+03
    4.32000000E+02      -2.563735126231946197E+03
    4.33000000E+02      -2.574565015358682103E+03
    4.34000000E+02      -2.585374572473864191E+03
    4.35000000E+02      -2.596310634969448984E+03
    4.36000000E+02      -2.606935613893776463E+03
    4.37000000E+02      -2.617872791680487353E+03
    4.38000000E+02      -2.628596346483401248E+03
    4.39000000E+02      -2.639497763851761192E+03
    4.40000000E+02      -2.650164942828359472E+03
    4.41000000E+02      -2.660955971410140592E+03
    4.42000000E+02      -2.671835742994337124E+03
    4.43000000E+02      -2.682745496639380690E+03
    4.44000000E+02      -2.693291283859753094E+03
    4.45000000E+02      -2.704246180440902663E+03
    4.46000000E+02      -2.714980233718721593E+03
    4.47000000E+02      -2.725577064091493412E+03
    4.48000000E+02      -2.736372761493687449E+03
    4.49000000E+02      -2.747171147381469382E+03
    4.50000000E+02      -2.757913130363902383E+03
    4.51000000E+02      -2.768467169183768874E+03
    4.52000000E+02      -2.779134744470724399E+03
    4.53000000E+02      -2.789961539975407959E+03
    4.54000000E+02      -2.800582947942407372E+03
    4.55000000E+02      -2.811208090770085164E+03
    4.56000000E+02      -2.821700606502963637E+03
    4.57000000E+02      -2.832506069344141906E+03
    4.58000000E+02      -2.842846940454994183E+03
    4.59000000E+02      -2.853434025221686625E+03
    4.60000000E+02      -2.864180947730712887E+03
    4.61000000E+02      -2.874510720650882831E+03
    4.62000000E+02      -2.885038537559747056E+03
    4.63000000E+02      -2.895649830089961597E+03
    4.64000000E+02      -2.906267736333483299E+03
    4.65000000E+02      -2.916295781911240283E+03
    4.66000000E+02      -2.926745849981501124E+03
    4.67000000E+02      -2.937173497903638236E+03
    4.68000000E+02      -2.947534574147297462E+03
    4.69000000E+02      -2.957892039672470673E+03
    4.70000000E+02      -2.968225930035817782E+03
    4.71000000E+02      -2.978542112545533200E+03
    4.72000000E+02      -2.988682395272278882E+03
    4.73000000E+02      -2.999043403809736446E+03
    4.74000000E+02      -3.009040549190654474E+03
    4.75000000E+02      -3.019254417564097366E+03
    4.76000000E+02      -3.029422878166953069E+03
    4.77000000E+02      -3.039569546333008475E+03
    4.78000000E+02      -3.049542026479466131E+03
    4.79000000E+02      -3.059756806465504269E+03
    4.80000000E+02      -3.069731942319390782E+03
    4.81000000E+02      -3.079708902305616448E+03
    4.82000000E+02      -3.089734769456922550E+03
    4.83000000E+02      -3.099607452886819374E+03
    4.84000000E+02      -3.109372346964401913E+03
    4.85000000E+02      -3.119127440034497340E+03
    4.86000000E+02      -3.129051447412785365E+03
    4.87000000E+02      -3.139178610617898357E+03
    4.88000000E+02      -3.148500197065457542E+03
    4.89000000E+02      -3.158131790834849653E+03
    4.90000000E+02      -3.167924961313655331E+03
    4.91000000E+02      -3.177477976202320860E+03
    4.92000000E+02      -3.187156264655384348E+03
    4.93000000E+02      -3.196688096619855969E+03
    4.94000000E+02      -3.206122205907406624E+03
    4.95000000E+02      -3.215553793418343957E+03
    4.96000000E+02      -3.224776716746356669E+03
    4.97000000E+02      -3.233824903798588366E+03
    4.98000000E+02      -3.243221963203226551E+03
    4.99000000E+02      -3.252730768359471313E+03
    5.00000000E+02      -3.262115122914820859E+03
    5.01000000E+02      -3.271028739810224579E+03
    5.02000000E+02      -3.280083941745004267E+03
    5.03000000E+02      -3.288844660220935566E+03
    5.04000000E+02      -3.297759610100659756E+03
    5.05000000E+02      -3.306755748194083026E+03
    5.06000000E+02      -3.315883953129621659E+03
    5.07000000E+02      -3.368009489637101069E+03
    5.08000000E+02      -3.502810558237368241E+03
    5.09000000E+02      -3.342667781490927155E+03
    5.10000000E+02      -3.352067325309613807E+03
