    0.0000000000E+00     -0.2261314214E+02
    0.1000000000E+01     -0.1973860448E+02
    0.2000000000E+01     -0.1754009220E+02
    0.3000000000E+01     -0.1572992507E+02
    0.4000000000E+01     -0.1419006744E+02
    0.5000000000E+01     -0.1285605007E+02
    0.6000000000E+01     -0.1168743422E+02
    0.7000000000E+01     -0.1065597827E+02
    0.8000000000E+01     -0.9740935924E+01
    0.9000000000E+01     -0.8926413015E+01
    0.1000000000E+02     -0.8200257595E+01
    0.1100000000E+02     -0.7552664154E+01
    0.1200000000E+02     -0.6974705125E+01
    0.1300000000E+02     -0.6459688918E+01
    0.1400000000E+02     -0.6002312194E+01
    0.1500000000E+02     -0.5597200957E+01
    0.1600000000E+02     -0.5239984061E+01
    0.1700000000E+02     -0.4926244040E+01
    0.1800000000E+02     -0.4652959517E+01
    0.1900000000E+02     -0.4416672648E+01
    0.2000000000E+02     -0.4215174812E+01
    0.2100000000E+02     -0.4045964060E+01
    0.2200000000E+02     -0.3906308304E+01
    0.2300000000E+02     -0.3794418835E+01
    0.2400000000E+02     -0.3709283094E+01
    0.2500000000E+02     -0.3648593252E+01
    0.2600000000E+02     -0.3610232505E+01
    0.2700000000E+02     -0.3593600166E+01
    0.2800000000E+02     -0.3597042564E+01
    0.2900000000E+02     -0.3619123498E+01
    0.3000000000E+02     -0.3658769059E+01
    0.3100000000E+02     -0.3714821634E+01
    0.3200000000E+02     -0.3786344267E+01
    0.3300000000E+02     -0.3872509056E+01
    0.3400000000E+02     -0.3972312022E+01
    0.3500000000E+02     -0.4084855919E+01
    0.3600000000E+02     -0.4209780723E+01
    0.3700000000E+02     -0.4346288742E+01
    0.3800000000E+02     -0.4493613839E+01
    0.3900000000E+02     -0.4650984687E+01
    0.4000000000E+02     -0.4817549109E+01
    0.4100000000E+02     -0.4993137935E+01
    0.4200000000E+02     -0.5176844742E+01
    0.4300000000E+02     -0.5368504068E+01
    0.4400000000E+02     -0.5567521266E+01
    0.4500000000E+02     -0.5773094287E+01
    0.4600000000E+02     -0.5985017393E+01
    0.4700000000E+02     -0.6203216331E+01
    0.4800000000E+02     -0.6426884167E+01
    0.4900000000E+02     -0.6655414736E+01
    0.5000000000E+02     -0.6889035191E+01
    0.5100000000E+02     -0.7127025785E+01
    0.5200000000E+02     -0.7368696142E+01
    0.5300000000E+02     -0.7614258355E+01
    0.5400000000E+02     -0.7863786090E+01
    0.5500000000E+02     -0.8116765326E+01
    0.5600000000E+02     -0.8372406788E+01
    0.5700000000E+02     -0.8630596874E+01
    0.5800000000E+02     -0.8890834171E+01
    0.5900000000E+02     -0.9153402975E+01
    0.6000000000E+02     -0.9417759005E+01
    0.6100000000E+02     -0.9684308538E+01
    0.6200000000E+02     -0.9952070151E+01
    0.6300000000E+02     -0.1022066852E+02
    0.6400000000E+02     -0.1049052985E+02
    0.6500000000E+02     -0.1076171171E+02
    0.6600000000E+02     -0.1103373059E+02
    0.6700000000E+02     -0.1130632254E+02
    0.6800000000E+02     -0.1157924654E+02
    0.6900000000E+02     -0.1185238638E+02
    0.7000000000E+02     -0.1212570248E+02
    0.7100000000E+02     -0.1239823198E+02
    0.7200000000E+02     -0.1267099287E+02
    0.7300000000E+02     -0.1294331423E+02
    0.7400000000E+02     -0.1321507207E+02
    0.7500000000E+02     -0.1348635337E+02
    0.7600000000E+02     -0.1375663889E+02
    0.7700000000E+02     -0.1402655882E+02
    0.7800000000E+02     -0.1429503350E+02
    0.7900000000E+02     -0.1456217979E+02
    0.8000000000E+02     -0.1482816634E+02
    0.8100000000E+02     -0.1509264663E+02
    0.8200000000E+02     -0.1535609499E+02
    0.8300000000E+02     -0.1561805407E+02
    0.8400000000E+02     -0.1587872408E+02
    0.8500000000E+02     -0.1613755180E+02
    0.8600000000E+02     -0.1639448021E+02
    0.8700000000E+02     -0.1664989063E+02
    0.8800000000E+02     -0.1690340599E+02
    0.8900000000E+02     -0.1715514113E+02
    0.9000000000E+02     -0.1740516204E+02
    0.9100000000E+02     -0.1765290006E+02
    0.9200000000E+02     -0.1789814765E+02
    0.9300000000E+02     -0.1814152128E+02
    0.9400000000E+02     -0.1838241980E+02
    0.9500000000E+02     -0.1862067727E+02
    0.9600000000E+02     -0.1885689340E+02
    0.9700000000E+02     -0.1909075187E+02
    0.9800000000E+02     -0.1932183744E+02
    0.9900000000E+02     -0.1955111256E+02
    0.1000000000E+03     -0.1977756621E+02
    0.1010000000E+03     -0.2000106022E+02
    0.1020000000E+03     -0.2022224482E+02
    0.1030000000E+03     -0.2044073069E+02
    0.1040000000E+03     -0.2065704427E+02
    0.1050000000E+03     -0.2087028292E+02
    0.1060000000E+03     -0.2108038913E+02
    0.1070000000E+03     -0.2128800981E+02
    0.1080000000E+03     -0.2149348484E+02
    0.1090000000E+03     -0.2169568492E+02
    0.1100000000E+03     -0.2189444135E+02
    0.1110000000E+03     -0.2209067939E+02
    0.1120000000E+03     -0.2228447870E+02
    0.1130000000E+03     -0.2247547099E+02
    0.1140000000E+03     -0.2266340089E+02
    0.1150000000E+03     -0.2284818148E+02
    0.1160000000E+03     -0.2302983043E+02
    0.1170000000E+03     -0.2320861253E+02
    0.1180000000E+03     -0.2338398445E+02
    0.1190000000E+03     -0.2355623661E+02
    0.1200000000E+03     -0.2372573627E+02
    0.1210000000E+03     -0.2389168603E+02
    0.1220000000E+03     -0.2405415692E+02
    0.1230000000E+03     -0.2421440235E+02
    0.1240000000E+03     -0.2437136235E+02
    0.1250000000E+03     -0.2452499041E+02
    0.1260000000E+03     -0.2467562375E+02
    0.1270000000E+03     -0.2482318118E+02
    0.1280000000E+03     -0.2496718353E+02
    0.1290000000E+03     -0.2510787557E+02
    0.1300000000E+03     -0.2524583883E+02
    0.1310000000E+03     -0.2537980824E+02
    0.1320000000E+03     -0.2551132962E+02
    0.1330000000E+03     -0.2563946029E+02
    0.1340000000E+03     -0.2576412588E+02
    0.1350000000E+03     -0.2588528924E+02
    0.1360000000E+03     -0.2600333901E+02
    0.1370000000E+03     -0.2611775956E+02
    0.1380000000E+03     -0.2622889082E+02
    0.1390000000E+03     -0.2633753359E+02
    0.1400000000E+03     -0.2644230711E+02
    0.1410000000E+03     -0.2654376137E+02
    0.1420000000E+03     -0.2664194257E+02
    0.1430000000E+03     -0.2673698060E+02
    0.1440000000E+03     -0.2682854593E+02
    0.1450000000E+03     -0.2691689606E+02
    0.1460000000E+03     -0.2700259768E+02
    0.1470000000E+03     -0.2708446171E+02
    0.1480000000E+03     -0.2716239106E+02
    0.1490000000E+03     -0.2723732855E+02
    0.1500000000E+03     -0.2730985809E+02
    0.1510000000E+03     -0.2737845738E+02
    0.1520000000E+03     -0.2744367541E+02
    0.1530000000E+03     -0.2750508583E+02
    0.1540000000E+03     -0.2756321333E+02
    0.1550000000E+03     -0.2761755544E+02
    0.1560000000E+03     -0.2766891139E+02
    0.1570000000E+03     -0.2771727247E+02
    0.1580000000E+03     -0.2776233150E+02
    0.1590000000E+03     -0.2780385891E+02
    0.1600000000E+03     -0.2784249275E+02
    0.1610000000E+03     -0.2787740269E+02
    0.1620000000E+03     -0.2790825112E+02
    0.1630000000E+03     -0.2793637622E+02
    0.1640000000E+03     -0.2796115514E+02
    0.1650000000E+03     -0.2798263166E+02
    0.1660000000E+03     -0.2800090841E+02
    0.1670000000E+03     -0.2801541755E+02
    0.1680000000E+03     -0.2802706001E+02
    0.1690000000E+03     -0.2803609268E+02
    0.1700000000E+03     -0.2804143982E+02
    0.1710000000E+03     -0.2804315592E+02
    0.1720000000E+03     -0.2804059408E+02
    0.1730000000E+03     -0.2803598991E+02
    0.1740000000E+03     -0.2802753325E+02
    0.1750000000E+03     -0.2801548146E+02
    0.1760000000E+03     -0.2800005283E+02
    0.1770000000E+03     -0.2798173763E+02
    0.1780000000E+03     -0.2795955036E+02
    0.1790000000E+03     -0.2793406617E+02
    0.1800000000E+03     -0.2790530088E+02
    0.1810000000E+03     -0.2787270209E+02
    0.1820000000E+03     -0.2783736660E+02
    0.1830000000E+03     -0.2779837683E+02
    0.1840000000E+03     -0.2775639772E+02
    0.1850000000E+03     -0.2771132301E+02
    0.1860000000E+03     -0.2766343839E+02
    0.1870000000E+03     -0.2761159993E+02
    0.1880000000E+03     -0.2755647754E+02
    0.1890000000E+03     -0.2749855821E+02
    0.1900000000E+03     -0.2743722224E+02
    0.1910000000E+03     -0.2737247872E+02
    0.1920000000E+03     -0.2730395874E+02
    0.1930000000E+03     -0.2723228733E+02
    0.1940000000E+03     -0.2715820677E+02
    0.1950000000E+03     -0.2708037143E+02
    0.1960000000E+03     -0.2699976089E+02
    0.1970000000E+03     -0.2691590186E+02
    0.1980000000E+03     -0.2682901041E+02
    0.1990000000E+03     -0.2673880429E+02
    0.2000000000E+03     -0.2664536699E+02
    0.2010000000E+03     -0.2654864454E+02
    0.2020000000E+03     -0.2644836048E+02
    0.2030000000E+03     -0.2634548773E+02
    0.2040000000E+03     -0.2623915302E+02
    0.2050000000E+03     -0.2612977561E+02
    0.2060000000E+03     -0.2601755684E+02
    0.2070000000E+03     -0.2590174655E+02
    0.2080000000E+03     -0.2578266292E+02
    0.2090000000E+03     -0.2566067720E+02
    0.2100000000E+03     -0.2553602187E+02
    0.2110000000E+03     -0.2540756668E+02
    0.2120000000E+03     -0.2527594697E+02
    0.2130000000E+03     -0.2514163204E+02
    0.2140000000E+03     -0.2500415582E+02
    0.2150000000E+03     -0.2486383679E+02
    0.2160000000E+03     -0.2472181371E+02
    0.2170000000E+03     -0.2457571532E+02
    0.2180000000E+03     -0.2442696519E+02
    0.2190000000E+03     -0.2427486165E+02
    0.2200000000E+03     -0.2412047390E+02
    0.2210000000E+03     -0.2396248538E+02
    0.2220000000E+03     -0.2380248864E+02
    0.2230000000E+03     -0.2364010830E+02
    0.2240000000E+03     -0.2347459992E+02
    0.2250000000E+03     -0.2330593460E+02
    0.2260000000E+03     -0.2313457617E+02
    0.2270000000E+03     -0.2296167746E+02
    0.2280000000E+03     -0.2278512447E+02
    0.2290000000E+03     -0.2260648417E+02
    0.2300000000E+03     -0.2242443047E+02
    0.2310000000E+03     -0.2224008886E+02
    0.2320000000E+03     -0.2205323435E+02
    0.2330000000E+03     -0.2186447390E+02
    0.2340000000E+03     -0.2167297350E+02
    0.2350000000E+03     -0.2147960605E+02
    0.2360000000E+03     -0.2128366092E+02
    0.2370000000E+03     -0.2108510055E+02
    0.2380000000E+03     -0.2088392729E+02
    0.2390000000E+03     -0.2068141610E+02
    0.2400000000E+03     -0.2047653455E+02
    0.2410000000E+03     -0.2026852576E+02
    0.2420000000E+03     -0.2005942875E+02
    0.2430000000E+03     -0.1984783574E+02
    0.2440000000E+03     -0.1963462991E+02
    0.2450000000E+03     -0.1941916996E+02
    0.2460000000E+03     -0.1920173464E+02
    0.2470000000E+03     -0.1898156259E+02
    0.2480000000E+03     -0.1875961292E+02
    0.2490000000E+03     -0.1853690525E+02
    0.2500000000E+03     -0.1831266552E+02
    0.2510000000E+03     -0.1808633023E+02
    0.2520000000E+03     -0.1785889273E+02
    0.2530000000E+03     -0.1762947684E+02
    0.2540000000E+03     -0.1739936140E+02
    0.2550000000E+03     -0.1716738164E+02
    0.2560000000E+03     -0.1693391429E+02
    0.2570000000E+03     -0.1670005691E+02
    0.2580000000E+03     -0.1646404278E+02
    0.2590000000E+03     -0.1622776394E+02
    0.2600000000E+03     -0.1598977573E+02
    0.2610000000E+03     -0.1575224874E+02
    0.2620000000E+03     -0.1551246781E+02
    0.2630000000E+03     -0.1527311072E+02
    0.2640000000E+03     -0.1503214575E+02
    0.2650000000E+03     -0.1479071852E+02
    0.2660000000E+03     -0.1455026113E+02
    0.2670000000E+03     -0.1430777964E+02
    0.2680000000E+03     -0.1406561013E+02
    0.2690000000E+03     -0.1382282067E+02
    0.2700000000E+03     -0.1357974367E+02
    0.2710000000E+03     -0.1333715644E+02
    0.2720000000E+03     -0.1309480455E+02
    0.2730000000E+03     -0.1285368815E+02
    0.2740000000E+03     -0.1261218874E+02
    0.2750000000E+03     -0.1237094544E+02
    0.2760000000E+03     -0.1213040588E+02
    0.2770000000E+03     -0.1189078782E+02
    0.2780000000E+03     -0.1165172016E+02
    0.2790000000E+03     -0.1141424114E+02
    0.2800000000E+03     -0.1117808420E+02
    0.2810000000E+03     -0.1094229110E+02
    0.2820000000E+03     -0.1070756324E+02
    0.2830000000E+03     -0.1047327739E+02
    0.2840000000E+03     -0.1024303635E+02
    0.2850000000E+03     -0.1001419885E+02
    0.2860000000E+03     -0.9787087796E+01
    0.2870000000E+03     -0.9561075564E+01
    0.2880000000E+03     -0.9336994124E+01
    0.2890000000E+03     -0.9114305656E+01
    0.2900000000E+03     -0.8895166983E+01
    0.2910000000E+03     -0.8678531944E+01
    0.2920000000E+03     -0.8464728428E+01
    0.2930000000E+03     -0.8253470014E+01
    0.2940000000E+03     -0.8044513074E+01
    0.2950000000E+03     -0.7839602958E+01
    0.2960000000E+03     -0.7638320503E+01
    0.2970000000E+03     -0.7440930135E+01
    0.2980000000E+03     -0.7247315446E+01
    0.2990000000E+03     -0.7055716555E+01
    0.3000000000E+03     -0.6868249228E+01
    0.3010000000E+03     -0.6685092032E+01
    0.3020000000E+03     -0.6504294352E+01
    0.3030000000E+03     -0.6329157322E+01
    0.3040000000E+03     -0.6156170668E+01
    0.3050000000E+03     -0.5990617435E+01
    0.3060000000E+03     -0.5831324210E+01
    0.3070000000E+03     -0.5676766991E+01
    0.3080000000E+03     -0.5526158308E+01
    0.3090000000E+03     -0.5378733888E+01
    0.3100000000E+03     -0.5239875717E+01
    0.3110000000E+03     -0.5108906951E+01
    0.3120000000E+03     -0.4982601726E+01
    0.3130000000E+03     -0.4862550728E+01
    0.3140000000E+03     -0.4747783052E+01
    0.3150000000E+03     -0.4640047058E+01
    0.3160000000E+03     -0.4540442171E+01
    0.3170000000E+03     -0.4447842386E+01
    0.3180000000E+03     -0.4361110283E+01
    0.3190000000E+03     -0.4282860421E+01
    0.3200000000E+03     -0.4211764889E+01
    0.3210000000E+03     -0.4150584102E+01
    0.3220000000E+03     -0.4096528987E+01
    0.3230000000E+03     -0.4052101191E+01
    0.3240000000E+03     -0.4013935624E+01
    0.3250000000E+03     -0.3984873790E+01
    0.3260000000E+03     -0.3963954730E+01
    0.3270000000E+03     -0.3951707483E+01
    0.3280000000E+03     -0.3945237203E+01
    0.3290000000E+03     -0.3952433519E+01
    0.3300000000E+03     -0.3969803559E+01
    0.3310000000E+03     -0.3995206241E+01
    0.3320000000E+03     -0.4035491614E+01
    0.3330000000E+03     -0.4080241599E+01
    0.3340000000E+03     -0.4141337494E+01
    0.3350000000E+03     -0.4212207303E+01
    0.3360000000E+03     -0.4294380689E+01
    0.3370000000E+03     -0.4389979635E+01
    0.3380000000E+03     -0.4496377288E+01
    0.3390000000E+03     -0.4617424172E+01
    0.3400000000E+03     -0.4744717850E+01
    0.3410000000E+03     -0.4892465737E+01
    0.3420000000E+03     -0.5047526202E+01
    0.3430000000E+03     -0.5213506438E+01
    0.3440000000E+03     -0.5397971543E+01
    0.3450000000E+03     -0.5589593787E+01
    0.3460000000E+03     -0.5796570974E+01
    0.3470000000E+03     -0.6021973298E+01
    0.3480000000E+03     -0.6259548342E+01
    0.3490000000E+03     -0.6511008658E+01
    0.3500000000E+03     -0.6779523345E+01
    0.3510000000E+03     -0.7063869928E+01
    0.3520000000E+03     -0.7363838757E+01
    0.3530000000E+03     -0.7681332596E+01
    0.3540000000E+03     -0.8014838754E+01
    0.3550000000E+03     -0.8367089008E+01
    0.3560000000E+03     -0.8734803791E+01
    0.3570000000E+03     -0.9116892272E+01
    0.3580000000E+03     -0.9517455968E+01
    0.3590000000E+03     -0.9938458302E+01
    0.3600000000E+03     -0.1036902822E+02
    0.3610000000E+03     -0.1082306389E+02
    0.3620000000E+03     -0.1129624343E+02
    0.3630000000E+03     -0.1178710372E+02
    0.3640000000E+03     -0.1229634852E+02
    0.3650000000E+03     -0.1282748903E+02
    0.3660000000E+03     -0.1337652123E+02
    0.3670000000E+03     -0.1394916181E+02
    0.3680000000E+03     -0.1454695724E+02
    0.3690000000E+03     -0.1516528838E+02
    0.3700000000E+03     -0.1580574153E+02
    0.3710000000E+03     -0.1646324005E+02
    0.3720000000E+03     -0.1713585337E+02
    0.3730000000E+03     -0.1782955191E+02
    0.3740000000E+03     -0.1855588690E+02
    0.3750000000E+03     -0.1930915308E+02
    0.3760000000E+03     -0.2008269004E+02
    0.3770000000E+03     -0.2088492203E+02
    0.3780000000E+03     -0.2170770361E+02
    0.3790000000E+03     -0.2255046735E+02
    0.3800000000E+03     -0.2341492266E+02
    0.3810000000E+03     -0.2431182058E+02
    0.3820000000E+03     -0.2523531702E+02
    0.3830000000E+03     -0.2617826470E+02
    0.3840000000E+03     -0.2714862136E+02
    0.3850000000E+03     -0.2815582903E+02
    0.3860000000E+03     -0.2918405192E+02
    0.3870000000E+03     -0.3024052480E+02
    0.3880000000E+03     -0.3132792464E+02
    0.3890000000E+03     -0.3244334357E+02
    0.3900000000E+03     -0.3358317730E+02
    0.3910000000E+03     -0.3474759517E+02
    0.3920000000E+03     -0.3593098747E+02
    0.3930000000E+03     -0.3716135785E+02
    0.3940000000E+03     -0.3841406670E+02
    0.3950000000E+03     -0.3970903287E+02
    0.3960000000E+03     -0.4102981709E+02
    0.3970000000E+03     -0.4238079985E+02
    0.3980000000E+03     -0.4375962932E+02
    0.3990000000E+03     -0.4516964881E+02
    0.4000000000E+03     -0.4661373002E+02
    0.4010000000E+03     -0.4808461014E+02
    0.4020000000E+03     -0.4958337378E+02
    0.4030000000E+03     -0.5114142441E+02
    0.4040000000E+03     -0.5272095549E+02
    0.4050000000E+03     -0.5433036391E+02
    0.4060000000E+03     -0.5597157259E+02
    0.4070000000E+03     -0.5765565084E+02
    0.4080000000E+03     -0.5937529178E+02
    0.4090000000E+03     -0.6113611642E+02
    0.4100000000E+03     -0.6292993245E+02
    0.4110000000E+03     -0.6476723531E+02
    0.4120000000E+03     -0.6663888336E+02
    0.4130000000E+03     -0.6854801308E+02
    0.4140000000E+03     -0.7048137463E+02
    0.4150000000E+03     -0.7246740865E+02
    0.4160000000E+03     -0.7449570151E+02
    0.4170000000E+03     -0.7657016802E+02
    0.4180000000E+03     -0.7867239719E+02
    0.4190000000E+03     -0.8081610942E+02
    0.4200000000E+03     -0.8300461720E+02
    0.4210000000E+03     -0.8523443687E+02
    0.4220000000E+03     -0.8750151208E+02
    0.4230000000E+03     -0.8982525313E+02
    0.4240000000E+03     -0.9219852154E+02
    0.4250000000E+03     -0.9461331672E+02
    0.4260000000E+03     -0.9707903754E+02
    0.4270000000E+03     -0.9957140828E+02
    0.4280000000E+03     -0.1021256888E+03
    0.4290000000E+03     -0.1047253797E+03
    0.4300000000E+03     -0.1073621192E+03
    0.4310000000E+03     -0.1100501087E+03
    0.4320000000E+03     -0.1127748639E+03
    0.4330000000E+03     -0.1155572542E+03
    0.4340000000E+03     -0.1183826248E+03
    0.4350000000E+03     -0.1212507882E+03
    0.4360000000E+03     -0.1241874555E+03
    0.4370000000E+03     -0.1271700521E+03
    0.4380000000E+03     -0.1301857938E+03
    0.4390000000E+03     -0.1332460868E+03
    0.4400000000E+03     -0.1363741177E+03
    0.4410000000E+03     -0.1395590989E+03
    0.4420000000E+03     -0.1427874523E+03
    0.4430000000E+03     -0.1460861073E+03
    0.4440000000E+03     -0.1494248892E+03
    0.4450000000E+03     -0.1528262489E+03
    0.4460000000E+03     -0.1562992198E+03
    0.4470000000E+03     -0.1598254101E+03
    0.4480000000E+03     -0.1634173170E+03
    0.4490000000E+03     -0.1670489469E+03
    0.4500000000E+03     -0.1707309161E+03
    0.4510000000E+03     -0.1744843582E+03
    0.4520000000E+03     -0.1782962034E+03
    0.4530000000E+03     -0.1821872789E+03
    0.4540000000E+03     -0.1861155084E+03
    0.4550000000E+03     -0.1900956151E+03
    0.4560000000E+03     -0.1941148143E+03
    0.4570000000E+03     -0.1982543375E+03
    0.4580000000E+03     -0.2024232042E+03
    0.4590000000E+03     -0.2066580085E+03
    0.4600000000E+03     -0.2109675767E+03
    0.4610000000E+03     -0.2153207878E+03
    0.4620000000E+03     -0.2197365847E+03
    0.4630000000E+03     -0.2242285359E+03
    0.4640000000E+03     -0.2287853120E+03
    0.4650000000E+03     -0.2333841979E+03
    0.4660000000E+03     -0.2380461175E+03
    0.4670000000E+03     -0.2428128582E+03
    0.4680000000E+03     -0.2476388913E+03
    0.4690000000E+03     -0.2525226580E+03
    0.4700000000E+03     -0.2574542710E+03
    0.4710000000E+03     -0.2625036916E+03
    0.4720000000E+03     -0.2676282237E+03
    0.4730000000E+03     -0.2728330844E+03
    0.4740000000E+03     -0.2780770702E+03
    0.4750000000E+03     -0.2834227617E+03
    0.4760000000E+03     -0.2888572702E+03
    0.4770000000E+03     -0.2943224759E+03
    0.4780000000E+03     -0.2998777245E+03
    0.4790000000E+03     -0.3055080903E+03
    0.4800000000E+03     -0.3112218364E+03
    0.4810000000E+03     -0.3170144562E+03
    0.4820000000E+03     -0.3228764703E+03
    0.4830000000E+03     -0.3288144888E+03
    0.4840000000E+03     -0.3348210281E+03
    0.4850000000E+03     -0.3409208936E+03
