    0.0000000000E+00     -0.2726116868E+02
    0.1000000000E+01     -0.2422660231E+02
    0.2000000000E+01     -0.2186904935E+02
    0.3000000000E+01     -0.1990089594E+02
    0.4000000000E+01     -0.1820426363E+02
    0.5000000000E+01     -0.1671474372E+02
    0.6000000000E+01     -0.1539166441E+02
    0.7000000000E+01     -0.1420679884E+02
    0.8000000000E+01     -0.1313946753E+02
    0.9000000000E+01     -0.1217390514E+02
    0.1000000000E+02     -0.1129767613E+02
    0.1100000000E+02     -0.1050108333E+02
    0.1200000000E+02     -0.9775461584E+01
    0.1300000000E+02     -0.9114047947E+01
    0.1400000000E+02     -0.8511140136E+01
    0.1500000000E+02     -0.7961620794E+01
    0.1600000000E+02     -0.7461015466E+01
    0.1700000000E+02     -0.7005229092E+01
    0.1800000000E+02     -0.6591019908E+01
    0.1900000000E+02     -0.6214867306E+01
    0.2000000000E+02     -0.5874774970E+01
    0.2100000000E+02     -0.5568083065E+01
    0.2200000000E+02     -0.5292225970E+01
    0.2300000000E+02     -0.5045232364E+01
    0.2400000000E+02     -0.4825693968E+01
    0.2500000000E+02     -0.4631857111E+01
    0.2600000000E+02     -0.4461585330E+01
    0.2700000000E+02     -0.4313997996E+01
    0.2800000000E+02     -0.4187559068E+01
    0.2900000000E+02     -0.4080971571E+01
    0.3000000000E+02     -0.3993109776E+01
    0.3100000000E+02     -0.3922816665E+01
    0.3200000000E+02     -0.3869190749E+01
    0.3300000000E+02     -0.3831353708E+01
    0.3400000000E+02     -0.3808288829E+01
    0.3500000000E+02     -0.3799133097E+01
    0.3600000000E+02     -0.3803347789E+01
    0.3700000000E+02     -0.3820169310E+01
    0.3800000000E+02     -0.3848931556E+01
    0.3900000000E+02     -0.3888814785E+01
    0.4000000000E+02     -0.3939099755E+01
    0.4100000000E+02     -0.3999547078E+01
    0.4200000000E+02     -0.4069215672E+01
    0.4300000000E+02     -0.4147918490E+01
    0.4400000000E+02     -0.4235154249E+01
    0.4500000000E+02     -0.4329909454E+01
    0.4600000000E+02     -0.4432392752E+01
    0.4700000000E+02     -0.4541922168E+01
    0.4800000000E+02     -0.4658188019E+01
    0.4900000000E+02     -0.4780709944E+01
    0.5000000000E+02     -0.4909235248E+01
    0.5100000000E+02     -0.5043147337E+01
    0.5200000000E+02     -0.5182061635E+01
    0.5300000000E+02     -0.5325983408E+01
    0.5400000000E+02     -0.5474784238E+01
    0.5500000000E+02     -0.5627906919E+01
    0.5600000000E+02     -0.5784988064E+01
    0.5700000000E+02     -0.5945830381E+01
    0.5800000000E+02     -0.6110001841E+01
    0.5900000000E+02     -0.6277335998E+01
    0.6000000000E+02     -0.6447505072E+01
    0.6100000000E+02     -0.6620802472E+01
    0.6200000000E+02     -0.6796468584E+01
    0.6300000000E+02     -0.6974344828E+01
    0.6400000000E+02     -0.7154319729E+01
    0.6500000000E+02     -0.7336085929E+01
    0.6600000000E+02     -0.7519968437E+01
    0.6700000000E+02     -0.7705644329E+01
    0.6800000000E+02     -0.7892615244E+01
    0.6900000000E+02     -0.8080915036E+01
    0.7000000000E+02     -0.8270309796E+01
    0.7100000000E+02     -0.8460173198E+01
    0.7200000000E+02     -0.8651247356E+01
    0.7300000000E+02     -0.8842847108E+01
    0.7400000000E+02     -0.9034940788E+01
    0.7500000000E+02     -0.9227317934E+01
    0.7600000000E+02     -0.9419617034E+01
    0.7700000000E+02     -0.9612311276E+01
    0.7800000000E+02     -0.9804934619E+01
    0.7900000000E+02     -0.9997478739E+01
    0.8000000000E+02     -0.1018973859E+02
    0.8100000000E+02     -0.1038156287E+02
    0.8200000000E+02     -0.1057300604E+02
    0.8300000000E+02     -0.1076383134E+02
    0.8400000000E+02     -0.1095423006E+02
    0.8500000000E+02     -0.1114388228E+02
    0.8600000000E+02     -0.1133267982E+02
    0.8700000000E+02     -0.1152070959E+02
    0.8800000000E+02     -0.1170793807E+02
    0.8900000000E+02     -0.1189419127E+02
    0.9000000000E+02     -0.1207957816E+02
    0.9100000000E+02     -0.1226370845E+02
    0.9200000000E+02     -0.1244648350E+02
    0.9300000000E+02     -0.1262794886E+02
    0.9400000000E+02     -0.1280776080E+02
    0.9500000000E+02     -0.1298616315E+02
    0.9600000000E+02     -0.1316340193E+02
    0.9700000000E+02     -0.1333913090E+02
    0.9800000000E+02     -0.1351319026E+02
    0.9900000000E+02     -0.1368586068E+02
    0.1000000000E+03     -0.1385671578E+02
    0.1010000000E+03     -0.1402543048E+02
    0.1020000000E+03     -0.1419257270E+02
    0.1030000000E+03     -0.1435795999E+02
    0.1040000000E+03     -0.1452170956E+02
    0.1050000000E+03     -0.1468366769E+02
    0.1060000000E+03     -0.1484296142E+02
    0.1070000000E+03     -0.1500063393E+02
    0.1080000000E+03     -0.1515641919E+02
    0.1090000000E+03     -0.1531013096E+02
    0.1100000000E+03     -0.1546151755E+02
    0.1110000000E+03     -0.1561107400E+02
    0.1120000000E+03     -0.1575882225E+02
    0.1130000000E+03     -0.1590441121E+02
    0.1140000000E+03     -0.1604748602E+02
    0.1150000000E+03     -0.1618834617E+02
    0.1160000000E+03     -0.1632702824E+02
    0.1170000000E+03     -0.1646332230E+02
    0.1180000000E+03     -0.1659733415E+02
    0.1190000000E+03     -0.1672900879E+02
    0.1200000000E+03     -0.1685859384E+02
    0.1210000000E+03     -0.1698544954E+02
    0.1220000000E+03     -0.1710971679E+02
    0.1230000000E+03     -0.1723190662E+02
    0.1240000000E+03     -0.1735157908E+02
    0.1250000000E+03     -0.1746891118E+02
    0.1260000000E+03     -0.1758368410E+02
    0.1270000000E+03     -0.1769645970E+02
    0.1280000000E+03     -0.1780621520E+02
    0.1290000000E+03     -0.1791348515E+02
    0.1300000000E+03     -0.1801814930E+02
    0.1310000000E+03     -0.1812020925E+02
    0.1320000000E+03     -0.1822025685E+02
    0.1330000000E+03     -0.1831739263E+02
    0.1340000000E+03     -0.1841207374E+02
    0.1350000000E+03     -0.1850360588E+02
    0.1360000000E+03     -0.1859268456E+02
    0.1370000000E+03     -0.1867975809E+02
    0.1380000000E+03     -0.1876356739E+02
    0.1390000000E+03     -0.1884526066E+02
    0.1400000000E+03     -0.1892420047E+02
    0.1410000000E+03     -0.1900019522E+02
    0.1420000000E+03     -0.1907377465E+02
    0.1430000000E+03     -0.1914457872E+02
    0.1440000000E+03     -0.1921274497E+02
    0.1450000000E+03     -0.1927836572E+02
    0.1460000000E+03     -0.1934161431E+02
    0.1470000000E+03     -0.1940224700E+02
    0.1480000000E+03     -0.1945987468E+02
    0.1490000000E+03     -0.1951426592E+02
    0.1500000000E+03     -0.1956676834E+02
    0.1510000000E+03     -0.1961603454E+02
    0.1520000000E+03     -0.1966237799E+02
    0.1530000000E+03     -0.1970608675E+02
    0.1540000000E+03     -0.1974732185E+02
    0.1550000000E+03     -0.1978527923E+02
    0.1560000000E+03     -0.1982108667E+02
    0.1570000000E+03     -0.1985398283E+02
    0.1580000000E+03     -0.1988397848E+02
    0.1590000000E+03     -0.1991139461E+02
    0.1600000000E+03     -0.1993636688E+02
    0.1610000000E+03     -0.1995847503E+02
    0.1620000000E+03     -0.1997720933E+02
    0.1630000000E+03     -0.1999371528E+02
    0.1640000000E+03     -0.2000767997E+02
    0.1650000000E+03     -0.2001877016E+02
    0.1660000000E+03     -0.2002701060E+02
    0.1670000000E+03     -0.2003287790E+02
    0.1680000000E+03     -0.2003594041E+02
    0.1690000000E+03     -0.2003652636E+02
    0.1700000000E+03     -0.2003438592E+02
    0.1710000000E+03     -0.2002906704E+02
    0.1720000000E+03     -0.2002067221E+02
    0.1730000000E+03     -0.2001031166E+02
    0.1740000000E+03     -0.1999763220E+02
    0.1750000000E+03     -0.1998154743E+02
    0.1760000000E+03     -0.1996281582E+02
    0.1770000000E+03     -0.1994197544E+02
    0.1780000000E+03     -0.1991777891E+02
    0.1790000000E+03     -0.1989092920E+02
    0.1800000000E+03     -0.1986170096E+02
    0.1810000000E+03     -0.1982911869E+02
    0.1820000000E+03     -0.1979402261E+02
    0.1830000000E+03     -0.1975612868E+02
    0.1840000000E+03     -0.1971589980E+02
    0.1850000000E+03     -0.1967282517E+02
    0.1860000000E+03     -0.1962781643E+02
    0.1870000000E+03     -0.1957935267E+02
    0.1880000000E+03     -0.1952841464E+02
    0.1890000000E+03     -0.1947530080E+02
    0.1900000000E+03     -0.1941939097E+02
    0.1910000000E+03     -0.1936119819E+02
    0.1920000000E+03     -0.1930027753E+02
    0.1930000000E+03     -0.1923629899E+02
    0.1940000000E+03     -0.1917004571E+02
    0.1950000000E+03     -0.1910136214E+02
    0.1960000000E+03     -0.1903031002E+02
    0.1970000000E+03     -0.1895663658E+02
    0.1980000000E+03     -0.1888032868E+02
    0.1990000000E+03     -0.1880158286E+02
    0.2000000000E+03     -0.1872007422E+02
    0.2010000000E+03     -0.1863668667E+02
    0.2020000000E+03     -0.1855035646E+02
    0.2030000000E+03     -0.1846186354E+02
    0.2040000000E+03     -0.1837057926E+02
    0.2050000000E+03     -0.1827715805E+02
    0.2060000000E+03     -0.1818163851E+02
    0.2070000000E+03     -0.1808358131E+02
    0.2080000000E+03     -0.1798273617E+02
    0.2090000000E+03     -0.1787988820E+02
    0.2100000000E+03     -0.1777465399E+02
    0.2110000000E+03     -0.1766662220E+02
    0.2120000000E+03     -0.1755637509E+02
    0.2130000000E+03     -0.1744402104E+02
    0.2140000000E+03     -0.1732942740E+02
    0.2150000000E+03     -0.1721287791E+02
    0.2160000000E+03     -0.1709508746E+02
    0.2170000000E+03     -0.1697409461E+02
    0.2180000000E+03     -0.1685119893E+02
    0.2190000000E+03     -0.1672607283E+02
    0.2200000000E+03     -0.1659824714E+02
    0.2210000000E+03     -0.1646870598E+02
    0.2220000000E+03     -0.1633794246E+02
    0.2230000000E+03     -0.1620445444E+02
    0.2240000000E+03     -0.1606962598E+02
    0.2250000000E+03     -0.1593277693E+02
    0.2260000000E+03     -0.1579417821E+02
    0.2270000000E+03     -0.1565388042E+02
    0.2280000000E+03     -0.1551129590E+02
    0.2290000000E+03     -0.1536758548E+02
    0.2300000000E+03     -0.1522129823E+02
    0.2310000000E+03     -0.1507361618E+02
    0.2320000000E+03     -0.1492426154E+02
    0.2330000000E+03     -0.1477380483E+02
    0.2340000000E+03     -0.1462185285E+02
    0.2350000000E+03     -0.1446860361E+02
    0.2360000000E+03     -0.1431377258E+02
    0.2370000000E+03     -0.1415695229E+02
    0.2380000000E+03     -0.1399854316E+02
    0.2390000000E+03     -0.1383967457E+02
    0.2400000000E+03     -0.1367937527E+02
    0.2410000000E+03     -0.1351696004E+02
    0.2420000000E+03     -0.1335387408E+02
    0.2430000000E+03     -0.1318992497E+02
    0.2440000000E+03     -0.1302511889E+02
    0.2450000000E+03     -0.1285944449E+02
    0.2460000000E+03     -0.1269249811E+02
    0.2470000000E+03     -0.1252369708E+02
    0.2480000000E+03     -0.1235459198E+02
    0.2490000000E+03     -0.1218532678E+02
    0.2500000000E+03     -0.1201543066E+02
    0.2510000000E+03     -0.1184448337E+02
    0.2520000000E+03     -0.1167294432E+02
    0.2530000000E+03     -0.1150082228E+02
    0.2540000000E+03     -0.1132840831E+02
    0.2550000000E+03     -0.1115589231E+02
    0.2560000000E+03     -0.1098272208E+02
    0.2570000000E+03     -0.1081035375E+02
    0.2580000000E+03     -0.1063642804E+02
    0.2590000000E+03     -0.1046314480E+02
    0.2600000000E+03     -0.1029005112E+02
    0.2610000000E+03     -0.1011720828E+02
    0.2620000000E+03     -0.9944048052E+01
    0.2630000000E+03     -0.9772325300E+01
    0.2640000000E+03     -0.9600589241E+01
    0.2650000000E+03     -0.9428641690E+01
    0.2660000000E+03     -0.9257524671E+01
    0.2670000000E+03     -0.9086488303E+01
    0.2680000000E+03     -0.8916834242E+01
    0.2690000000E+03     -0.8748209546E+01
    0.2700000000E+03     -0.8580258233E+01
    0.2710000000E+03     -0.8413780079E+01
    0.2720000000E+03     -0.8248874697E+01
    0.2730000000E+03     -0.8085409014E+01
    0.2740000000E+03     -0.7922800475E+01
    0.2750000000E+03     -0.7762211923E+01
    0.2760000000E+03     -0.7604031011E+01
    0.2770000000E+03     -0.7446932504E+01
    0.2780000000E+03     -0.7292154980E+01
    0.2790000000E+03     -0.7138931118E+01
    0.2800000000E+03     -0.6987928803E+01
    0.2810000000E+03     -0.6839077888E+01
    0.2820000000E+03     -0.6692705029E+01
    0.2830000000E+03     -0.6547881175E+01
    0.2840000000E+03     -0.6405780672E+01
    0.2850000000E+03     -0.6267439658E+01
    0.2860000000E+03     -0.6131036220E+01
    0.2870000000E+03     -0.5998699718E+01
    0.2880000000E+03     -0.5868862215E+01
    0.2890000000E+03     -0.5742065927E+01
    0.2900000000E+03     -0.5619105877E+01
    0.2910000000E+03     -0.5498167586E+01
    0.2920000000E+03     -0.5382701128E+01
    0.2930000000E+03     -0.5270595024E+01
    0.2940000000E+03     -0.5162041274E+01
    0.2950000000E+03     -0.5059000358E+01
    0.2960000000E+03     -0.4959145124E+01
    0.2970000000E+03     -0.4864352955E+01
    0.2980000000E+03     -0.4775725075E+01
    0.2990000000E+03     -0.4689881813E+01
    0.3000000000E+03     -0.4609743423E+01
    0.3010000000E+03     -0.4534441198E+01
    0.3020000000E+03     -0.4463373100E+01
    0.3030000000E+03     -0.4397274919E+01
    0.3040000000E+03     -0.4336524080E+01
    0.3050000000E+03     -0.4282003252E+01
    0.3060000000E+03     -0.4234381744E+01
    0.3070000000E+03     -0.4192476582E+01
    0.3080000000E+03     -0.4156623616E+01
    0.3090000000E+03     -0.4126537407E+01
    0.3100000000E+03     -0.4105076415E+01
    0.3110000000E+03     -0.4089874417E+01
    0.3120000000E+03     -0.4083242442E+01
    0.3130000000E+03     -0.4083236395E+01
    0.3140000000E+03     -0.4090700188E+01
    0.3150000000E+03     -0.4106815111E+01
    0.3160000000E+03     -0.4129008896E+01
    0.3170000000E+03     -0.4158086399E+01
    0.3180000000E+03     -0.4195848492E+01
    0.3190000000E+03     -0.4242337793E+01
    0.3200000000E+03     -0.4298454794E+01
    0.3210000000E+03     -0.4364405124E+01
    0.3220000000E+03     -0.4436343671E+01
    0.3230000000E+03     -0.4517765161E+01
    0.3240000000E+03     -0.4610034271E+01
    0.3250000000E+03     -0.4711325789E+01
    0.3260000000E+03     -0.4821830658E+01
    0.3270000000E+03     -0.4943071045E+01
    0.3280000000E+03     -0.5072003964E+01
    0.3290000000E+03     -0.5215694970E+01
    0.3300000000E+03     -0.5371152104E+01
    0.3310000000E+03     -0.5533917379E+01
    0.3320000000E+03     -0.5709853634E+01
    0.3330000000E+03     -0.5893777931E+01
    0.3340000000E+03     -0.6094135312E+01
    0.3350000000E+03     -0.6305476800E+01
    0.3360000000E+03     -0.6529315713E+01
    0.3370000000E+03     -0.6765328428E+01
    0.3380000000E+03     -0.7014018708E+01
    0.3390000000E+03     -0.7277339671E+01
    0.3400000000E+03     -0.7551688119E+01
    0.3410000000E+03     -0.7842697272E+01
    0.3420000000E+03     -0.8145286029E+01
    0.3430000000E+03     -0.8458510243E+01
    0.3440000000E+03     -0.8789532396E+01
    0.3450000000E+03     -0.9131731762E+01
    0.3460000000E+03     -0.9488330812E+01
    0.3470000000E+03     -0.9862699848E+01
    0.3480000000E+03     -0.1025219169E+02
    0.3490000000E+03     -0.1065537325E+02
    0.3500000000E+03     -0.1107501333E+02
    0.3510000000E+03     -0.1151244391E+02
    0.3520000000E+03     -0.1196590051E+02
    0.3530000000E+03     -0.1243568642E+02
    0.3540000000E+03     -0.1292277519E+02
    0.3550000000E+03     -0.1343084016E+02
    0.3560000000E+03     -0.1395556591E+02
    0.3570000000E+03     -0.1449636782E+02
    0.3580000000E+03     -0.1505320522E+02
    0.3590000000E+03     -0.1562984774E+02
    0.3600000000E+03     -0.1622076650E+02
    0.3610000000E+03     -0.1683705384E+02
    0.3620000000E+03     -0.1747057063E+02
    0.3630000000E+03     -0.1812214065E+02
    0.3640000000E+03     -0.1879456243E+02
    0.3650000000E+03     -0.1948894402E+02
    0.3660000000E+03     -0.2020479887E+02
    0.3670000000E+03     -0.2094000272E+02
    0.3680000000E+03     -0.2170064462E+02
    0.3690000000E+03     -0.2248001402E+02
    0.3700000000E+03     -0.2328096576E+02
    0.3710000000E+03     -0.2410407626E+02
    0.3720000000E+03     -0.2494578792E+02
    0.3730000000E+03     -0.2581217316E+02
    0.3740000000E+03     -0.2670612182E+02
    0.3750000000E+03     -0.2762610562E+02
    0.3760000000E+03     -0.2856814576E+02
    0.3770000000E+03     -0.2953825044E+02
    0.3780000000E+03     -0.3052818504E+02
    0.3790000000E+03     -0.3153852120E+02
    0.3800000000E+03     -0.3257508682E+02
    0.3810000000E+03     -0.3364181663E+02
    0.3820000000E+03     -0.3473276049E+02
    0.3830000000E+03     -0.3584519665E+02
    0.3840000000E+03     -0.3698715030E+02
    0.3850000000E+03     -0.3816267739E+02
    0.3860000000E+03     -0.3936687856E+02
    0.3870000000E+03     -0.4059240603E+02
    0.3880000000E+03     -0.4184739297E+02
    0.3890000000E+03     -0.4313272874E+02
    0.3900000000E+03     -0.4444780980E+02
    0.3910000000E+03     -0.4578952105E+02
    0.3920000000E+03     -0.4715281811E+02
    0.3930000000E+03     -0.4855556538E+02
    0.3940000000E+03     -0.4998750819E+02
    0.3950000000E+03     -0.5145370424E+02
    0.3960000000E+03     -0.5294472559E+02
    0.3970000000E+03     -0.5447356177E+02
    0.3980000000E+03     -0.5602618135E+02
    0.3990000000E+03     -0.5761173821E+02
    0.4000000000E+03     -0.5923836358E+02
    0.4010000000E+03     -0.6089052202E+02
    0.4020000000E+03     -0.6257057314E+02
    0.4030000000E+03     -0.6430077386E+02
    0.4040000000E+03     -0.6606216455E+02
    0.4050000000E+03     -0.6785142710E+02
    0.4060000000E+03     -0.6967364830E+02
    0.4070000000E+03     -0.7153323615E+02
    0.4080000000E+03     -0.7343246166E+02
    0.4090000000E+03     -0.7536856296E+02
    0.4100000000E+03     -0.7734208690E+02
    0.4110000000E+03     -0.7935509142E+02
    0.4120000000E+03     -0.8140820694E+02
    0.4130000000E+03     -0.8349942737E+02
    0.4140000000E+03     -0.8561877294E+02
    0.4150000000E+03     -0.8778224260E+02
    0.4160000000E+03     -0.8998650147E+02
    0.4170000000E+03     -0.9223621196E+02
    0.4180000000E+03     -0.9452131862E+02
    0.4190000000E+03     -0.9684857248E+02
    0.4200000000E+03     -0.9922211842E+02
    0.4210000000E+03     -0.1016309828E+03
    0.4220000000E+03     -0.1040853915E+03
    0.4230000000E+03     -0.1065838888E+03
    0.4240000000E+03     -0.1091298913E+03
    0.4250000000E+03     -0.1117096344E+03
    0.4260000000E+03     -0.1143503828E+03
    0.4270000000E+03     -0.1170208480E+03
    0.4280000000E+03     -0.1197469495E+03
    0.4290000000E+03     -0.1225188362E+03
    0.4300000000E+03     -0.1253322578E+03
    0.4310000000E+03     -0.1281962624E+03
    0.4320000000E+03     -0.1311073400E+03
    0.4330000000E+03     -0.1340611418E+03
    0.4340000000E+03     -0.1370658415E+03
    0.4350000000E+03     -0.1401103217E+03
    0.4360000000E+03     -0.1432290067E+03
    0.4370000000E+03     -0.1463868963E+03
    0.4380000000E+03     -0.1495836495E+03
    0.4390000000E+03     -0.1528267971E+03
    0.4400000000E+03     -0.1561306463E+03
    0.4410000000E+03     -0.1594855901E+03
    0.4420000000E+03     -0.1628918928E+03
    0.4430000000E+03     -0.1663552318E+03
    0.4440000000E+03     -0.1698756818E+03
    0.4450000000E+03     -0.1734325665E+03
    0.4460000000E+03     -0.1770623628E+03
    0.4470000000E+03     -0.1807545170E+03
    0.4480000000E+03     -0.1845126696E+03
    0.4490000000E+03     -0.1883111529E+03
    0.4500000000E+03     -0.1921563147E+03
    0.4510000000E+03     -0.1960786898E+03
    0.4520000000E+03     -0.2000378969E+03
    0.4530000000E+03     -0.2040827312E+03
    0.4540000000E+03     -0.2081744440E+03
    0.4550000000E+03     -0.2123248787E+03
    0.4560000000E+03     -0.2165122090E+03
    0.4570000000E+03     -0.2207997549E+03
    0.4580000000E+03     -0.2251284567E+03
    0.4590000000E+03     -0.2295168652E+03
    0.4600000000E+03     -0.2339877591E+03
    0.4610000000E+03     -0.2385009305E+03
    0.4620000000E+03     -0.2430710642E+03
    0.4630000000E+03     -0.2477278524E+03
    0.4640000000E+03     -0.2524551602E+03
    0.4650000000E+03     -0.2572319754E+03
    0.4660000000E+03     -0.2620636846E+03
    0.4670000000E+03     -0.2669761084E+03
    0.4680000000E+03     -0.2719437361E+03
    0.4690000000E+03     -0.2770044807E+03
    0.4700000000E+03     -0.2821185595E+03
    0.4710000000E+03     -0.2873120979E+03
    0.4720000000E+03     -0.2925894242E+03
    0.4730000000E+03     -0.2979267080E+03
    0.4740000000E+03     -0.3033176156E+03
    0.4750000000E+03     -0.3087914863E+03
    0.4760000000E+03     -0.3143513373E+03
    0.4770000000E+03     -0.3199589675E+03
    0.4780000000E+03     -0.3256449353E+03
    0.4790000000E+03     -0.3314184253E+03
    0.4800000000E+03     -0.3372437208E+03
    0.4810000000E+03     -0.3431674556E+03
    0.4820000000E+03     -0.3491766003E+03
    0.4830000000E+03     -0.3552505566E+03
    0.4840000000E+03     -0.3613704719E+03
    0.4850000000E+03     -0.3675900722E+03
