    0.0000000000E+00     -0.3694742686E+01
    0.1000000000E+01     -0.2642546815E+01
    0.2000000000E+01     -0.2253578860E+01
    0.3000000000E+01     -0.2240008785E+01
    0.4000000000E+01     -0.2483847018E+01
    0.5000000000E+01     -0.2920634523E+01
    0.6000000000E+01     -0.3509746094E+01
    0.7000000000E+01     -0.4222845172E+01
    0.8000000000E+01     -0.5039126065E+01
    0.9000000000E+01     -0.5943034305E+01
    0.1000000000E+02     -0.6922150116E+01
    0.1100000000E+02     -0.7966301397E+01
    0.1200000000E+02     -0.9067138867E+01
    0.1300000000E+02     -0.1021758456E+02
    0.1400000000E+02     -0.1141176141E+02
    0.1500000000E+02     -0.1264444993E+02
    0.1600000000E+02     -0.1391102833E+02
    0.1700000000E+02     -0.1520762855E+02
    0.1800000000E+02     -0.1653091198E+02
    0.1900000000E+02     -0.1787745983E+02
    0.2000000000E+02     -0.1924440571E+02
    0.2100000000E+02     -0.2062913948E+02
    0.2200000000E+02     -0.2202953707E+02
    0.2300000000E+02     -0.2344322055E+02
    0.2400000000E+02     -0.2486847241E+02
    0.2500000000E+02     -0.2630296868E+02
    0.2600000000E+02     -0.2774521338E+02
    0.2700000000E+02     -0.2919381680E+02
    0.2800000000E+02     -0.3064705499E+02
    0.2900000000E+02     -0.3210349252E+02
    0.3000000000E+02     -0.3356164001E+02
    0.3100000000E+02     -0.3502033294E+02
    0.3200000000E+02     -0.3647863301E+02
    0.3300000000E+02     -0.3793503711E+02
    0.3400000000E+02     -0.3938870863E+02
    0.3500000000E+02     -0.4083817795E+02
    0.3600000000E+02     -0.4228268118E+02
    0.3700000000E+02     -0.4372088090E+02
    0.3800000000E+02     -0.4515175462E+02
    0.3900000000E+02     -0.4657436693E+02
    0.4000000000E+02     -0.4798764038E+02
    0.4100000000E+02     -0.4939094681E+02
    0.4200000000E+02     -0.5078385588E+02
    0.4300000000E+02     -0.5216513614E+02
    0.4400000000E+02     -0.5353497009E+02
    0.4500000000E+02     -0.5489298630E+02
    0.4600000000E+02     -0.5623857012E+02
    0.4700000000E+02     -0.5757139288E+02
    0.4800000000E+02     -0.5889113023E+02
    0.4900000000E+02     -0.6019758294E+02
    0.5000000000E+02     -0.6149067036E+02
    0.5100000000E+02     -0.6277064887E+02
    0.5200000000E+02     -0.6403704288E+02
    0.5300000000E+02     -0.6528986815E+02
    0.5400000000E+02     -0.6652911026E+02
    0.5500000000E+02     -0.6775479464E+02
    0.5600000000E+02     -0.6896693409E+02
    0.5700000000E+02     -0.7016621022E+02
    0.5800000000E+02     -0.7135217441E+02
    0.5900000000E+02     -0.7252502845E+02
    0.6000000000E+02     -0.7368458767E+02
    0.6100000000E+02     -0.7483136250E+02
    0.6200000000E+02     -0.7596566500E+02
    0.6300000000E+02     -0.7708723212E+02
    0.6400000000E+02     -0.7819672324E+02
    0.6500000000E+02     -0.7929386279E+02
    0.6600000000E+02     -0.8037901554E+02
    0.6700000000E+02     -0.8145190367E+02
    0.6800000000E+02     -0.8251314593E+02
    0.6900000000E+02     -0.8356297040E+02
    0.7000000000E+02     -0.8460098698E+02
    0.7100000000E+02     -0.8562738937E+02
    0.7200000000E+02     -0.8664256016E+02
    0.7300000000E+02     -0.8764654051E+02
    0.7400000000E+02     -0.8863883044E+02
    0.7500000000E+02     -0.8962012755E+02
    0.7600000000E+02     -0.9059017041E+02
    0.7700000000E+02     -0.9154927602E+02
    0.7800000000E+02     -0.9249795506E+02
    0.7900000000E+02     -0.9343586224E+02
    0.8000000000E+02     -0.9436255307E+02
    0.8100000000E+02     -0.9527826700E+02
    0.8200000000E+02     -0.9618316584E+02
    0.8300000000E+02     -0.9707796019E+02
    0.8400000000E+02     -0.9796326815E+02
    0.8500000000E+02     -0.9883843630E+02
    0.8600000000E+02     -0.9970277897E+02
    0.8700000000E+02     -0.1005572848E+03
    0.8800000000E+02     -0.1014019860E+03
    0.8900000000E+02     -0.1022365628E+03
    0.9000000000E+02     -0.1030617244E+03
    0.9100000000E+02     -0.1038773006E+03
    0.9200000000E+02     -0.1046841628E+03
    0.9300000000E+02     -0.1054811649E+03
    0.9400000000E+02     -0.1062689549E+03
    0.9500000000E+02     -0.1070476926E+03
    0.9600000000E+02     -0.1078173775E+03
    0.9700000000E+02     -0.1085778490E+03
    0.9800000000E+02     -0.1093303591E+03
    0.9900000000E+02     -0.1100742201E+03
    0.1000000000E+03     -0.1108095919E+03
    0.1010000000E+03     -0.1115352124E+03
    0.1020000000E+03     -0.1122526473E+03
    0.1030000000E+03     -0.1129617445E+03
    0.1040000000E+03     -0.1136624739E+03
    0.1050000000E+03     -0.1143540164E+03
    0.1060000000E+03     -0.1150370986E+03
    0.1070000000E+03     -0.1157125666E+03
    0.1080000000E+03     -0.1163791714E+03
    0.1090000000E+03     -0.1170369564E+03
    0.1100000000E+03     -0.1176865596E+03
    0.1110000000E+03     -0.1183276866E+03
    0.1120000000E+03     -0.1189602772E+03
    0.1130000000E+03     -0.1195852857E+03
    0.1140000000E+03     -0.1202012700E+03
    0.1150000000E+03     -0.1208091484E+03
    0.1160000000E+03     -0.1214079984E+03
    0.1170000000E+03     -0.1219980262E+03
    0.1180000000E+03     -0.1225794749E+03
    0.1190000000E+03     -0.1231518052E+03
    0.1200000000E+03     -0.1237157646E+03
    0.1210000000E+03     -0.1242703552E+03
    0.1220000000E+03     -0.1248159494E+03
    0.1230000000E+03     -0.1253533431E+03
    0.1240000000E+03     -0.1258812632E+03
    0.1250000000E+03     -0.1264013455E+03
    0.1260000000E+03     -0.1269109357E+03
    0.1270000000E+03     -0.1274108769E+03
    0.1280000000E+03     -0.1279019737E+03
    0.1290000000E+03     -0.1283846256E+03
    0.1300000000E+03     -0.1288565616E+03
    0.1310000000E+03     -0.1293189838E+03
    0.1320000000E+03     -0.1297714139E+03
    0.1330000000E+03     -0.1302147319E+03
    0.1340000000E+03     -0.1306477621E+03
    0.1350000000E+03     -0.1310715361E+03
    0.1360000000E+03     -0.1314849017E+03
    0.1370000000E+03     -0.1318879627E+03
    0.1380000000E+03     -0.1322813944E+03
    0.1390000000E+03     -0.1326636880E+03
    0.1400000000E+03     -0.1330366108E+03
    0.1410000000E+03     -0.1333993064E+03
    0.1420000000E+03     -0.1337512564E+03
    0.1430000000E+03     -0.1340924794E+03
    0.1440000000E+03     -0.1344235499E+03
    0.1450000000E+03     -0.1347447437E+03
    0.1460000000E+03     -0.1350565760E+03
    0.1470000000E+03     -0.1353581777E+03
    0.1480000000E+03     -0.1356496886E+03
    0.1490000000E+03     -0.1359317054E+03
    0.1500000000E+03     -0.1362045635E+03
    0.1510000000E+03     -0.1364670308E+03
    0.1520000000E+03     -0.1367148555E+03
    0.1530000000E+03     -0.1369591268E+03
    0.1540000000E+03     -0.1371946871E+03
    0.1550000000E+03     -0.1374191821E+03
    0.1560000000E+03     -0.1376377556E+03
    0.1570000000E+03     -0.1378490285E+03
    0.1580000000E+03     -0.1380526481E+03
    0.1590000000E+03     -0.1382486875E+03
    0.1600000000E+03     -0.1384366547E+03
    0.1610000000E+03     -0.1386185255E+03
    0.1620000000E+03     -0.1387925096E+03
    0.1630000000E+03     -0.1389603298E+03
    0.1640000000E+03     -0.1391222534E+03
    0.1650000000E+03     -0.1392783335E+03
    0.1660000000E+03     -0.1394282731E+03
    0.1670000000E+03     -0.1395727464E+03
    0.1680000000E+03     -0.1397110996E+03
    0.1690000000E+03     -0.1398439033E+03
    0.1700000000E+03     -0.1399714095E+03
    0.1710000000E+03     -0.1400943050E+03
    0.1720000000E+03     -0.1402118302E+03
    0.1730000000E+03     -0.1403236728E+03
    0.1740000000E+03     -0.1404308165E+03
    0.1750000000E+03     -0.1405340917E+03
    0.1760000000E+03     -0.1406321608E+03
    0.1770000000E+03     -0.1407261751E+03
    0.1780000000E+03     -0.1408162860E+03
    0.1790000000E+03     -0.1409027035E+03
    0.1800000000E+03     -0.1409847874E+03
    0.1810000000E+03     -0.1410623907E+03
    0.1820000000E+03     -0.1411364267E+03
    0.1830000000E+03     -0.1412053855E+03
    0.1840000000E+03     -0.1412711451E+03
    0.1850000000E+03     -0.1413329902E+03
    0.1860000000E+03     -0.1413903958E+03
    0.1870000000E+03     -0.1414437073E+03
    0.1880000000E+03     -0.1414936442E+03
    0.1890000000E+03     -0.1415402963E+03
    0.1900000000E+03     -0.1415814747E+03
    0.1910000000E+03     -0.1416199527E+03
    0.1920000000E+03     -0.1416533040E+03
    0.1930000000E+03     -0.1416840375E+03
    0.1940000000E+03     -0.1417107405E+03
    0.1950000000E+03     -0.1417328725E+03
    0.1960000000E+03     -0.1417511363E+03
    0.1970000000E+03     -0.1417661920E+03
    0.1980000000E+03     -0.1417757132E+03
    0.1990000000E+03     -0.1417828012E+03
    0.2000000000E+03     -0.1417840821E+03
    0.2010000000E+03     -0.1417798188E+03
    0.2020000000E+03     -0.1417724232E+03
    0.2030000000E+03     -0.1417602062E+03
    0.2040000000E+03     -0.1417430860E+03
    0.2050000000E+03     -0.1417214501E+03
    0.2060000000E+03     -0.1416945189E+03
    0.2070000000E+03     -0.1416619466E+03
    0.2080000000E+03     -0.1416245312E+03
    0.2090000000E+03     -0.1415812671E+03
    0.2100000000E+03     -0.1415315713E+03
    0.2110000000E+03     -0.1414754064E+03
    0.2120000000E+03     -0.1414131175E+03
    0.2130000000E+03     -0.1413441655E+03
    0.2140000000E+03     -0.1412678162E+03
    0.2150000000E+03     -0.1411849833E+03
    0.2160000000E+03     -0.1410946954E+03
    0.2170000000E+03     -0.1409976449E+03
    0.2180000000E+03     -0.1408925467E+03
    0.2190000000E+03     -0.1407793794E+03
    0.2200000000E+03     -0.1406572564E+03
    0.2210000000E+03     -0.1405266553E+03
    0.2220000000E+03     -0.1403879056E+03
    0.2230000000E+03     -0.1402428187E+03
    0.2240000000E+03     -0.1400855989E+03
    0.2250000000E+03     -0.1399205041E+03
    0.2260000000E+03     -0.1397451166E+03
    0.2270000000E+03     -0.1395641861E+03
    0.2280000000E+03     -0.1393708695E+03
    0.2290000000E+03     -0.1391664200E+03
    0.2300000000E+03     -0.1389537822E+03
    0.2310000000E+03     -0.1387323832E+03
    0.2320000000E+03     -0.1385025390E+03
    0.2330000000E+03     -0.1382623434E+03
    0.2340000000E+03     -0.1380127889E+03
    0.2350000000E+03     -0.1377518723E+03
    0.2360000000E+03     -0.1374811364E+03
    0.2370000000E+03     -0.1372022969E+03
    0.2380000000E+03     -0.1369131302E+03
    0.2390000000E+03     -0.1366149875E+03
    0.2400000000E+03     -0.1363049963E+03
    0.2410000000E+03     -0.1359857689E+03
    0.2420000000E+03     -0.1356561057E+03
    0.2430000000E+03     -0.1353147518E+03
    0.2440000000E+03     -0.1349638142E+03
    0.2450000000E+03     -0.1346084192E+03
    0.2460000000E+03     -0.1342384973E+03
    0.2470000000E+03     -0.1338570669E+03
    0.2480000000E+03     -0.1334660218E+03
    0.2490000000E+03     -0.1330671418E+03
    0.2500000000E+03     -0.1326584945E+03
    0.2510000000E+03     -0.1322403917E+03
    0.2520000000E+03     -0.1318122313E+03
    0.2530000000E+03     -0.1313778859E+03
    0.2540000000E+03     -0.1309347146E+03
    0.2550000000E+03     -0.1304832867E+03
    0.2560000000E+03     -0.1300226834E+03
    0.2570000000E+03     -0.1295566712E+03
    0.2580000000E+03     -0.1290817608E+03
    0.2590000000E+03     -0.1285973405E+03
    0.2600000000E+03     -0.1281046700E+03
    0.2610000000E+03     -0.1276061804E+03
    0.2620000000E+03     -0.1270997276E+03
    0.2630000000E+03     -0.1265833756E+03
    0.2640000000E+03     -0.1260586087E+03
    0.2650000000E+03     -0.1255278054E+03
    0.2660000000E+03     -0.1249872563E+03
    0.2670000000E+03     -0.1244382768E+03
    0.2680000000E+03     -0.1238794202E+03
    0.2690000000E+03     -0.1233138063E+03
    0.2700000000E+03     -0.1227386622E+03
    0.2710000000E+03     -0.1221558839E+03
    0.2720000000E+03     -0.1215668240E+03
    0.2730000000E+03     -0.1209657769E+03
    0.2740000000E+03     -0.1203582899E+03
    0.2750000000E+03     -0.1197408878E+03
    0.2760000000E+03     -0.1191142132E+03
    0.2770000000E+03     -0.1184827855E+03
    0.2780000000E+03     -0.1178426689E+03
    0.2790000000E+03     -0.1171898780E+03
    0.2800000000E+03     -0.1165284626E+03
    0.2810000000E+03     -0.1158587550E+03
    0.2820000000E+03     -0.1151780269E+03
    0.2830000000E+03     -0.1144884398E+03
    0.2840000000E+03     -0.1137920526E+03
    0.2850000000E+03     -0.1130860385E+03
    0.2860000000E+03     -0.1123703116E+03
    0.2870000000E+03     -0.1116431595E+03
    0.2880000000E+03     -0.1109054928E+03
    0.2890000000E+03     -0.1101588381E+03
    0.2900000000E+03     -0.1094001669E+03
    0.2910000000E+03     -0.1086349299E+03
    0.2920000000E+03     -0.1078558611E+03
    0.2930000000E+03     -0.1070676842E+03
    0.2940000000E+03     -0.1062672630E+03
    0.2950000000E+03     -0.1054513568E+03
    0.2960000000E+03     -0.1046326807E+03
    0.2970000000E+03     -0.1038003496E+03
    0.2980000000E+03     -0.1029529353E+03
    0.2990000000E+03     -0.1020961278E+03
    0.3000000000E+03     -0.1012278739E+03
    0.3010000000E+03     -0.1003442708E+03
    0.3020000000E+03     -0.9945315818E+02
    0.3030000000E+03     -0.9854367357E+02
    0.3040000000E+03     -0.9762300765E+02
    0.3050000000E+03     -0.9669103290E+02
    0.3060000000E+03     -0.9574707087E+02
    0.3070000000E+03     -0.9479329003E+02
    0.3080000000E+03     -0.9382527588E+02
    0.3090000000E+03     -0.9284357278E+02
    0.3100000000E+03     -0.9185067502E+02
    0.3110000000E+03     -0.9085283208E+02
    0.3120000000E+03     -0.8983967763E+02
    0.3130000000E+03     -0.8881378032E+02
    0.3140000000E+03     -0.8777720229E+02
    0.3150000000E+03     -0.8672706455E+02
    0.3160000000E+03     -0.8567201683E+02
    0.3170000000E+03     -0.8460739966E+02
    0.3180000000E+03     -0.8353316598E+02
    0.3190000000E+03     -0.8244922546E+02
    0.3200000000E+03     -0.8135479671E+02
    0.3210000000E+03     -0.8025625918E+02
    0.3220000000E+03     -0.7914960034E+02
    0.3230000000E+03     -0.7803084344E+02
    0.3240000000E+03     -0.7691207365E+02
    0.3250000000E+03     -0.7578213565E+02
    0.3260000000E+03     -0.7464495717E+02
    0.3270000000E+03     -0.7350494054E+02
    0.3280000000E+03     -0.7235633151E+02
    0.3290000000E+03     -0.7119825895E+02
    0.3300000000E+03     -0.7003343273E+02
    0.3310000000E+03     -0.6886705968E+02
    0.3320000000E+03     -0.6769549360E+02
    0.3330000000E+03     -0.6651473599E+02
    0.3340000000E+03     -0.6533310163E+02
    0.3350000000E+03     -0.6414363636E+02
    0.3360000000E+03     -0.6295250064E+02
    0.3370000000E+03     -0.6175539124E+02
    0.3380000000E+03     -0.6055670105E+02
    0.3390000000E+03     -0.5935652975E+02
    0.3400000000E+03     -0.5815608812E+02
    0.3410000000E+03     -0.5695944774E+02
    0.3420000000E+03     -0.5576499943E+02
    0.3430000000E+03     -0.5457261010E+02
    0.3440000000E+03     -0.5338513379E+02
    0.3450000000E+03     -0.5220214771E+02
    0.3460000000E+03     -0.5102904342E+02
    0.3470000000E+03     -0.4985943507E+02
    0.3480000000E+03     -0.4869308102E+02
    0.3490000000E+03     -0.4753512809E+02
    0.3500000000E+03     -0.4637929143E+02
    0.3510000000E+03     -0.4522911389E+02
    0.3520000000E+03     -0.4408741550E+02
    0.3530000000E+03     -0.4294892069E+02
    0.3540000000E+03     -0.4181795033E+02
    0.3550000000E+03     -0.4069682666E+02
    0.3560000000E+03     -0.3958002881E+02
    0.3570000000E+03     -0.3847129614E+02
    0.3580000000E+03     -0.3736834158E+02
    0.3590000000E+03     -0.3627916844E+02
    0.3600000000E+03     -0.3519818050E+02
    0.3610000000E+03     -0.3412413391E+02
    0.3620000000E+03     -0.3305630202E+02
    0.3630000000E+03     -0.3200035020E+02
    0.3640000000E+03     -0.3095774489E+02
    0.3650000000E+03     -0.2992907562E+02
    0.3660000000E+03     -0.2890991203E+02
    0.3670000000E+03     -0.2790376756E+02
    0.3680000000E+03     -0.2691309385E+02
    0.3690000000E+03     -0.2593330534E+02
    0.3700000000E+03     -0.2496670942E+02
    0.3710000000E+03     -0.2401419694E+02
    0.3720000000E+03     -0.2307554438E+02
    0.3730000000E+03     -0.2215296467E+02
    0.3740000000E+03     -0.2125125279E+02
    0.3750000000E+03     -0.2035856470E+02
    0.3760000000E+03     -0.1948363148E+02
    0.3770000000E+03     -0.1862894486E+02
    0.3780000000E+03     -0.1779114026E+02
    0.3790000000E+03     -0.1697118300E+02
    0.3800000000E+03     -0.1616846586E+02
    0.3810000000E+03     -0.1538529195E+02
    0.3820000000E+03     -0.1462601849E+02
    0.3830000000E+03     -0.1388337542E+02
    0.3840000000E+03     -0.1315966433E+02
    0.3850000000E+03     -0.1245926137E+02
    0.3860000000E+03     -0.1177789594E+02
    0.3870000000E+03     -0.1112271084E+02
    0.3880000000E+03     -0.1048945088E+02
    0.3890000000E+03     -0.9874257243E+01
    0.3900000000E+03     -0.9285293200E+01
    0.3910000000E+03     -0.8716034653E+01
    0.3920000000E+03     -0.8173386332E+01
    0.3930000000E+03     -0.7660988510E+01
    0.3940000000E+03     -0.7175890073E+01
    0.3950000000E+03     -0.6714934951E+01
    0.3960000000E+03     -0.6274885351E+01
    0.3970000000E+03     -0.5869285193E+01
    0.3980000000E+03     -0.5479347956E+01
    0.3990000000E+03     -0.5126675961E+01
    0.4000000000E+03     -0.4794522272E+01
    0.4010000000E+03     -0.4497026322E+01
    0.4020000000E+03     -0.4234472839E+01
    0.4030000000E+03     -0.4005359724E+01
    0.4040000000E+03     -0.3807017033E+01
    0.4050000000E+03     -0.3635736926E+01
    0.4060000000E+03     -0.3499636335E+01
    0.4070000000E+03     -0.3399729134E+01
    0.4080000000E+03     -0.3330766391E+01
    0.4090000000E+03     -0.3285889592E+01
    0.4100000000E+03     -0.3281815456E+01
    0.4110000000E+03     -0.3326665937E+01
    0.4120000000E+03     -0.3394371745E+01
    0.4130000000E+03     -0.3501129331E+01
    0.4140000000E+03     -0.3648668110E+01
    0.4150000000E+03     -0.3832894177E+01
    0.4160000000E+03     -0.4063747338E+01
    0.4170000000E+03     -0.4325798593E+01
    0.4180000000E+03     -0.4638459549E+01
    0.4190000000E+03     -0.4959801918E+01
    0.4200000000E+03     -0.5332169736E+01
    0.4210000000E+03     -0.5762468360E+01
    0.4220000000E+03     -0.6216614784E+01
    0.4230000000E+03     -0.6712998665E+01
    0.4240000000E+03     -0.7263903008E+01
    0.4250000000E+03     -0.7872239111E+01
    0.4260000000E+03     -0.8515225083E+01
    0.4270000000E+03     -0.9198041227E+01
    0.4280000000E+03     -0.9932841392E+01
    0.4290000000E+03     -0.1071090735E+02
    0.4300000000E+03     -0.1155240166E+02
    0.4310000000E+03     -0.1243097010E+02
    0.4320000000E+03     -0.1335598990E+02
    0.4330000000E+03     -0.1433628116E+02
    0.4340000000E+03     -0.1536058847E+02
    0.4350000000E+03     -0.1644127540E+02
    0.4360000000E+03     -0.1758537699E+02
    0.4370000000E+03     -0.1877534010E+02
    0.4380000000E+03     -0.2002882706E+02
    0.4390000000E+03     -0.2132037408E+02
    0.4400000000E+03     -0.2266177675E+02
    0.4410000000E+03     -0.2407733128E+02
    0.4420000000E+03     -0.2555080485E+02
    0.4430000000E+03     -0.2707057482E+02
    0.4440000000E+03     -0.2865759718E+02
    0.4450000000E+03     -0.3028931450E+02
    0.4460000000E+03     -0.3199217841E+02
    0.4470000000E+03     -0.3372771777E+02
    0.4480000000E+03     -0.3555271713E+02
    0.4490000000E+03     -0.3743287663E+02
    0.4500000000E+03     -0.3936662622E+02
    0.4510000000E+03     -0.4135996755E+02
    0.4520000000E+03     -0.4343707059E+02
    0.4530000000E+03     -0.4556311570E+02
    0.4540000000E+03     -0.4777092316E+02
    0.4550000000E+03     -0.5004233039E+02
    0.4560000000E+03     -0.5237265992E+02
    0.4570000000E+03     -0.5480298191E+02
    0.4580000000E+03     -0.5725771190E+02
    0.4590000000E+03     -0.5980191742E+02
    0.4600000000E+03     -0.6243022394E+02
    0.4610000000E+03     -0.6511104733E+02
    0.4620000000E+03     -0.6785775304E+02
    0.4630000000E+03     -0.7068097415E+02
    0.4640000000E+03     -0.7358199888E+02
    0.4650000000E+03     -0.7656843935E+02
    0.4660000000E+03     -0.7957963442E+02
    0.4670000000E+03     -0.8272141450E+02
    0.4680000000E+03     -0.8591491288E+02
    0.4690000000E+03     -0.8920989016E+02
    0.4700000000E+03     -0.9258384902E+02
    0.4710000000E+03     -0.9603327948E+02
    0.4720000000E+03     -0.9958846764E+02
    0.4730000000E+03     -0.1032079535E+03
    0.4740000000E+03     -0.1068984968E+03
    0.4750000000E+03     -0.1106531191E+03
    0.4760000000E+03     -0.1145504389E+03
    0.4770000000E+03     -0.1185019194E+03
    0.4780000000E+03     -0.1225653704E+03
    0.4790000000E+03     -0.1266627218E+03
    0.4800000000E+03     -0.1308617773E+03
    0.4810000000E+03     -0.1351753127E+03
    0.4820000000E+03     -0.1395878075E+03
    0.4830000000E+03     -0.1440977744E+03
    0.4840000000E+03     -0.1486562076E+03
    0.4850000000E+03     -0.1533197632E+03
