    0.0000000000E+00     -0.1694900746E+01
    0.1000000000E+01     -0.1712668993E+01
    0.2000000000E+01     -0.2385775463E+01
    0.3000000000E+01     -0.3426497410E+01
    0.4000000000E+01     -0.4716732762E+01
    0.5000000000E+01     -0.6191836965E+01
    0.6000000000E+01     -0.7810923202E+01
    0.7000000000E+01     -0.9545628261E+01
    0.8000000000E+01     -0.1137513837E+02
    0.9000000000E+01     -0.1328366434E+02
    0.1000000000E+02     -0.1525868312E+02
    0.1100000000E+02     -0.1728953327E+02
    0.1200000000E+02     -0.1936765211E+02
    0.1300000000E+02     -0.2148592117E+02
    0.1400000000E+02     -0.2363844699E+02
    0.1500000000E+02     -0.2581955633E+02
    0.1600000000E+02     -0.2802406071E+02
    0.1700000000E+02     -0.3024795243E+02
    0.1800000000E+02     -0.3248694349E+02
    0.1900000000E+02     -0.3473735115E+02
    0.2000000000E+02     -0.3699584620E+02
    0.2100000000E+02     -0.3925920846E+02
    0.2200000000E+02     -0.4152400601E+02
    0.2300000000E+02     -0.4378763962E+02
    0.2400000000E+02     -0.4604714628E+02
    0.2500000000E+02     -0.4829926116E+02
    0.2600000000E+02     -0.5054128656E+02
    0.2700000000E+02     -0.5276964938E+02
    0.2800000000E+02     -0.5498199990E+02
    0.2900000000E+02     -0.5717525561E+02
    0.3000000000E+02     -0.5934692988E+02
    0.3100000000E+02     -0.6149434288E+02
    0.3200000000E+02     -0.6361551488E+02
    0.3300000000E+02     -0.6570835139E+02
    0.3400000000E+02     -0.6777225659E+02
    0.3500000000E+02     -0.6980626517E+02
    0.3600000000E+02     -0.7181041885E+02
    0.3700000000E+02     -0.7378484467E+02
    0.3800000000E+02     -0.7572953364E+02
    0.3900000000E+02     -0.7764627056E+02
    0.4000000000E+02     -0.7953597408E+02
    0.4100000000E+02     -0.8140041681E+02
    0.4200000000E+02     -0.8323990932E+02
    0.4300000000E+02     -0.8505557552E+02
    0.4400000000E+02     -0.8684915761E+02
    0.4500000000E+02     -0.8862194086E+02
    0.4600000000E+02     -0.9037451696E+02
    0.4700000000E+02     -0.9210760588E+02
    0.4800000000E+02     -0.9382267685E+02
    0.4900000000E+02     -0.9551929649E+02
    0.5000000000E+02     -0.9719924302E+02
    0.5100000000E+02     -0.9886213671E+02
    0.5200000000E+02     -0.1005087393E+03
    0.5300000000E+02     -0.1021397854E+03
    0.5400000000E+02     -0.1037553225E+03
    0.5500000000E+02     -0.1053552150E+03
    0.5600000000E+02     -0.1069397687E+03
    0.5700000000E+02     -0.1085090602E+03
    0.5800000000E+02     -0.1100643066E+03
    0.5900000000E+02     -0.1116041515E+03
    0.6000000000E+02     -0.1131294792E+03
    0.6100000000E+02     -0.1146402299E+03
    0.6200000000E+02     -0.1161357937E+03
    0.6300000000E+02     -0.1176170763E+03
    0.6400000000E+02     -0.1190831831E+03
    0.6500000000E+02     -0.1205340547E+03
    0.6600000000E+02     -0.1219702513E+03
    0.6700000000E+02     -0.1233902703E+03
    0.6800000000E+02     -0.1247957568E+03
    0.6900000000E+02     -0.1261856650E+03
    0.7000000000E+02     -0.1275599446E+03
    0.7100000000E+02     -0.1289172919E+03
    0.7200000000E+02     -0.1302589806E+03
    0.7300000000E+02     -0.1315850543E+03
    0.7400000000E+02     -0.1328945789E+03
    0.7500000000E+02     -0.1341884646E+03
    0.7600000000E+02     -0.1354666107E+03
    0.7700000000E+02     -0.1367298843E+03
    0.7800000000E+02     -0.1379774222E+03
    0.7900000000E+02     -0.1392100195E+03
    0.8000000000E+02     -0.1404281152E+03
    0.8100000000E+02     -0.1416319117E+03
    0.8200000000E+02     -0.1428206956E+03
    0.8300000000E+02     -0.1439957531E+03
    0.8400000000E+02     -0.1451580734E+03
    0.8500000000E+02     -0.1463080858E+03
    0.8600000000E+02     -0.1474451708E+03
    0.8700000000E+02     -0.1485697976E+03
    0.8800000000E+02     -0.1496833358E+03
    0.8900000000E+02     -0.1507843505E+03
    0.9000000000E+02     -0.1518750004E+03
    0.9100000000E+02     -0.1529547689E+03
    0.9200000000E+02     -0.1540237179E+03
    0.9300000000E+02     -0.1550821312E+03
    0.9400000000E+02     -0.1561310331E+03
    0.9500000000E+02     -0.1571704952E+03
    0.9600000000E+02     -0.1582001914E+03
    0.9700000000E+02     -0.1592198012E+03
    0.9800000000E+02     -0.1602300821E+03
    0.9900000000E+02     -0.1612312000E+03
    0.1000000000E+03     -0.1622239824E+03
    0.1010000000E+03     -0.1632077637E+03
    0.1020000000E+03     -0.1641825060E+03
    0.1030000000E+03     -0.1651483601E+03
    0.1040000000E+03     -0.1661055514E+03
    0.1050000000E+03     -0.1670538588E+03
    0.1060000000E+03     -0.1679930444E+03
    0.1070000000E+03     -0.1689244989E+03
    0.1080000000E+03     -0.1698463448E+03
    0.1090000000E+03     -0.1707597944E+03
    0.1100000000E+03     -0.1716648728E+03
    0.1110000000E+03     -0.1725607414E+03
    0.1120000000E+03     -0.1734475711E+03
    0.1130000000E+03     -0.1743253148E+03
    0.1140000000E+03     -0.1751933946E+03
    0.1150000000E+03     -0.1760520371E+03
    0.1160000000E+03     -0.1769010256E+03
    0.1170000000E+03     -0.1777397657E+03
    0.1180000000E+03     -0.1785686984E+03
    0.1190000000E+03     -0.1793876914E+03
    0.1200000000E+03     -0.1801954014E+03
    0.1210000000E+03     -0.1809920560E+03
    0.1220000000E+03     -0.1817768796E+03
    0.1230000000E+03     -0.1825499606E+03
    0.1240000000E+03     -0.1833109608E+03
    0.1250000000E+03     -0.1840597142E+03
    0.1260000000E+03     -0.1847950728E+03
    0.1270000000E+03     -0.1855171909E+03
    0.1280000000E+03     -0.1862255753E+03
    0.1290000000E+03     -0.1869196930E+03
    0.1300000000E+03     -0.1875984508E+03
    0.1310000000E+03     -0.1882627627E+03
    0.1320000000E+03     -0.1889109194E+03
    0.1330000000E+03     -0.1895439858E+03
    0.1340000000E+03     -0.1901608723E+03
    0.1350000000E+03     -0.1907611493E+03
    0.1360000000E+03     -0.1913435281E+03
    0.1370000000E+03     -0.1919082116E+03
    0.1380000000E+03     -0.1924555922E+03
    0.1390000000E+03     -0.1929834082E+03
    0.1400000000E+03     -0.1934923239E+03
    0.1410000000E+03     -0.1939833758E+03
    0.1420000000E+03     -0.1944544326E+03
    0.1430000000E+03     -0.1949057709E+03
    0.1440000000E+03     -0.1953386598E+03
    0.1450000000E+03     -0.1957525601E+03
    0.1460000000E+03     -0.1961472158E+03
    0.1470000000E+03     -0.1965239389E+03
    0.1480000000E+03     -0.1968833477E+03
    0.1490000000E+03     -0.1972259734E+03
    0.1500000000E+03     -0.1975516985E+03
    0.1510000000E+03     -0.1978620012E+03
    0.1520000000E+03     -0.1981586157E+03
    0.1530000000E+03     -0.1984416192E+03
    0.1540000000E+03     -0.1987127164E+03
    0.1550000000E+03     -0.1989722058E+03
    0.1560000000E+03     -0.1992206435E+03
    0.1570000000E+03     -0.1994592199E+03
    0.1580000000E+03     -0.1996891823E+03
    0.1590000000E+03     -0.1999097844E+03
    0.1600000000E+03     -0.2001231312E+03
    0.1610000000E+03     -0.2003284182E+03
    0.1620000000E+03     -0.2005264408E+03
    0.1630000000E+03     -0.2007179661E+03
    0.1640000000E+03     -0.2009026214E+03
    0.1650000000E+03     -0.2010820406E+03
    0.1660000000E+03     -0.2012555985E+03
    0.1670000000E+03     -0.2014233077E+03
    0.1680000000E+03     -0.2015856783E+03
    0.1690000000E+03     -0.2017433110E+03
    0.1700000000E+03     -0.2018951414E+03
    0.1710000000E+03     -0.2020427103E+03
    0.1720000000E+03     -0.2021854614E+03
    0.1730000000E+03     -0.2023234819E+03
    0.1740000000E+03     -0.2024571826E+03
    0.1750000000E+03     -0.2025868400E+03
    0.1760000000E+03     -0.2027123299E+03
    0.1770000000E+03     -0.2028342648E+03
    0.1780000000E+03     -0.2029524517E+03
    0.1790000000E+03     -0.2030660356E+03
    0.1800000000E+03     -0.2031760985E+03
    0.1810000000E+03     -0.2032828127E+03
    0.1820000000E+03     -0.2033861587E+03
    0.1830000000E+03     -0.2034851471E+03
    0.1840000000E+03     -0.2035809386E+03
    0.1850000000E+03     -0.2036733732E+03
    0.1860000000E+03     -0.2037628585E+03
    0.1870000000E+03     -0.2038490998E+03
    0.1880000000E+03     -0.2039317733E+03
    0.1890000000E+03     -0.2040120587E+03
    0.1900000000E+03     -0.2040882805E+03
    0.1910000000E+03     -0.2041617828E+03
    0.1920000000E+03     -0.2042319250E+03
    0.1930000000E+03     -0.2042991916E+03
    0.1940000000E+03     -0.2043634269E+03
    0.1950000000E+03     -0.2044244089E+03
    0.1960000000E+03     -0.2044826368E+03
    0.1970000000E+03     -0.2045375533E+03
    0.1980000000E+03     -0.2045899028E+03
    0.1990000000E+03     -0.2046393287E+03
    0.2000000000E+03     -0.2046857880E+03
    0.2010000000E+03     -0.2047285035E+03
    0.2020000000E+03     -0.2047686196E+03
    0.2030000000E+03     -0.2048060244E+03
    0.2040000000E+03     -0.2048398424E+03
    0.2050000000E+03     -0.2048715395E+03
    0.2060000000E+03     -0.2049001354E+03
    0.2070000000E+03     -0.2049265312E+03
    0.2080000000E+03     -0.2049489763E+03
    0.2090000000E+03     -0.2049689587E+03
    0.2100000000E+03     -0.2049858057E+03
    0.2110000000E+03     -0.2049988758E+03
    0.2120000000E+03     -0.2050100124E+03
    0.2130000000E+03     -0.2050177873E+03
    0.2140000000E+03     -0.2050230296E+03
    0.2150000000E+03     -0.2050246448E+03
    0.2160000000E+03     -0.2050237793E+03
    0.2170000000E+03     -0.2050197866E+03
    0.2180000000E+03     -0.2050118614E+03
    0.2190000000E+03     -0.2050006811E+03
    0.2200000000E+03     -0.2049864808E+03
    0.2210000000E+03     -0.2049691832E+03
    0.2220000000E+03     -0.2049489837E+03
    0.2230000000E+03     -0.2049257318E+03
    0.2240000000E+03     -0.2048986896E+03
    0.2250000000E+03     -0.2048680285E+03
    0.2260000000E+03     -0.2048332098E+03
    0.2270000000E+03     -0.2047931812E+03
    0.2280000000E+03     -0.2047498662E+03
    0.2290000000E+03     -0.2047009600E+03
    0.2300000000E+03     -0.2046473309E+03
    0.2310000000E+03     -0.2045908809E+03
    0.2320000000E+03     -0.2045294122E+03
    0.2330000000E+03     -0.2044618115E+03
    0.2340000000E+03     -0.2043880868E+03
    0.2350000000E+03     -0.2043090298E+03
    0.2360000000E+03     -0.2042237740E+03
    0.2370000000E+03     -0.2041306067E+03
    0.2380000000E+03     -0.2040289390E+03
    0.2390000000E+03     -0.2039199075E+03
    0.2400000000E+03     -0.2038022634E+03
    0.2410000000E+03     -0.2036738648E+03
    0.2420000000E+03     -0.2035361103E+03
    0.2430000000E+03     -0.2033862142E+03
    0.2440000000E+03     -0.2032220976E+03
    0.2450000000E+03     -0.2030434681E+03
    0.2460000000E+03     -0.2028502549E+03
    0.2470000000E+03     -0.2026401700E+03
    0.2480000000E+03     -0.2024131176E+03
    0.2490000000E+03     -0.2021647659E+03
    0.2500000000E+03     -0.2018986470E+03
    0.2510000000E+03     -0.2016123738E+03
    0.2520000000E+03     -0.2013060338E+03
    0.2530000000E+03     -0.2009778270E+03
    0.2540000000E+03     -0.2006281277E+03
    0.2550000000E+03     -0.2002585044E+03
    0.2560000000E+03     -0.1998702132E+03
    0.2570000000E+03     -0.1994609987E+03
    0.2580000000E+03     -0.1990341046E+03
    0.2590000000E+03     -0.1985872107E+03
    0.2600000000E+03     -0.1981232530E+03
    0.2610000000E+03     -0.1976404686E+03
    0.2620000000E+03     -0.1971424046E+03
    0.2630000000E+03     -0.1966277574E+03
    0.2640000000E+03     -0.1960949419E+03
    0.2650000000E+03     -0.1955482308E+03
    0.2660000000E+03     -0.1949889048E+03
    0.2670000000E+03     -0.1944145347E+03
    0.2680000000E+03     -0.1938287332E+03
    0.2690000000E+03     -0.1932310744E+03
    0.2700000000E+03     -0.1926178752E+03
    0.2710000000E+03     -0.1919949116E+03
    0.2720000000E+03     -0.1913597308E+03
    0.2730000000E+03     -0.1907149019E+03
    0.2740000000E+03     -0.1900595281E+03
    0.2750000000E+03     -0.1893953855E+03
    0.2760000000E+03     -0.1887184388E+03
    0.2770000000E+03     -0.1880336381E+03
    0.2780000000E+03     -0.1873375868E+03
    0.2790000000E+03     -0.1866325399E+03
    0.2800000000E+03     -0.1859202211E+03
    0.2810000000E+03     -0.1851980912E+03
    0.2820000000E+03     -0.1844647203E+03
    0.2830000000E+03     -0.1837239197E+03
    0.2840000000E+03     -0.1829739010E+03
    0.2850000000E+03     -0.1822178530E+03
    0.2860000000E+03     -0.1814522170E+03
    0.2870000000E+03     -0.1806778319E+03
    0.2880000000E+03     -0.1798960175E+03
    0.2890000000E+03     -0.1791048242E+03
    0.2900000000E+03     -0.1783041511E+03
    0.2910000000E+03     -0.1774956749E+03
    0.2920000000E+03     -0.1766780521E+03
    0.2930000000E+03     -0.1758523532E+03
    0.2940000000E+03     -0.1750168592E+03
    0.2950000000E+03     -0.1741689386E+03
    0.2960000000E+03     -0.1733103418E+03
    0.2970000000E+03     -0.1724463261E+03
    0.2980000000E+03     -0.1715706889E+03
    0.2990000000E+03     -0.1706885720E+03
    0.3000000000E+03     -0.1697924603E+03
    0.3010000000E+03     -0.1688878118E+03
    0.3020000000E+03     -0.1679694197E+03
    0.3030000000E+03     -0.1670396279E+03
    0.3040000000E+03     -0.1660968476E+03
    0.3050000000E+03     -0.1651472195E+03
    0.3060000000E+03     -0.1641820470E+03
    0.3070000000E+03     -0.1632042207E+03
    0.3080000000E+03     -0.1622086313E+03
    0.3090000000E+03     -0.1612065638E+03
    0.3100000000E+03     -0.1601868259E+03
    0.3110000000E+03     -0.1591559950E+03
    0.3120000000E+03     -0.1581113139E+03
    0.3130000000E+03     -0.1570502377E+03
    0.3140000000E+03     -0.1559768489E+03
    0.3150000000E+03     -0.1548844133E+03
    0.3160000000E+03     -0.1537769444E+03
    0.3170000000E+03     -0.1526542233E+03
    0.3180000000E+03     -0.1515175036E+03
    0.3190000000E+03     -0.1503656661E+03
    0.3200000000E+03     -0.1492022812E+03
    0.3210000000E+03     -0.1480202830E+03
    0.3220000000E+03     -0.1468284908E+03
    0.3230000000E+03     -0.1456189337E+03
    0.3240000000E+03     -0.1443902670E+03
    0.3250000000E+03     -0.1431487867E+03
    0.3260000000E+03     -0.1418935791E+03
    0.3270000000E+03     -0.1406255115E+03
    0.3280000000E+03     -0.1393407086E+03
    0.3290000000E+03     -0.1380410603E+03
    0.3300000000E+03     -0.1367243629E+03
    0.3310000000E+03     -0.1353939440E+03
    0.3320000000E+03     -0.1340441931E+03
    0.3330000000E+03     -0.1326767330E+03
    0.3340000000E+03     -0.1312920152E+03
    0.3350000000E+03     -0.1298874045E+03
    0.3360000000E+03     -0.1284649772E+03
    0.3370000000E+03     -0.1270202089E+03
    0.3380000000E+03     -0.1255479733E+03
    0.3390000000E+03     -0.1240581460E+03
    0.3400000000E+03     -0.1225393103E+03
    0.3410000000E+03     -0.1209940064E+03
    0.3420000000E+03     -0.1194214572E+03
    0.3430000000E+03     -0.1178244730E+03
    0.3440000000E+03     -0.1162073586E+03
    0.3450000000E+03     -0.1145623208E+03
    0.3460000000E+03     -0.1128894062E+03
    0.3470000000E+03     -0.1111957787E+03
    0.3480000000E+03     -0.1094893025E+03
    0.3490000000E+03     -0.1077574911E+03
    0.3500000000E+03     -0.1060140842E+03
    0.3510000000E+03     -0.1042632853E+03
    0.3520000000E+03     -0.1024977064E+03
    0.3530000000E+03     -0.1007276489E+03
    0.3540000000E+03     -0.9895255742E+02
    0.3550000000E+03     -0.9716723381E+02
    0.3560000000E+03     -0.9537986194E+02
    0.3570000000E+03     -0.9358805833E+02
    0.3580000000E+03     -0.9179294257E+02
    0.3590000000E+03     -0.9000553424E+02
    0.3600000000E+03     -0.8821262590E+02
    0.3610000000E+03     -0.8641824538E+02
    0.3620000000E+03     -0.8462676940E+02
    0.3630000000E+03     -0.8283873681E+02
    0.3640000000E+03     -0.8105679762E+02
    0.3650000000E+03     -0.7927958056E+02
    0.3660000000E+03     -0.7750584765E+02
    0.3670000000E+03     -0.7573376209E+02
    0.3680000000E+03     -0.7396995586E+02
    0.3690000000E+03     -0.7220937468E+02
    0.3700000000E+03     -0.7046030663E+02
    0.3710000000E+03     -0.6872235702E+02
    0.3720000000E+03     -0.6699006645E+02
    0.3730000000E+03     -0.6527310478E+02
    0.3740000000E+03     -0.6356256866E+02
    0.3750000000E+03     -0.6186117924E+02
    0.3760000000E+03     -0.6016737376E+02
    0.3770000000E+03     -0.5849428300E+02
    0.3780000000E+03     -0.5682365284E+02
    0.3790000000E+03     -0.5516970057E+02
    0.3800000000E+03     -0.5352861742E+02
    0.3810000000E+03     -0.5191191809E+02
    0.3820000000E+03     -0.5030064475E+02
    0.3830000000E+03     -0.4870396500E+02
    0.3840000000E+03     -0.4713215848E+02
    0.3850000000E+03     -0.4558259795E+02
    0.3860000000E+03     -0.4403661497E+02
    0.3870000000E+03     -0.4251533547E+02
    0.3880000000E+03     -0.4101686889E+02
    0.3890000000E+03     -0.3952806913E+02
    0.3900000000E+03     -0.3806687679E+02
    0.3910000000E+03     -0.3661696884E+02
    0.3920000000E+03     -0.3518987402E+02
    0.3930000000E+03     -0.3377950216E+02
    0.3940000000E+03     -0.3239955130E+02
    0.3950000000E+03     -0.3103552892E+02
    0.3960000000E+03     -0.2970171135E+02
    0.3970000000E+03     -0.2839638732E+02
    0.3980000000E+03     -0.2710524892E+02
    0.3990000000E+03     -0.2584016777E+02
    0.4000000000E+03     -0.2461120693E+02
    0.4010000000E+03     -0.2341047573E+02
    0.4020000000E+03     -0.2223028042E+02
    0.4030000000E+03     -0.2107955808E+02
    0.4040000000E+03     -0.1995446966E+02
    0.4050000000E+03     -0.1885710214E+02
    0.4060000000E+03     -0.1779979425E+02
    0.4070000000E+03     -0.1676757120E+02
    0.4080000000E+03     -0.1577335063E+02
    0.4090000000E+03     -0.1480126354E+02
    0.4100000000E+03     -0.1385938360E+02
    0.4110000000E+03     -0.1295697060E+02
    0.4120000000E+03     -0.1209045673E+02
    0.4130000000E+03     -0.1126933575E+02
    0.4140000000E+03     -0.1047315634E+02
    0.4150000000E+03     -0.9719748445E+01
    0.4160000000E+03     -0.9010658900E+01
    0.4170000000E+03     -0.8330899989E+01
    0.4180000000E+03     -0.7700741113E+01
    0.4190000000E+03     -0.7085351872E+01
    0.4200000000E+03     -0.6498893740E+01
    0.4210000000E+03     -0.5968488765E+01
    0.4220000000E+03     -0.5488730829E+01
    0.4230000000E+03     -0.5032602904E+01
    0.4240000000E+03     -0.4635183101E+01
    0.4250000000E+03     -0.4281397427E+01
    0.4260000000E+03     -0.3972839809E+01
    0.4270000000E+03     -0.3709180422E+01
    0.4280000000E+03     -0.3501041224E+01
    0.4290000000E+03     -0.3331970246E+01
    0.4300000000E+03     -0.3208444071E+01
    0.4310000000E+03     -0.3145288694E+01
    0.4320000000E+03     -0.3102395550E+01
    0.4330000000E+03     -0.3120135396E+01
    0.4340000000E+03     -0.3206995337E+01
    0.4350000000E+03     -0.3340496861E+01
    0.4360000000E+03     -0.3510500259E+01
    0.4370000000E+03     -0.3744962274E+01
    0.4380000000E+03     -0.4060500557E+01
    0.4390000000E+03     -0.4408568824E+01
    0.4400000000E+03     -0.4820956569E+01
    0.4410000000E+03     -0.5292351590E+01
    0.4420000000E+03     -0.5822013397E+01
    0.4430000000E+03     -0.6408598720E+01
    0.4440000000E+03     -0.7035721141E+01
    0.4450000000E+03     -0.7715015608E+01
    0.4460000000E+03     -0.8465010772E+01
    0.4470000000E+03     -0.9273411661E+01
    0.4480000000E+03     -0.1018415944E+02
    0.4490000000E+03     -0.1111204893E+02
    0.4500000000E+03     -0.1213177807E+02
    0.4510000000E+03     -0.1322713435E+02
    0.4520000000E+03     -0.1437027772E+02
    0.4530000000E+03     -0.1556763865E+02
    0.4540000000E+03     -0.1683607480E+02
    0.4550000000E+03     -0.1818530153E+02
    0.4560000000E+03     -0.1959225156E+02
    0.4570000000E+03     -0.2108283607E+02
    0.4580000000E+03     -0.2265167456E+02
    0.4590000000E+03     -0.2428638116E+02
    0.4600000000E+03     -0.2600339243E+02
    0.4610000000E+03     -0.2778101007E+02
    0.4620000000E+03     -0.2965209936E+02
    0.4630000000E+03     -0.3155783566E+02
    0.4640000000E+03     -0.3359357558E+02
    0.4650000000E+03     -0.3570490778E+02
    0.4660000000E+03     -0.3784687181E+02
    0.4670000000E+03     -0.4009524447E+02
    0.4680000000E+03     -0.4241885642E+02
    0.4690000000E+03     -0.4482695302E+02
    0.4700000000E+03     -0.4729612044E+02
    0.4710000000E+03     -0.4990036745E+02
    0.4720000000E+03     -0.5257905666E+02
    0.4730000000E+03     -0.5533400779E+02
    0.4740000000E+03     -0.5818993283E+02
    0.4750000000E+03     -0.6111724525E+02
    0.4760000000E+03     -0.6414280179E+02
    0.4770000000E+03     -0.6725560279E+02
    0.4780000000E+03     -0.7048879968E+02
    0.4790000000E+03     -0.7377715615E+02
    0.4800000000E+03     -0.7720666156E+02
    0.4810000000E+03     -0.8070372463E+02
    0.4820000000E+03     -0.8430127964E+02
    0.4830000000E+03     -0.8798916152E+02
    0.4840000000E+03     -0.9174008942E+02
    0.4850000000E+03     -0.9558836754E+02
