    0.0000000000E+00    -0.6783086183E+02
    0.1000000000E+01    -0.6466017813E+02
    0.2000000000E+01    -0.6216628950E+02
    0.3000000000E+01    -0.6006254808E+02
    0.4000000000E+01    -0.5823037702E+02
    0.5000000000E+01    -0.5660510228E+02
    0.6000000000E+01    -0.5514601310E+02
    0.7000000000E+01    -0.5382452247E+02
    0.8000000000E+01    -0.5262040672E+02
    0.9000000000E+01    -0.5151863860E+02
    0.1000000000E+02    -0.5050632272E+02
    0.1100000000E+02    -0.4957353369E+02
    0.1200000000E+02    -0.4871224657E+02
    0.1300000000E+02    -0.4791548971E+02
    0.1400000000E+02    -0.4717685503E+02
    0.1500000000E+02    -0.4649148001E+02
    0.1600000000E+02    -0.4585551915E+02
    0.1700000000E+02    -0.4526437818E+02
    0.1800000000E+02    -0.4471534082E+02
    0.1900000000E+02    -0.4420465246E+02
    0.2000000000E+02    -0.4372920707E+02
    0.2100000000E+02    -0.4328768374E+02
    0.2200000000E+02    -0.4287728266E+02
    0.2300000000E+02    -0.4249585051E+02
    0.2400000000E+02    -0.4214144634E+02
    0.2500000000E+02    -0.4181239325E+02
    0.2600000000E+02    -0.4150784565E+02
    0.2700000000E+02    -0.4122536774E+02
    0.2800000000E+02    -0.4096350368E+02
    0.2900000000E+02    -0.4072156503E+02
    0.3000000000E+02    -0.4049865363E+02
    0.3100000000E+02    -0.4029354103E+02
    0.3200000000E+02    -0.4010552899E+02
    0.3300000000E+02    -0.3993329205E+02
    0.3400000000E+02    -0.3977569191E+02
    0.3500000000E+02    -0.3963280109E+02
    0.3600000000E+02    -0.3950277777E+02
    0.3700000000E+02    -0.3938510350E+02
    0.3800000000E+02    -0.3927922234E+02
    0.3900000000E+02    -0.3918440454E+02
    0.4000000000E+02    -0.3910124556E+02
    0.4100000000E+02    -0.3902747925E+02
    0.4200000000E+02    -0.3896261732E+02
    0.4300000000E+02    -0.3890657308E+02
    0.4400000000E+02    -0.3885904493E+02
    0.4500000000E+02    -0.3881942996E+02
    0.4600000000E+02    -0.3878794403E+02
    0.4700000000E+02    -0.3876273741E+02
    0.4800000000E+02    -0.3874540529E+02
    0.4900000000E+02    -0.3873405895E+02
    0.5000000000E+02    -0.3872867301E+02
    0.5100000000E+02    -0.3872939806E+02
    0.5200000000E+02    -0.3873535598E+02
    0.5300000000E+02    -0.3874580103E+02
    0.5400000000E+02    -0.3876120288E+02
    0.5500000000E+02    -0.3878036946E+02
    0.5600000000E+02    -0.3880397683E+02
    0.5700000000E+02    -0.3883118960E+02
    0.5800000000E+02    -0.3886164432E+02
    0.5900000000E+02    -0.3889464948E+02
    0.6000000000E+02    -0.3893152110E+02
    0.6100000000E+02    -0.3897170964E+02
    0.6200000000E+02    -0.3901419095E+02
    0.6300000000E+02    -0.3905925542E+02
    0.6400000000E+02    -0.3910691996E+02
    0.6500000000E+02    -0.3915568382E+02
    0.6600000000E+02    -0.3920661967E+02
    0.6700000000E+02    -0.3925904378E+02
    0.6800000000E+02    -0.3931312931E+02
    0.6900000000E+02    -0.3936884515E+02
    0.7000000000E+02    -0.3942549501E+02
    0.7100000000E+02    -0.3948281034E+02
    0.7200000000E+02    -0.3954118115E+02
    0.7300000000E+02    -0.3960012646E+02
    0.7400000000E+02    -0.3965936918E+02
    0.7500000000E+02    -0.3971958406E+02
    0.7600000000E+02    -0.3977916780E+02
    0.7700000000E+02    -0.3983966028E+02
    0.7800000000E+02    -0.3990037452E+02
    0.7900000000E+02    -0.3996015681E+02
    0.8000000000E+02    -0.4002046054E+02
    0.8100000000E+02    -0.4008069634E+02
    0.8200000000E+02    -0.4013969678E+02
    0.8300000000E+02    -0.4019901216E+02
    0.8400000000E+02    -0.4025674257E+02
    0.8500000000E+02    -0.4031414668E+02
    0.8600000000E+02    -0.4037038441E+02
    0.8700000000E+02    -0.4042609163E+02
    0.8800000000E+02    -0.4048177764E+02
    0.8900000000E+02    -0.4053634598E+02
    0.9000000000E+02    -0.4058926385E+02
    0.9100000000E+02    -0.4064151181E+02
    0.9200000000E+02    -0.4069274906E+02
    0.9300000000E+02    -0.4074246418E+02
    0.9400000000E+02    -0.4079049263E+02
    0.9500000000E+02    -0.4083729445E+02
    0.9600000000E+02    -0.4088312089E+02
    0.9700000000E+02    -0.4092729807E+02
    0.9800000000E+02    -0.4096884080E+02
    0.9900000000E+02    -0.4100962237E+02
    0.1000000000E+03    -0.4104825909E+02
    0.1010000000E+03    -0.4108521933E+02
    0.1020000000E+03    -0.4112177387E+02
    0.1030000000E+03    -0.4115543702E+02
    0.1040000000E+03    -0.4118783499E+02
    0.1050000000E+03    -0.4121720067E+02
    0.1060000000E+03    -0.4124500809E+02
    0.1070000000E+03    -0.4127184801E+02
    0.1080000000E+03    -0.4129578149E+02
    0.1090000000E+03    -0.4131841586E+02
    0.1100000000E+03    -0.4133958350E+02
    0.1110000000E+03    -0.4135767383E+02
    0.1120000000E+03    -0.4137392321E+02
    0.1130000000E+03    -0.4138815347E+02
    0.1140000000E+03    -0.4140023970E+02
    0.1150000000E+03    -0.4141043997E+02
    0.1160000000E+03    -0.4141746265E+02
    0.1170000000E+03    -0.4142243072E+02
    0.1180000000E+03    -0.4142517880E+02
    0.1190000000E+03    -0.4142683086E+02
    0.1200000000E+03    -0.4142604602E+02
    0.1210000000E+03    -0.4142270792E+02
    0.1220000000E+03    -0.4141625670E+02
    0.1230000000E+03    -0.4140742540E+02
    0.1240000000E+03    -0.4139649921E+02
    0.1250000000E+03    -0.4138368642E+02
    0.1260000000E+03    -0.4136833626E+02
    0.1270000000E+03    -0.4134951145E+02
    0.1280000000E+03    -0.4132834774E+02
    0.1290000000E+03    -0.4130438183E+02
    0.1300000000E+03    -0.4127848059E+02
    0.1310000000E+03    -0.4124966875E+02
    0.1320000000E+03    -0.4121866527E+02
    0.1330000000E+03    -0.4118538912E+02
    0.1340000000E+03    -0.4115020299E+02
    0.1350000000E+03    -0.4111244389E+02
    0.1360000000E+03    -0.4107021569E+02
    0.1370000000E+03    -0.4102607266E+02
    0.1380000000E+03    -0.4097923219E+02
    0.1390000000E+03    -0.4092969042E+02
    0.1400000000E+03    -0.4087809211E+02
    0.1410000000E+03    -0.4082372474E+02
    0.1420000000E+03    -0.4076687130E+02
    0.1430000000E+03    -0.4070708220E+02
    0.1440000000E+03    -0.4064549398E+02
    0.1450000000E+03    -0.4058071921E+02
    0.1460000000E+03    -0.4051311871E+02
    0.1470000000E+03    -0.4044297987E+02
    0.1480000000E+03    -0.4036988593E+02
    0.1490000000E+03    -0.4029418458E+02
    0.1500000000E+03    -0.4021576177E+02
    0.1510000000E+03    -0.4013618072E+02
    0.1520000000E+03    -0.4005297874E+02
    0.1530000000E+03    -0.3996740138E+02
    0.1540000000E+03    -0.3987902061E+02
    0.1550000000E+03    -0.3978840229E+02
    0.1560000000E+03    -0.3969549130E+02
    0.1570000000E+03    -0.3959927349E+02
    0.1580000000E+03    -0.3949853586E+02
    0.1590000000E+03    -0.3939639407E+02
    0.1600000000E+03    -0.3929140760E+02
    0.1610000000E+03    -0.3918385695E+02
    0.1620000000E+03    -0.3907313502E+02
    0.1630000000E+03    -0.3896055920E+02
    0.1640000000E+03    -0.3884597167E+02
    0.1650000000E+03    -0.3872799538E+02
    0.1660000000E+03    -0.3860669239E+02
    0.1670000000E+03    -0.3848338777E+02
    0.1680000000E+03    -0.3835660271E+02
    0.1690000000E+03    -0.3822716134E+02
    0.1700000000E+03    -0.3809541777E+02
    0.1710000000E+03    -0.3796171208E+02
    0.1720000000E+03    -0.3782425974E+02
    0.1730000000E+03    -0.3768381253E+02
    0.1740000000E+03    -0.3754208783E+02
    0.1750000000E+03    -0.3739791081E+02
    0.1760000000E+03    -0.3724846112E+02
    0.1770000000E+03    -0.3709835980E+02
    0.1780000000E+03    -0.3694612752E+02
    0.1790000000E+03    -0.3679021210E+02
    0.1800000000E+03    -0.3663086614E+02
    0.1810000000E+03    -0.3647032884E+02
    0.1820000000E+03    -0.3630591583E+02
    0.1830000000E+03    -0.3613903951E+02
    0.1840000000E+03    -0.3597053739E+02
    0.1850000000E+03    -0.3580008674E+02
    0.1860000000E+03    -0.3562643877E+02
    0.1870000000E+03    -0.3544975408E+02
    0.1880000000E+03    -0.3527021799E+02
    0.1890000000E+03    -0.3508767294E+02
    0.1900000000E+03    -0.3490398677E+02
    0.1910000000E+03    -0.3471733757E+02
    0.1920000000E+03    -0.3452805312E+02
    0.1930000000E+03    -0.3433535059E+02
    0.1940000000E+03    -0.3414062733E+02
    0.1950000000E+03    -0.3394338294E+02
    0.1960000000E+03    -0.3374294840E+02
    0.1970000000E+03    -0.3354189049E+02
    0.1980000000E+03    -0.3333782518E+02
    0.1990000000E+03    -0.3313070199E+02
    0.2000000000E+03    -0.3292103911E+02
    0.2010000000E+03    -0.3270862702E+02
    0.2020000000E+03    -0.3249421892E+02
    0.2030000000E+03    -0.3227791682E+02
    0.2040000000E+03    -0.3205704589E+02
    0.2050000000E+03    -0.3183576201E+02
    0.2060000000E+03    -0.3161176650E+02
    0.2070000000E+03    -0.3138556894E+02
    0.2080000000E+03    -0.3115700086E+02
    0.2090000000E+03    -0.3092406671E+02
    0.2100000000E+03    -0.3069137976E+02
    0.2110000000E+03    -0.3045724105E+02
    0.2120000000E+03    -0.3021901689E+02
    0.2130000000E+03    -0.2997954404E+02
    0.2140000000E+03    -0.2973766453E+02
    0.2150000000E+03    -0.2949449950E+02
    0.2160000000E+03    -0.2924797672E+02
    0.2170000000E+03    -0.2900046978E+02
    0.2180000000E+03    -0.2875071223E+02
    0.2190000000E+03    -0.2849739805E+02
    0.2200000000E+03    -0.2824379533E+02
    0.2210000000E+03    -0.2798629611E+02
    0.2220000000E+03    -0.2772836453E+02
    0.2230000000E+03    -0.2746849957E+02
    0.2240000000E+03    -0.2720584971E+02
    0.2250000000E+03    -0.2694264347E+02
    0.2260000000E+03    -0.2667672413E+02
    0.2270000000E+03    -0.2641107005E+02
    0.2280000000E+03    -0.2614082632E+02
    0.2290000000E+03    -0.2587004901E+02
    0.2300000000E+03    -0.2559741463E+02
    0.2310000000E+03    -0.2532253527E+02
    0.2320000000E+03    -0.2504510513E+02
    0.2330000000E+03    -0.2476865058E+02
    0.2340000000E+03    -0.2448943279E+02
    0.2350000000E+03    -0.2420816291E+02
    0.2360000000E+03    -0.2392601073E+02
    0.2370000000E+03    -0.2364236997E+02
    0.2380000000E+03    -0.2335829142E+02
    0.2390000000E+03    -0.2307345558E+02
    0.2400000000E+03    -0.2278476386E+02
    0.2410000000E+03    -0.2249469666E+02
    0.2420000000E+03    -0.2220530011E+02
    0.2430000000E+03    -0.2191466265E+02
    0.2440000000E+03    -0.2162138163E+02
    0.2450000000E+03    -0.2132848258E+02
    0.2460000000E+03    -0.2103598359E+02
    0.2470000000E+03    -0.2074201065E+02
    0.2480000000E+03    -0.2044829322E+02
    0.2490000000E+03    -0.2015239148E+02
    0.2500000000E+03    -0.1985542060E+02
    0.2510000000E+03    -0.1955778972E+02
    0.2520000000E+03    -0.1926103693E+02
    0.2530000000E+03    -0.1896356192E+02
    0.2540000000E+03    -0.1866597974E+02
    0.2550000000E+03    -0.1836661295E+02
    0.2560000000E+03    -0.1806584166E+02
    0.2570000000E+03    -0.1776451294E+02
    0.2580000000E+03    -0.1746563758E+02
    0.2590000000E+03    -0.1716752985E+02
    0.2600000000E+03    -0.1686955175E+02
    0.2610000000E+03    -0.1657162174E+02
    0.2620000000E+03    -0.1627440820E+02
    0.2630000000E+03    -0.1597753975E+02
    0.2640000000E+03    -0.1567974338E+02
    0.2650000000E+03    -0.1538310131E+02
    0.2660000000E+03    -0.1508527539E+02
    0.2670000000E+03    -0.1479131774E+02
    0.2680000000E+03    -0.1449762927E+02
    0.2690000000E+03    -0.1420313953E+02
    0.2700000000E+03    -0.1391098734E+02
    0.2710000000E+03    -0.1361942230E+02
    0.2720000000E+03    -0.1333112179E+02
    0.2730000000E+03    -0.1304428279E+02
    0.2740000000E+03    -0.1275868116E+02
    0.2750000000E+03    -0.1247325060E+02
    0.2760000000E+03    -0.1218921542E+02
    0.2770000000E+03    -0.1190560276E+02
    0.2780000000E+03    -0.1162619710E+02
    0.2790000000E+03    -0.1134776277E+02
    0.2800000000E+03    -0.1107051746E+02
    0.2810000000E+03    -0.1079423563E+02
    0.2820000000E+03    -0.1052440901E+02
    0.2830000000E+03    -0.1025825115E+02
    0.2840000000E+03    -0.9991803534E+01
    0.2850000000E+03    -0.9731165956E+01
    0.2860000000E+03    -0.9469420617E+01
    0.2870000000E+03    -0.9211751370E+01
    0.2880000000E+03    -0.8957258151E+01
    0.2890000000E+03    -0.8707026296E+01
    0.2900000000E+03    -0.8462909179E+01
    0.2910000000E+03    -0.8217644909E+01
    0.2920000000E+03    -0.7977498833E+01
    0.2930000000E+03    -0.7739916680E+01
    0.2940000000E+03    -0.7508401052E+01
    0.2950000000E+03    -0.7281293045E+01
    0.2960000000E+03    -0.7057355647E+01
    0.2970000000E+03    -0.6837146381E+01
    0.2980000000E+03    -0.6623050402E+01
    0.2990000000E+03    -0.6415567092E+01
    0.3000000000E+03    -0.6211013468E+01
    0.3010000000E+03    -0.6014803879E+01
    0.3020000000E+03    -0.5823793309E+01
    0.3030000000E+03    -0.5634210375E+01
    0.3040000000E+03    -0.5451872304E+01
    0.3050000000E+03    -0.5272507859E+01
    0.3060000000E+03    -0.5100320060E+01
    0.3070000000E+03    -0.4936717526E+01
    0.3080000000E+03    -0.4777848712E+01
    0.3090000000E+03    -0.4620921437E+01
    0.3100000000E+03    -0.4474419227E+01
    0.3110000000E+03    -0.4335649922E+01
    0.3120000000E+03    -0.4204149547E+01
    0.3130000000E+03    -0.4076444957E+01
    0.3140000000E+03    -0.3961279586E+01
    0.3150000000E+03    -0.3851750489E+01
    0.3160000000E+03    -0.3750583794E+01
    0.3170000000E+03    -0.3654167976E+01
    0.3180000000E+03    -0.3568744302E+01
    0.3190000000E+03    -0.3489932137E+01
    0.3200000000E+03    -0.3423873708E+01
    0.3210000000E+03    -0.3367186681E+01
    0.3220000000E+03    -0.3318958691E+01
    0.3230000000E+03    -0.3279197554E+01
    0.3240000000E+03    -0.3249154873E+01
    0.3250000000E+03    -0.3228533998E+01
    0.3260000000E+03    -0.3215162552E+01
    0.3270000000E+03    -0.3212844104E+01
    0.3280000000E+03    -0.3224368843E+01
    0.3290000000E+03    -0.3244800757E+01
    0.3300000000E+03    -0.3274618810E+01
    0.3310000000E+03    -0.3318271824E+01
    0.3320000000E+03    -0.3370757268E+01
    0.3330000000E+03    -0.3436614587E+01
    0.3340000000E+03    -0.3513087020E+01
    0.3350000000E+03    -0.3601260024E+01
    0.3360000000E+03    -0.3697870132E+01
    0.3370000000E+03    -0.3811173414E+01
    0.3380000000E+03    -0.3936897801E+01
    0.3390000000E+03    -0.4075558494E+01
    0.3400000000E+03    -0.4226309700E+01
    0.3410000000E+03    -0.4391435555E+01
    0.3420000000E+03    -0.4568641522E+01
    0.3430000000E+03    -0.4760506587E+01
    0.3440000000E+03    -0.4968689193E+01
    0.3450000000E+03    -0.5194547120E+01
    0.3460000000E+03    -0.5433683933E+01
    0.3470000000E+03    -0.5688149031E+01
    0.3480000000E+03    -0.5953374711E+01
    0.3490000000E+03    -0.6236635510E+01
    0.3500000000E+03    -0.6537052563E+01
    0.3510000000E+03    -0.6849616907E+01
    0.3520000000E+03    -0.7179495648E+01
    0.3530000000E+03    -0.7521277508E+01
    0.3540000000E+03    -0.7886046957E+01
    0.3550000000E+03    -0.8271928637E+01
    0.3560000000E+03    -0.8679246068E+01
    0.3570000000E+03    -0.9101124250E+01
    0.3580000000E+03    -0.9538923216E+01
    0.3590000000E+03    -0.9999214911E+01
    0.3600000000E+03    -0.1047922387E+02
    0.3610000000E+03    -0.1097402532E+02
    0.3620000000E+03    -0.1148671693E+02
    0.3630000000E+03    -0.1202006797E+02
    0.3640000000E+03    -0.1256703489E+02
    0.3650000000E+03    -0.1313904679E+02
    0.3660000000E+03    -0.1372270999E+02
    0.3670000000E+03    -0.1433592364E+02
    0.3680000000E+03    -0.1496873445E+02
    0.3690000000E+03    -0.1562751982E+02
    0.3700000000E+03    -0.1629793680E+02
    0.3710000000E+03    -0.1700293909E+02
    0.3720000000E+03    -0.1773204601E+02
    0.3730000000E+03    -0.1848140959E+02
    0.3740000000E+03    -0.1925845813E+02
    0.3750000000E+03    -0.2006027321E+02
    0.3760000000E+03    -0.2087783287E+02
    0.3770000000E+03    -0.2172376176E+02
    0.3780000000E+03    -0.2257843430E+02
    0.3790000000E+03    -0.2346967781E+02
    0.3800000000E+03    -0.2439205139E+02
    0.3810000000E+03    -0.2534022632E+02
    0.3820000000E+03    -0.2631110030E+02
    0.3830000000E+03    -0.2730617078E+02
    0.3840000000E+03    -0.2832848087E+02
    0.3850000000E+03    -0.2938622177E+02
    0.3860000000E+03    -0.3046062367E+02
    0.3870000000E+03    -0.3156085003E+02
    0.3880000000E+03    -0.3270329228E+02
    0.3890000000E+03    -0.3386305734E+02
    0.3900000000E+03    -0.3506116463E+02
    0.3910000000E+03    -0.3627184233E+02
    0.3920000000E+03    -0.3751568025E+02
    0.3930000000E+03    -0.3879922195E+02
    0.3940000000E+03    -0.4009982526E+02
    0.3950000000E+03    -0.4143546822E+02
    0.3960000000E+03    -0.4279936046E+02
    0.3970000000E+03    -0.4420419238E+02
    0.3980000000E+03    -0.4562749588E+02
    0.3990000000E+03    -0.4710143199E+02
    0.4000000000E+03    -0.4860063675E+02
