    0.0000000000E+00    -0.6206142871E+03
    0.1000000000E+01    -0.6152875461E+03
    0.2000000000E+01    -0.6106415513E+03
    0.3000000000E+01    -0.6063890201E+03
    0.4000000000E+01    -0.6024117588E+03
    0.5000000000E+01    -0.5986455459E+03
    0.6000000000E+01    -0.5950504306E+03
    0.7000000000E+01    -0.5915973387E+03
    0.8000000000E+01    -0.5882655477E+03
    0.9000000000E+01    -0.5850398843E+03
    0.1000000000E+02    -0.5819086151E+03
    0.1100000000E+02    -0.5788608336E+03
    0.1200000000E+02    -0.5758879926E+03
    0.1300000000E+02    -0.5729833664E+03
    0.1400000000E+02    -0.5701415269E+03
    0.1500000000E+02    -0.5673567105E+03
    0.1600000000E+02    -0.5646249657E+03
    0.1700000000E+02    -0.5619437517E+03
    0.1800000000E+02    -0.5593068602E+03
    0.1900000000E+02    -0.5567117470E+03
    0.2000000000E+02    -0.5541571393E+03
    0.2100000000E+02    -0.5516403894E+03
    0.2200000000E+02    -0.5491578559E+03
    0.2300000000E+02    -0.5467089705E+03
    0.2400000000E+02    -0.5442921591E+03
    0.2500000000E+02    -0.5419042064E+03
    0.2600000000E+02    -0.5395434251E+03
    0.2700000000E+02    -0.5372098736E+03
    0.2800000000E+02    -0.5349017372E+03
    0.2900000000E+02    -0.5326166223E+03
    0.3000000000E+02    -0.5303553517E+03
    0.3100000000E+02    -0.5281150285E+03
    0.3200000000E+02    -0.5258954469E+03
    0.3300000000E+02    -0.5236964617E+03
    0.3400000000E+02    -0.5215162969E+03
    0.3500000000E+02    -0.5193543722E+03
    0.3600000000E+02    -0.5172093451E+03
    0.3700000000E+02    -0.5150808420E+03
    0.3800000000E+02    -0.5129676674E+03
    0.3900000000E+02    -0.5108695142E+03
    0.4000000000E+02    -0.5087864444E+03
    0.4100000000E+02    -0.5067178422E+03
    0.4200000000E+02    -0.5046616905E+03
    0.4300000000E+02    -0.5026182428E+03
    0.4400000000E+02    -0.5005875649E+03
    0.4500000000E+02    -0.4985688783E+03
    0.4600000000E+02    -0.4965612917E+03
    0.4700000000E+02    -0.4945653245E+03
    0.4800000000E+02    -0.4925797289E+03
    0.4900000000E+02    -0.4906033068E+03
    0.5000000000E+02    -0.4886376974E+03
    0.5100000000E+02    -0.4866809722E+03
    0.5200000000E+02    -0.4847337209E+03
    0.5300000000E+02    -0.4827955486E+03
    0.5400000000E+02    -0.4808646409E+03
    0.5500000000E+02    -0.4789420965E+03
    0.5600000000E+02    -0.4770283813E+03
    0.5700000000E+02    -0.4751219654E+03
    0.5800000000E+02    -0.4732220731E+03
    0.5900000000E+02    -0.4713307879E+03
    0.6000000000E+02    -0.4694458564E+03
    0.6100000000E+02    -0.4675670125E+03
    0.6200000000E+02    -0.4656941432E+03
    0.6300000000E+02    -0.4638267005E+03
    0.6400000000E+02    -0.4619641765E+03
    0.6500000000E+02    -0.4601090197E+03
    0.6600000000E+02    -0.4582590964E+03
    0.6700000000E+02    -0.4564153089E+03
    0.6800000000E+02    -0.4545751306E+03
    0.6900000000E+02    -0.4527411057E+03
    0.7000000000E+02    -0.4509126843E+03
    0.7100000000E+02    -0.4490883526E+03
    0.7200000000E+02    -0.4472676045E+03
    0.7300000000E+02    -0.4454525734E+03
    0.7400000000E+02    -0.4436413234E+03
    0.7500000000E+02    -0.4418333745E+03
    0.7600000000E+02    -0.4400290662E+03
    0.7700000000E+02    -0.4382297447E+03
    0.7800000000E+02    -0.4364340163E+03
    0.7900000000E+02    -0.4346406123E+03
    0.8000000000E+02    -0.4328501421E+03
    0.8100000000E+02    -0.4310629221E+03
    0.8200000000E+02    -0.4292796927E+03
    0.8300000000E+02    -0.4274989497E+03
    0.8400000000E+02    -0.4257213021E+03
    0.8500000000E+02    -0.4239459896E+03
    0.8600000000E+02    -0.4221736723E+03
    0.8700000000E+02    -0.4204036537E+03
    0.8800000000E+02    -0.4186367076E+03
    0.8900000000E+02    -0.4168710933E+03
    0.9000000000E+02    -0.4151072395E+03
    0.9100000000E+02    -0.4133456954E+03
    0.9200000000E+02    -0.4115862051E+03
    0.9300000000E+02    -0.4098296135E+03
    0.9400000000E+02    -0.4080744073E+03
    0.9500000000E+02    -0.4063219092E+03
    0.9600000000E+02    -0.4045707079E+03
    0.9700000000E+02    -0.4028210347E+03
    0.9800000000E+02    -0.4010730632E+03
    0.9900000000E+02    -0.3993265520E+03
    0.1000000000E+03    -0.3975815823E+03
    0.1010000000E+03    -0.3958372707E+03
    0.1020000000E+03    -0.3940945152E+03
    0.1030000000E+03    -0.3923526575E+03
    0.1040000000E+03    -0.3906127383E+03
    0.1050000000E+03    -0.3888754531E+03
    0.1060000000E+03    -0.3871382041E+03
    0.1070000000E+03    -0.3854020604E+03
    0.1080000000E+03    -0.3836673520E+03
    0.1090000000E+03    -0.3819347306E+03
    0.1100000000E+03    -0.3802028229E+03
    0.1110000000E+03    -0.3784709478E+03
    0.1120000000E+03    -0.3767405797E+03
    0.1130000000E+03    -0.3750113634E+03
    0.1140000000E+03    -0.3732833551E+03
    0.1150000000E+03    -0.3715544043E+03
    0.1160000000E+03    -0.3698271022E+03
    0.1170000000E+03    -0.3680997054E+03
    0.1180000000E+03    -0.3663745337E+03
    0.1190000000E+03    -0.3646494638E+03
    0.1200000000E+03    -0.3629256513E+03
    0.1210000000E+03    -0.3612020099E+03
    0.1220000000E+03    -0.3594791189E+03
    0.1230000000E+03    -0.3577575533E+03
    0.1240000000E+03    -0.3560352985E+03
    0.1250000000E+03    -0.3543125752E+03
    0.1260000000E+03    -0.3525901505E+03
    0.1270000000E+03    -0.3508688962E+03
    0.1280000000E+03    -0.3491471236E+03
    0.1290000000E+03    -0.3474276633E+03
    0.1300000000E+03    -0.3457082832E+03
    0.1310000000E+03    -0.3439879346E+03
    0.1320000000E+03    -0.3422676965E+03
    0.1330000000E+03    -0.3405486731E+03
    0.1340000000E+03    -0.3388299946E+03
    0.1350000000E+03    -0.3371114847E+03
    0.1360000000E+03    -0.3353916635E+03
    0.1370000000E+03    -0.3336720473E+03
    0.1380000000E+03    -0.3319530962E+03
    0.1390000000E+03    -0.3302345992E+03
    0.1400000000E+03    -0.3285165177E+03
    0.1410000000E+03    -0.3267973140E+03
    0.1420000000E+03    -0.3250783054E+03
    0.1430000000E+03    -0.3233605357E+03
    0.1440000000E+03    -0.3216436258E+03
    0.1450000000E+03    -0.3199271736E+03
    0.1460000000E+03    -0.3182102136E+03
    0.1470000000E+03    -0.3164944015E+03
    0.1480000000E+03    -0.3147783060E+03
    0.1490000000E+03    -0.3130620589E+03
    0.1500000000E+03    -0.3113456045E+03
    0.1510000000E+03    -0.3096294565E+03
    0.1520000000E+03    -0.3079134901E+03
    0.1530000000E+03    -0.3061983866E+03
    0.1540000000E+03    -0.3044828874E+03
    0.1550000000E+03    -0.3027651500E+03
    0.1560000000E+03    -0.3010506127E+03
    0.1570000000E+03    -0.2993346660E+03
    0.1580000000E+03    -0.2976182188E+03
    0.1590000000E+03    -0.2959025861E+03
    0.1600000000E+03    -0.2941862175E+03
    0.1610000000E+03    -0.2924700592E+03
    0.1620000000E+03    -0.2907539951E+03
    0.1630000000E+03    -0.2890377587E+03
    0.1640000000E+03    -0.2873216039E+03
    0.1650000000E+03    -0.2856045736E+03
    0.1660000000E+03    -0.2838893631E+03
    0.1670000000E+03    -0.2821719505E+03
    0.1680000000E+03    -0.2804548977E+03
    0.1690000000E+03    -0.2787402742E+03
    0.1700000000E+03    -0.2770235718E+03
    0.1710000000E+03    -0.2753086534E+03
    0.1720000000E+03    -0.2735910211E+03
    0.1730000000E+03    -0.2718742534E+03
    0.1740000000E+03    -0.2701584625E+03
    0.1750000000E+03    -0.2684420484E+03
    0.1760000000E+03    -0.2667277098E+03
    0.1770000000E+03    -0.2650123803E+03
    0.1780000000E+03    -0.2632975323E+03
    0.1790000000E+03    -0.2615840976E+03
    0.1800000000E+03    -0.2598706983E+03
    0.1810000000E+03    -0.2581574472E+03
    0.1820000000E+03    -0.2564455626E+03
    0.1830000000E+03    -0.2547309913E+03
    0.1840000000E+03    -0.2530172999E+03
    0.1850000000E+03    -0.2513024623E+03
    0.1860000000E+03    -0.2495887504E+03
    0.1870000000E+03    -0.2478745476E+03
    0.1880000000E+03    -0.2461610322E+03
    0.1890000000E+03    -0.2444486312E+03
    0.1900000000E+03    -0.2427372223E+03
    0.1910000000E+03    -0.2410258059E+03
    0.1920000000E+03    -0.2393143215E+03
    0.1930000000E+03    -0.2376017954E+03
    0.1940000000E+03    -0.2358921664E+03
    0.1950000000E+03    -0.2341823807E+03
    0.1960000000E+03    -0.2324721667E+03
    0.1970000000E+03    -0.2307611040E+03
    0.1980000000E+03    -0.2290507475E+03
    0.1990000000E+03    -0.2273420324E+03
    0.2000000000E+03    -0.2256320100E+03
    0.2010000000E+03    -0.2239243322E+03
    0.2020000000E+03    -0.2222151554E+03
    0.2030000000E+03    -0.2205077544E+03
    0.2040000000E+03    -0.2188001213E+03
    0.2050000000E+03    -0.2170931370E+03
    0.2060000000E+03    -0.2153859373E+03
    0.2070000000E+03    -0.2136822264E+03
    0.2080000000E+03    -0.2119795153E+03
    0.2090000000E+03    -0.2102752018E+03
    0.2100000000E+03    -0.2085755050E+03
    0.2110000000E+03    -0.2068732578E+03
    0.2120000000E+03    -0.2051729480E+03
    0.2130000000E+03    -0.2034747311E+03
    0.2140000000E+03    -0.2017764744E+03
    0.2150000000E+03    -0.2000813643E+03
    0.2160000000E+03    -0.1983825818E+03
    0.2170000000E+03    -0.1966858753E+03
    0.2180000000E+03    -0.1949911905E+03
    0.2190000000E+03    -0.1932978957E+03
    0.2200000000E+03    -0.1916060638E+03
    0.2210000000E+03    -0.1899123830E+03
    0.2220000000E+03    -0.1882247143E+03
    0.2230000000E+03    -0.1865382290E+03
    0.2240000000E+03    -0.1848535492E+03
    0.2250000000E+03    -0.1831688173E+03
    0.2260000000E+03    -0.1814863554E+03
    0.2270000000E+03    -0.1798047320E+03
    0.2280000000E+03    -0.1781245197E+03
    0.2290000000E+03    -0.1764475404E+03
    0.2300000000E+03    -0.1747705549E+03
    0.2310000000E+03    -0.1730959518E+03
    0.2320000000E+03    -0.1714236451E+03
    0.2330000000E+03    -0.1697537093E+03
    0.2340000000E+03    -0.1680864923E+03
    0.2350000000E+03    -0.1664184526E+03
    0.2360000000E+03    -0.1647527891E+03
    0.2370000000E+03    -0.1630895398E+03
    0.2380000000E+03    -0.1614302792E+03
    0.2390000000E+03    -0.1597715215E+03
    0.2400000000E+03    -0.1581161170E+03
    0.2410000000E+03    -0.1564621623E+03
    0.2420000000E+03    -0.1548121999E+03
    0.2430000000E+03    -0.1531678393E+03
    0.2440000000E+03    -0.1515200905E+03
    0.2450000000E+03    -0.1498772143E+03
    0.2460000000E+03    -0.1482327740E+03
    0.2470000000E+03    -0.1465949720E+03
    0.2480000000E+03    -0.1449585667E+03
    0.2490000000E+03    -0.1433255619E+03
    0.2500000000E+03    -0.1416961789E+03
    0.2510000000E+03    -0.1400684516E+03
    0.2520000000E+03    -0.1384442545E+03
    0.2530000000E+03    -0.1368238335E+03
    0.2540000000E+03    -0.1352045884E+03
    0.2550000000E+03    -0.1335907101E+03
    0.2560000000E+03    -0.1319830724E+03
    0.2570000000E+03    -0.1303744182E+03
    0.2580000000E+03    -0.1287706974E+03
    0.2590000000E+03    -0.1271700507E+03
    0.2600000000E+03    -0.1255734911E+03
    0.2610000000E+03    -0.1239821031E+03
    0.2620000000E+03    -0.1223930068E+03
    0.2630000000E+03    -0.1208069553E+03
    0.2640000000E+03    -0.1192284584E+03
    0.2650000000E+03    -0.1176525386E+03
    0.2660000000E+03    -0.1160832351E+03
    0.2670000000E+03    -0.1145169111E+03
    0.2680000000E+03    -0.1129545833E+03
    0.2690000000E+03    -0.1113956823E+03
    0.2700000000E+03    -0.1098431758E+03
    0.2710000000E+03    -0.1082958303E+03
    0.2720000000E+03    -0.1067531198E+03
    0.2730000000E+03    -0.1052154232E+03
    0.2740000000E+03    -0.1036852049E+03
    0.2750000000E+03    -0.1021569957E+03
    0.2760000000E+03    -0.1006364443E+03
    0.2770000000E+03    -0.9912020961E+02
    0.2780000000E+03    -0.9760836690E+02
    0.2790000000E+03    -0.9610420214E+02
    0.2800000000E+03    -0.9460344361E+02
    0.2810000000E+03    -0.9310840537E+02
    0.2820000000E+03    -0.9162178751E+02
    0.2830000000E+03    -0.9013814283E+02
    0.2840000000E+03    -0.8866189177E+02
    0.2850000000E+03    -0.8719327664E+02
    0.2860000000E+03    -0.8573571258E+02
    0.2870000000E+03    -0.8428102153E+02
    0.2880000000E+03    -0.8283293772E+02
    0.2890000000E+03    -0.8139159508E+02
    0.2900000000E+03    -0.7995682173E+02
    0.2910000000E+03    -0.7853276326E+02
    0.2920000000E+03    -0.7711428248E+02
    0.2930000000E+03    -0.7570406775E+02
    0.2940000000E+03    -0.7429794429E+02
    0.2950000000E+03    -0.7290135354E+02
    0.2960000000E+03    -0.7151820814E+02
    0.2970000000E+03    -0.7014057873E+02
    0.2980000000E+03    -0.6877140281E+02
    0.2990000000E+03    -0.6740677265E+02
    0.3000000000E+03    -0.6605160295E+02
    0.3010000000E+03    -0.6470633344E+02
    0.3020000000E+03    -0.6336898999E+02
    0.3030000000E+03    -0.6204166691E+02
    0.3040000000E+03    -0.6072174774E+02
    0.3050000000E+03    -0.5941177396E+02
    0.3060000000E+03    -0.5811606509E+02
    0.3070000000E+03    -0.5682668556E+02
    0.3080000000E+03    -0.5554739147E+02
    0.3090000000E+03    -0.5427638097E+02
    0.3100000000E+03    -0.5301492172E+02
    0.3110000000E+03    -0.5176211249E+02
    0.3120000000E+03    -0.5051691350E+02
    0.3130000000E+03    -0.4928591129E+02
    0.3140000000E+03    -0.4806501423E+02
    0.3150000000E+03    -0.4686052666E+02
    0.3160000000E+03    -0.4566844874E+02
    0.3170000000E+03    -0.4448725543E+02
    0.3180000000E+03    -0.4331557816E+02
    0.3190000000E+03    -0.4215191249E+02
    0.3200000000E+03    -0.4100449797E+02
    0.3210000000E+03    -0.3986820278E+02
    0.3220000000E+03    -0.3874460822E+02
    0.3230000000E+03    -0.3762941439E+02
    0.3240000000E+03    -0.3653240776E+02
    0.3250000000E+03    -0.3544839227E+02
    0.3260000000E+03    -0.3437598450E+02
    0.3270000000E+03    -0.3331426923E+02
    0.3280000000E+03    -0.3226949645E+02
    0.3290000000E+03    -0.3123760559E+02
    0.3300000000E+03    -0.3022409514E+02
    0.3310000000E+03    -0.2921879536E+02
    0.3320000000E+03    -0.2822503132E+02
    0.3330000000E+03    -0.2724456369E+02
    0.3340000000E+03    -0.2628270556E+02
    0.3350000000E+03    -0.2533628353E+02
    0.3360000000E+03    -0.2440499966E+02
    0.3370000000E+03    -0.2348643748E+02
    0.3380000000E+03    -0.2258099957E+02
    0.3390000000E+03    -0.2169874632E+02
    0.3400000000E+03    -0.2082887891E+02
    0.3410000000E+03    -0.1997176578E+02
    0.3420000000E+03    -0.1912833328E+02
    0.3430000000E+03    -0.1830574022E+02
    0.3440000000E+03    -0.1750158642E+02
    0.3450000000E+03    -0.1671532627E+02
    0.3460000000E+03    -0.1595118562E+02
    0.3470000000E+03    -0.1519994622E+02
    0.3480000000E+03    -0.1447301994E+02
    0.3490000000E+03    -0.1376161474E+02
    0.3500000000E+03    -0.1306766024E+02
    0.3510000000E+03    -0.1239301258E+02
    0.3520000000E+03    -0.1172787589E+02
    0.3530000000E+03    -0.1109408270E+02
    0.3540000000E+03    -0.1047336951E+02
    0.3550000000E+03    -0.9870445352E+01
    0.3560000000E+03    -0.9293537165E+01
    0.3570000000E+03    -0.8730202241E+01
    0.3580000000E+03    -0.8191723035E+01
    0.3590000000E+03    -0.7675327397E+01
    0.3600000000E+03    -0.7178577086E+01
    0.3610000000E+03    -0.6703743977E+01
    0.3620000000E+03    -0.6247524651E+01
    0.3630000000E+03    -0.5813225440E+01
    0.3640000000E+03    -0.5400136992E+01
    0.3650000000E+03    -0.5004373091E+01
    0.3660000000E+03    -0.4640514741E+01
    0.3670000000E+03    -0.4292444642E+01
    0.3680000000E+03    -0.3985040488E+01
    0.3690000000E+03    -0.3688663784E+01
    0.3700000000E+03    -0.3413687979E+01
    0.3710000000E+03    -0.3168070577E+01
    0.3720000000E+03    -0.2949490323E+01
    0.3730000000E+03    -0.2763360333E+01
    0.3740000000E+03    -0.2591963393E+01
    0.3750000000E+03    -0.2442789255E+01
    0.3760000000E+03    -0.2323540673E+01
    0.3770000000E+03    -0.2235394184E+01
    0.3780000000E+03    -0.2163454108E+01
    0.3790000000E+03    -0.2122542212E+01
    0.3800000000E+03    -0.2103207692E+01
