    0.0000000000E+00    -0.7223437005E+02
    0.1000000000E+01    -0.6943209387E+02
    0.2000000000E+01    -0.6730402772E+02
    0.3000000000E+01    -0.6556260322E+02
    0.4000000000E+01    -0.6409026909E+02
    0.5000000000E+01    -0.6282223112E+02
    0.6000000000E+01    -0.6171745434E+02
    0.7000000000E+01    -0.6074728098E+02
    0.8000000000E+01    -0.5989201180E+02
    0.9000000000E+01    -0.5913625280E+02
    0.1000000000E+02    -0.5846729558E+02
    0.1100000000E+02    -0.5787568962E+02
    0.1200000000E+02    -0.5735235327E+02
    0.1300000000E+02    -0.5689023312E+02
    0.1400000000E+02    -0.5648343588E+02
    0.1500000000E+02    -0.5612756497E+02
    0.1600000000E+02    -0.5581829036E+02
    0.1700000000E+02    -0.5555015687E+02
    0.1800000000E+02    -0.5532127146E+02
    0.1900000000E+02    -0.5512830223E+02
    0.2000000000E+02    -0.5496810691E+02
    0.2100000000E+02    -0.5483794214E+02
    0.2200000000E+02    -0.5473589951E+02
    0.2300000000E+02    -0.5466096967E+02
    0.2400000000E+02    -0.5461039207E+02
    0.2500000000E+02    -0.5458244916E+02
    0.2600000000E+02    -0.5457579347E+02
    0.2700000000E+02    -0.5458871046E+02
    0.2800000000E+02    -0.5461983166E+02
    0.2900000000E+02    -0.5466799184E+02
    0.3000000000E+02    -0.5473218160E+02
    0.3100000000E+02    -0.5481130341E+02
    0.3200000000E+02    -0.5490386660E+02
    0.3300000000E+02    -0.5501021485E+02
    0.3400000000E+02    -0.5512806374E+02
    0.3500000000E+02    -0.5525733958E+02
    0.3600000000E+02    -0.5539737087E+02
    0.3700000000E+02    -0.5554610656E+02
    0.3800000000E+02    -0.5570430832E+02
    0.3900000000E+02    -0.5587139630E+02
    0.4000000000E+02    -0.5604576928E+02
    0.4100000000E+02    -0.5622746100E+02
    0.4200000000E+02    -0.5641626456E+02
    0.4300000000E+02    -0.5661164062E+02
    0.4400000000E+02    -0.5681172453E+02
    0.4500000000E+02    -0.5701746431E+02
    0.4600000000E+02    -0.5722819634E+02
    0.4700000000E+02    -0.5744258305E+02
    0.4800000000E+02    -0.5766106835E+02
    0.4900000000E+02    -0.5788334254E+02
    0.5000000000E+02    -0.5810828150E+02
    0.5100000000E+02    -0.5833595833E+02
    0.5200000000E+02    -0.5856650274E+02
    0.5300000000E+02    -0.5879956334E+02
    0.5400000000E+02    -0.5903481938E+02
    0.5500000000E+02    -0.5927146848E+02
    0.5600000000E+02    -0.5950963883E+02
    0.5700000000E+02    -0.5974796403E+02
    0.5800000000E+02    -0.5998770852E+02
    0.5900000000E+02    -0.6022795289E+02
    0.6000000000E+02    -0.6046840626E+02
    0.6100000000E+02    -0.6070892529E+02
    0.6200000000E+02    -0.6094855114E+02
    0.6300000000E+02    -0.6118899718E+02
    0.6400000000E+02    -0.6142891069E+02
    0.6500000000E+02    -0.6166808767E+02
    0.6600000000E+02    -0.6190637845E+02
    0.6700000000E+02    -0.6214372601E+02
    0.6800000000E+02    -0.6237983404E+02
    0.6900000000E+02    -0.6261461334E+02
    0.7000000000E+02    -0.6284805682E+02
    0.7100000000E+02    -0.6308005315E+02
    0.7200000000E+02    -0.6331040905E+02
    0.7300000000E+02    -0.6353872621E+02
    0.7400000000E+02    -0.6376517698E+02
    0.7500000000E+02    -0.6398992120E+02
    0.7600000000E+02    -0.6421193614E+02
    0.7700000000E+02    -0.6443111318E+02
    0.7800000000E+02    -0.6464782960E+02
    0.7900000000E+02    -0.6486289912E+02
    0.8000000000E+02    -0.6507587564E+02
    0.8100000000E+02    -0.6528543576E+02
    0.8200000000E+02    -0.6549165480E+02
    0.8300000000E+02    -0.6569476614E+02
    0.8400000000E+02    -0.6589524842E+02
    0.8500000000E+02    -0.6609303175E+02
    0.8600000000E+02    -0.6628743307E+02
    0.8700000000E+02    -0.6647888043E+02
    0.8800000000E+02    -0.6666701810E+02
    0.8900000000E+02    -0.6685236798E+02
    0.9000000000E+02    -0.6703356470E+02
    0.9100000000E+02    -0.6721140323E+02
    0.9200000000E+02    -0.6738674798E+02
    0.9300000000E+02    -0.6755895672E+02
    0.9400000000E+02    -0.6772701962E+02
    0.9500000000E+02    -0.6789206882E+02
    0.9600000000E+02    -0.6805333110E+02
    0.9700000000E+02    -0.6821058294E+02
    0.9800000000E+02    -0.6836457154E+02
    0.9900000000E+02    -0.6851427106E+02
    0.1000000000E+03    -0.6866025377E+02
    0.1010000000E+03    -0.6880247240E+02
    0.1020000000E+03    -0.6894073134E+02
    0.1030000000E+03    -0.6907546956E+02
    0.1040000000E+03    -0.6920716573E+02
    0.1050000000E+03    -0.6933368094E+02
    0.1060000000E+03    -0.6945667255E+02
    0.1070000000E+03    -0.6957649525E+02
    0.1080000000E+03    -0.6969141132E+02
    0.1090000000E+03    -0.6980254509E+02
    0.1100000000E+03    -0.6991009397E+02
    0.1110000000E+03    -0.7001427233E+02
    0.1120000000E+03    -0.7011386043E+02
    0.1130000000E+03    -0.7020970290E+02
    0.1140000000E+03    -0.7030063763E+02
    0.1150000000E+03    -0.7038796044E+02
    0.1160000000E+03    -0.7047111713E+02
    0.1170000000E+03    -0.7055044335E+02
    0.1180000000E+03    -0.7062660048E+02
    0.1190000000E+03    -0.7069805202E+02
    0.1200000000E+03    -0.7076510973E+02
    0.1210000000E+03    -0.7082788593E+02
    0.1220000000E+03    -0.7088715799E+02
    0.1230000000E+03    -0.7094227531E+02
    0.1240000000E+03    -0.7099309645E+02
    0.1250000000E+03    -0.7103977286E+02
    0.1260000000E+03    -0.7108118974E+02
    0.1270000000E+03    -0.7111983920E+02
    0.1280000000E+03    -0.7115395690E+02
    0.1290000000E+03    -0.7118376774E+02
    0.1300000000E+03    -0.7120953963E+02
    0.1310000000E+03    -0.7123101384E+02
    0.1320000000E+03    -0.7124900156E+02
    0.1330000000E+03    -0.7126182658E+02
    0.1340000000E+03    -0.7127102494E+02
    0.1350000000E+03    -0.7127608421E+02
    0.1360000000E+03    -0.7127707094E+02
    0.1370000000E+03    -0.7127434193E+02
    0.1380000000E+03    -0.7126617781E+02
    0.1390000000E+03    -0.7125573818E+02
    0.1400000000E+03    -0.7123942096E+02
    0.1410000000E+03    -0.7121893994E+02
    0.1420000000E+03    -0.7119557107E+02
    0.1430000000E+03    -0.7116727832E+02
    0.1440000000E+03    -0.7113500665E+02
    0.1450000000E+03    -0.7109974237E+02
    0.1460000000E+03    -0.7105924471E+02
    0.1470000000E+03    -0.7101525413E+02
    0.1480000000E+03    -0.7096688948E+02
    0.1490000000E+03    -0.7091473795E+02
    0.1500000000E+03    -0.7085774695E+02
    0.1510000000E+03    -0.7079696658E+02
    0.1520000000E+03    -0.7073099098E+02
    0.1530000000E+03    -0.7066156102E+02
    0.1540000000E+03    -0.7058973548E+02
    0.1550000000E+03    -0.7051178176E+02
    0.1560000000E+03    -0.7042950411E+02
    0.1570000000E+03    -0.7034514695E+02
    0.1580000000E+03    -0.7025643651E+02
    0.1590000000E+03    -0.7016308894E+02
    0.1600000000E+03    -0.7006475526E+02
    0.1610000000E+03    -0.6996272620E+02
    0.1620000000E+03    -0.6985619686E+02
    0.1630000000E+03    -0.6974536464E+02
    0.1640000000E+03    -0.6963178156E+02
    0.1650000000E+03    -0.6951362327E+02
    0.1660000000E+03    -0.6939054535E+02
    0.1670000000E+03    -0.6926419943E+02
    0.1680000000E+03    -0.6913370850E+02
    0.1690000000E+03    -0.6899938372E+02
    0.1700000000E+03    -0.6886055300E+02
    0.1710000000E+03    -0.6871827338E+02
    0.1720000000E+03    -0.6857019357E+02
    0.1730000000E+03    -0.6841798463E+02
    0.1740000000E+03    -0.6826221525E+02
    0.1750000000E+03    -0.6810261027E+02
    0.1760000000E+03    -0.6793798904E+02
    0.1770000000E+03    -0.6777033579E+02
    0.1780000000E+03    -0.6759952918E+02
    0.1790000000E+03    -0.6742239647E+02
    0.1800000000E+03    -0.6724198084E+02
    0.1810000000E+03    -0.6705812907E+02
    0.1820000000E+03    -0.6686988250E+02
    0.1830000000E+03    -0.6667675593E+02
    0.1840000000E+03    -0.6648047572E+02
    0.1850000000E+03    -0.6627948229E+02
    0.1860000000E+03    -0.6607576481E+02
    0.1870000000E+03    -0.6586685222E+02
    0.1880000000E+03    -0.6565412634E+02
    0.1890000000E+03    -0.6543774326E+02
    0.1900000000E+03    -0.6521730677E+02
    0.1910000000E+03    -0.6499212664E+02
    0.1920000000E+03    -0.6476298190E+02
    0.1930000000E+03    -0.6453137126E+02
    0.1940000000E+03    -0.6429504973E+02
    0.1950000000E+03    -0.6405418002E+02
    0.1960000000E+03    -0.6380840307E+02
    0.1970000000E+03    -0.6356089464E+02
    0.1980000000E+03    -0.6330709215E+02
    0.1990000000E+03    -0.6304923444E+02
    0.2000000000E+03    -0.6278750431E+02
    0.2010000000E+03    -0.6252312587E+02
    0.2020000000E+03    -0.6225304634E+02
    0.2030000000E+03    -0.6197899013E+02
    0.2040000000E+03    -0.6170205198E+02
    0.2050000000E+03    -0.6142028213E+02
    0.2060000000E+03    -0.6113555263E+02
    0.2070000000E+03    -0.6084517781E+02
    0.2080000000E+03    -0.6055152446E+02
    0.2090000000E+03    -0.6025306394E+02
    0.2100000000E+03    -0.5995066340E+02
    0.2110000000E+03    -0.5964395214E+02
    0.2120000000E+03    -0.5933490114E+02
    0.2130000000E+03    -0.5902208032E+02
    0.2140000000E+03    -0.5870325135E+02
    0.2150000000E+03    -0.5838207651E+02
    0.2160000000E+03    -0.5805554106E+02
    0.2170000000E+03    -0.5772478650E+02
    0.2180000000E+03    -0.5738956729E+02
    0.2190000000E+03    -0.5705223456E+02
    0.2200000000E+03    -0.5671062808E+02
    0.2210000000E+03    -0.5636426464E+02
    0.2220000000E+03    -0.5601463908E+02
    0.2230000000E+03    -0.5566003705E+02
    0.2240000000E+03    -0.5530240788E+02
    0.2250000000E+03    -0.5494155504E+02
    0.2260000000E+03    -0.5457709914E+02
    0.2270000000E+03    -0.5420731863E+02
    0.2280000000E+03    -0.5383504873E+02
    0.2290000000E+03    -0.5345971493E+02
    0.2300000000E+03    -0.5307961258E+02
    0.2310000000E+03    -0.5269568537E+02
    0.2320000000E+03    -0.5230751214E+02
    0.2330000000E+03    -0.5191744160E+02
    0.2340000000E+03    -0.5152117428E+02
    0.2350000000E+03    -0.5112284457E+02
    0.2360000000E+03    -0.5072158801E+02
    0.2370000000E+03    -0.5031555908E+02
    0.2380000000E+03    -0.4990720431E+02
    0.2390000000E+03    -0.4949345858E+02
    0.2400000000E+03    -0.4907872223E+02
    0.2410000000E+03    -0.4865838122E+02
    0.2420000000E+03    -0.4823540667E+02
    0.2430000000E+03    -0.4780987444E+02
    0.2440000000E+03    -0.4738012689E+02
    0.2450000000E+03    -0.4694617362E+02
    0.2460000000E+03    -0.4651123627E+02
    0.2470000000E+03    -0.4607082551E+02
    0.2480000000E+03    -0.4562811947E+02
    0.2490000000E+03    -0.4518185420E+02
    0.2500000000E+03    -0.4473277289E+02
    0.2510000000E+03    -0.4428178183E+02
    0.2520000000E+03    -0.4382870510E+02
    0.2530000000E+03    -0.4337188373E+02
    0.2540000000E+03    -0.4291041252E+02
    0.2550000000E+03    -0.4244656025E+02
    0.2560000000E+03    -0.4197961408E+02
    0.2570000000E+03    -0.4151168521E+02
    0.2580000000E+03    -0.4104140411E+02
    0.2590000000E+03    -0.4056792990E+02
    0.2600000000E+03    -0.4009042116E+02
    0.2610000000E+03    -0.3961360318E+02
    0.2620000000E+03    -0.3913161271E+02
    0.2630000000E+03    -0.3864768112E+02
    0.2640000000E+03    -0.3816146041E+02
    0.2650000000E+03    -0.3767554677E+02
    0.2660000000E+03    -0.3718658187E+02
    0.2670000000E+03    -0.3669557527E+02
    0.2680000000E+03    -0.3620073991E+02
    0.2690000000E+03    -0.3570432512E+02
    0.2700000000E+03    -0.3520864955E+02
    0.2710000000E+03    -0.3471036039E+02
    0.2720000000E+03    -0.3421178797E+02
    0.2730000000E+03    -0.3371067112E+02
    0.2740000000E+03    -0.3320866393E+02
    0.2750000000E+03    -0.3270526169E+02
    0.2760000000E+03    -0.3220189820E+02
    0.2770000000E+03    -0.3169698809E+02
    0.2780000000E+03    -0.3119191209E+02
    0.2790000000E+03    -0.3068792039E+02
    0.2800000000E+03    -0.3018337045E+02
    0.2810000000E+03    -0.2967772642E+02
    0.2820000000E+03    -0.2917227946E+02
    0.2830000000E+03    -0.2866587408E+02
    0.2840000000E+03    -0.2815894554E+02
    0.2850000000E+03    -0.2765199829E+02
    0.2860000000E+03    -0.2714509711E+02
    0.2870000000E+03    -0.2663958308E+02
    0.2880000000E+03    -0.2613374199E+02
    0.2890000000E+03    -0.2562832299E+02
    0.2900000000E+03    -0.2512419347E+02
    0.2910000000E+03    -0.2461967803E+02
    0.2920000000E+03    -0.2411721537E+02
    0.2930000000E+03    -0.2361572249E+02
    0.2940000000E+03    -0.2311349099E+02
    0.2950000000E+03    -0.2261639269E+02
    0.2960000000E+03    -0.2211919230E+02
    0.2970000000E+03    -0.2162435966E+02
    0.2980000000E+03    -0.2113222996E+02
    0.2990000000E+03    -0.2063862144E+02
    0.3000000000E+03    -0.2015190899E+02
    0.3010000000E+03    -0.1966604155E+02
    0.3020000000E+03    -0.1918481171E+02
    0.3030000000E+03    -0.1870345510E+02
    0.3040000000E+03    -0.1822703972E+02
    0.3050000000E+03    -0.1775273844E+02
    0.3060000000E+03    -0.1728216997E+02
    0.3070000000E+03    -0.1681528532E+02
    0.3080000000E+03    -0.1635388109E+02
    0.3090000000E+03    -0.1589409668E+02
    0.3100000000E+03    -0.1543907722E+02
    0.3110000000E+03    -0.1498778729E+02
    0.3120000000E+03    -0.1454126564E+02
    0.3130000000E+03    -0.1409983641E+02
    0.3140000000E+03    -0.1366500329E+02
    0.3150000000E+03    -0.1323436368E+02
    0.3160000000E+03    -0.1281063680E+02
    0.3170000000E+03    -0.1238901120E+02
    0.3180000000E+03    -0.1197178815E+02
    0.3190000000E+03    -0.1156615425E+02
    0.3200000000E+03    -0.1116857859E+02
    0.3210000000E+03    -0.1077532649E+02
    0.3220000000E+03    -0.1038716656E+02
    0.3230000000E+03    -0.1000671175E+02
    0.3240000000E+03    -0.9633985588E+01
    0.3250000000E+03    -0.9266974766E+01
    0.3260000000E+03    -0.8911624766E+01
    0.3270000000E+03    -0.8561665915E+01
    0.3280000000E+03    -0.8216625619E+01
    0.3290000000E+03    -0.7883616962E+01
    0.3300000000E+03    -0.7558944427E+01
    0.3310000000E+03    -0.7244625234E+01
    0.3320000000E+03    -0.6937118698E+01
    0.3330000000E+03    -0.6636144391E+01
    0.3340000000E+03    -0.6345708574E+01
    0.3350000000E+03    -0.6068391247E+01
    0.3360000000E+03    -0.5806900598E+01
    0.3370000000E+03    -0.5550270012E+01
    0.3380000000E+03    -0.5303329295E+01
    0.3390000000E+03    -0.5068214307E+01
    0.3400000000E+03    -0.4846337057E+01
    0.3410000000E+03    -0.4634545259E+01
    0.3420000000E+03    -0.4433709612E+01
    0.3430000000E+03    -0.4243243001E+01
    0.3440000000E+03    -0.4065178397E+01
    0.3450000000E+03    -0.3899661362E+01
    0.3460000000E+03    -0.3746735578E+01
    0.3470000000E+03    -0.3606012179E+01
    0.3480000000E+03    -0.3481612718E+01
    0.3490000000E+03    -0.3371109719E+01
    0.3500000000E+03    -0.3271897858E+01
    0.3510000000E+03    -0.3189899657E+01
    0.3520000000E+03    -0.3119717555E+01
    0.3530000000E+03    -0.3058411149E+01
    0.3540000000E+03    -0.3015026883E+01
    0.3550000000E+03    -0.2991921985E+01
    0.3560000000E+03    -0.2982439479E+01
    0.3570000000E+03    -0.2983701766E+01
    0.3580000000E+03    -0.3011242885E+01
    0.3590000000E+03    -0.3049255897E+01
    0.3600000000E+03    -0.3109895576E+01
    0.3610000000E+03    -0.3186696998E+01
    0.3620000000E+03    -0.3286011648E+01
    0.3630000000E+03    -0.3396457493E+01
    0.3640000000E+03    -0.3529654186E+01
    0.3650000000E+03    -0.3682640295E+01
    0.3660000000E+03    -0.3845924982E+01
    0.3670000000E+03    -0.4038465061E+01
    0.3680000000E+03    -0.4250494247E+01
    0.3690000000E+03    -0.4477099417E+01
    0.3700000000E+03    -0.4720216203E+01
    0.3710000000E+03    -0.4983466004E+01
    0.3720000000E+03    -0.5279157493E+01
    0.3730000000E+03    -0.5597038188E+01
    0.3740000000E+03    -0.5932135464E+01
    0.3750000000E+03    -0.6285738998E+01
    0.3760000000E+03    -0.6663256410E+01
    0.3770000000E+03    -0.7074209740E+01
    0.3780000000E+03    -0.7506369616E+01
    0.3790000000E+03    -0.7959431630E+01
    0.3800000000E+03    -0.8432908047E+01
    0.3810000000E+03    -0.8928701583E+01
    0.3820000000E+03    -0.9450713990E+01
    0.3830000000E+03    -0.9998920499E+01
    0.3840000000E+03    -0.1057188471E+02
    0.3850000000E+03    -0.1116385364E+02
    0.3860000000E+03    -0.1179160554E+02
    0.3870000000E+03    -0.1244777327E+02
    0.3880000000E+03    -0.1313406676E+02
    0.3890000000E+03    -0.1384542195E+02
    0.3900000000E+03    -0.1457819342E+02
    0.3910000000E+03    -0.1534653848E+02
    0.3920000000E+03    -0.1613966489E+02
    0.3930000000E+03    -0.1698170209E+02
    0.3940000000E+03    -0.1783162426E+02
    0.3950000000E+03    -0.1870718646E+02
    0.3960000000E+03    -0.1961300240E+02
    0.3970000000E+03    -0.2056863443E+02
    0.3980000000E+03    -0.2154468438E+02
    0.3990000000E+03    -0.2255367672E+02
    0.4000000000E+03    -0.2358739019E+02
    0.4010000000E+03    -0.2464952933E+02
    0.4020000000E+03    -0.2573791885E+02
    0.4030000000E+03    -0.2686638080E+02
    0.4040000000E+03    -0.2805565800E+02
    0.4050000000E+03    -0.2927647247E+02
    0.4060000000E+03    -0.3051393115E+02
    0.4070000000E+03    -0.3178655148E+02
    0.4080000000E+03    -0.3309189436E+02
    0.4090000000E+03    -0.3442549896E+02
    0.4100000000E+03    -0.3578408299E+02
    0.4110000000E+03    -0.3721812383E+02
    0.4120000000E+03    -0.3868151165E+02
    0.4130000000E+03    -0.4018478322E+02
    0.4140000000E+03    -0.4172565067E+02
    0.4150000000E+03    -0.4329827488E+02
