    0.0000000000E+00    -0.6206897127E+03
    0.1000000000E+01    -0.6153623607E+03
    0.2000000000E+01    -0.6107158349E+03
    0.3000000000E+01    -0.6064628717E+03
    0.4000000000E+01    -0.6024854630E+03
    0.5000000000E+01    -0.5987194764E+03
    0.6000000000E+01    -0.5951243002E+03
    0.7000000000E+01    -0.5916709723E+03
    0.8000000000E+01    -0.5883393211E+03
    0.9000000000E+01    -0.5851140690E+03
    0.1000000000E+02    -0.5819823436E+03
    0.1100000000E+02    -0.5789341099E+03
    0.1200000000E+02    -0.5759610281E+03
    0.1300000000E+02    -0.5730562603E+03
    0.1400000000E+02    -0.5702141673E+03
    0.1500000000E+02    -0.5674292332E+03
    0.1600000000E+02    -0.5646966773E+03
    0.1700000000E+02    -0.5620137083E+03
    0.1800000000E+02    -0.5593768264E+03
    0.1900000000E+02    -0.5567825686E+03
    0.2000000000E+02    -0.5542285799E+03
    0.2100000000E+02    -0.5517109407E+03
    0.2200000000E+02    -0.5492290419E+03
    0.2300000000E+02    -0.5467803123E+03
    0.2400000000E+02    -0.5443632121E+03
    0.2500000000E+02    -0.5419752864E+03
    0.2600000000E+02    -0.5396152300E+03
    0.2700000000E+02    -0.5372817070E+03
    0.2800000000E+02    -0.5349731009E+03
    0.2900000000E+02    -0.5326881169E+03
    0.3000000000E+02    -0.5304257184E+03
    0.3100000000E+02    -0.5281858417E+03
    0.3200000000E+02    -0.5259667143E+03
    0.3300000000E+02    -0.5237669685E+03
    0.3400000000E+02    -0.5215866354E+03
    0.3500000000E+02    -0.5194238934E+03
    0.3600000000E+02    -0.5172792362E+03
    0.3700000000E+02    -0.5151506999E+03
    0.3800000000E+02    -0.5130378942E+03
    0.3900000000E+02    -0.5109411543E+03
    0.4000000000E+02    -0.5088573647E+03
    0.4100000000E+02    -0.5067874924E+03
    0.4200000000E+02    -0.5047318938E+03
    0.4300000000E+02    -0.5026887078E+03
    0.4400000000E+02    -0.5006585606E+03
    0.4500000000E+02    -0.4986401869E+03
    0.4600000000E+02    -0.4966330544E+03
    0.4700000000E+02    -0.4946360567E+03
    0.4800000000E+02    -0.4926497980E+03
    0.4900000000E+02    -0.4906741229E+03
    0.5000000000E+02    -0.4887079263E+03
    0.5100000000E+02    -0.4867516517E+03
    0.5200000000E+02    -0.4848043018E+03
    0.5300000000E+02    -0.4828665229E+03
    0.5400000000E+02    -0.4809371505E+03
    0.5500000000E+02    -0.4790155981E+03
    0.5600000000E+02    -0.4771007271E+03
    0.5700000000E+02    -0.4751937210E+03
    0.5800000000E+02    -0.4732944515E+03
    0.5900000000E+02    -0.4714014975E+03
    0.6000000000E+02    -0.4695160678E+03
    0.6100000000E+02    -0.4676373989E+03
    0.6200000000E+02    -0.4657645835E+03
    0.6300000000E+02    -0.4638982771E+03
    0.6400000000E+02    -0.4620376123E+03
    0.6500000000E+02    -0.4601825592E+03
    0.6600000000E+02    -0.4583320162E+03
    0.6700000000E+02    -0.4564877487E+03
    0.6800000000E+02    -0.4546487354E+03
    0.6900000000E+02    -0.4528137451E+03
    0.7000000000E+02    -0.4509846645E+03
    0.7100000000E+02    -0.4491600693E+03
    0.7200000000E+02    -0.4473392581E+03
    0.7300000000E+02    -0.4455224920E+03
    0.7400000000E+02    -0.4437092771E+03
    0.7500000000E+02    -0.4419024111E+03
    0.7600000000E+02    -0.4400987766E+03
    0.7700000000E+02    -0.4382985606E+03
    0.7800000000E+02    -0.4365027609E+03
    0.7900000000E+02    -0.4347091477E+03
    0.8000000000E+02    -0.4329188144E+03
    0.8100000000E+02    -0.4311320371E+03
    0.8200000000E+02    -0.4293484606E+03
    0.8300000000E+02    -0.4275661022E+03
    0.8400000000E+02    -0.4257870665E+03
    0.8500000000E+02    -0.4240105787E+03
    0.8600000000E+02    -0.4222379744E+03
    0.8700000000E+02    -0.4204685712E+03
    0.8800000000E+02    -0.4186999954E+03
    0.8900000000E+02    -0.4169349037E+03
    0.9000000000E+02    -0.4151715744E+03
    0.9100000000E+02    -0.4134110233E+03
    0.9200000000E+02    -0.4116522461E+03
    0.9300000000E+02    -0.4098947798E+03
    0.9400000000E+02    -0.4081393172E+03
    0.9500000000E+02    -0.4063859499E+03
    0.9600000000E+02    -0.4046344305E+03
    0.9700000000E+02    -0.4028828524E+03
    0.9800000000E+02    -0.4011349596E+03
    0.9900000000E+02    -0.3993879119E+03
    0.1000000000E+03    -0.3976442299E+03
    0.1010000000E+03    -0.3959013022E+03
    0.1020000000E+03    -0.3941596860E+03
    0.1030000000E+03    -0.3924202283E+03
    0.1040000000E+03    -0.3906803631E+03
    0.1050000000E+03    -0.3889418734E+03
    0.1060000000E+03    -0.3872057997E+03
    0.1070000000E+03    -0.3854708389E+03
    0.1080000000E+03    -0.3837374944E+03
    0.1090000000E+03    -0.3820037373E+03
    0.1100000000E+03    -0.3802718409E+03
    0.1110000000E+03    -0.3785405504E+03
    0.1120000000E+03    -0.3768100704E+03
    0.1130000000E+03    -0.3750811661E+03
    0.1140000000E+03    -0.3733526118E+03
    0.1150000000E+03    -0.3716250946E+03
    0.1160000000E+03    -0.3698981903E+03
    0.1170000000E+03    -0.3681716809E+03
    0.1180000000E+03    -0.3664454779E+03
    0.1190000000E+03    -0.3647215603E+03
    0.1200000000E+03    -0.3629978091E+03
    0.1210000000E+03    -0.3612730053E+03
    0.1220000000E+03    -0.3595497320E+03
    0.1230000000E+03    -0.3578269761E+03
    0.1240000000E+03    -0.3561043840E+03
    0.1250000000E+03    -0.3543821780E+03
    0.1260000000E+03    -0.3526601596E+03
    0.1270000000E+03    -0.3509396206E+03
    0.1280000000E+03    -0.3492203384E+03
    0.1290000000E+03    -0.3474994961E+03
    0.1300000000E+03    -0.3457792754E+03
    0.1310000000E+03    -0.3440603116E+03
    0.1320000000E+03    -0.3423417979E+03
    0.1330000000E+03    -0.3406217888E+03
    0.1340000000E+03    -0.3389035898E+03
    0.1350000000E+03    -0.3371857678E+03
    0.1360000000E+03    -0.3354685455E+03
    0.1370000000E+03    -0.3337498222E+03
    0.1380000000E+03    -0.3320314739E+03
    0.1390000000E+03    -0.3303136449E+03
    0.1400000000E+03    -0.3285972070E+03
    0.1410000000E+03    -0.3268799314E+03
    0.1420000000E+03    -0.3251612138E+03
    0.1430000000E+03    -0.3234446494E+03
    0.1440000000E+03    -0.3217265430E+03
    0.1450000000E+03    -0.3200113859E+03
    0.1460000000E+03    -0.3182941235E+03
    0.1470000000E+03    -0.3165771823E+03
    0.1480000000E+03    -0.3148596077E+03
    0.1490000000E+03    -0.3131419690E+03
    0.1500000000E+03    -0.3114256670E+03
    0.1510000000E+03    -0.3097090189E+03
    0.1520000000E+03    -0.3079917946E+03
    0.1530000000E+03    -0.3062757787E+03
    0.1540000000E+03    -0.3045586855E+03
    0.1550000000E+03    -0.3028404635E+03
    0.1560000000E+03    -0.3011221558E+03
    0.1570000000E+03    -0.2994059269E+03
    0.1580000000E+03    -0.2976891632E+03
    0.1590000000E+03    -0.2959731296E+03
    0.1600000000E+03    -0.2942560944E+03
    0.1610000000E+03    -0.2925410084E+03
    0.1620000000E+03    -0.2908243420E+03
    0.1630000000E+03    -0.2891061839E+03
    0.1640000000E+03    -0.2873907126E+03
    0.1650000000E+03    -0.2856744791E+03
    0.1660000000E+03    -0.2839584200E+03
    0.1670000000E+03    -0.2822417259E+03
    0.1680000000E+03    -0.2805256268E+03
    0.1690000000E+03    -0.2788103187E+03
    0.1700000000E+03    -0.2770938085E+03
    0.1710000000E+03    -0.2753762947E+03
    0.1720000000E+03    -0.2736596684E+03
    0.1730000000E+03    -0.2719442575E+03
    0.1740000000E+03    -0.2702265555E+03
    0.1750000000E+03    -0.2685091075E+03
    0.1760000000E+03    -0.2667934004E+03
    0.1770000000E+03    -0.2650786566E+03
    0.1780000000E+03    -0.2633652266E+03
    0.1790000000E+03    -0.2616480169E+03
    0.1800000000E+03    -0.2599332244E+03
    0.1810000000E+03    -0.2582194037E+03
    0.1820000000E+03    -0.2565043620E+03
    0.1830000000E+03    -0.2547894352E+03
    0.1840000000E+03    -0.2530747858E+03
    0.1850000000E+03    -0.2513606559E+03
    0.1860000000E+03    -0.2496485432E+03
    0.1870000000E+03    -0.2479357014E+03
    0.1880000000E+03    -0.2462229269E+03
    0.1890000000E+03    -0.2445109464E+03
    0.1900000000E+03    -0.2427997535E+03
    0.1910000000E+03    -0.2410885291E+03
    0.1920000000E+03    -0.2393760263E+03
    0.1930000000E+03    -0.2376656363E+03
    0.1940000000E+03    -0.2359538172E+03
    0.1950000000E+03    -0.2342432357E+03
    0.1960000000E+03    -0.2325332749E+03
    0.1970000000E+03    -0.2308230239E+03
    0.1980000000E+03    -0.2291123911E+03
    0.1990000000E+03    -0.2274038186E+03
    0.2000000000E+03    -0.2256973485E+03
    0.2010000000E+03    -0.2239880992E+03
    0.2020000000E+03    -0.2222808164E+03
    0.2030000000E+03    -0.2205737613E+03
    0.2040000000E+03    -0.2188659945E+03
    0.2050000000E+03    -0.2171599202E+03
    0.2060000000E+03    -0.2154557164E+03
    0.2070000000E+03    -0.2137513731E+03
    0.2080000000E+03    -0.2120474192E+03
    0.2090000000E+03    -0.2103460488E+03
    0.2100000000E+03    -0.2086443581E+03
    0.2110000000E+03    -0.2069453145E+03
    0.2120000000E+03    -0.2052448002E+03
    0.2130000000E+03    -0.2035438495E+03
    0.2140000000E+03    -0.2018449005E+03
    0.2150000000E+03    -0.2001486944E+03
    0.2160000000E+03    -0.1984533620E+03
    0.2170000000E+03    -0.1967600072E+03
    0.2180000000E+03    -0.1950668433E+03
    0.2190000000E+03    -0.1933751528E+03
    0.2200000000E+03    -0.1916819855E+03
    0.2210000000E+03    -0.1899918136E+03
    0.2220000000E+03    -0.1883040457E+03
    0.2230000000E+03    -0.1866183275E+03
    0.2240000000E+03    -0.1849310791E+03
    0.2250000000E+03    -0.1832475496E+03
    0.2260000000E+03    -0.1815640528E+03
    0.2270000000E+03    -0.1798837846E+03
    0.2280000000E+03    -0.1782032416E+03
    0.2290000000E+03    -0.1765233991E+03
    0.2300000000E+03    -0.1748470733E+03
    0.2310000000E+03    -0.1731714378E+03
    0.2320000000E+03    -0.1714991775E+03
    0.2330000000E+03    -0.1698280671E+03
    0.2340000000E+03    -0.1681585341E+03
    0.2350000000E+03    -0.1664925760E+03
    0.2360000000E+03    -0.1648261823E+03
    0.2370000000E+03    -0.1631637211E+03
    0.2380000000E+03    -0.1615043704E+03
    0.2390000000E+03    -0.1598435494E+03
    0.2400000000E+03    -0.1581838410E+03
    0.2410000000E+03    -0.1565317681E+03
    0.2420000000E+03    -0.1548787911E+03
    0.2430000000E+03    -0.1532282263E+03
    0.2440000000E+03    -0.1515795462E+03
    0.2450000000E+03    -0.1499366750E+03
    0.2460000000E+03    -0.1482933026E+03
    0.2470000000E+03    -0.1466571170E+03
    0.2480000000E+03    -0.1450220594E+03
    0.2490000000E+03    -0.1433903786E+03
    0.2500000000E+03    -0.1417629822E+03
    0.2510000000E+03    -0.1401377189E+03
    0.2520000000E+03    -0.1385134648E+03
    0.2530000000E+03    -0.1368954091E+03
    0.2540000000E+03    -0.1352822557E+03
    0.2550000000E+03    -0.1336713882E+03
    0.2560000000E+03    -0.1320616253E+03
    0.2570000000E+03    -0.1304556600E+03
    0.2580000000E+03    -0.1288534747E+03
    0.2590000000E+03    -0.1272547389E+03
    0.2600000000E+03    -0.1256616920E+03
    0.2610000000E+03    -0.1240729349E+03
    0.2620000000E+03    -0.1224849080E+03
    0.2630000000E+03    -0.1208996391E+03
    0.2640000000E+03    -0.1193221761E+03
    0.2650000000E+03    -0.1177439036E+03
    0.2660000000E+03    -0.1161736225E+03
    0.2670000000E+03    -0.1146075311E+03
    0.2680000000E+03    -0.1130457373E+03
    0.2690000000E+03    -0.1114903163E+03
    0.2700000000E+03    -0.1099354529E+03
    0.2710000000E+03    -0.1083887931E+03
    0.2720000000E+03    -0.1068477921E+03
    0.2730000000E+03    -0.1053092512E+03
    0.2740000000E+03    -0.1037777828E+03
    0.2750000000E+03    -0.1022540755E+03
    0.2760000000E+03    -0.1007308048E+03
    0.2770000000E+03    -0.9921349916E+02
    0.2780000000E+03    -0.9770369132E+02
    0.2790000000E+03    -0.9620243360E+02
    0.2800000000E+03    -0.9470461627E+02
    0.2810000000E+03    -0.9321246623E+02
    0.2820000000E+03    -0.9172601939E+02
    0.2830000000E+03    -0.9024847316E+02
    0.2840000000E+03    -0.8877560612E+02
    0.2850000000E+03    -0.8730921089E+02
    0.2860000000E+03    -0.8584818817E+02
    0.2870000000E+03    -0.8439382486E+02
    0.2880000000E+03    -0.8294606880E+02
    0.2890000000E+03    -0.8150641925E+02
    0.2900000000E+03    -0.8007403785E+02
    0.2910000000E+03    -0.7864728321E+02
    0.2920000000E+03    -0.7722778284E+02
    0.2930000000E+03    -0.7581636602E+02
    0.2940000000E+03    -0.7441169823E+02
    0.2950000000E+03    -0.7301476352E+02
    0.2960000000E+03    -0.7162983374E+02
    0.2970000000E+03    -0.7025405640E+02
    0.2980000000E+03    -0.6888021746E+02
    0.2990000000E+03    -0.6751495462E+02
    0.3000000000E+03    -0.6616017452E+02
    0.3010000000E+03    -0.6480937187E+02
    0.3020000000E+03    -0.6347156583E+02
    0.3030000000E+03    -0.6214566941E+02
    0.3040000000E+03    -0.6082809824E+02
    0.3050000000E+03    -0.5951983970E+02
    0.3060000000E+03    -0.5822069852E+02
    0.3070000000E+03    -0.5692445871E+02
    0.3080000000E+03    -0.5564875491E+02
    0.3090000000E+03    -0.5437984354E+02
    0.3100000000E+03    -0.5311575496E+02
    0.3110000000E+03    -0.5186240972E+02
    0.3120000000E+03    -0.5062220859E+02
    0.3130000000E+03    -0.4939428647E+02
    0.3140000000E+03    -0.4817143181E+02
    0.3150000000E+03    -0.4695873774E+02
    0.3160000000E+03    -0.4576254406E+02
    0.3170000000E+03    -0.4457902216E+02
    0.3180000000E+03    -0.4340348925E+02
    0.3190000000E+03    -0.4223892752E+02
    0.3200000000E+03    -0.4108796763E+02
    0.3210000000E+03    -0.3995091229E+02
    0.3220000000E+03    -0.3882124433E+02
    0.3230000000E+03    -0.3770971680E+02
    0.3240000000E+03    -0.3661089901E+02
    0.3250000000E+03    -0.3551675918E+02
    0.3260000000E+03    -0.3444014239E+02
    0.3270000000E+03    -0.3338139473E+02
    0.3280000000E+03    -0.3233568584E+02
    0.3290000000E+03    -0.3130229045E+02
    0.3300000000E+03    -0.3028050205E+02
    0.3310000000E+03    -0.2927805192E+02
    0.3320000000E+03    -0.2828486572E+02
    0.3330000000E+03    -0.2730911974E+02
    0.3340000000E+03    -0.2634730446E+02
    0.3350000000E+03    -0.2540300677E+02
    0.3360000000E+03    -0.2447949187E+02
    0.3370000000E+03    -0.2356234575E+02
    0.3380000000E+03    -0.2266298640E+02
    0.3390000000E+03    -0.2177404294E+02
    0.3400000000E+03    -0.2090916615E+02
    0.3410000000E+03    -0.2005563606E+02
    0.3420000000E+03    -0.1921890660E+02
    0.3430000000E+03    -0.1839435317E+02
    0.3440000000E+03    -0.1759128105E+02
    0.3450000000E+03    -0.1681116511E+02
    0.3460000000E+03    -0.1604088242E+02
    0.3470000000E+03    -0.1529743645E+02
    0.3480000000E+03    -0.1456297291E+02
    0.3490000000E+03    -0.1384631172E+02
    0.3500000000E+03    -0.1315075557E+02
    0.3510000000E+03    -0.1246826649E+02
    0.3520000000E+03    -0.1180586927E+02
    0.3530000000E+03    -0.1116651821E+02
    0.3540000000E+03    -0.1054135837E+02
    0.3550000000E+03    -0.9946459163E+01
    0.3560000000E+03    -0.9368867180E+01
    0.3570000000E+03    -0.8806322749E+01
    0.3580000000E+03    -0.8264631693E+01
    0.3590000000E+03    -0.7746809288E+01
    0.3600000000E+03    -0.7249675191E+01
    0.3610000000E+03    -0.6777121944E+01
    0.3620000000E+03    -0.6321147477E+01
    0.3630000000E+03    -0.5885582745E+01
    0.3640000000E+03    -0.5473642196E+01
    0.3650000000E+03    -0.5076214187E+01
    0.3660000000E+03    -0.4708041310E+01
    0.3670000000E+03    -0.4359168137E+01
    0.3680000000E+03    -0.4035402523E+01
    0.3690000000E+03    -0.3738352139E+01
    0.3700000000E+03    -0.3464261256E+01
    0.3710000000E+03    -0.3207870611E+01
    0.3720000000E+03    -0.2985327142E+01
    0.3730000000E+03    -0.2775424337E+01
    0.3740000000E+03    -0.2606958390E+01
    0.3750000000E+03    -0.2454824899E+01
    0.3760000000E+03    -0.2320935993E+01
    0.3770000000E+03    -0.2222455518E+01
    0.3780000000E+03    -0.2147253687E+01
    0.3790000000E+03    -0.2089011022E+01
    0.3800000000E+03    -0.2059937048E+01
