       0    0.23524358E-09
       1   -0.60573977E-03
       2   -0.44319804E-01
       3   -0.13172789E+00
       4   -0.26337140E+00
       5   -0.43923427E+00
       6   -0.66063754E+00
       7   -0.92781179E+00
       8   -0.12422721E+01
       9   -0.16039144E+01
      10   -0.20146557E+01
      11   -0.24743425E+01
      12   -0.29842811E+01
      13   -0.35471382E+01
      14   -0.41623280E+01
      15   -0.48323483E+01
      16   -0.55588116E+01
      17   -0.63438719E+01
      18   -0.71878599E+01
      19   -0.80952972E+01
      20   -0.90682180E+01
      21   -0.10109776E+02
      22   -0.11221449E+02
      23   -0.12409848E+02
      24   -0.13678688E+02
      25   -0.15040936E+02
      26   -0.16485422E+02
      27   -0.18028054E+02
      28   -0.19672968E+02
      29   -0.21430732E+02
      30   -0.23307094E+02
      31   -0.25308664E+02
      32   -0.27438701E+02
      33   -0.29704324E+02
      34   -0.32120233E+02
      35   -0.34676010E+02
      36   -0.37382612E+02
      37   -0.40232170E+02
      38   -0.43230900E+02
      39   -0.46388426E+02
      40   -0.49669873E+02
      41   -0.53068562E+02
      42   -0.56559085E+02
      43   -0.60143999E+02
      44   -0.63843948E+02
      45   -0.67582924E+02
      46   -0.71379625E+02
      47   -0.75240696E+02
      48   -0.79094094E+02
      49   -0.82968380E+02
      50   -0.86832177E+02
      51   -0.90728657E+02
      52   -0.94614901E+02
      53   -0.98503050E+02
      54   -0.10240632E+03
      55   -0.10629984E+03
      56   -0.11021112E+03
      57   -0.11412334E+03
      58   -0.11803031E+03
      59   -0.12195605E+03
      60   -0.12588573E+03
      61   -0.12979543E+03
      62   -0.13372026E+03
      63   -0.13768015E+03
      64   -0.14163807E+03
      65   -0.14560928E+03
      66   -0.14959389E+03
      67   -0.15357161E+03
      68   -0.15756344E+03
      69   -0.16156651E+03
      70   -0.16565413E+03
      71   -0.16977370E+03
      72   -0.17388493E+03
      73   -0.17802337E+03
      74   -0.18215286E+03
      75   -0.18636410E+03
      76   -0.19058733E+03
      77   -0.19486921E+03
      78   -0.19912543E+03
      79   -0.20339584E+03
      80   -0.20775605E+03
      81   -0.21207006E+03
      82   -0.21641033E+03
      83   -0.22083757E+03
      84   -0.22523247E+03
      85   -0.22964366E+03
      86   -0.23412097E+03
      87   -0.23860350E+03
      88   -0.24306786E+03
      89   -0.24748657E+03
      90   -0.25194808E+03
      91   -0.25641911E+03
      92   -0.26088420E+03
      93   -0.26534875E+03
      94   -0.26982875E+03
      95   -0.27435221E+03
      96   -0.27881862E+03
      97   -0.28328074E+03
      98   -0.28778394E+03
      99   -0.29224813E+03
     100   -0.29676892E+03
     101   -0.30125498E+03
     102   -0.30578213E+03
     103   -0.31028686E+03
     104   -0.31476922E+03
     105   -0.31925343E+03
     106   -0.32373777E+03
     107   -0.32823113E+03
     108   -0.33272425E+03
     109   -0.33722869E+03
     110   -0.34170594E+03
     111   -0.34621168E+03
     112   -0.35073224E+03
     113   -0.35524444E+03
     114   -0.35979424E+03
     115   -0.36436822E+03
     116   -0.36893795E+03
     117   -0.37351010E+03
     118   -0.37810583E+03
     119   -0.38263755E+03
     120   -0.38721292E+03
     121   -0.39177698E+03
     122   -0.39639684E+03
     123   -0.40102636E+03
     124   -0.40566519E+03
     125   -0.41034375E+03
     126   -0.41503186E+03
     127   -0.41973760E+03
     128   -0.42447802E+03
     129   -0.42925277E+03
     130   -0.43406320E+03
     131   -0.43892671E+03
     132   -0.44378769E+03
     133   -0.44868791E+03
     134   -0.45366762E+03
     135   -0.45865476E+03
     136   -0.46367854E+03
     137   -0.46872036E+03
     138   -0.47377706E+03
     139   -0.47890911E+03
     140   -0.48416767E+03
     141   -0.48940791E+03
     142   -0.49473392E+03
     143   -0.50005891E+03
     144   -0.50550116E+03
     145   -0.51095022E+03
     146   -0.51643339E+03
     147   -0.52201211E+03
     148   -0.52763985E+03
     149   -0.53332302E+03
     150   -0.53892818E+03
     151   -0.54461750E+03
     152   -0.55030324E+03
     153   -0.55609105E+03
     154   -0.56192956E+03
     155   -0.56771414E+03
     156   -0.57349968E+03
     157   -0.57930279E+03
     158   -0.58512351E+03
     159   -0.59091519E+03
     160   -0.59672491E+03
     161   -0.60253080E+03
     162   -0.60838270E+03
     163   -0.61411817E+03
     164   -0.61989505E+03
     165   -0.62569487E+03
     166   -0.63147883E+03
     167   -0.63725183E+03
     168   -0.64307458E+03
     169   -0.64884057E+03
     170   -0.65458503E+03
     171   -0.66040589E+03
     172   -0.66622490E+03
     173   -0.67205938E+03
     174   -0.67786629E+03
     175   -0.68366642E+03
     176   -0.68943636E+03
     177   -0.69523289E+03
     178   -0.70106397E+03
     179   -0.70688112E+03
     180   -0.71266841E+03
     181   -0.71845025E+03
     182   -0.72423374E+03
     183   -0.72995482E+03
     184   -0.73569749E+03
     185   -0.74139895E+03
     186   -0.74708748E+03
     187   -0.75275968E+03
     188   -0.75847780E+03
     189   -0.76423572E+03
     190   -0.76990454E+03
     191   -0.77563514E+03
     192   -0.78135654E+03
     193   -0.78718939E+03
     194   -0.79285878E+03
     195   -0.79858068E+03
     196   -0.80431608E+03
     197   -0.80997286E+03
     198   -0.81573893E+03
     199   -0.82142894E+03
     200   -0.82711608E+03
     201   -0.83283838E+03
     202   -0.83857004E+03
     203   -0.84425515E+03
     204   -0.84990002E+03
     205   -0.85553640E+03
     206   -0.86118246E+03
     207   -0.86682424E+03
     208   -0.87250166E+03
     209   -0.87807417E+03
     210   -0.88362038E+03
     211   -0.88919682E+03
     212   -0.89463747E+03
     213   -0.90017387E+03
     214   -0.90572539E+03
     215   -0.91126233E+03
     216   -0.91666143E+03
     217   -0.92210014E+03
     218   -0.92749675E+03
     219   -0.93288739E+03
     220   -0.93828926E+03
     221   -0.94358334E+03
     222   -0.94882417E+03
     223   -0.95406900E+03
     224   -0.95932919E+03
     225   -0.96456799E+03
     226   -0.96967083E+03
     227   -0.97474760E+03
     228   -0.97977820E+03
     229   -0.98465230E+03
     230   -0.98951125E+03
     231   -0.99438827E+03
     232   -0.99916576E+03
     233   -0.10038833E+04
     234   -0.10085346E+04
     235   -0.10131658E+04
     236   -0.10178835E+04
     237   -0.10225186E+04
     238   -0.10271171E+04
     239   -0.10317612E+04
     240   -0.10364633E+04
     241   -0.10412204E+04
     242   -0.10459465E+04
     243   -0.10507085E+04
     244   -0.10553994E+04
     245   -0.10602837E+04
     246   -0.10653934E+04
     247   -0.10704492E+04
     248   -0.10755925E+04
     249   -0.10807967E+04
     250   -0.10860899E+04
     251   -0.10914424E+04
     252   -0.10969216E+04
     253   -0.11024923E+04
     254   -0.11081580E+04
     255   -0.11138202E+04
     256   -0.11196061E+04
     257   -0.11253417E+04
     258   -0.11312203E+04
     259   -0.11370824E+04
     260   -0.11430217E+04
     261   -0.11489796E+04
     262   -0.11549887E+04
     263   -0.11611052E+04
     264   -0.11670747E+04
     265   -0.11730917E+04
     266   -0.11791567E+04
     267   -0.11853786E+04
     268   -0.11914008E+04
     269   -0.11975267E+04
     270   -0.12037778E+04
     271   -0.12099428E+04
     272   -0.12160802E+04
     273   -0.12223390E+04
     274   -0.12285577E+04
     275   -0.12347271E+04
     276   -0.12408976E+04
     277   -0.12471360E+04
     278   -0.12533220E+04
     279   -0.12594804E+04
     280   -0.12657901E+04
     281   -0.12719860E+04
     282   -0.12783153E+04
     283   -0.12845664E+04
     284   -0.12907983E+04
     285   -0.12971493E+04
     286   -0.13033077E+04
     287   -0.13095304E+04
     288   -0.13155756E+04
     289   -0.13217567E+04
     290   -0.13279364E+04
     291   -0.13339643E+04
     292   -0.13400127E+04
     293   -0.13460362E+04
     294   -0.13520707E+04
     295   -0.13581605E+04
     296   -0.13642804E+04
     297   -0.13704239E+04
     298   -0.13764813E+04
     299   -0.13824437E+04
     300   -0.13884506E+04
     301   -0.13944449E+04
     302   -0.14004515E+04
     303   -0.14064903E+04
     304   -0.14125494E+04
     305   -0.14185862E+04
     306   -0.14246471E+04
     307   -0.14306934E+04
     308   -0.14367734E+04
     309   -0.14429274E+04
     310   -0.14491092E+04
     311   -0.14552553E+04
     312   -0.14613463E+04
     313   -0.14675725E+04
     314   -0.14738628E+04
     315   -0.14800034E+04
     316   -0.14860908E+04
     317   -0.14921232E+04
     318   -0.14981390E+04
     319   -0.15042253E+04
     320   -0.15101454E+04
     321   -0.15160263E+04
     322   -0.15218631E+04
     323   -0.15277988E+04
     324   -0.15337808E+04
     325   -0.15397744E+04
     326   -0.15459287E+04
     327   -0.15520236E+04
     328   -0.15582480E+04
     329   -0.15645619E+04
     330   -0.15711363E+04
     331   -0.15777440E+04
     332   -0.15845802E+04
     333   -0.15916251E+04
     334   -0.15986144E+04
     335   -0.16060856E+04
     336   -0.16136107E+04
     337   -0.16214240E+04
     338   -0.16294043E+04
     339   -0.16374426E+04
     340   -0.16459190E+04
     341   -0.16543282E+04
     342   -0.16628418E+04
     343   -0.16716230E+04
     344   -0.16805713E+04
     345   -0.16896731E+04
     346   -0.16986733E+04
     347   -0.17078651E+04
     348   -0.17171613E+04
     349   -0.17264586E+04
     350   -0.17359350E+04
     351   -0.17453790E+04
     352   -0.17547373E+04
     353   -0.17643221E+04
     354   -0.17739669E+04
     355   -0.17836511E+04
     356   -0.17934558E+04
     357   -0.18031674E+04
     358   -0.18129559E+04
     359   -0.18229869E+04
     360   -0.18328598E+04
     361   -0.18428045E+04
     362   -0.18527588E+04
     363   -0.18627882E+04
     364   -0.18727640E+04
     365   -0.18829115E+04
     366   -0.18931460E+04
     367   -0.19034074E+04
     368   -0.19137395E+04
     369   -0.19238694E+04
     370   -0.19340717E+04
     371   -0.19445250E+04
     372   -0.19549388E+04
     373   -0.19654126E+04
     374   -0.19755931E+04
     375   -0.19860755E+04
     376   -0.19963927E+04
     377   -0.20068528E+04
     378   -0.20173617E+04
     379   -0.20279270E+04
     380   -0.20386002E+04
     381   -0.20492323E+04
     382   -0.20596891E+04
     383   -0.20703568E+04
     384   -0.20811796E+04
     385   -0.20918861E+04
     386   -0.21025659E+04
     387   -0.21132163E+04
     388   -0.21239869E+04
     389   -0.21349877E+04
     390   -0.21459001E+04
     391   -0.21565328E+04
     392   -0.21672318E+04
     393   -0.21779828E+04
     394   -0.21885838E+04
     395   -0.21997783E+04
     396   -0.22109627E+04
     397   -0.22217603E+04
     398   -0.22328894E+04
     399   -0.22436541E+04
     400   -0.22548222E+04
     401   -0.22657799E+04
     402   -0.22767886E+04
     403   -0.22878186E+04
     404   -0.22987978E+04
     405   -0.23098645E+04
     406   -0.23209120E+04
     407   -0.23321761E+04
     408   -0.23434490E+04
     409   -0.23546727E+04
     410   -0.23656614E+04
     411   -0.23766930E+04
     412   -0.23876459E+04
     413   -0.23989850E+04
     414   -0.24094733E+04
     415   -0.24202646E+04
     416   -0.24314748E+04
     417   -0.24430893E+04
     418   -0.24547430E+04
     419   -0.24659080E+04
     420   -0.24770576E+04
     421   -0.24880166E+04
     422   -0.24987920E+04
     423   -0.25101491E+04
     424   -0.25215600E+04
     425   -0.25326182E+04
     426   -0.25444762E+04
     427   -0.25557467E+04
     428   -0.25669437E+04
     429   -0.25787052E+04
     430   -0.25886401E+04
     431   -0.26010553E+04
     432   -0.26120124E+04
     433   -0.26227919E+04
     434   -0.26340792E+04
     435   -0.26454455E+04
     436   -0.26568477E+04
     437   -0.26688625E+04
     438   -0.26802654E+04
     439   -0.26919975E+04
     440   -0.27015741E+04
     441   -0.27124738E+04
     442   -0.27237566E+04
     443   -0.27360736E+04
     444   -0.27484114E+04
     445   -0.27584902E+04
     446   -0.27695323E+04
     447   -0.27802477E+04
     448   -0.27909091E+04
     449   -0.28008432E+04
     450   -0.28134359E+04
     451   -0.28255695E+04
     452   -0.28371076E+04
     453   -0.28472968E+04
     454   -0.28580479E+04
     455   -0.28699988E+04
     456   -0.28800744E+04
     457   -0.28916397E+04
     458   -0.29027909E+04
     459   -0.29129500E+04
     460   -0.29253188E+04
     461   -0.29349374E+04
     462   -0.29461699E+04
     463   -0.29563997E+04
     464   -0.29673172E+04
     465   -0.29788556E+04
     466   -0.29894042E+04
     467   -0.29990702E+04
     468   -0.30118047E+04
     469   -0.30228481E+04
     470   -0.30360194E+04
     471   -0.30445322E+04
     472   -0.30536243E+04
     473   -0.30656248E+04
     474   -0.30750430E+04
     475   -0.30848948E+04
