       0    0.52328401E-09
       1   -0.60573948E-03
       2   -0.37838766E-01
       3   -0.11188037E+00
       4   -0.22266192E+00
       5   -0.37027619E+00
       6   -0.55531195E+00
       7   -0.77733685E+00
       8   -0.10361079E+01
       9   -0.13328227E+01
      10   -0.16666709E+01
      11   -0.20380274E+01
      12   -0.24468771E+01
      13   -0.28952826E+01
      14   -0.33819516E+01
      15   -0.39059995E+01
      16   -0.44682788E+01
      17   -0.50689486E+01
      18   -0.57101133E+01
      19   -0.63888164E+01
      20   -0.71075110E+01
      21   -0.78634386E+01
      22   -0.86574854E+01
      23   -0.94914084E+01
      24   -0.10367842E+02
      25   -0.11282107E+02
      26   -0.12235660E+02
      27   -0.13232024E+02
      28   -0.14269997E+02
      29   -0.15349179E+02
      30   -0.16465428E+02
      31   -0.17624569E+02
      32   -0.18826224E+02
      33   -0.20068854E+02
      34   -0.21355729E+02
      35   -0.22677001E+02
      36   -0.24047724E+02
      37   -0.25455921E+02
      38   -0.26916640E+02
      39   -0.28416284E+02
      40   -0.29960132E+02
      41   -0.31544437E+02
      42   -0.33176017E+02
      43   -0.34848724E+02
      44   -0.36568714E+02
      45   -0.38320485E+02
      46   -0.40135410E+02
      47   -0.41991863E+02
      48   -0.43888413E+02
      49   -0.45828080E+02
      50   -0.47816130E+02
      51   -0.49841427E+02
      52   -0.51927816E+02
      53   -0.54050596E+02
      54   -0.56212527E+02
      55   -0.58431342E+02
      56   -0.60696490E+02
      57   -0.63006038E+02
      58   -0.65355916E+02
      59   -0.67750119E+02
      60   -0.70189349E+02
      61   -0.72667645E+02
      62   -0.75198597E+02
      63   -0.77774334E+02
      64   -0.80403361E+02
      65   -0.83065808E+02
      66   -0.85778280E+02
      67   -0.88538750E+02
      68   -0.91322860E+02
      69   -0.94167188E+02
      70   -0.97046668E+02
      71   -0.99951137E+02
      72   -0.10288532E+03
      73   -0.10587859E+03
      74   -0.10892087E+03
      75   -0.11197895E+03
      76   -0.11508857E+03
      77   -0.11821785E+03
      78   -0.12139302E+03
      79   -0.12460796E+03
      80   -0.12783540E+03
      81   -0.13111784E+03
      82   -0.13441937E+03
      83   -0.13776966E+03
      84   -0.14115378E+03
      85   -0.14455689E+03
      86   -0.14798783E+03
      87   -0.15145134E+03
      88   -0.15494747E+03
      89   -0.15848304E+03
      90   -0.16201989E+03
      91   -0.16559088E+03
      92   -0.16919877E+03
      93   -0.17281447E+03
      94   -0.17649359E+03
      95   -0.18017570E+03
      96   -0.18387550E+03
      97   -0.18762115E+03
      98   -0.19136348E+03
      99   -0.19514816E+03
     100   -0.19894513E+03
     101   -0.20274145E+03
     102   -0.20657562E+03
     103   -0.21040998E+03
     104   -0.21426613E+03
     105   -0.21816352E+03
     106   -0.22206862E+03
     107   -0.22601447E+03
     108   -0.22993381E+03
     109   -0.23387350E+03
     110   -0.23781611E+03
     111   -0.24182603E+03
     112   -0.24583881E+03
     113   -0.24980979E+03
     114   -0.25384923E+03
     115   -0.25791039E+03
     116   -0.26196204E+03
     117   -0.26605999E+03
     118   -0.27017657E+03
     119   -0.27432131E+03
     120   -0.27847462E+03
     121   -0.28263894E+03
     122   -0.28682464E+03
     123   -0.29101825E+03
     124   -0.29521926E+03
     125   -0.29944509E+03
     126   -0.30372412E+03
     127   -0.30796377E+03
     128   -0.31223192E+03
     129   -0.31650146E+03
     130   -0.32081028E+03
     131   -0.32507163E+03
     132   -0.32935590E+03
     133   -0.33366762E+03
     134   -0.33796861E+03
     135   -0.34236264E+03
     136   -0.34672236E+03
     137   -0.35115638E+03
     138   -0.35556723E+03
     139   -0.36002238E+03
     140   -0.36442470E+03
     141   -0.36884688E+03
     142   -0.37331780E+03
     143   -0.37782119E+03
     144   -0.38230228E+03
     145   -0.38678308E+03
     146   -0.39131157E+03
     147   -0.39587151E+03
     148   -0.40041002E+03
     149   -0.40497946E+03
     150   -0.40956085E+03
     151   -0.41415359E+03
     152   -0.41872926E+03
     153   -0.42330774E+03
     154   -0.42791216E+03
     155   -0.43254315E+03
     156   -0.43719477E+03
     157   -0.44193258E+03
     158   -0.44659760E+03
     159   -0.45130162E+03
     160   -0.45606488E+03
     161   -0.46076666E+03
     162   -0.46546742E+03
     163   -0.47019726E+03
     164   -0.47493979E+03
     165   -0.47964545E+03
     166   -0.48440908E+03
     167   -0.48913892E+03
     168   -0.49392914E+03
     169   -0.49870335E+03
     170   -0.50342797E+03
     171   -0.50819930E+03
     172   -0.51294949E+03
     173   -0.51772682E+03
     174   -0.52254475E+03
     175   -0.52733675E+03
     176   -0.53216883E+03
     177   -0.53704280E+03
     178   -0.54182643E+03
     179   -0.54670940E+03
     180   -0.55154114E+03
     181   -0.55643954E+03
     182   -0.56129817E+03
     183   -0.56618166E+03
     184   -0.57106864E+03
     185   -0.57605743E+03
     186   -0.58095206E+03
     187   -0.58588429E+03
     188   -0.59077814E+03
     189   -0.59567409E+03
     190   -0.60062796E+03
     191   -0.60555042E+03
     192   -0.61051065E+03
     193   -0.61543165E+03
     194   -0.62038006E+03
     195   -0.62530873E+03
     196   -0.63023842E+03
     197   -0.63525679E+03
     198   -0.64023260E+03
     199   -0.64523102E+03
     200   -0.65026145E+03
     201   -0.65520517E+03
     202   -0.66022860E+03
     203   -0.66528114E+03
     204   -0.67032840E+03
     205   -0.67535122E+03
     206   -0.68045813E+03
     207   -0.68553029E+03
     208   -0.69064761E+03
     209   -0.69583667E+03
     210   -0.70100144E+03
     211   -0.70610808E+03
     212   -0.71124338E+03
     213   -0.71639550E+03
     214   -0.72165502E+03
     215   -0.72678532E+03
     216   -0.73194468E+03
     217   -0.73718572E+03
     218   -0.74241341E+03
     219   -0.74763228E+03
     220   -0.75286220E+03
     221   -0.75811319E+03
     222   -0.76345009E+03
     223   -0.76882671E+03
     224   -0.77418261E+03
     225   -0.77953499E+03
     226   -0.78486482E+03
     227   -0.79015866E+03
     228   -0.79552074E+03
     229   -0.80085714E+03
     230   -0.80628219E+03
     231   -0.81173465E+03
     232   -0.81721048E+03
     233   -0.82266516E+03
     234   -0.82817599E+03
     235   -0.83365435E+03
     236   -0.83910310E+03
     237   -0.84461862E+03
     238   -0.85010989E+03
     239   -0.85565772E+03
     240   -0.86125151E+03
     241   -0.86682686E+03
     242   -0.87235533E+03
     243   -0.87793896E+03
     244   -0.88357644E+03
     245   -0.88920257E+03
     246   -0.89493010E+03
     247   -0.90072648E+03
     248   -0.90644898E+03
     249   -0.91214489E+03
     250   -0.91786346E+03
     251   -0.92361738E+03
     252   -0.92941485E+03
     253   -0.93526041E+03
     254   -0.94111636E+03
     255   -0.94699567E+03
     256   -0.95286760E+03
     257   -0.95873428E+03
     258   -0.96466948E+03
     259   -0.97066570E+03
     260   -0.97657296E+03
     261   -0.98263675E+03
     262   -0.98873529E+03
     263   -0.99480569E+03
     264   -0.10009635E+04
     265   -0.10072401E+04
     266   -0.10134957E+04
     267   -0.10197068E+04
     268   -0.10259464E+04
     269   -0.10322954E+04
     270   -0.10385921E+04
     271   -0.10450727E+04
     272   -0.10515614E+04
     273   -0.10580505E+04
     274   -0.10646392E+04
     275   -0.10711986E+04
     276   -0.10778126E+04
     277   -0.10844624E+04
     278   -0.10911854E+04
     279   -0.10978806E+04
     280   -0.11047043E+04
     281   -0.11115288E+04
     282   -0.11184545E+04
     283   -0.11253721E+04
     284   -0.11323035E+04
     285   -0.11393188E+04
     286   -0.11464223E+04
     287   -0.11535274E+04
     288   -0.11607255E+04
     289   -0.11679242E+04
     290   -0.11751616E+04
     291   -0.11823996E+04
     292   -0.11897332E+04
     293   -0.11971117E+04
     294   -0.12045157E+04
     295   -0.12119159E+04
     296   -0.12193571E+04
     297   -0.12268541E+04
     298   -0.12344707E+04
     299   -0.12421295E+04
     300   -0.12498129E+04
     301   -0.12575553E+04
     302   -0.12652828E+04
     303   -0.12730387E+04
     304   -0.12808755E+04
     305   -0.12887474E+04
     306   -0.12967228E+04
     307   -0.13046731E+04
     308   -0.13128444E+04
     309   -0.13208971E+04
     310   -0.13291119E+04
     311   -0.13372749E+04
     312   -0.13454740E+04
     313   -0.13536981E+04
     314   -0.13619148E+04
     315   -0.13702377E+04
     316   -0.13786884E+04
     317   -0.13871101E+04
     318   -0.13954482E+04
     319   -0.14039584E+04
     320   -0.14125116E+04
     321   -0.14210358E+04
     322   -0.14295499E+04
     323   -0.14381697E+04
     324   -0.14468183E+04
     325   -0.14555008E+04
     326   -0.14643233E+04
     327   -0.14730395E+04
     328   -0.14818091E+04
     329   -0.14905847E+04
     330   -0.14994382E+04
     331   -0.15082296E+04
     332   -0.15171118E+04
     333   -0.15260897E+04
     334   -0.15350344E+04
     335   -0.15439397E+04
     336   -0.15530324E+04
     337   -0.15620438E+04
     338   -0.15711814E+04
     339   -0.15803578E+04
     340   -0.15895957E+04
     341   -0.15987194E+04
     342   -0.16078884E+04
     343   -0.16172120E+04
     344   -0.16265648E+04
     345   -0.16359272E+04
     346   -0.16451775E+04
     347   -0.16546452E+04
     348   -0.16640095E+04
     349   -0.16735114E+04
     350   -0.16831017E+04
     351   -0.16925448E+04
     352   -0.17020551E+04
     353   -0.17116412E+04
     354   -0.17211120E+04
     355   -0.17306244E+04
     356   -0.17403014E+04
     357   -0.17500520E+04
     358   -0.17598158E+04
     359   -0.17695529E+04
     360   -0.17792539E+04
     361   -0.17890437E+04
     362   -0.17989390E+04
     363   -0.18088643E+04
     364   -0.18185859E+04
     365   -0.18284875E+04
     366   -0.18382179E+04
     367   -0.18479444E+04
     368   -0.18578036E+04
     369   -0.18676324E+04
     370   -0.18777593E+04
     371   -0.18876023E+04
     372   -0.18975887E+04
     373   -0.19073721E+04
     374   -0.19174638E+04
     375   -0.19274331E+04
     376   -0.19375826E+04
     377   -0.19476188E+04
     378   -0.19577690E+04
     379   -0.19679495E+04
     380   -0.19780040E+04
     381   -0.19883429E+04
     382   -0.19985427E+04
     383   -0.20087001E+04
     384   -0.20187933E+04
     385   -0.20287714E+04
     386   -0.20397285E+04
     387   -0.20499713E+04
     388   -0.20602418E+04
     389   -0.20704594E+04
     390   -0.20809648E+04
     391   -0.20910983E+04
     392   -0.21011710E+04
     393   -0.21113740E+04
     394   -0.21216501E+04
     395   -0.21319830E+04
     396   -0.21422794E+04
     397   -0.21523864E+04
     398   -0.21632707E+04
     399   -0.21737031E+04
     400   -0.21841901E+04
     401   -0.21947581E+04
     402   -0.22050614E+04
     403   -0.22156034E+04
     404   -0.22261045E+04
     405   -0.22366302E+04
     406   -0.22470449E+04
     407   -0.22572841E+04
     408   -0.22678308E+04
     409   -0.22782327E+04
     410   -0.22890079E+04
     411   -0.22994123E+04
     412   -0.23103763E+04
     413   -0.23207063E+04
     414   -0.23308642E+04
     415   -0.23415679E+04
     416   -0.23521602E+04
     417   -0.23622153E+04
     418   -0.23728247E+04
     419   -0.23832880E+04
     420   -0.23945272E+04
     421   -0.24041081E+04
     422   -0.24144592E+04
     423   -0.24245331E+04
     424   -0.24357364E+04
     425   -0.24459449E+04
     426   -0.24568402E+04
     427   -0.24674020E+04
     428   -0.24777340E+04
     429   -0.24880534E+04
     430   -0.24983010E+04
     431   -0.25080836E+04
     432   -0.25191516E+04
     433   -0.25292966E+04
     434   -0.25407384E+04
     435   -0.25510494E+04
     436   -0.25614484E+04
     437   -0.25716434E+04
     438   -0.25839045E+04
     439   -0.25938411E+04
     440   -0.26036375E+04
     441   -0.26145306E+04
     442   -0.26274618E+04
     443   -0.26364132E+04
     444   -0.26464582E+04
     445   -0.26575181E+04
     446   -0.26671299E+04
     447   -0.26773477E+04
     448   -0.26882579E+04
     449   -0.26984731E+04
     450   -0.27085466E+04
     451   -0.27175504E+04
     452   -0.27294898E+04
     453   -0.27394276E+04
     454   -0.27494323E+04
     455   -0.27583406E+04
     456   -0.27680002E+04
     457   -0.27794022E+04
     458   -0.27890078E+04
     459   -0.28005493E+04
     460   -0.28108251E+04
     461   -0.28197038E+04
     462   -0.28320644E+04
     463   -0.28409923E+04
     464   -0.28497163E+04
     465   -0.28589687E+04
