    0.0000000000E+00    -0.6780362442E+02
    0.1000000000E+01    -0.6463287769E+02
    0.2000000000E+01    -0.6213898415E+02
    0.3000000000E+01    -0.6003532740E+02
    0.4000000000E+01    -0.5820325311E+02
    0.5000000000E+01    -0.5657801807E+02
    0.6000000000E+01    -0.5511813832E+02
    0.7000000000E+01    -0.5379735021E+02
    0.8000000000E+01    -0.5259406369E+02
    0.9000000000E+01    -0.5149259117E+02
    0.1000000000E+02    -0.5048092008E+02
    0.1100000000E+02    -0.4954830401E+02
    0.1200000000E+02    -0.4868712170E+02
    0.1300000000E+02    -0.4789084605E+02
    0.1400000000E+02    -0.4715254017E+02
    0.1500000000E+02    -0.4646724339E+02
    0.1600000000E+02    -0.4583123079E+02
    0.1700000000E+02    -0.4523982797E+02
    0.1800000000E+02    -0.4468958555E+02
    0.1900000000E+02    -0.4417856358E+02
    0.2000000000E+02    -0.4370344752E+02
    0.2100000000E+02    -0.4326109420E+02
    0.2200000000E+02    -0.4285011948E+02
    0.2300000000E+02    -0.4246835310E+02
    0.2400000000E+02    -0.4211385431E+02
    0.2500000000E+02    -0.4178407123E+02
    0.2600000000E+02    -0.4147921364E+02
    0.2700000000E+02    -0.4119652348E+02
    0.2800000000E+02    -0.4093477497E+02
    0.2900000000E+02    -0.4069330563E+02
    0.3000000000E+02    -0.4047073912E+02
    0.3100000000E+02    -0.4026601621E+02
    0.3200000000E+02    -0.4007781752E+02
    0.3300000000E+02    -0.3990560906E+02
    0.3400000000E+02    -0.3974812515E+02
    0.3500000000E+02    -0.3960441470E+02
    0.3600000000E+02    -0.3947427193E+02
    0.3700000000E+02    -0.3935654481E+02
    0.3800000000E+02    -0.3925044762E+02
    0.3900000000E+02    -0.3915609037E+02
    0.4000000000E+02    -0.3907198248E+02
    0.4100000000E+02    -0.3899808454E+02
    0.4200000000E+02    -0.3893441487E+02
    0.4300000000E+02    -0.3887907498E+02
    0.4400000000E+02    -0.3883176049E+02
    0.4500000000E+02    -0.3879341280E+02
    0.4600000000E+02    -0.3876213630E+02
    0.4700000000E+02    -0.3873787875E+02
    0.4800000000E+02    -0.3872028692E+02
    0.4900000000E+02    -0.3870887471E+02
    0.5000000000E+02    -0.3870414381E+02
    0.5100000000E+02    -0.3870465599E+02
    0.5200000000E+02    -0.3871027929E+02
    0.5300000000E+02    -0.3872099879E+02
    0.5400000000E+02    -0.3873670872E+02
    0.5500000000E+02    -0.3875568482E+02
    0.5600000000E+02    -0.3877885972E+02
    0.5700000000E+02    -0.3880622733E+02
    0.5800000000E+02    -0.3883669731E+02
    0.5900000000E+02    -0.3887078296E+02
    0.6000000000E+02    -0.3890813532E+02
    0.6100000000E+02    -0.3894814022E+02
    0.6200000000E+02    -0.3899039795E+02
    0.6300000000E+02    -0.3903535679E+02
    0.6400000000E+02    -0.3908196002E+02
    0.6500000000E+02    -0.3913092405E+02
    0.6600000000E+02    -0.3918184811E+02
    0.6700000000E+02    -0.3923393934E+02
    0.6800000000E+02    -0.3928761146E+02
    0.6900000000E+02    -0.3934225913E+02
    0.7000000000E+02    -0.3939905462E+02
    0.7100000000E+02    -0.3945572253E+02
    0.7200000000E+02    -0.3951354545E+02
    0.7300000000E+02    -0.3957247013E+02
    0.7400000000E+02    -0.3963136000E+02
    0.7500000000E+02    -0.3969109725E+02
    0.7600000000E+02    -0.3975114064E+02
    0.7700000000E+02    -0.3981115578E+02
    0.7800000000E+02    -0.3987126443E+02
    0.7900000000E+02    -0.3993117083E+02
    0.8000000000E+02    -0.3999078975E+02
    0.8100000000E+02    -0.4005021311E+02
    0.8200000000E+02    -0.4010938325E+02
    0.8300000000E+02    -0.4016856895E+02
    0.8400000000E+02    -0.4022655190E+02
    0.8500000000E+02    -0.4028418754E+02
    0.8600000000E+02    -0.4034099186E+02
    0.8700000000E+02    -0.4039731540E+02
    0.8800000000E+02    -0.4045218403E+02
    0.8900000000E+02    -0.4050616079E+02
    0.9000000000E+02    -0.4055959046E+02
    0.9100000000E+02    -0.4061164512E+02
    0.9200000000E+02    -0.4066284058E+02
    0.9300000000E+02    -0.4071306968E+02
    0.9400000000E+02    -0.4076095948E+02
    0.9500000000E+02    -0.4080805483E+02
    0.9600000000E+02    -0.4085277596E+02
    0.9700000000E+02    -0.4089628828E+02
    0.9800000000E+02    -0.4093956932E+02
    0.9900000000E+02    -0.4098105433E+02
    0.1000000000E+03    -0.4102084806E+02
    0.1010000000E+03    -0.4105804792E+02
    0.1020000000E+03    -0.4109430057E+02
    0.1030000000E+03    -0.4112823528E+02
    0.1040000000E+03    -0.4116115180E+02
    0.1050000000E+03    -0.4119141256E+02
    0.1060000000E+03    -0.4122017695E+02
    0.1070000000E+03    -0.4124614359E+02
    0.1080000000E+03    -0.4127064610E+02
    0.1090000000E+03    -0.4129379640E+02
    0.1100000000E+03    -0.4131486671E+02
    0.1110000000E+03    -0.4133315051E+02
    0.1120000000E+03    -0.4134839188E+02
    0.1130000000E+03    -0.4136264884E+02
    0.1140000000E+03    -0.4137407685E+02
    0.1150000000E+03    -0.4138410673E+02
    0.1160000000E+03    -0.4139146212E+02
    0.1170000000E+03    -0.4139619388E+02
    0.1180000000E+03    -0.4139940223E+02
    0.1190000000E+03    -0.4139967615E+02
    0.1200000000E+03    -0.4139778959E+02
    0.1210000000E+03    -0.4139336151E+02
    0.1220000000E+03    -0.4138640354E+02
    0.1230000000E+03    -0.4137814821E+02
    0.1240000000E+03    -0.4136671191E+02
    0.1250000000E+03    -0.4135324293E+02
    0.1260000000E+03    -0.4133665903E+02
    0.1270000000E+03    -0.4131751704E+02
    0.1280000000E+03    -0.4129628507E+02
    0.1290000000E+03    -0.4127346548E+02
    0.1300000000E+03    -0.4124730371E+02
    0.1310000000E+03    -0.4121913413E+02
    0.1320000000E+03    -0.4118790909E+02
    0.1330000000E+03    -0.4115455449E+02
    0.1340000000E+03    -0.4111895879E+02
    0.1350000000E+03    -0.4108141516E+02
    0.1360000000E+03    -0.4104110929E+02
    0.1370000000E+03    -0.4099664863E+02
    0.1380000000E+03    -0.4095014544E+02
    0.1390000000E+03    -0.4090173115E+02
    0.1400000000E+03    -0.4085079737E+02
    0.1410000000E+03    -0.4079713598E+02
    0.1420000000E+03    -0.4074044371E+02
    0.1430000000E+03    -0.4068088129E+02
    0.1440000000E+03    -0.4061951834E+02
    0.1450000000E+03    -0.4055507469E+02
    0.1460000000E+03    -0.4048709127E+02
    0.1470000000E+03    -0.4041789853E+02
    0.1480000000E+03    -0.4034527917E+02
    0.1490000000E+03    -0.4027025371E+02
    0.1500000000E+03    -0.4019192529E+02
    0.1510000000E+03    -0.4011097277E+02
    0.1520000000E+03    -0.4002892880E+02
    0.1530000000E+03    -0.3994363599E+02
    0.1540000000E+03    -0.3985481451E+02
    0.1550000000E+03    -0.3976404631E+02
    0.1560000000E+03    -0.3967038920E+02
    0.1570000000E+03    -0.3957315375E+02
    0.1580000000E+03    -0.3947474765E+02
    0.1590000000E+03    -0.3937398222E+02
    0.1600000000E+03    -0.3926896955E+02
    0.1610000000E+03    -0.3916180837E+02
    0.1620000000E+03    -0.3905216205E+02
    0.1630000000E+03    -0.3893981072E+02
    0.1640000000E+03    -0.3882361851E+02
    0.1650000000E+03    -0.3870483884E+02
    0.1660000000E+03    -0.3858427397E+02
    0.1670000000E+03    -0.3846066003E+02
    0.1680000000E+03    -0.3833408913E+02
    0.1690000000E+03    -0.3820496104E+02
    0.1700000000E+03    -0.3807327912E+02
    0.1710000000E+03    -0.3793940808E+02
    0.1720000000E+03    -0.3780210999E+02
    0.1730000000E+03    -0.3766146704E+02
    0.1740000000E+03    -0.3751857498E+02
    0.1750000000E+03    -0.3737273838E+02
    0.1760000000E+03    -0.3722471858E+02
    0.1770000000E+03    -0.3707335685E+02
    0.1780000000E+03    -0.3692088293E+02
    0.1790000000E+03    -0.3676538376E+02
    0.1800000000E+03    -0.3660745566E+02
    0.1810000000E+03    -0.3644684507E+02
    0.1820000000E+03    -0.3628388033E+02
    0.1830000000E+03    -0.3611800813E+02
    0.1840000000E+03    -0.3594914575E+02
    0.1850000000E+03    -0.3577823706E+02
    0.1860000000E+03    -0.3560516566E+02
    0.1870000000E+03    -0.3542772806E+02
    0.1880000000E+03    -0.3524783438E+02
    0.1890000000E+03    -0.3506577629E+02
    0.1900000000E+03    -0.3488183976E+02
    0.1910000000E+03    -0.3469351101E+02
    0.1920000000E+03    -0.3450343235E+02
    0.1930000000E+03    -0.3431159570E+02
    0.1940000000E+03    -0.3411724752E+02
    0.1950000000E+03    -0.3392028155E+02
    0.1960000000E+03    -0.3372032410E+02
    0.1970000000E+03    -0.3351913275E+02
    0.1980000000E+03    -0.3331478879E+02
    0.1990000000E+03    -0.3310659127E+02
    0.2000000000E+03    -0.3289726434E+02
    0.2010000000E+03    -0.3268504761E+02
    0.2020000000E+03    -0.3246952982E+02
    0.2030000000E+03    -0.3225240967E+02
    0.2040000000E+03    -0.3203410186E+02
    0.2050000000E+03    -0.3181289567E+02
    0.2060000000E+03    -0.3158882882E+02
    0.2070000000E+03    -0.3136140993E+02
    0.2080000000E+03    -0.3113182855E+02
    0.2090000000E+03    -0.3090184632E+02
    0.2100000000E+03    -0.3066835402E+02
    0.2110000000E+03    -0.3043241421E+02
    0.2120000000E+03    -0.3019501874E+02
    0.2130000000E+03    -0.2995538186E+02
    0.2140000000E+03    -0.2971458485E+02
    0.2150000000E+03    -0.2947205547E+02
    0.2160000000E+03    -0.2922608925E+02
    0.2170000000E+03    -0.2897809636E+02
    0.2180000000E+03    -0.2872740846E+02
    0.2190000000E+03    -0.2847395567E+02
    0.2200000000E+03    -0.2821905471E+02
    0.2210000000E+03    -0.2796087895E+02
    0.2220000000E+03    -0.2770177994E+02
    0.2230000000E+03    -0.2744052331E+02
    0.2240000000E+03    -0.2717691947E+02
    0.2250000000E+03    -0.2691254624E+02
    0.2260000000E+03    -0.2664515493E+02
    0.2270000000E+03    -0.2637802928E+02
    0.2280000000E+03    -0.2610884544E+02
    0.2290000000E+03    -0.2583696151E+02
    0.2300000000E+03    -0.2556263951E+02
    0.2310000000E+03    -0.2528707855E+02
    0.2320000000E+03    -0.2501150598E+02
    0.2330000000E+03    -0.2473280553E+02
    0.2340000000E+03    -0.2445399776E+02
    0.2350000000E+03    -0.2417413545E+02
    0.2360000000E+03    -0.2389290433E+02
    0.2370000000E+03    -0.2360869429E+02
    0.2380000000E+03    -0.2332369615E+02
    0.2390000000E+03    -0.2303819474E+02
    0.2400000000E+03    -0.2275095338E+02
    0.2410000000E+03    -0.2246300124E+02
    0.2420000000E+03    -0.2217121345E+02
    0.2430000000E+03    -0.2188287692E+02
    0.2440000000E+03    -0.2159136758E+02
    0.2450000000E+03    -0.2129897369E+02
    0.2460000000E+03    -0.2100505275E+02
    0.2470000000E+03    -0.2071001630E+02
    0.2480000000E+03    -0.2041425148E+02
    0.2490000000E+03    -0.2011799399E+02
    0.2500000000E+03    -0.1982368403E+02
    0.2510000000E+03    -0.1952595618E+02
    0.2520000000E+03    -0.1922834808E+02
    0.2530000000E+03    -0.1893226185E+02
    0.2540000000E+03    -0.1863447561E+02
    0.2550000000E+03    -0.1833504900E+02
    0.2560000000E+03    -0.1803603986E+02
    0.2570000000E+03    -0.1773651541E+02
    0.2580000000E+03    -0.1743708175E+02
    0.2590000000E+03    -0.1713997334E+02
    0.2600000000E+03    -0.1684187239E+02
    0.2610000000E+03    -0.1654170492E+02
    0.2620000000E+03    -0.1624361911E+02
    0.2630000000E+03    -0.1594584189E+02
    0.2640000000E+03    -0.1564822171E+02
    0.2650000000E+03    -0.1535217746E+02
    0.2660000000E+03    -0.1505599818E+02
    0.2670000000E+03    -0.1476122590E+02
    0.2680000000E+03    -0.1446497382E+02
    0.2690000000E+03    -0.1417161806E+02
    0.2700000000E+03    -0.1388239240E+02
    0.2710000000E+03    -0.1359076558E+02
    0.2720000000E+03    -0.1329915249E+02
    0.2730000000E+03    -0.1301051817E+02
    0.2740000000E+03    -0.1272461000E+02
    0.2750000000E+03    -0.1244026584E+02
    0.2760000000E+03    -0.1215655986E+02
    0.2770000000E+03    -0.1187617726E+02
    0.2780000000E+03    -0.1159779732E+02
    0.2790000000E+03    -0.1132044775E+02
    0.2800000000E+03    -0.1104515154E+02
    0.2810000000E+03    -0.1077128522E+02
    0.2820000000E+03    -0.1050242435E+02
    0.2830000000E+03    -0.1023518082E+02
    0.2840000000E+03    -0.9969934649E+01
    0.2850000000E+03    -0.9708827759E+01
    0.2860000000E+03    -0.9450905588E+01
    0.2870000000E+03    -0.9197990903E+01
    0.2880000000E+03    -0.8941674131E+01
    0.2890000000E+03    -0.8690876596E+01
    0.2900000000E+03    -0.8444165140E+01
    0.2910000000E+03    -0.8199645126E+01
    0.2920000000E+03    -0.7960900400E+01
    0.2930000000E+03    -0.7725325564E+01
    0.2940000000E+03    -0.7496198011E+01
    0.2950000000E+03    -0.7267901081E+01
    0.2960000000E+03    -0.7043503048E+01
    0.2970000000E+03    -0.6822502988E+01
    0.2980000000E+03    -0.6607837374E+01
    0.2990000000E+03    -0.6397746946E+01
    0.3000000000E+03    -0.6194060365E+01
    0.3010000000E+03    -0.5997080924E+01
    0.3020000000E+03    -0.5801577952E+01
    0.3030000000E+03    -0.5613716730E+01
    0.3040000000E+03    -0.5429264146E+01
    0.3050000000E+03    -0.5254106054E+01
    0.3060000000E+03    -0.5080579803E+01
    0.3070000000E+03    -0.4917186320E+01
    0.3080000000E+03    -0.4758322093E+01
    0.3090000000E+03    -0.4609603454E+01
    0.3100000000E+03    -0.4461409061E+01
    0.3110000000E+03    -0.4326477667E+01
    0.3120000000E+03    -0.4196773082E+01
    0.3130000000E+03    -0.4070642636E+01
    0.3140000000E+03    -0.3950546184E+01
    0.3150000000E+03    -0.3840334587E+01
    0.3160000000E+03    -0.3739847198E+01
    0.3170000000E+03    -0.3648762576E+01
    0.3180000000E+03    -0.3564650202E+01
    0.3190000000E+03    -0.3487533165E+01
    0.3200000000E+03    -0.3421965294E+01
    0.3210000000E+03    -0.3363888885E+01
    0.3220000000E+03    -0.3315777929E+01
    0.3230000000E+03    -0.3274644957E+01
    0.3240000000E+03    -0.3244772166E+01
    0.3250000000E+03    -0.3223559351E+01
    0.3260000000E+03    -0.3212202502E+01
    0.3270000000E+03    -0.3213238486E+01
    0.3280000000E+03    -0.3219924455E+01
    0.3290000000E+03    -0.3244171889E+01
    0.3300000000E+03    -0.3274947763E+01
    0.3310000000E+03    -0.3319828119E+01
    0.3320000000E+03    -0.3377672779E+01
    0.3330000000E+03    -0.3445310259E+01
    0.3340000000E+03    -0.3522056719E+01
    0.3350000000E+03    -0.3609938475E+01
    0.3360000000E+03    -0.3710961191E+01
    0.3370000000E+03    -0.3826351678E+01
    0.3380000000E+03    -0.3952195472E+01
    0.3390000000E+03    -0.4094165382E+01
    0.3400000000E+03    -0.4246533878E+01
    0.3410000000E+03    -0.4411742073E+01
    0.3420000000E+03    -0.4586915220E+01
    0.3430000000E+03    -0.4777269635E+01
    0.3440000000E+03    -0.4985811429E+01
    0.3450000000E+03    -0.5212783166E+01
    0.3460000000E+03    -0.5449557103E+01
    0.3470000000E+03    -0.5703485601E+01
    0.3480000000E+03    -0.5970702565E+01
    0.3490000000E+03    -0.6255938497E+01
    0.3500000000E+03    -0.6552778059E+01
    0.3510000000E+03    -0.6867081563E+01
    0.3520000000E+03    -0.7194033651E+01
    0.3530000000E+03    -0.7546123396E+01
    0.3540000000E+03    -0.7905206915E+01
    0.3550000000E+03    -0.8292646530E+01
    0.3560000000E+03    -0.8693845741E+01
    0.3570000000E+03    -0.9119189896E+01
    0.3580000000E+03    -0.9561318858E+01
    0.3590000000E+03    -0.1002007538E+02
    0.3600000000E+03    -0.1049705917E+02
    0.3610000000E+03    -0.1098852262E+02
    0.3620000000E+03    -0.1150426197E+02
    0.3630000000E+03    -0.1204136692E+02
    0.3640000000E+03    -0.1258999619E+02
    0.3650000000E+03    -0.1316186123E+02
    0.3660000000E+03    -0.1375816644E+02
    0.3670000000E+03    -0.1437143382E+02
    0.3680000000E+03    -0.1501255690E+02
    0.3690000000E+03    -0.1566932177E+02
    0.3700000000E+03    -0.1634867602E+02
    0.3710000000E+03    -0.1705063864E+02
    0.3720000000E+03    -0.1777444393E+02
    0.3730000000E+03    -0.1851932352E+02
    0.3740000000E+03    -0.1928810788E+02
    0.3750000000E+03    -0.2008352381E+02
    0.3760000000E+03    -0.2089248646E+02
    0.3770000000E+03    -0.2173674939E+02
    0.3780000000E+03    -0.2259984787E+02
    0.3790000000E+03    -0.2349115998E+02
    0.3800000000E+03    -0.2440878787E+02
    0.3810000000E+03    -0.2534264749E+02
    0.3820000000E+03    -0.2630750696E+02
    0.3830000000E+03    -0.2730414890E+02
    0.3840000000E+03    -0.2832472911E+02
    0.3850000000E+03    -0.2937819442E+02
    0.3860000000E+03    -0.3044790137E+02
    0.3870000000E+03    -0.3155144598E+02
    0.3880000000E+03    -0.3269244288E+02
    0.3890000000E+03    -0.3386070513E+02
    0.3900000000E+03    -0.3505918699E+02
    0.3910000000E+03    -0.3628848294E+02
    0.3920000000E+03    -0.3754155463E+02
    0.3930000000E+03    -0.3882255869E+02
    0.3940000000E+03    -0.4013958705E+02
    0.3950000000E+03    -0.4148532338E+02
    0.3960000000E+03    -0.4285970321E+02
    0.3970000000E+03    -0.4426373329E+02
    0.3980000000E+03    -0.4570964945E+02
    0.3990000000E+03    -0.4718728745E+02
    0.4000000000E+03    -0.4871233258E+02
