    0.0000000000E+00    -0.1097245671E+03
    0.1000000000E+01    -0.1084233503E+03
    0.2000000000E+01    -0.1077851252E+03
    0.3000000000E+01    -0.1075215796E+03
    0.4000000000E+01    -0.1075154831E+03
    0.5000000000E+01    -0.1077025631E+03
    0.6000000000E+01    -0.1080423445E+03
    0.7000000000E+01    -0.1085061085E+03
    0.8000000000E+01    -0.1090727831E+03
    0.9000000000E+01    -0.1097267961E+03
    0.1000000000E+02    -0.1104556891E+03
    0.1100000000E+02    -0.1112492232E+03
    0.1200000000E+02    -0.1120990388E+03
    0.1300000000E+02    -0.1129990252E+03
    0.1400000000E+02    -0.1139425952E+03
    0.1500000000E+02    -0.1149244845E+03
    0.1600000000E+02    -0.1159395883E+03
    0.1700000000E+02    -0.1169856358E+03
    0.1800000000E+02    -0.1180588956E+03
    0.1900000000E+02    -0.1191553171E+03
    0.2000000000E+02    -0.1202711885E+03
    0.2100000000E+02    -0.1214049010E+03
    0.2200000000E+02    -0.1225548683E+03
    0.2300000000E+02    -0.1237177701E+03
    0.2400000000E+02    -0.1248913581E+03
    0.2500000000E+02    -0.1260745700E+03
    0.2600000000E+02    -0.1272657011E+03
    0.2700000000E+02    -0.1284628396E+03
    0.2800000000E+02    -0.1296646134E+03
    0.2900000000E+02    -0.1308695981E+03
    0.3000000000E+02    -0.1320755619E+03
    0.3100000000E+02    -0.1332824599E+03
    0.3200000000E+02    -0.1344887520E+03
    0.3300000000E+02    -0.1356925714E+03
    0.3400000000E+02    -0.1368939016E+03
    0.3500000000E+02    -0.1380902452E+03
    0.3600000000E+02    -0.1392809465E+03
    0.3700000000E+02    -0.1404661396E+03
    0.3800000000E+02    -0.1416438887E+03
    0.3900000000E+02    -0.1428127200E+03
    0.4000000000E+02    -0.1439731176E+03
    0.4100000000E+02    -0.1451244314E+03
    0.4200000000E+02    -0.1462654391E+03
    0.4300000000E+02    -0.1473952620E+03
    0.4400000000E+02    -0.1485133548E+03
    0.4500000000E+02    -0.1496196736E+03
    0.4600000000E+02    -0.1507125238E+03
    0.4700000000E+02    -0.1517936380E+03
    0.4800000000E+02    -0.1528594563E+03
    0.4900000000E+02    -0.1539121460E+03
    0.5000000000E+02    -0.1549513253E+03
    0.5100000000E+02    -0.1559774387E+03
    0.5200000000E+02    -0.1569886248E+03
    0.5300000000E+02    -0.1579869699E+03
    0.5400000000E+02    -0.1589706897E+03
    0.5500000000E+02    -0.1599414641E+03
    0.5600000000E+02    -0.1608982950E+03
    0.5700000000E+02    -0.1618396328E+03
    0.5800000000E+02    -0.1627696683E+03
    0.5900000000E+02    -0.1636860889E+03
    0.6000000000E+02    -0.1645884568E+03
    0.6100000000E+02    -0.1654774670E+03
    0.6200000000E+02    -0.1663548429E+03
    0.6300000000E+02    -0.1672206274E+03
    0.6400000000E+02    -0.1680736179E+03
    0.6500000000E+02    -0.1689137925E+03
    0.6600000000E+02    -0.1697424844E+03
    0.6700000000E+02    -0.1705593278E+03
    0.6800000000E+02    -0.1713653293E+03
    0.6900000000E+02    -0.1721590696E+03
    0.7000000000E+02    -0.1729398247E+03
    0.7100000000E+02    -0.1737106383E+03
    0.7200000000E+02    -0.1744690043E+03
    0.7300000000E+02    -0.1752154315E+03
    0.7400000000E+02    -0.1759515904E+03
    0.7500000000E+02    -0.1766757315E+03
    0.7600000000E+02    -0.1773884133E+03
    0.7700000000E+02    -0.1780907214E+03
    0.7800000000E+02    -0.1787831947E+03
    0.7900000000E+02    -0.1794631825E+03
    0.8000000000E+02    -0.1801336200E+03
    0.8100000000E+02    -0.1807925864E+03
    0.8200000000E+02    -0.1814415729E+03
    0.8300000000E+02    -0.1820807724E+03
    0.8400000000E+02    -0.1827096167E+03
    0.8500000000E+02    -0.1833274571E+03
    0.8600000000E+02    -0.1839363831E+03
    0.8700000000E+02    -0.1845352595E+03
    0.8800000000E+02    -0.1851236951E+03
    0.8900000000E+02    -0.1857034556E+03
    0.9000000000E+02    -0.1862731559E+03
    0.9100000000E+02    -0.1868329299E+03
    0.9200000000E+02    -0.1873845119E+03
    0.9300000000E+02    -0.1879273101E+03
    0.9400000000E+02    -0.1884599304E+03
    0.9500000000E+02    -0.1889825501E+03
    0.9600000000E+02    -0.1894962992E+03
    0.9700000000E+02    -0.1900015271E+03
    0.9800000000E+02    -0.1904967542E+03
    0.9900000000E+02    -0.1909853063E+03
    0.1000000000E+03    -0.1914646344E+03
    0.1010000000E+03    -0.1919351888E+03
    0.1020000000E+03    -0.1923958557E+03
    0.1030000000E+03    -0.1928491234E+03
    0.1040000000E+03    -0.1932926235E+03
    0.1050000000E+03    -0.1937281753E+03
    0.1060000000E+03    -0.1941570525E+03
    0.1070000000E+03    -0.1945747179E+03
    0.1080000000E+03    -0.1949851091E+03
    0.1090000000E+03    -0.1953870304E+03
    0.1100000000E+03    -0.1957814496E+03
    0.1110000000E+03    -0.1961668558E+03
    0.1120000000E+03    -0.1965434201E+03
    0.1130000000E+03    -0.1969117675E+03
    0.1140000000E+03    -0.1972719782E+03
    0.1150000000E+03    -0.1976222092E+03
    0.1160000000E+03    -0.1979649856E+03
    0.1170000000E+03    -0.1982992142E+03
    0.1180000000E+03    -0.1986222295E+03
    0.1190000000E+03    -0.1989371247E+03
    0.1200000000E+03    -0.1992451927E+03
    0.1210000000E+03    -0.1995456599E+03
    0.1220000000E+03    -0.1998354300E+03
    0.1230000000E+03    -0.2001158385E+03
    0.1240000000E+03    -0.2003879930E+03
    0.1250000000E+03    -0.2006488989E+03
    0.1260000000E+03    -0.2009022448E+03
    0.1270000000E+03    -0.2011458712E+03
    0.1280000000E+03    -0.2013799607E+03
    0.1290000000E+03    -0.2016050950E+03
    0.1300000000E+03    -0.2018206858E+03
    0.1310000000E+03    -0.2020268468E+03
    0.1320000000E+03    -0.2022239893E+03
    0.1330000000E+03    -0.2024105185E+03
    0.1340000000E+03    -0.2025869646E+03
    0.1350000000E+03    -0.2027535969E+03
    0.1360000000E+03    -0.2029109974E+03
    0.1370000000E+03    -0.2030591819E+03
    0.1380000000E+03    -0.2031946281E+03
    0.1390000000E+03    -0.2033211818E+03
    0.1400000000E+03    -0.2034362489E+03
    0.1410000000E+03    -0.2035428271E+03
    0.1420000000E+03    -0.2036392576E+03
    0.1430000000E+03    -0.2037253768E+03
    0.1440000000E+03    -0.2037997361E+03
    0.1450000000E+03    -0.2038636549E+03
    0.1460000000E+03    -0.2039185849E+03
    0.1470000000E+03    -0.2039643313E+03
    0.1480000000E+03    -0.2039976906E+03
    0.1490000000E+03    -0.2040224321E+03
    0.1500000000E+03    -0.2040372727E+03
    0.1510000000E+03    -0.2040438729E+03
    0.1520000000E+03    -0.2040417670E+03
    0.1530000000E+03    -0.2040281439E+03
    0.1540000000E+03    -0.2040079484E+03
    0.1550000000E+03    -0.2039792686E+03
    0.1560000000E+03    -0.2039421185E+03
    0.1570000000E+03    -0.2038951546E+03
    0.1580000000E+03    -0.2038404056E+03
    0.1590000000E+03    -0.2037798893E+03
    0.1600000000E+03    -0.2037106630E+03
    0.1610000000E+03    -0.2036335555E+03
    0.1620000000E+03    -0.2035519717E+03
    0.1630000000E+03    -0.2034616691E+03
    0.1640000000E+03    -0.2033640055E+03
    0.1650000000E+03    -0.2032611321E+03
    0.1660000000E+03    -0.2031530112E+03
    0.1670000000E+03    -0.2030398852E+03
    0.1680000000E+03    -0.2029183951E+03
    0.1690000000E+03    -0.2027921714E+03
    0.1700000000E+03    -0.2026617401E+03
    0.1710000000E+03    -0.2025280053E+03
    0.1720000000E+03    -0.2023855481E+03
    0.1730000000E+03    -0.2022421107E+03
    0.1740000000E+03    -0.2020919851E+03
    0.1750000000E+03    -0.2019388501E+03
    0.1760000000E+03    -0.2017814045E+03
    0.1770000000E+03    -0.2016176631E+03
    0.1780000000E+03    -0.2014485408E+03
    0.1790000000E+03    -0.2012754734E+03
    0.1800000000E+03    -0.2010990829E+03
    0.1810000000E+03    -0.2009190039E+03
    0.1820000000E+03    -0.2007341944E+03
    0.1830000000E+03    -0.2005451031E+03
    0.1840000000E+03    -0.2003501747E+03
    0.1850000000E+03    -0.2001513641E+03
    0.1860000000E+03    -0.1999500685E+03
    0.1870000000E+03    -0.1997448695E+03
    0.1880000000E+03    -0.1995341108E+03
    0.1890000000E+03    -0.1993197524E+03
    0.1900000000E+03    -0.1991013858E+03
    0.1910000000E+03    -0.1988816003E+03
    0.1920000000E+03    -0.1986559334E+03
    0.1930000000E+03    -0.1984263714E+03
    0.1940000000E+03    -0.1981927919E+03
    0.1950000000E+03    -0.1979543647E+03
    0.1960000000E+03    -0.1977118425E+03
    0.1970000000E+03    -0.1974664578E+03
    0.1980000000E+03    -0.1972177695E+03
    0.1990000000E+03    -0.1969646810E+03
    0.2000000000E+03    -0.1967096827E+03
    0.2010000000E+03    -0.1964484058E+03
    0.2020000000E+03    -0.1961831369E+03
    0.2030000000E+03    -0.1959111275E+03
    0.2040000000E+03    -0.1956352296E+03
    0.2050000000E+03    -0.1953527074E+03
    0.2060000000E+03    -0.1950673349E+03
    0.2070000000E+03    -0.1947783175E+03
    0.2080000000E+03    -0.1944825559E+03
    0.2090000000E+03    -0.1941812410E+03
    0.2100000000E+03    -0.1938763914E+03
    0.2110000000E+03    -0.1935651593E+03
    0.2120000000E+03    -0.1932456056E+03
    0.2130000000E+03    -0.1929225737E+03
    0.2140000000E+03    -0.1925928084E+03
    0.2150000000E+03    -0.1922558676E+03
    0.2160000000E+03    -0.1919096650E+03
    0.2170000000E+03    -0.1915592784E+03
    0.2180000000E+03    -0.1912011440E+03
    0.2190000000E+03    -0.1908335581E+03
    0.2200000000E+03    -0.1904576701E+03
    0.2210000000E+03    -0.1900745094E+03
    0.2220000000E+03    -0.1896816777E+03
    0.2230000000E+03    -0.1892813617E+03
    0.2240000000E+03    -0.1888721514E+03
    0.2250000000E+03    -0.1884531031E+03
    0.2260000000E+03    -0.1880238313E+03
    0.2270000000E+03    -0.1875840945E+03
    0.2280000000E+03    -0.1871341850E+03
    0.2290000000E+03    -0.1866755489E+03
    0.2300000000E+03    -0.1862058422E+03
    0.2310000000E+03    -0.1857274310E+03
    0.2320000000E+03    -0.1852383376E+03
    0.2330000000E+03    -0.1847370743E+03
    0.2340000000E+03    -0.1842244426E+03
    0.2350000000E+03    -0.1837038707E+03
    0.2360000000E+03    -0.1831740071E+03
    0.2370000000E+03    -0.1826324431E+03
    0.2380000000E+03    -0.1820821775E+03
    0.2390000000E+03    -0.1815215231E+03
    0.2400000000E+03    -0.1809509535E+03
    0.2410000000E+03    -0.1803701131E+03
    0.2420000000E+03    -0.1797785887E+03
    0.2430000000E+03    -0.1791770763E+03
    0.2440000000E+03    -0.1785651567E+03
    0.2450000000E+03    -0.1779454761E+03
    0.2460000000E+03    -0.1773167824E+03
    0.2470000000E+03    -0.1766798523E+03
    0.2480000000E+03    -0.1760349766E+03
    0.2490000000E+03    -0.1753806338E+03
    0.2500000000E+03    -0.1747165473E+03
    0.2510000000E+03    -0.1740449498E+03
    0.2520000000E+03    -0.1733614077E+03
    0.2530000000E+03    -0.1726688988E+03
    0.2540000000E+03    -0.1719691201E+03
    0.2550000000E+03    -0.1712593177E+03
    0.2560000000E+03    -0.1705422116E+03
    0.2570000000E+03    -0.1698194433E+03
    0.2580000000E+03    -0.1690845651E+03
    0.2590000000E+03    -0.1683447632E+03
    0.2600000000E+03    -0.1675929695E+03
    0.2610000000E+03    -0.1668361303E+03
    0.2620000000E+03    -0.1660666409E+03
    0.2630000000E+03    -0.1652899823E+03
    0.2640000000E+03    -0.1645081863E+03
    0.2650000000E+03    -0.1637191777E+03
    0.2660000000E+03    -0.1629203759E+03
    0.2670000000E+03    -0.1621140322E+03
    0.2680000000E+03    -0.1612985698E+03
    0.2690000000E+03    -0.1604751651E+03
    0.2700000000E+03    -0.1596404748E+03
    0.2710000000E+03    -0.1588011490E+03
    0.2720000000E+03    -0.1579538563E+03
    0.2730000000E+03    -0.1570958112E+03
    0.2740000000E+03    -0.1562318434E+03
    0.2750000000E+03    -0.1553599086E+03
    0.2760000000E+03    -0.1544748024E+03
    0.2770000000E+03    -0.1535813349E+03
    0.2780000000E+03    -0.1526814849E+03
    0.2790000000E+03    -0.1517708037E+03
    0.2800000000E+03    -0.1508503493E+03
    0.2810000000E+03    -0.1499232059E+03
    0.2820000000E+03    -0.1489877062E+03
    0.2830000000E+03    -0.1480419844E+03
    0.2840000000E+03    -0.1470870113E+03
    0.2850000000E+03    -0.1461208988E+03
    0.2860000000E+03    -0.1451448126E+03
    0.2870000000E+03    -0.1441549447E+03
    0.2880000000E+03    -0.1431609742E+03
    0.2890000000E+03    -0.1421535894E+03
    0.2900000000E+03    -0.1411349260E+03
    0.2910000000E+03    -0.1401080312E+03
    0.2920000000E+03    -0.1390695586E+03
    0.2930000000E+03    -0.1380182740E+03
    0.2940000000E+03    -0.1369607736E+03
    0.2950000000E+03    -0.1358922309E+03
    0.2960000000E+03    -0.1348123564E+03
    0.2970000000E+03    -0.1337228500E+03
    0.2980000000E+03    -0.1326225557E+03
    0.2990000000E+03    -0.1315102599E+03
    0.3000000000E+03    -0.1303835548E+03
    0.3010000000E+03    -0.1292483923E+03
    0.3020000000E+03    -0.1280998065E+03
    0.3030000000E+03    -0.1269402800E+03
    0.3040000000E+03    -0.1257695860E+03
    0.3050000000E+03    -0.1245858765E+03
    0.3060000000E+03    -0.1233904736E+03
    0.3070000000E+03    -0.1221880571E+03
    0.3080000000E+03    -0.1209721245E+03
    0.3090000000E+03    -0.1197416882E+03
    0.3100000000E+03    -0.1184988264E+03
    0.3110000000E+03    -0.1172384064E+03
    0.3120000000E+03    -0.1159725201E+03
    0.3130000000E+03    -0.1146895926E+03
    0.3140000000E+03    -0.1133991034E+03
    0.3150000000E+03    -0.1120918747E+03
    0.3160000000E+03    -0.1107807777E+03
    0.3170000000E+03    -0.1094521780E+03
    0.3180000000E+03    -0.1081140840E+03
    0.3190000000E+03    -0.1067637501E+03
    0.3200000000E+03    -0.1053986486E+03
    0.3210000000E+03    -0.1040278164E+03
    0.3220000000E+03    -0.1026467374E+03
    0.3230000000E+03    -0.1012564600E+03
    0.3240000000E+03    -0.9985935240E+02
    0.3250000000E+03    -0.9845496956E+02
    0.3260000000E+03    -0.9704645098E+02
    0.3270000000E+03    -0.9562554891E+02
    0.3280000000E+03    -0.9420316989E+02
    0.3290000000E+03    -0.9277486726E+02
    0.3300000000E+03    -0.9134153183E+02
    0.3310000000E+03    -0.8990599560E+02
    0.3320000000E+03    -0.8847053503E+02
    0.3330000000E+03    -0.8702910313E+02
    0.3340000000E+03    -0.8558849809E+02
    0.3350000000E+03    -0.8413313794E+02
    0.3360000000E+03    -0.8267686272E+02
    0.3370000000E+03    -0.8122228016E+02
    0.3380000000E+03    -0.7976795851E+02
    0.3390000000E+03    -0.7831438955E+02
    0.3400000000E+03    -0.7686389896E+02
    0.3410000000E+03    -0.7540977622E+02
    0.3420000000E+03    -0.7395908515E+02
    0.3430000000E+03    -0.7251175456E+02
    0.3440000000E+03    -0.7106372554E+02
    0.3450000000E+03    -0.6961794296E+02
    0.3460000000E+03    -0.6818627155E+02
    0.3470000000E+03    -0.6674977356E+02
    0.3480000000E+03    -0.6531947293E+02
    0.3490000000E+03    -0.6388793718E+02
    0.3500000000E+03    -0.6246066153E+02
    0.3510000000E+03    -0.6104616372E+02
    0.3520000000E+03    -0.5963518287E+02
    0.3530000000E+03    -0.5823305025E+02
    0.3540000000E+03    -0.5683822537E+02
    0.3550000000E+03    -0.5544960362E+02
    0.3560000000E+03    -0.5406412133E+02
    0.3570000000E+03    -0.5269192479E+02
    0.3580000000E+03    -0.5133048168E+02
    0.3590000000E+03    -0.4997648996E+02
    0.3600000000E+03    -0.4861525738E+02
    0.3610000000E+03    -0.4727453294E+02
    0.3620000000E+03    -0.4595097062E+02
    0.3630000000E+03    -0.4462173853E+02
    0.3640000000E+03    -0.4331553993E+02
    0.3650000000E+03    -0.4201266547E+02
    0.3660000000E+03    -0.4073161074E+02
    0.3670000000E+03    -0.3945927409E+02
    0.3680000000E+03    -0.3819827197E+02
    0.3690000000E+03    -0.3695740366E+02
    0.3700000000E+03    -0.3572509499E+02
    0.3710000000E+03    -0.3450572281E+02
    0.3720000000E+03    -0.3330805951E+02
    0.3730000000E+03    -0.3213370353E+02
    0.3740000000E+03    -0.3095577355E+02
    0.3750000000E+03    -0.2979005953E+02
    0.3760000000E+03    -0.2864520278E+02
    0.3770000000E+03    -0.2752391623E+02
    0.3780000000E+03    -0.2641222616E+02
    0.3790000000E+03    -0.2532581934E+02
    0.3800000000E+03    -0.2424438343E+02
    0.3810000000E+03    -0.2318679563E+02
    0.3820000000E+03    -0.2216039507E+02
    0.3830000000E+03    -0.2113963393E+02
    0.3840000000E+03    -0.2015442980E+02
    0.3850000000E+03    -0.1916692522E+02
    0.3860000000E+03    -0.1821436273E+02
    0.3870000000E+03    -0.1727974013E+02
    0.3880000000E+03    -0.1638392608E+02
    0.3890000000E+03    -0.1550106951E+02
    0.3900000000E+03    -0.1461189227E+02
    0.3910000000E+03    -0.1377262826E+02
    0.3920000000E+03    -0.1296828190E+02
    0.3930000000E+03    -0.1219329291E+02
    0.3940000000E+03    -0.1144796737E+02
    0.3950000000E+03    -0.1072287375E+02
    0.3960000000E+03    -0.1002448606E+02
    0.3970000000E+03    -0.9336266854E+01
    0.3980000000E+03    -0.8695265897E+01
    0.3990000000E+03    -0.8077318823E+01
    0.4000000000E+03    -0.7480619895E+01
    0.4010000000E+03    -0.6916704451E+01
    0.4020000000E+03    -0.6393997174E+01
    0.4030000000E+03    -0.5899040458E+01
    0.4040000000E+03    -0.5427262485E+01
    0.4050000000E+03    -0.5017487094E+01
    0.4060000000E+03    -0.4615143619E+01
    0.4070000000E+03    -0.4260597288E+01
    0.4080000000E+03    -0.3925748409E+01
    0.4090000000E+03    -0.3609619751E+01
    0.4100000000E+03    -0.3342394441E+01
    0.4110000000E+03    -0.3141156840E+01
    0.4120000000E+03    -0.2956863189E+01
    0.4130000000E+03    -0.2799093979E+01
    0.4140000000E+03    -0.2688524983E+01
    0.4150000000E+03    -0.2605516998E+01
    0.4160000000E+03    -0.2573869061E+01
    0.4170000000E+03    -0.2538316395E+01
    0.4180000000E+03    -0.2558814349E+01
    0.4190000000E+03    -0.2620785144E+01
    0.4200000000E+03    -0.2751948037E+01
    0.4210000000E+03    -0.2912536349E+01
    0.4220000000E+03    -0.3118111739E+01
    0.4230000000E+03    -0.3376834922E+01
    0.4240000000E+03    -0.3662879089E+01
    0.4250000000E+03    -0.4004920697E+01
    0.4260000000E+03    -0.4383396376E+01
    0.4270000000E+03    -0.4812474456E+01
    0.4280000000E+03    -0.5278735270E+01
    0.4290000000E+03    -0.5785495066E+01
    0.4300000000E+03    -0.6347626849E+01
    0.4310000000E+03    -0.6910920069E+01
    0.4320000000E+03    -0.7578618302E+01
    0.4330000000E+03    -0.8334961727E+01
    0.4340000000E+03    -0.9072212366E+01
    0.4350000000E+03    -0.9898340819E+01
    0.4360000000E+03    -0.1081376150E+02
    0.4370000000E+03    -0.1174373762E+02
    0.4380000000E+03    -0.1272289898E+02
    0.4390000000E+03    -0.1381537271E+02
    0.4400000000E+03    -0.1495506303E+02
    0.4410000000E+03    -0.1607772611E+02
    0.4420000000E+03    -0.1725120417E+02
    0.4430000000E+03    -0.1845083219E+02
    0.4440000000E+03    -0.1971380536E+02
    0.4450000000E+03    -0.2110947522E+02
    0.4460000000E+03    -0.2254835855E+02
    0.4470000000E+03    -0.2402544733E+02
    0.4480000000E+03    -0.2562072372E+02
    0.4490000000E+03    -0.2724270178E+02
    0.4500000000E+03    -0.2889634886E+02
    0.4510000000E+03    -0.3068043409E+02
    0.4520000000E+03    -0.3246253828E+02
    0.4530000000E+03    -0.3434769528E+02
    0.4540000000E+03    -0.3633282806E+02
    0.4550000000E+03    -0.3828825833E+02
    0.4560000000E+03    -0.4036421345E+02
    0.4570000000E+03    -0.4248730444E+02
    0.4580000000E+03    -0.4471729013E+02
    0.4590000000E+03    -0.4702785185E+02
    0.4600000000E+03    -0.4936087298E+02
    0.4610000000E+03    -0.5182484704E+02
    0.4620000000E+03    -0.5435857999E+02
    0.4630000000E+03    -0.5693052855E+02
    0.4640000000E+03    -0.5954191910E+02
    0.4650000000E+03    -0.6232752892E+02
    0.4660000000E+03    -0.6509298261E+02
    0.4670000000E+03    -0.6795455264E+02
    0.4680000000E+03    -0.7088409089E+02
    0.4690000000E+03    -0.7384533649E+02
    0.4700000000E+03    -0.7684068110E+02
