    0.0000000000E+00    -0.6262619887E+03
    0.1000000000E+01    -0.6207902060E+03
    0.2000000000E+01    -0.6160002838E+03
    0.3000000000E+01    -0.6116046078E+03
    0.4000000000E+01    -0.6074853294E+03
    0.5000000000E+01    -0.6035782531E+03
    0.6000000000E+01    -0.5998428817E+03
    0.7000000000E+01    -0.5962494730E+03
    0.8000000000E+01    -0.5927792175E+03
    0.9000000000E+01    -0.5894158812E+03
    0.1000000000E+02    -0.5861468970E+03
    0.1100000000E+02    -0.5829628622E+03
    0.1200000000E+02    -0.5798551377E+03
    0.1300000000E+02    -0.5768160268E+03
    0.1400000000E+02    -0.5738398013E+03
    0.1500000000E+02    -0.5709224844E+03
    0.1600000000E+02    -0.5680588606E+03
    0.1700000000E+02    -0.5652447491E+03
    0.1800000000E+02    -0.5624775913E+03
    0.1900000000E+02    -0.5597526346E+03
    0.2000000000E+02    -0.5570694700E+03
    0.2100000000E+02    -0.5544244217E+03
    0.2200000000E+02    -0.5518144244E+03
    0.2300000000E+02    -0.5492385023E+03
    0.2400000000E+02    -0.5466951956E+03
    0.2500000000E+02    -0.5441819367E+03
    0.2600000000E+02    -0.5416973656E+03
    0.2700000000E+02    -0.5392406052E+03
    0.2800000000E+02    -0.5368090061E+03
    0.2900000000E+02    -0.5344018338E+03
    0.3000000000E+02    -0.5320185497E+03
    0.3100000000E+02    -0.5296575443E+03
    0.3200000000E+02    -0.5273182995E+03
    0.3300000000E+02    -0.5249989760E+03
    0.3400000000E+02    -0.5227000347E+03
    0.3500000000E+02    -0.5204193714E+03
    0.3600000000E+02    -0.5181574270E+03
    0.3700000000E+02    -0.5159121596E+03
    0.3800000000E+02    -0.5136848186E+03
    0.3900000000E+02    -0.5114726669E+03
    0.4000000000E+02    -0.5092755707E+03
    0.4100000000E+02    -0.5070935285E+03
    0.4200000000E+02    -0.5049263563E+03
    0.4300000000E+02    -0.5027717840E+03
    0.4400000000E+02    -0.5006301020E+03
    0.4500000000E+02    -0.4985016588E+03
    0.4600000000E+02    -0.4963843363E+03
    0.4700000000E+02    -0.4942800596E+03
    0.4800000000E+02    -0.4921859375E+03
    0.4900000000E+02    -0.4901028391E+03
    0.5000000000E+02    -0.4880304982E+03
    0.5100000000E+02    -0.4859687124E+03
    0.5200000000E+02    -0.4839168855E+03
    0.5300000000E+02    -0.4818736286E+03
    0.5400000000E+02    -0.4798396767E+03
    0.5500000000E+02    -0.4778141877E+03
    0.5600000000E+02    -0.4757984576E+03
    0.5700000000E+02    -0.4737907257E+03
    0.5800000000E+02    -0.4717913403E+03
    0.5900000000E+02    -0.4697996509E+03
    0.6000000000E+02    -0.4678149249E+03
    0.6100000000E+02    -0.4658379300E+03
    0.6200000000E+02    -0.4638683014E+03
    0.6300000000E+02    -0.4619041042E+03
    0.6400000000E+02    -0.4599469999E+03
    0.6500000000E+02    -0.4579964207E+03
    0.6600000000E+02    -0.4560516869E+03
    0.6700000000E+02    -0.4541129931E+03
    0.6800000000E+02    -0.4521795595E+03
    0.6900000000E+02    -0.4502526718E+03
    0.7000000000E+02    -0.4483318371E+03
    0.7100000000E+02    -0.4464151783E+03
    0.7200000000E+02    -0.4445051231E+03
    0.7300000000E+02    -0.4425997097E+03
    0.7400000000E+02    -0.4406978218E+03
    0.7500000000E+02    -0.4388022028E+03
    0.7600000000E+02    -0.4369108719E+03
    0.7700000000E+02    -0.4350229196E+03
    0.7800000000E+02    -0.4331399301E+03
    0.7900000000E+02    -0.4312606864E+03
    0.8000000000E+02    -0.4293853906E+03
    0.8100000000E+02    -0.4275131974E+03
    0.8200000000E+02    -0.4256455664E+03
    0.8300000000E+02    -0.4237814062E+03
    0.8400000000E+02    -0.4219204651E+03
    0.8500000000E+02    -0.4200634273E+03
    0.8600000000E+02    -0.4182102495E+03
    0.8700000000E+02    -0.4163596658E+03
    0.8800000000E+02    -0.4145124041E+03
    0.8900000000E+02    -0.4126685934E+03
    0.9000000000E+02    -0.4108273519E+03
    0.9100000000E+02    -0.4089892632E+03
    0.9200000000E+02    -0.4071539708E+03
    0.9300000000E+02    -0.4053209998E+03
    0.9400000000E+02    -0.4034906010E+03
    0.9500000000E+02    -0.4016617510E+03
    0.9600000000E+02    -0.3998376832E+03
    0.9700000000E+02    -0.3980156538E+03
    0.9800000000E+02    -0.3961938390E+03
    0.9900000000E+02    -0.3943753296E+03
    0.1000000000E+03    -0.3925595641E+03
    0.1010000000E+03    -0.3907457294E+03
    0.1020000000E+03    -0.3889332209E+03
    0.1030000000E+03    -0.3871231384E+03
    0.1040000000E+03    -0.3853154705E+03
    0.1050000000E+03    -0.3835099327E+03
    0.1060000000E+03    -0.3817059533E+03
    0.1070000000E+03    -0.3799024758E+03
    0.1080000000E+03    -0.3781014489E+03
    0.1090000000E+03    -0.3763026847E+03
    0.1100000000E+03    -0.3745046284E+03
    0.1110000000E+03    -0.3727086583E+03
    0.1120000000E+03    -0.3709140835E+03
    0.1130000000E+03    -0.3691215129E+03
    0.1140000000E+03    -0.3673306181E+03
    0.1150000000E+03    -0.3655412001E+03
    0.1160000000E+03    -0.3637514183E+03
    0.1170000000E+03    -0.3619644018E+03
    0.1180000000E+03    -0.3601780264E+03
    0.1190000000E+03    -0.3583926023E+03
    0.1200000000E+03    -0.3566088200E+03
    0.1210000000E+03    -0.3548270217E+03
    0.1220000000E+03    -0.3530461275E+03
    0.1230000000E+03    -0.3512658596E+03
    0.1240000000E+03    -0.3494872927E+03
    0.1250000000E+03    -0.3477089999E+03
    0.1260000000E+03    -0.3459327535E+03
    0.1270000000E+03    -0.3441573451E+03
    0.1280000000E+03    -0.3423827488E+03
    0.1290000000E+03    -0.3406083063E+03
    0.1300000000E+03    -0.3388351893E+03
    0.1310000000E+03    -0.3370635836E+03
    0.1320000000E+03    -0.3352924458E+03
    0.1330000000E+03    -0.3335226220E+03
    0.1340000000E+03    -0.3317522855E+03
    0.1350000000E+03    -0.3299838728E+03
    0.1360000000E+03    -0.3282174179E+03
    0.1370000000E+03    -0.3264506117E+03
    0.1380000000E+03    -0.3246841936E+03
    0.1390000000E+03    -0.3229189060E+03
    0.1400000000E+03    -0.3211541574E+03
    0.1410000000E+03    -0.3193899483E+03
    0.1420000000E+03    -0.3176264300E+03
    0.1430000000E+03    -0.3158664399E+03
    0.1440000000E+03    -0.3141055203E+03
    0.1450000000E+03    -0.3123449165E+03
    0.1460000000E+03    -0.3105853110E+03
    0.1470000000E+03    -0.3088244121E+03
    0.1480000000E+03    -0.3070665338E+03
    0.1490000000E+03    -0.3053090313E+03
    0.1500000000E+03    -0.3035504005E+03
    0.1510000000E+03    -0.3017937027E+03
    0.1520000000E+03    -0.3000362254E+03
    0.1530000000E+03    -0.2982810662E+03
    0.1540000000E+03    -0.2965254801E+03
    0.1550000000E+03    -0.2947716093E+03
    0.1560000000E+03    -0.2930179470E+03
    0.1570000000E+03    -0.2912648864E+03
    0.1580000000E+03    -0.2895130453E+03
    0.1590000000E+03    -0.2877608005E+03
    0.1600000000E+03    -0.2860087580E+03
    0.1610000000E+03    -0.2842571947E+03
    0.1620000000E+03    -0.2825071266E+03
    0.1630000000E+03    -0.2807585747E+03
    0.1640000000E+03    -0.2790108557E+03
    0.1650000000E+03    -0.2772622284E+03
    0.1660000000E+03    -0.2755158632E+03
    0.1670000000E+03    -0.2737698043E+03
    0.1680000000E+03    -0.2720241195E+03
    0.1690000000E+03    -0.2702798079E+03
    0.1700000000E+03    -0.2685339411E+03
    0.1710000000E+03    -0.2667919794E+03
    0.1720000000E+03    -0.2650491754E+03
    0.1730000000E+03    -0.2633064394E+03
    0.1740000000E+03    -0.2615641664E+03
    0.1750000000E+03    -0.2598234798E+03
    0.1760000000E+03    -0.2580835662E+03
    0.1770000000E+03    -0.2563448980E+03
    0.1780000000E+03    -0.2546057587E+03
    0.1790000000E+03    -0.2528701370E+03
    0.1800000000E+03    -0.2511328987E+03
    0.1810000000E+03    -0.2493966761E+03
    0.1820000000E+03    -0.2476608628E+03
    0.1830000000E+03    -0.2459267133E+03
    0.1840000000E+03    -0.2441919792E+03
    0.1850000000E+03    -0.2424591135E+03
    0.1860000000E+03    -0.2407276851E+03
    0.1870000000E+03    -0.2389975262E+03
    0.1880000000E+03    -0.2372659068E+03
    0.1890000000E+03    -0.2355369601E+03
    0.1900000000E+03    -0.2338079496E+03
    0.1910000000E+03    -0.2320793211E+03
    0.1920000000E+03    -0.2303517513E+03
    0.1930000000E+03    -0.2286263773E+03
    0.1940000000E+03    -0.2268997408E+03
    0.1950000000E+03    -0.2251764723E+03
    0.1960000000E+03    -0.2234517028E+03
    0.1970000000E+03    -0.2217295503E+03
    0.1980000000E+03    -0.2200114265E+03
    0.1990000000E+03    -0.2182931337E+03
    0.2000000000E+03    -0.2165742186E+03
    0.2010000000E+03    -0.2148582863E+03
    0.2020000000E+03    -0.2131430555E+03
    0.2030000000E+03    -0.2114289671E+03
    0.2040000000E+03    -0.2097157145E+03
    0.2050000000E+03    -0.2080045294E+03
    0.2060000000E+03    -0.2062935159E+03
    0.2070000000E+03    -0.2045838048E+03
    0.2080000000E+03    -0.2028763294E+03
    0.2090000000E+03    -0.2011698469E+03
    0.2100000000E+03    -0.1994664841E+03
    0.2110000000E+03    -0.1977637578E+03
    0.2120000000E+03    -0.1960634838E+03
    0.2130000000E+03    -0.1943626300E+03
    0.2140000000E+03    -0.1926634924E+03
    0.2150000000E+03    -0.1909660113E+03
    0.2160000000E+03    -0.1892689812E+03
    0.2170000000E+03    -0.1875784685E+03
    0.2180000000E+03    -0.1858885831E+03
    0.2190000000E+03    -0.1842001494E+03
    0.2200000000E+03    -0.1825128843E+03
    0.2210000000E+03    -0.1808267488E+03
    0.2220000000E+03    -0.1791428174E+03
    0.2230000000E+03    -0.1774620197E+03
    0.2240000000E+03    -0.1757824814E+03
    0.2250000000E+03    -0.1741038065E+03
    0.2260000000E+03    -0.1724299629E+03
    0.2270000000E+03    -0.1707560930E+03
    0.2280000000E+03    -0.1690856770E+03
    0.2290000000E+03    -0.1674171718E+03
    0.2300000000E+03    -0.1657515878E+03
    0.2310000000E+03    -0.1640848973E+03
    0.2320000000E+03    -0.1624231214E+03
    0.2330000000E+03    -0.1607650871E+03
    0.2340000000E+03    -0.1591065289E+03
    0.2350000000E+03    -0.1574524029E+03
    0.2360000000E+03    -0.1558015506E+03
    0.2370000000E+03    -0.1541524729E+03
    0.2380000000E+03    -0.1525044745E+03
    0.2390000000E+03    -0.1508631346E+03
    0.2400000000E+03    -0.1492231399E+03
    0.2410000000E+03    -0.1475867118E+03
    0.2420000000E+03    -0.1459528423E+03
    0.2430000000E+03    -0.1443204257E+03
    0.2440000000E+03    -0.1426938093E+03
    0.2450000000E+03    -0.1410687567E+03
    0.2460000000E+03    -0.1394506663E+03
    0.2470000000E+03    -0.1378350577E+03
    0.2480000000E+03    -0.1362208141E+03
    0.2490000000E+03    -0.1346116481E+03
    0.2500000000E+03    -0.1330040528E+03
    0.2510000000E+03    -0.1314011967E+03
    0.2520000000E+03    -0.1298024080E+03
    0.2530000000E+03    -0.1282073280E+03
    0.2540000000E+03    -0.1266166618E+03
    0.2550000000E+03    -0.1250297775E+03
    0.2560000000E+03    -0.1234459730E+03
    0.2570000000E+03    -0.1218684219E+03
    0.2580000000E+03    -0.1202936497E+03
    0.2590000000E+03    -0.1187247810E+03
    0.2600000000E+03    -0.1171602030E+03
    0.2610000000E+03    -0.1155990901E+03
    0.2620000000E+03    -0.1140450909E+03
    0.2630000000E+03    -0.1124963332E+03
    0.2640000000E+03    -0.1109502930E+03
    0.2650000000E+03    -0.1094102489E+03
    0.2660000000E+03    -0.1078770203E+03
    0.2670000000E+03    -0.1063454846E+03
    0.2680000000E+03    -0.1048226361E+03
    0.2690000000E+03    -0.1033042407E+03
    0.2700000000E+03    -0.1017921327E+03
    0.2710000000E+03    -0.1002831150E+03
    0.2720000000E+03    -0.9877986421E+02
    0.2730000000E+03    -0.9728257894E+02
    0.2740000000E+03    -0.9578933252E+02
    0.2750000000E+03    -0.9430187322E+02
    0.2760000000E+03    -0.9282673575E+02
    0.2770000000E+03    -0.9135523059E+02
    0.2780000000E+03    -0.8988890636E+02
    0.2790000000E+03    -0.8843277613E+02
    0.2800000000E+03    -0.8697820572E+02
    0.2810000000E+03    -0.8553210226E+02
    0.2820000000E+03    -0.8408690273E+02
    0.2830000000E+03    -0.8265528490E+02
    0.2840000000E+03    -0.8123007309E+02
    0.2850000000E+03    -0.7980743909E+02
    0.2860000000E+03    -0.7839471793E+02
    0.2870000000E+03    -0.7698822442E+02
    0.2880000000E+03    -0.7559416325E+02
    0.2890000000E+03    -0.7420603977E+02
    0.2900000000E+03    -0.7282441086E+02
    0.2910000000E+03    -0.7145207820E+02
    0.2920000000E+03    -0.7008974471E+02
    0.2930000000E+03    -0.6873342835E+02
    0.2940000000E+03    -0.6738560438E+02
    0.2950000000E+03    -0.6604726141E+02
    0.2960000000E+03    -0.6471532907E+02
    0.2970000000E+03    -0.6339428664E+02
    0.2980000000E+03    -0.6207737637E+02
    0.2990000000E+03    -0.6077009957E+02
    0.3000000000E+03    -0.5947665613E+02
    0.3010000000E+03    -0.5819114176E+02
    0.3020000000E+03    -0.5691562528E+02
    0.3030000000E+03    -0.5565085021E+02
    0.3040000000E+03    -0.5439814110E+02
    0.3050000000E+03    -0.5314423209E+02
    0.3060000000E+03    -0.5190982336E+02
    0.3070000000E+03    -0.5068295567E+02
    0.3080000000E+03    -0.4946366120E+02
    0.3090000000E+03    -0.4826314766E+02
    0.3100000000E+03    -0.4706645210E+02
    0.3110000000E+03    -0.4588393115E+02
    0.3120000000E+03    -0.4471284346E+02
    0.3130000000E+03    -0.4355805119E+02
    0.3140000000E+03    -0.4241174245E+02
    0.3150000000E+03    -0.4127462266E+02
    0.3160000000E+03    -0.4014875523E+02
    0.3170000000E+03    -0.3903507784E+02
    0.3180000000E+03    -0.3793687043E+02
    0.3190000000E+03    -0.3684978913E+02
    0.3200000000E+03    -0.3577637311E+02
    0.3210000000E+03    -0.3471754477E+02
    0.3220000000E+03    -0.3367166234E+02
    0.3230000000E+03    -0.3263314332E+02
    0.3240000000E+03    -0.3160480270E+02
    0.3250000000E+03    -0.3059255956E+02
    0.3260000000E+03    -0.2958988489E+02
    0.3270000000E+03    -0.2861254672E+02
    0.3280000000E+03    -0.2764444744E+02
    0.3290000000E+03    -0.2669113398E+02
    0.3300000000E+03    -0.2574776586E+02
    0.3310000000E+03    -0.2482153942E+02
    0.3320000000E+03    -0.2391034919E+02
    0.3330000000E+03    -0.2301026203E+02
    0.3340000000E+03    -0.2212578913E+02
    0.3350000000E+03    -0.2125856919E+02
    0.3360000000E+03    -0.2040340186E+02
    0.3370000000E+03    -0.1957034450E+02
    0.3380000000E+03    -0.1875139452E+02
    0.3390000000E+03    -0.1795281845E+02
    0.3400000000E+03    -0.1716455764E+02
    0.3410000000E+03    -0.1640065836E+02
    0.3420000000E+03    -0.1565331177E+02
    0.3430000000E+03    -0.1491655406E+02
    0.3440000000E+03    -0.1419729701E+02
    0.3450000000E+03    -0.1349942609E+02
    0.3460000000E+03    -0.1281375877E+02
    0.3470000000E+03    -0.1215288208E+02
    0.3480000000E+03    -0.1150255266E+02
    0.3490000000E+03    -0.1087822610E+02
    0.3500000000E+03    -0.1027462727E+02
    0.3510000000E+03    -0.9687351536E+01
    0.3520000000E+03    -0.9118245622E+01
    0.3530000000E+03    -0.8570262283E+01
    0.3540000000E+03    -0.8042856162E+01
    0.3550000000E+03    -0.7524752564E+01
    0.3560000000E+03    -0.7033024052E+01
    0.3570000000E+03    -0.6566333065E+01
    0.3580000000E+03    -0.6125893617E+01
    0.3590000000E+03    -0.5689922596E+01
    0.3600000000E+03    -0.5284215654E+01
    0.3610000000E+03    -0.4900572655E+01
    0.3620000000E+03    -0.4543549657E+01
    0.3630000000E+03    -0.4203081789E+01
    0.3640000000E+03    -0.3888313015E+01
    0.3650000000E+03    -0.3602786111E+01
    0.3660000000E+03    -0.3333995627E+01
    0.3670000000E+03    -0.3091568323E+01
    0.3680000000E+03    -0.2864041034E+01
    0.3690000000E+03    -0.2660283586E+01
    0.3700000000E+03    -0.2474551615E+01
    0.3710000000E+03    -0.2319078226E+01
    0.3720000000E+03    -0.2190433875E+01
    0.3730000000E+03    -0.2082174400E+01
    0.3740000000E+03    -0.1998628492E+01
    0.3750000000E+03    -0.1949376804E+01
