       0   -0.80318504E-09
       1   -0.60574080E-03
       2   -0.36712177E-01
       3   -0.10859273E+00
       4   -0.21602790E+00
       5   -0.35924592E+00
       6   -0.53798279E+00
       7   -0.75336494E+00
       8   -0.10041631E+01
       9   -0.12914641E+01
      10   -0.16144798E+01
      11   -0.19726657E+01
      12   -0.23672014E+01
      13   -0.27990428E+01
      14   -0.32671057E+01
      15   -0.37719909E+01
      16   -0.43130325E+01
      17   -0.48912553E+01
      18   -0.55057302E+01
      19   -0.61558474E+01
      20   -0.68441998E+01
      21   -0.75686278E+01
      22   -0.83299494E+01
      23   -0.91297081E+01
      24   -0.99632095E+01
      25   -0.10836327E+02
      26   -0.11751144E+02
      27   -0.12702242E+02
      28   -0.13687672E+02
      29   -0.14710872E+02
      30   -0.15770993E+02
      31   -0.16871028E+02
      32   -0.18011068E+02
      33   -0.19184991E+02
      34   -0.20400118E+02
      35   -0.21651196E+02
      36   -0.22941391E+02
      37   -0.24270409E+02
      38   -0.25642892E+02
      39   -0.27048119E+02
      40   -0.28494139E+02
      41   -0.29978221E+02
      42   -0.31500691E+02
      43   -0.33063545E+02
      44   -0.34664379E+02
      45   -0.36300788E+02
      46   -0.37976376E+02
      47   -0.39691715E+02
      48   -0.41447002E+02
      49   -0.43241899E+02
      50   -0.45071972E+02
      51   -0.46943958E+02
      52   -0.48857699E+02
      53   -0.50800229E+02
      54   -0.52794954E+02
      55   -0.54815640E+02
      56   -0.56873389E+02
      57   -0.58985715E+02
      58   -0.61135163E+02
      59   -0.63329139E+02
      60   -0.65562496E+02
      61   -0.67834251E+02
      62   -0.70144334E+02
      63   -0.72490177E+02
      64   -0.74865239E+02
      65   -0.77277337E+02
      66   -0.79747934E+02
      67   -0.82236550E+02
      68   -0.84772326E+02
      69   -0.87342791E+02
      70   -0.89931583E+02
      71   -0.92564830E+02
      72   -0.95258058E+02
      73   -0.97977073E+02
      74   -0.10071345E+03
      75   -0.10347990E+03
      76   -0.10629564E+03
      77   -0.10915824E+03
      78   -0.11205028E+03
      79   -0.11497536E+03
      80   -0.11791637E+03
      81   -0.12091316E+03
      82   -0.12394353E+03
      83   -0.12701336E+03
      84   -0.13009416E+03
      85   -0.13320404E+03
      86   -0.13635275E+03
      87   -0.13953197E+03
      88   -0.14273501E+03
      89   -0.14597585E+03
      90   -0.14924719E+03
      91   -0.15251798E+03
      92   -0.15582889E+03
      93   -0.15916695E+03
      94   -0.16252425E+03
      95   -0.16593215E+03
      96   -0.16935052E+03
      97   -0.17278717E+03
      98   -0.17626251E+03
      99   -0.17974684E+03
     100   -0.18326836E+03
     101   -0.18681866E+03
     102   -0.19039554E+03
     103   -0.19394590E+03
     104   -0.19754727E+03
     105   -0.20117135E+03
     106   -0.20484352E+03
     107   -0.20854687E+03
     108   -0.21225260E+03
     109   -0.21595591E+03
     110   -0.21968615E+03
     111   -0.22345966E+03
     112   -0.22724851E+03
     113   -0.23105256E+03
     114   -0.23488038E+03
     115   -0.23871664E+03
     116   -0.24259267E+03
     117   -0.24646394E+03
     118   -0.25035729E+03
     119   -0.25427536E+03
     120   -0.25823287E+03
     121   -0.26218683E+03
     122   -0.26618004E+03
     123   -0.27016185E+03
     124   -0.27417850E+03
     125   -0.27821416E+03
     126   -0.28225920E+03
     127   -0.28632472E+03
     128   -0.29039689E+03
     129   -0.29452216E+03
     130   -0.29862892E+03
     131   -0.30278068E+03
     132   -0.30692240E+03
     133   -0.31107001E+03
     134   -0.31526638E+03
     135   -0.31942848E+03
     136   -0.32363180E+03
     137   -0.32787128E+03
     138   -0.33212104E+03
     139   -0.33639143E+03
     140   -0.34068367E+03
     141   -0.34492300E+03
     142   -0.34918997E+03
     143   -0.35352394E+03
     144   -0.35784442E+03
     145   -0.36216723E+03
     146   -0.36650809E+03
     147   -0.37093148E+03
     148   -0.37530754E+03
     149   -0.37969722E+03
     150   -0.38409214E+03
     151   -0.38854107E+03
     152   -0.39298624E+03
     153   -0.39743409E+03
     154   -0.40186928E+03
     155   -0.40636102E+03
     156   -0.41088553E+03
     157   -0.41540030E+03
     158   -0.41992047E+03
     159   -0.42445206E+03
     160   -0.42896451E+03
     161   -0.43344726E+03
     162   -0.43801736E+03
     163   -0.44255689E+03
     164   -0.44715159E+03
     165   -0.45175339E+03
     166   -0.45639921E+03
     167   -0.46099805E+03
     168   -0.46556966E+03
     169   -0.47019661E+03
     170   -0.47484272E+03
     171   -0.47953147E+03
     172   -0.48419293E+03
     173   -0.48890405E+03
     174   -0.49362104E+03
     175   -0.49835590E+03
     176   -0.50308486E+03
     177   -0.50785067E+03
     178   -0.51263190E+03
     179   -0.51739843E+03
     180   -0.52214672E+03
     181   -0.52692055E+03
     182   -0.53172960E+03
     183   -0.53653666E+03
     184   -0.54135642E+03
     185   -0.54617298E+03
     186   -0.55104165E+03
     187   -0.55588706E+03
     188   -0.56072419E+03
     189   -0.56559466E+03
     190   -0.57052016E+03
     191   -0.57541063E+03
     192   -0.58033388E+03
     193   -0.58526257E+03
     194   -0.59019905E+03
     195   -0.59518085E+03
     196   -0.60010676E+03
     197   -0.60515266E+03
     198   -0.61010998E+03
     199   -0.61511692E+03
     200   -0.62014754E+03
     201   -0.62525032E+03
     202   -0.63027742E+03
     203   -0.63535445E+03
     204   -0.64046914E+03
     205   -0.64557714E+03
     206   -0.65070380E+03
     207   -0.65587830E+03
     208   -0.66106132E+03
     209   -0.66625196E+03
     210   -0.67141058E+03
     211   -0.67666305E+03
     212   -0.68191889E+03
     213   -0.68713067E+03
     214   -0.69233795E+03
     215   -0.69756026E+03
     216   -0.70281023E+03
     217   -0.70807479E+03
     218   -0.71335542E+03
     219   -0.71866148E+03
     220   -0.72392079E+03
     221   -0.72929215E+03
     222   -0.73465420E+03
     223   -0.74004875E+03
     224   -0.74541892E+03
     225   -0.75083175E+03
     226   -0.75627173E+03
     227   -0.76171820E+03
     228   -0.76723339E+03
     229   -0.77268799E+03
     230   -0.77823803E+03
     231   -0.78379202E+03
     232   -0.78935130E+03
     233   -0.79499070E+03
     234   -0.80058935E+03
     235   -0.80627135E+03
     236   -0.81187082E+03
     237   -0.81749171E+03
     238   -0.82318074E+03
     239   -0.82889258E+03
     240   -0.83467601E+03
     241   -0.84042961E+03
     242   -0.84621067E+03
     243   -0.85199992E+03
     244   -0.85781403E+03
     245   -0.86371632E+03
     246   -0.86956217E+03
     247   -0.87549848E+03
     248   -0.88139833E+03
     249   -0.88730984E+03
     250   -0.89327888E+03
     251   -0.89927508E+03
     252   -0.90532658E+03
     253   -0.91141651E+03
     254   -0.91753657E+03
     255   -0.92370233E+03
     256   -0.92981602E+03
     257   -0.93603135E+03
     258   -0.94228834E+03
     259   -0.94850970E+03
     260   -0.95479925E+03
     261   -0.96109535E+03
     262   -0.96749866E+03
     263   -0.97393223E+03
     264   -0.98041359E+03
     265   -0.98697451E+03
     266   -0.99349238E+03
     267   -0.10000718E+04
     268   -0.10066742E+04
     269   -0.10132775E+04
     270   -0.10199171E+04
     271   -0.10265833E+04
     272   -0.10332735E+04
     273   -0.10400884E+04
     274   -0.10468341E+04
     275   -0.10536925E+04
     276   -0.10606327E+04
     277   -0.10675660E+04
     278   -0.10745367E+04
     279   -0.10815866E+04
     280   -0.10886233E+04
     281   -0.10957790E+04
     282   -0.11029096E+04
     283   -0.11100642E+04
     284   -0.11173302E+04
     285   -0.11245549E+04
     286   -0.11318158E+04
     287   -0.11391913E+04
     288   -0.11465729E+04
     289   -0.11540068E+04
     290   -0.11614675E+04
     291   -0.11688937E+04
     292   -0.11763420E+04
     293   -0.11839455E+04
     294   -0.11915552E+04
     295   -0.11991145E+04
     296   -0.12067992E+04
     297   -0.12145130E+04
     298   -0.12222372E+04
     299   -0.12300528E+04
     300   -0.12378278E+04
     301   -0.12456216E+04
     302   -0.12534815E+04
     303   -0.12614579E+04
     304   -0.12694093E+04
     305   -0.12774881E+04
     306   -0.12854647E+04
     307   -0.12935351E+04
     308   -0.13017257E+04
     309   -0.13098445E+04
     310   -0.13180540E+04
     311   -0.13262830E+04
     312   -0.13344950E+04
     313   -0.13428400E+04
     314   -0.13511713E+04
     315   -0.13595593E+04
     316   -0.13679842E+04
     317   -0.13763166E+04
     318   -0.13847599E+04
     319   -0.13932987E+04
     320   -0.14018396E+04
     321   -0.14104340E+04
     322   -0.14189475E+04
     323   -0.14275452E+04
     324   -0.14361034E+04
     325   -0.14448672E+04
     326   -0.14535370E+04
     327   -0.14622749E+04
     328   -0.14710629E+04
     329   -0.14799169E+04
     330   -0.14887302E+04
     331   -0.14975741E+04
     332   -0.15064541E+04
     333   -0.15153844E+04
     334   -0.15243304E+04
     335   -0.15333719E+04
     336   -0.15424762E+04
     337   -0.15514895E+04
     338   -0.15604835E+04
     339   -0.15695603E+04
     340   -0.15786299E+04
     341   -0.15878481E+04
     342   -0.15971530E+04
     343   -0.16064944E+04
     344   -0.16157070E+04
     345   -0.16248644E+04
     346   -0.16341436E+04
     347   -0.16435146E+04
     348   -0.16529974E+04
     349   -0.16623235E+04
     350   -0.16717459E+04
     351   -0.16810885E+04
     352   -0.16905458E+04
     353   -0.16999299E+04
     354   -0.17096075E+04
     355   -0.17192269E+04
     356   -0.17287204E+04
     357   -0.17380803E+04
     358   -0.17476361E+04
     359   -0.17572405E+04
     360   -0.17667852E+04
     361   -0.17764201E+04
     362   -0.17860931E+04
     363   -0.17956750E+04
     364   -0.18054363E+04
     365   -0.18151739E+04
     366   -0.18249692E+04
     367   -0.18348859E+04
     368   -0.18447574E+04
     369   -0.18545258E+04
     370   -0.18643035E+04
     371   -0.18740884E+04
     372   -0.18840139E+04
     373   -0.18940513E+04
     374   -0.19039697E+04
     375   -0.19137760E+04
     376   -0.19237909E+04
     377   -0.19338115E+04
     378   -0.19439819E+04
     379   -0.19540631E+04
     380   -0.19640553E+04
     381   -0.19740864E+04
     382   -0.19840633E+04
     383   -0.19940386E+04
     384   -0.20039427E+04
     385   -0.20143343E+04
     386   -0.20246152E+04
     387   -0.20345598E+04
     388   -0.20445300E+04
     389   -0.20545303E+04
     390   -0.20644495E+04
     391   -0.20745051E+04
     392   -0.20846927E+04
     393   -0.20950438E+04
     394   -0.21057875E+04
     395   -0.21159520E+04
     396   -0.21263542E+04
     397   -0.21367055E+04
     398   -0.21466053E+04
     399   -0.21571977E+04
     400   -0.21673526E+04
     401   -0.21777244E+04
     402   -0.21877161E+04
     403   -0.21978386E+04
     404   -0.22082311E+04
     405   -0.22186104E+04
     406   -0.22289465E+04
     407   -0.22396608E+04
     408   -0.22500838E+04
     409   -0.22606137E+04
     410   -0.22710712E+04
     411   -0.22813207E+04
     412   -0.22914130E+04
     413   -0.23020909E+04
     414   -0.23120053E+04
     415   -0.23217994E+04
     416   -0.23320641E+04
     417   -0.23418771E+04
     418   -0.23531930E+04
     419   -0.23636346E+04
     420   -0.23743750E+04
     421   -0.23843777E+04
     422   -0.23946792E+04
     423   -0.24051387E+04
     424   -0.24156238E+04
     425   -0.24255115E+04
