    0.0000000000E+00    -0.6206083890E+03
    0.1000000000E+01    -0.6152807470E+03
    0.2000000000E+01    -0.6106347915E+03
    0.3000000000E+01    -0.6063818629E+03
    0.4000000000E+01    -0.6024050988E+03
    0.5000000000E+01    -0.5986393191E+03
    0.6000000000E+01    -0.5950439872E+03
    0.7000000000E+01    -0.5915908394E+03
    0.8000000000E+01    -0.5882591013E+03
    0.9000000000E+01    -0.5850332553E+03
    0.1000000000E+02    -0.5819010360E+03
    0.1100000000E+02    -0.5788529154E+03
    0.1200000000E+02    -0.5758812871E+03
    0.1300000000E+02    -0.5729767573E+03
    0.1400000000E+02    -0.5701349223E+03
    0.1500000000E+02    -0.5673503466E+03
    0.1600000000E+02    -0.5646185836E+03
    0.1700000000E+02    -0.5619363091E+03
    0.1800000000E+02    -0.5592994203E+03
    0.1900000000E+02    -0.5567044223E+03
    0.2000000000E+02    -0.5541502412E+03
    0.2100000000E+02    -0.5516340378E+03
    0.2200000000E+02    -0.5491524107E+03
    0.2300000000E+02    -0.5467035483E+03
    0.2400000000E+02    -0.5442855664E+03
    0.2500000000E+02    -0.5418973580E+03
    0.2600000000E+02    -0.5395372139E+03
    0.2700000000E+02    -0.5372032897E+03
    0.2800000000E+02    -0.5348941762E+03
    0.2900000000E+02    -0.5326088368E+03
    0.3000000000E+02    -0.5303468827E+03
    0.3100000000E+02    -0.5281066755E+03
    0.3200000000E+02    -0.5258875863E+03
    0.3300000000E+02    -0.5236884494E+03
    0.3400000000E+02    -0.5215082083E+03
    0.3500000000E+02    -0.5193461687E+03
    0.3600000000E+02    -0.5172009110E+03
    0.3700000000E+02    -0.5150719469E+03
    0.3800000000E+02    -0.5129583717E+03
    0.3900000000E+02    -0.5108609592E+03
    0.4000000000E+02    -0.5087779477E+03
    0.4100000000E+02    -0.5067088991E+03
    0.4200000000E+02    -0.5046540218E+03
    0.4300000000E+02    -0.5026109731E+03
    0.4400000000E+02    -0.5005803040E+03
    0.4500000000E+02    -0.4985602865E+03
    0.4600000000E+02    -0.4965522473E+03
    0.4700000000E+02    -0.4945560489E+03
    0.4800000000E+02    -0.4925704881E+03
    0.4900000000E+02    -0.4905943943E+03
    0.5000000000E+02    -0.4886283929E+03
    0.5100000000E+02    -0.4866719723E+03
    0.5200000000E+02    -0.4847250023E+03
    0.5300000000E+02    -0.4827859851E+03
    0.5400000000E+02    -0.4808552092E+03
    0.5500000000E+02    -0.4789327175E+03
    0.5600000000E+02    -0.4770191720E+03
    0.5700000000E+02    -0.4751132588E+03
    0.5800000000E+02    -0.4732133375E+03
    0.5900000000E+02    -0.4713207206E+03
    0.6000000000E+02    -0.4694356917E+03
    0.6100000000E+02    -0.4675562956E+03
    0.6200000000E+02    -0.4656830106E+03
    0.6300000000E+02    -0.4638156737E+03
    0.6400000000E+02    -0.4619557485E+03
    0.6500000000E+02    -0.4601014028E+03
    0.6600000000E+02    -0.4582514094E+03
    0.6700000000E+02    -0.4564066810E+03
    0.6800000000E+02    -0.4545675132E+03
    0.6900000000E+02    -0.4527338715E+03
    0.7000000000E+02    -0.4509035035E+03
    0.7100000000E+02    -0.4490781511E+03
    0.7200000000E+02    -0.4472571148E+03
    0.7300000000E+02    -0.4454414155E+03
    0.7400000000E+02    -0.4436293073E+03
    0.7500000000E+02    -0.4418214995E+03
    0.7600000000E+02    -0.4400168660E+03
    0.7700000000E+02    -0.4382153302E+03
    0.7800000000E+02    -0.4364175250E+03
    0.7900000000E+02    -0.4346235274E+03
    0.8000000000E+02    -0.4328341529E+03
    0.8100000000E+02    -0.4310473623E+03
    0.8200000000E+02    -0.4292633828E+03
    0.8300000000E+02    -0.4274819262E+03
    0.8400000000E+02    -0.4257031832E+03
    0.8500000000E+02    -0.4239277160E+03
    0.8600000000E+02    -0.4221552137E+03
    0.8700000000E+02    -0.4203849239E+03
    0.8800000000E+02    -0.4186166862E+03
    0.8900000000E+02    -0.4168513728E+03
    0.9000000000E+02    -0.4150886767E+03
    0.9100000000E+02    -0.4133280689E+03
    0.9200000000E+02    -0.4115687114E+03
    0.9300000000E+02    -0.4098121683E+03
    0.9400000000E+02    -0.4080574763E+03
    0.9500000000E+02    -0.4063050459E+03
    0.9600000000E+02    -0.4045533582E+03
    0.9700000000E+02    -0.4028038064E+03
    0.9800000000E+02    -0.4010554977E+03
    0.9900000000E+02    -0.3993091017E+03
    0.1000000000E+03    -0.3975627791E+03
    0.1010000000E+03    -0.3958181223E+03
    0.1020000000E+03    -0.3940763310E+03
    0.1030000000E+03    -0.3923355074E+03
    0.1040000000E+03    -0.3905961952E+03
    0.1050000000E+03    -0.3888582275E+03
    0.1060000000E+03    -0.3871199878E+03
    0.1070000000E+03    -0.3853845144E+03
    0.1080000000E+03    -0.3836497223E+03
    0.1090000000E+03    -0.3819166085E+03
    0.1100000000E+03    -0.3801835438E+03
    0.1110000000E+03    -0.3784500570E+03
    0.1120000000E+03    -0.3767197842E+03
    0.1130000000E+03    -0.3749898205E+03
    0.1140000000E+03    -0.3732613139E+03
    0.1150000000E+03    -0.3715337390E+03
    0.1160000000E+03    -0.3698062074E+03
    0.1170000000E+03    -0.3680795121E+03
    0.1180000000E+03    -0.3663545471E+03
    0.1190000000E+03    -0.3646281942E+03
    0.1200000000E+03    -0.3629045933E+03
    0.1210000000E+03    -0.3611795290E+03
    0.1220000000E+03    -0.3594565215E+03
    0.1230000000E+03    -0.3577340948E+03
    0.1240000000E+03    -0.3560124446E+03
    0.1250000000E+03    -0.3542901443E+03
    0.1260000000E+03    -0.3525680162E+03
    0.1270000000E+03    -0.3508453142E+03
    0.1280000000E+03    -0.3491235084E+03
    0.1290000000E+03    -0.3474022217E+03
    0.1300000000E+03    -0.3456806480E+03
    0.1310000000E+03    -0.3439621724E+03
    0.1320000000E+03    -0.3422424374E+03
    0.1330000000E+03    -0.3405233700E+03
    0.1340000000E+03    -0.3388034319E+03
    0.1350000000E+03    -0.3370844861E+03
    0.1360000000E+03    -0.3353658834E+03
    0.1370000000E+03    -0.3336468442E+03
    0.1380000000E+03    -0.3319283244E+03
    0.1390000000E+03    -0.3302103676E+03
    0.1400000000E+03    -0.3284930745E+03
    0.1410000000E+03    -0.3267753336E+03
    0.1420000000E+03    -0.3250571659E+03
    0.1430000000E+03    -0.3233399130E+03
    0.1440000000E+03    -0.3216232140E+03
    0.1450000000E+03    -0.3199077515E+03
    0.1460000000E+03    -0.3181919087E+03
    0.1470000000E+03    -0.3164750252E+03
    0.1480000000E+03    -0.3147578086E+03
    0.1490000000E+03    -0.3130413694E+03
    0.1500000000E+03    -0.3113259524E+03
    0.1510000000E+03    -0.3096095215E+03
    0.1520000000E+03    -0.3078929711E+03
    0.1530000000E+03    -0.3061752202E+03
    0.1540000000E+03    -0.3044585721E+03
    0.1550000000E+03    -0.3027419847E+03
    0.1560000000E+03    -0.3010253676E+03
    0.1570000000E+03    -0.2993080834E+03
    0.1580000000E+03    -0.2975915075E+03
    0.1590000000E+03    -0.2958757128E+03
    0.1600000000E+03    -0.2941587190E+03
    0.1610000000E+03    -0.2924416908E+03
    0.1620000000E+03    -0.2907254010E+03
    0.1630000000E+03    -0.2890099457E+03
    0.1640000000E+03    -0.2872935660E+03
    0.1650000000E+03    -0.2855772202E+03
    0.1660000000E+03    -0.2838598190E+03
    0.1670000000E+03    -0.2821439296E+03
    0.1680000000E+03    -0.2804273818E+03
    0.1690000000E+03    -0.2787120354E+03
    0.1700000000E+03    -0.2769952834E+03
    0.1710000000E+03    -0.2752803746E+03
    0.1720000000E+03    -0.2735622628E+03
    0.1730000000E+03    -0.2718473369E+03
    0.1740000000E+03    -0.2701319792E+03
    0.1750000000E+03    -0.2684167335E+03
    0.1760000000E+03    -0.2667003059E+03
    0.1770000000E+03    -0.2649839602E+03
    0.1780000000E+03    -0.2632695074E+03
    0.1790000000E+03    -0.2615542307E+03
    0.1800000000E+03    -0.2598384166E+03
    0.1810000000E+03    -0.2581242706E+03
    0.1820000000E+03    -0.2564099911E+03
    0.1830000000E+03    -0.2546951000E+03
    0.1840000000E+03    -0.2529823190E+03
    0.1850000000E+03    -0.2512677471E+03
    0.1860000000E+03    -0.2495541876E+03
    0.1870000000E+03    -0.2478427780E+03
    0.1880000000E+03    -0.2461302468E+03
    0.1890000000E+03    -0.2444178140E+03
    0.1900000000E+03    -0.2427041440E+03
    0.1910000000E+03    -0.2409923234E+03
    0.1920000000E+03    -0.2392818964E+03
    0.1930000000E+03    -0.2375701051E+03
    0.1940000000E+03    -0.2358596663E+03
    0.1950000000E+03    -0.2341487360E+03
    0.1960000000E+03    -0.2324371965E+03
    0.1970000000E+03    -0.2307287813E+03
    0.1980000000E+03    -0.2290187606E+03
    0.1990000000E+03    -0.2273085416E+03
    0.2000000000E+03    -0.2256004743E+03
    0.2010000000E+03    -0.2238920819E+03
    0.2020000000E+03    -0.2221838067E+03
    0.2030000000E+03    -0.2204771492E+03
    0.2040000000E+03    -0.2187719748E+03
    0.2050000000E+03    -0.2170651771E+03
    0.2060000000E+03    -0.2153605861E+03
    0.2070000000E+03    -0.2136571270E+03
    0.2080000000E+03    -0.2119555448E+03
    0.2090000000E+03    -0.2102545173E+03
    0.2100000000E+03    -0.2085533789E+03
    0.2110000000E+03    -0.2068522413E+03
    0.2120000000E+03    -0.2051543060E+03
    0.2130000000E+03    -0.2034554697E+03
    0.2140000000E+03    -0.2017582894E+03
    0.2150000000E+03    -0.2000618796E+03
    0.2160000000E+03    -0.1983636233E+03
    0.2170000000E+03    -0.1966675744E+03
    0.2180000000E+03    -0.1949741290E+03
    0.2190000000E+03    -0.1932832896E+03
    0.2200000000E+03    -0.1915932756E+03
    0.2210000000E+03    -0.1899018867E+03
    0.2220000000E+03    -0.1882091023E+03
    0.2230000000E+03    -0.1865245981E+03
    0.2240000000E+03    -0.1848377746E+03
    0.2250000000E+03    -0.1831512351E+03
    0.2260000000E+03    -0.1814673441E+03
    0.2270000000E+03    -0.1797847507E+03
    0.2280000000E+03    -0.1781057171E+03
    0.2290000000E+03    -0.1764265969E+03
    0.2300000000E+03    -0.1747492269E+03
    0.2310000000E+03    -0.1730745532E+03
    0.2320000000E+03    -0.1713988710E+03
    0.2330000000E+03    -0.1697283155E+03
    0.2340000000E+03    -0.1680582439E+03
    0.2350000000E+03    -0.1663923715E+03
    0.2360000000E+03    -0.1647275710E+03
    0.2370000000E+03    -0.1630623758E+03
    0.2380000000E+03    -0.1614023159E+03
    0.2390000000E+03    -0.1597452443E+03
    0.2400000000E+03    -0.1580887788E+03
    0.2410000000E+03    -0.1564357796E+03
    0.2420000000E+03    -0.1547832121E+03
    0.2430000000E+03    -0.1531339914E+03
    0.2440000000E+03    -0.1514854060E+03
    0.2450000000E+03    -0.1498432077E+03
    0.2460000000E+03    -0.1482018940E+03
    0.2470000000E+03    -0.1465640440E+03
    0.2480000000E+03    -0.1449308842E+03
    0.2490000000E+03    -0.1432979832E+03
    0.2500000000E+03    -0.1416704197E+03
    0.2510000000E+03    -0.1400419955E+03
    0.2520000000E+03    -0.1384202159E+03
    0.2530000000E+03    -0.1367985687E+03
    0.2540000000E+03    -0.1351804243E+03
    0.2550000000E+03    -0.1335668740E+03
    0.2560000000E+03    -0.1319566746E+03
    0.2570000000E+03    -0.1303515151E+03
    0.2580000000E+03    -0.1287521409E+03
    0.2590000000E+03    -0.1271514565E+03
    0.2600000000E+03    -0.1255550130E+03
    0.2610000000E+03    -0.1239646385E+03
    0.2620000000E+03    -0.1223796072E+03
    0.2630000000E+03    -0.1207947930E+03
    0.2640000000E+03    -0.1192186108E+03
    0.2650000000E+03    -0.1176454015E+03
    0.2660000000E+03    -0.1160709354E+03
    0.2670000000E+03    -0.1145059441E+03
    0.2680000000E+03    -0.1129436977E+03
    0.2690000000E+03    -0.1113853642E+03
    0.2700000000E+03    -0.1098354103E+03
    0.2710000000E+03    -0.1082892809E+03
    0.2720000000E+03    -0.1067465883E+03
    0.2730000000E+03    -0.1052045230E+03
    0.2740000000E+03    -0.1036762910E+03
    0.2750000000E+03    -0.1021500344E+03
    0.2760000000E+03    -0.1006301139E+03
    0.2770000000E+03    -0.9911854920E+02
    0.2780000000E+03    -0.9760946096E+02
    0.2790000000E+03    -0.9610502795E+02
    0.2800000000E+03    -0.9460570808E+02
    0.2810000000E+03    -0.9311405256E+02
    0.2820000000E+03    -0.9163057512E+02
    0.2830000000E+03    -0.9015455223E+02
    0.2840000000E+03    -0.8867958119E+02
    0.2850000000E+03    -0.8721272299E+02
    0.2860000000E+03    -0.8574787253E+02
    0.2870000000E+03    -0.8429443006E+02
    0.2880000000E+03    -0.8284327863E+02
    0.2890000000E+03    -0.8140310063E+02
    0.2900000000E+03    -0.7996707446E+02
    0.2910000000E+03    -0.7853892009E+02
    0.2920000000E+03    -0.7711992056E+02
    0.2930000000E+03    -0.7570867210E+02
    0.2940000000E+03    -0.7430287703E+02
    0.2950000000E+03    -0.7290658651E+02
    0.2960000000E+03    -0.7151641815E+02
    0.2970000000E+03    -0.7013533671E+02
    0.2980000000E+03    -0.6876035827E+02
    0.2990000000E+03    -0.6739918426E+02
    0.3000000000E+03    -0.6604509986E+02
    0.3010000000E+03    -0.6469935083E+02
    0.3020000000E+03    -0.6336682656E+02
    0.3030000000E+03    -0.6203989575E+02
    0.3040000000E+03    -0.6072100204E+02
    0.3050000000E+03    -0.5941058167E+02
    0.3060000000E+03    -0.5811086472E+02
    0.3070000000E+03    -0.5682028928E+02
    0.3080000000E+03    -0.5553981043E+02
    0.3090000000E+03    -0.5426871888E+02
    0.3100000000E+03    -0.5300942659E+02
    0.3110000000E+03    -0.5176216622E+02
    0.3120000000E+03    -0.5051729705E+02
    0.3130000000E+03    -0.4928753308E+02
    0.3140000000E+03    -0.4806829595E+02
    0.3150000000E+03    -0.4686303161E+02
    0.3160000000E+03    -0.4567048418E+02
    0.3170000000E+03    -0.4448682935E+02
    0.3180000000E+03    -0.4331619358E+02
    0.3190000000E+03    -0.4215274461E+02
    0.3200000000E+03    -0.4100301026E+02
    0.3210000000E+03    -0.3986483887E+02
    0.3220000000E+03    -0.3874103676E+02
    0.3230000000E+03    -0.3762410247E+02
    0.3240000000E+03    -0.3651904867E+02
    0.3250000000E+03    -0.3542914541E+02
    0.3260000000E+03    -0.3435441508E+02
    0.3270000000E+03    -0.3329344062E+02
    0.3280000000E+03    -0.3225155908E+02
    0.3290000000E+03    -0.3121907017E+02
    0.3300000000E+03    -0.3020302028E+02
    0.3310000000E+03    -0.2919776244E+02
    0.3320000000E+03    -0.2820666294E+02
    0.3330000000E+03    -0.2722764093E+02
    0.3340000000E+03    -0.2626484198E+02
    0.3350000000E+03    -0.2531686178E+02
    0.3360000000E+03    -0.2438694683E+02
    0.3370000000E+03    -0.2347405463E+02
    0.3380000000E+03    -0.2256576039E+02
    0.3390000000E+03    -0.2168386634E+02
    0.3400000000E+03    -0.2081131244E+02
    0.3410000000E+03    -0.1995342275E+02
    0.3420000000E+03    -0.1911412248E+02
    0.3430000000E+03    -0.1829701902E+02
    0.3440000000E+03    -0.1749540545E+02
    0.3450000000E+03    -0.1671253744E+02
    0.3460000000E+03    -0.1594931217E+02
    0.3470000000E+03    -0.1519961268E+02
    0.3480000000E+03    -0.1446767583E+02
    0.3490000000E+03    -0.1375747999E+02
    0.3500000000E+03    -0.1307024993E+02
    0.3510000000E+03    -0.1240147536E+02
    0.3520000000E+03    -0.1174490801E+02
    0.3530000000E+03    -0.1110405726E+02
    0.3540000000E+03    -0.1048420710E+02
    0.3550000000E+03    -0.9894889821E+01
    0.3560000000E+03    -0.9320544134E+01
    0.3570000000E+03    -0.8759597816E+01
    0.3580000000E+03    -0.8224629785E+01
    0.3590000000E+03    -0.7701309890E+01
    0.3600000000E+03    -0.7206707818E+01
    0.3610000000E+03    -0.6725593515E+01
    0.3620000000E+03    -0.6268499487E+01
    0.3630000000E+03    -0.5825065156E+01
    0.3640000000E+03    -0.5418626718E+01
    0.3650000000E+03    -0.5037349995E+01
    0.3660000000E+03    -0.4671281548E+01
    0.3670000000E+03    -0.4326734455E+01
    0.3680000000E+03    -0.4013750059E+01
    0.3690000000E+03    -0.3714169759E+01
    0.3700000000E+03    -0.3442667825E+01
    0.3710000000E+03    -0.3200952746E+01
    0.3720000000E+03    -0.2978451807E+01
    0.3730000000E+03    -0.2777825373E+01
    0.3740000000E+03    -0.2602204508E+01
    0.3750000000E+03    -0.2447864209E+01
    0.3760000000E+03    -0.2317997734E+01
    0.3770000000E+03    -0.2217322986E+01
    0.3780000000E+03    -0.2152201647E+01
    0.3790000000E+03    -0.2107938138E+01
    0.3800000000E+03    -0.2081239351E+01
