    0.0000000000E+00    -0.1003197247E+03
    0.1000000000E+01    -0.9862063523E+02
    0.2000000000E+01    -0.9758789674E+02
    0.3000000000E+01    -0.9693296946E+02
    0.4000000000E+01    -0.9653934234E+02
    0.5000000000E+01    -0.9634077993E+02
    0.6000000000E+01    -0.9629769546E+02
    0.7000000000E+01    -0.9638168795E+02
    0.8000000000E+01    -0.9657199036E+02
    0.9000000000E+01    -0.9685321143E+02
    0.1000000000E+02    -0.9721279722E+02
    0.1100000000E+02    -0.9763955607E+02
    0.1200000000E+02    -0.9812679575E+02
    0.1300000000E+02    -0.9866656100E+02
    0.1400000000E+02    -0.9925371041E+02
    0.1500000000E+02    -0.9988309467E+02
    0.1600000000E+02    -0.1005495813E+03
    0.1700000000E+02    -0.1012492405E+03
    0.1800000000E+02    -0.1019786021E+03
    0.1900000000E+02    -0.1027355511E+03
    0.2000000000E+02    -0.1035160857E+03
    0.2100000000E+02    -0.1043179090E+03
    0.2200000000E+02    -0.1051378296E+03
    0.2300000000E+02    -0.1059765000E+03
    0.2400000000E+02    -0.1068302195E+03
    0.2500000000E+02    -0.1076970653E+03
    0.2600000000E+02    -0.1085756457E+03
    0.2700000000E+02    -0.1094648129E+03
    0.2800000000E+02    -0.1103628872E+03
    0.2900000000E+02    -0.1112676007E+03
    0.3000000000E+02    -0.1121788415E+03
    0.3100000000E+02    -0.1130958163E+03
    0.3200000000E+02    -0.1140166614E+03
    0.3300000000E+02    -0.1149405195E+03
    0.3400000000E+02    -0.1158671352E+03
    0.3500000000E+02    -0.1167954093E+03
    0.3600000000E+02    -0.1177234933E+03
    0.3700000000E+02    -0.1186511100E+03
    0.3800000000E+02    -0.1195777185E+03
    0.3900000000E+02    -0.1205023166E+03
    0.4000000000E+02    -0.1214244241E+03
    0.4100000000E+02    -0.1223438410E+03
    0.4200000000E+02    -0.1232582981E+03
    0.4300000000E+02    -0.1241669854E+03
    0.4400000000E+02    -0.1250715042E+03
    0.4500000000E+02    -0.1259694576E+03
    0.4600000000E+02    -0.1268609481E+03
    0.4700000000E+02    -0.1277467504E+03
    0.4800000000E+02    -0.1286259275E+03
    0.4900000000E+02    -0.1294972615E+03
    0.5000000000E+02    -0.1303595062E+03
    0.5100000000E+02    -0.1312148744E+03
    0.5200000000E+02    -0.1320608702E+03
    0.5300000000E+02    -0.1328981177E+03
    0.5400000000E+02    -0.1337253931E+03
    0.5500000000E+02    -0.1345443996E+03
    0.5600000000E+02    -0.1353534783E+03
    0.5700000000E+02    -0.1361524530E+03
    0.5800000000E+02    -0.1369413253E+03
    0.5900000000E+02    -0.1377214526E+03
    0.6000000000E+02    -0.1384906278E+03
    0.6100000000E+02    -0.1392482198E+03
    0.6200000000E+02    -0.1399960043E+03
    0.6300000000E+02    -0.1407345491E+03
    0.6400000000E+02    -0.1414630926E+03
    0.6500000000E+02    -0.1421815174E+03
    0.6600000000E+02    -0.1428894885E+03
    0.6700000000E+02    -0.1435859759E+03
    0.6800000000E+02    -0.1442726897E+03
    0.6900000000E+02    -0.1449485756E+03
    0.7000000000E+02    -0.1456157216E+03
    0.7100000000E+02    -0.1462710703E+03
    0.7200000000E+02    -0.1469183153E+03
    0.7300000000E+02    -0.1475559818E+03
    0.7400000000E+02    -0.1481838100E+03
    0.7500000000E+02    -0.1488009416E+03
    0.7600000000E+02    -0.1494097588E+03
    0.7700000000E+02    -0.1500082225E+03
    0.7800000000E+02    -0.1505965438E+03
    0.7900000000E+02    -0.1511759246E+03
    0.8000000000E+02    -0.1517463050E+03
    0.8100000000E+02    -0.1523082024E+03
    0.8200000000E+02    -0.1528608835E+03
    0.8300000000E+02    -0.1534042402E+03
    0.8400000000E+02    -0.1539376715E+03
    0.8500000000E+02    -0.1544626387E+03
    0.8600000000E+02    -0.1549780604E+03
    0.8700000000E+02    -0.1554837354E+03
    0.8800000000E+02    -0.1559812925E+03
    0.8900000000E+02    -0.1564695403E+03
    0.9000000000E+02    -0.1569504890E+03
    0.9100000000E+02    -0.1574225053E+03
    0.9200000000E+02    -0.1578866022E+03
    0.9300000000E+02    -0.1583400067E+03
    0.9400000000E+02    -0.1587862234E+03
    0.9500000000E+02    -0.1592240366E+03
    0.9600000000E+02    -0.1596536778E+03
    0.9700000000E+02    -0.1600752175E+03
    0.9800000000E+02    -0.1604885067E+03
    0.9900000000E+02    -0.1608943005E+03
    0.1000000000E+03    -0.1612907416E+03
    0.1010000000E+03    -0.1616785998E+03
    0.1020000000E+03    -0.1620602600E+03
    0.1030000000E+03    -0.1624326542E+03
    0.1040000000E+03    -0.1627966234E+03
    0.1050000000E+03    -0.1631541879E+03
    0.1060000000E+03    -0.1635040751E+03
    0.1070000000E+03    -0.1638459403E+03
    0.1080000000E+03    -0.1641795454E+03
    0.1090000000E+03    -0.1645065461E+03
    0.1100000000E+03    -0.1648253050E+03
    0.1110000000E+03    -0.1651354629E+03
    0.1120000000E+03    -0.1654389164E+03
    0.1130000000E+03    -0.1657326187E+03
    0.1140000000E+03    -0.1660214544E+03
    0.1150000000E+03    -0.1663022504E+03
    0.1160000000E+03    -0.1665757776E+03
    0.1170000000E+03    -0.1668405389E+03
    0.1180000000E+03    -0.1670974760E+03
    0.1190000000E+03    -0.1673456391E+03
    0.1200000000E+03    -0.1675868763E+03
    0.1210000000E+03    -0.1678200746E+03
    0.1220000000E+03    -0.1680462096E+03
    0.1230000000E+03    -0.1682637911E+03
    0.1240000000E+03    -0.1684735457E+03
    0.1250000000E+03    -0.1686773231E+03
    0.1260000000E+03    -0.1688722740E+03
    0.1270000000E+03    -0.1690590772E+03
    0.1280000000E+03    -0.1692371216E+03
    0.1290000000E+03    -0.1694078941E+03
    0.1300000000E+03    -0.1695706466E+03
    0.1310000000E+03    -0.1697247469E+03
    0.1320000000E+03    -0.1698725637E+03
    0.1330000000E+03    -0.1700128869E+03
    0.1340000000E+03    -0.1701459594E+03
    0.1350000000E+03    -0.1702700481E+03
    0.1360000000E+03    -0.1703865807E+03
    0.1370000000E+03    -0.1704938528E+03
    0.1380000000E+03    -0.1705935588E+03
    0.1390000000E+03    -0.1706847987E+03
    0.1400000000E+03    -0.1707701403E+03
    0.1410000000E+03    -0.1708465518E+03
    0.1420000000E+03    -0.1709150738E+03
    0.1430000000E+03    -0.1709759939E+03
    0.1440000000E+03    -0.1710286621E+03
    0.1450000000E+03    -0.1710720013E+03
    0.1460000000E+03    -0.1711091034E+03
    0.1470000000E+03    -0.1711367972E+03
    0.1480000000E+03    -0.1711585878E+03
    0.1490000000E+03    -0.1711725403E+03
    0.1500000000E+03    -0.1711802747E+03
    0.1510000000E+03    -0.1711786120E+03
    0.1520000000E+03    -0.1711704191E+03
    0.1530000000E+03    -0.1711551924E+03
    0.1540000000E+03    -0.1711321828E+03
    0.1550000000E+03    -0.1711012433E+03
    0.1560000000E+03    -0.1710629639E+03
    0.1570000000E+03    -0.1710197415E+03
    0.1580000000E+03    -0.1709686117E+03
    0.1590000000E+03    -0.1709103671E+03
    0.1600000000E+03    -0.1708476009E+03
    0.1610000000E+03    -0.1707763286E+03
    0.1620000000E+03    -0.1707004056E+03
    0.1630000000E+03    -0.1706185036E+03
    0.1640000000E+03    -0.1705273866E+03
    0.1650000000E+03    -0.1704294923E+03
    0.1660000000E+03    -0.1703297771E+03
    0.1670000000E+03    -0.1702224855E+03
    0.1680000000E+03    -0.1701083601E+03
    0.1690000000E+03    -0.1699916069E+03
    0.1700000000E+03    -0.1698685466E+03
    0.1710000000E+03    -0.1697377310E+03
    0.1720000000E+03    -0.1696020770E+03
    0.1730000000E+03    -0.1694617070E+03
    0.1740000000E+03    -0.1693174259E+03
    0.1750000000E+03    -0.1691677672E+03
    0.1760000000E+03    -0.1690132755E+03
    0.1770000000E+03    -0.1688515224E+03
    0.1780000000E+03    -0.1686874831E+03
    0.1790000000E+03    -0.1685175727E+03
    0.1800000000E+03    -0.1683412450E+03
    0.1810000000E+03    -0.1681611331E+03
    0.1820000000E+03    -0.1679766687E+03
    0.1830000000E+03    -0.1677867630E+03
    0.1840000000E+03    -0.1675932646E+03
    0.1850000000E+03    -0.1673931103E+03
    0.1860000000E+03    -0.1671877710E+03
    0.1870000000E+03    -0.1669815696E+03
    0.1880000000E+03    -0.1667680819E+03
    0.1890000000E+03    -0.1665488617E+03
    0.1900000000E+03    -0.1663244491E+03
    0.1910000000E+03    -0.1660962179E+03
    0.1920000000E+03    -0.1658621853E+03
    0.1930000000E+03    -0.1656213486E+03
    0.1940000000E+03    -0.1653777291E+03
    0.1950000000E+03    -0.1651297774E+03
    0.1960000000E+03    -0.1648759272E+03
    0.1970000000E+03    -0.1646132378E+03
    0.1980000000E+03    -0.1643488817E+03
    0.1990000000E+03    -0.1640773512E+03
    0.2000000000E+03    -0.1638007856E+03
    0.2010000000E+03    -0.1635180021E+03
    0.2020000000E+03    -0.1632316270E+03
    0.2030000000E+03    -0.1629370838E+03
    0.2040000000E+03    -0.1626366333E+03
    0.2050000000E+03    -0.1623295534E+03
    0.2060000000E+03    -0.1620171190E+03
    0.2070000000E+03    -0.1616964955E+03
    0.2080000000E+03    -0.1613720233E+03
    0.2090000000E+03    -0.1610381497E+03
    0.2100000000E+03    -0.1606974315E+03
    0.2110000000E+03    -0.1603505425E+03
    0.2120000000E+03    -0.1599973753E+03
    0.2130000000E+03    -0.1596357857E+03
    0.2140000000E+03    -0.1592684851E+03
    0.2150000000E+03    -0.1588936719E+03
    0.2160000000E+03    -0.1585104933E+03
    0.2170000000E+03    -0.1581187620E+03
    0.2180000000E+03    -0.1577207510E+03
    0.2190000000E+03    -0.1573140710E+03
    0.2200000000E+03    -0.1569000307E+03
    0.2210000000E+03    -0.1564788897E+03
    0.2220000000E+03    -0.1560486032E+03
    0.2230000000E+03    -0.1556109512E+03
    0.2240000000E+03    -0.1551661409E+03
    0.2250000000E+03    -0.1547137790E+03
    0.2260000000E+03    -0.1542539607E+03
    0.2270000000E+03    -0.1537832724E+03
    0.2280000000E+03    -0.1533072241E+03
    0.2290000000E+03    -0.1528224865E+03
    0.2300000000E+03    -0.1523291403E+03
    0.2310000000E+03    -0.1518283962E+03
    0.2320000000E+03    -0.1513208489E+03
    0.2330000000E+03    -0.1508054039E+03
    0.2340000000E+03    -0.1502827496E+03
    0.2350000000E+03    -0.1497524042E+03
    0.2360000000E+03    -0.1492144653E+03
    0.2370000000E+03    -0.1486685535E+03
    0.2380000000E+03    -0.1481130009E+03
    0.2390000000E+03    -0.1475503652E+03
    0.2400000000E+03    -0.1469830346E+03
    0.2410000000E+03    -0.1464063093E+03
    0.2420000000E+03    -0.1458234233E+03
    0.2430000000E+03    -0.1452326628E+03
    0.2440000000E+03    -0.1446318347E+03
    0.2450000000E+03    -0.1440243725E+03
    0.2460000000E+03    -0.1434101365E+03
    0.2470000000E+03    -0.1427900481E+03
    0.2480000000E+03    -0.1421590216E+03
    0.2490000000E+03    -0.1415263875E+03
    0.2500000000E+03    -0.1408837428E+03
    0.2510000000E+03    -0.1402284152E+03
    0.2520000000E+03    -0.1395716022E+03
    0.2530000000E+03    -0.1389038467E+03
    0.2540000000E+03    -0.1382302967E+03
    0.2550000000E+03    -0.1375462770E+03
    0.2560000000E+03    -0.1368563215E+03
    0.2570000000E+03    -0.1361585265E+03
    0.2580000000E+03    -0.1354530959E+03
    0.2590000000E+03    -0.1347401542E+03
    0.2600000000E+03    -0.1340221274E+03
    0.2610000000E+03    -0.1332959112E+03
    0.2620000000E+03    -0.1325595621E+03
    0.2630000000E+03    -0.1318173972E+03
    0.2640000000E+03    -0.1310657848E+03
    0.2650000000E+03    -0.1303074806E+03
    0.2660000000E+03    -0.1295424370E+03
    0.2670000000E+03    -0.1287669787E+03
    0.2680000000E+03    -0.1279892924E+03
    0.2690000000E+03    -0.1271989604E+03
    0.2700000000E+03    -0.1263986201E+03
    0.2710000000E+03    -0.1255892591E+03
    0.2720000000E+03    -0.1247712880E+03
    0.2730000000E+03    -0.1239479741E+03
    0.2740000000E+03    -0.1231171853E+03
    0.2750000000E+03    -0.1222791102E+03
    0.2760000000E+03    -0.1214284773E+03
    0.2770000000E+03    -0.1205727373E+03
    0.2780000000E+03    -0.1197069378E+03
    0.2790000000E+03    -0.1188305425E+03
    0.2800000000E+03    -0.1179460576E+03
    0.2810000000E+03    -0.1170529602E+03
    0.2820000000E+03    -0.1161529847E+03
    0.2830000000E+03    -0.1152417646E+03
    0.2840000000E+03    -0.1143204182E+03
    0.2850000000E+03    -0.1133915729E+03
    0.2860000000E+03    -0.1124547508E+03
    0.2870000000E+03    -0.1115071306E+03
    0.2880000000E+03    -0.1105528398E+03
    0.2890000000E+03    -0.1095842488E+03
    0.2900000000E+03    -0.1086117980E+03
    0.2910000000E+03    -0.1076309180E+03
    0.2920000000E+03    -0.1066380523E+03
    0.2930000000E+03    -0.1056393581E+03
    0.2940000000E+03    -0.1046249754E+03
    0.2950000000E+03    -0.1036051558E+03
    0.2960000000E+03    -0.1025756885E+03
    0.2970000000E+03    -0.1015381081E+03
    0.2980000000E+03    -0.1004872676E+03
    0.2990000000E+03    -0.9942723311E+02
    0.3000000000E+03    -0.9835958096E+02
    0.3010000000E+03    -0.9728231135E+02
    0.3020000000E+03    -0.9620274413E+02
    0.3030000000E+03    -0.9511155614E+02
    0.3040000000E+03    -0.9401389429E+02
    0.3050000000E+03    -0.9290751851E+02
    0.3060000000E+03    -0.9179352378E+02
    0.3070000000E+03    -0.9066937998E+02
    0.3080000000E+03    -0.8954109890E+02
    0.3090000000E+03    -0.8840885626E+02
    0.3100000000E+03    -0.8726942682E+02
    0.3110000000E+03    -0.8612431331E+02
    0.3120000000E+03    -0.8497126899E+02
    0.3130000000E+03    -0.8381362060E+02
    0.3140000000E+03    -0.8264596971E+02
    0.3150000000E+03    -0.8147074601E+02
    0.3160000000E+03    -0.8029949377E+02
    0.3170000000E+03    -0.7912074126E+02
    0.3180000000E+03    -0.7793592351E+02
    0.3190000000E+03    -0.7674835029E+02
    0.3200000000E+03    -0.7556020551E+02
    0.3210000000E+03    -0.7437164294E+02
    0.3220000000E+03    -0.7317544048E+02
    0.3230000000E+03    -0.7197654177E+02
    0.3240000000E+03    -0.7077919499E+02
    0.3250000000E+03    -0.6958127772E+02
    0.3260000000E+03    -0.6838651944E+02
    0.3270000000E+03    -0.6718987542E+02
    0.3280000000E+03    -0.6599775724E+02
    0.3290000000E+03    -0.6479872118E+02
    0.3300000000E+03    -0.6360016451E+02
    0.3310000000E+03    -0.6240002426E+02
    0.3320000000E+03    -0.6120132023E+02
    0.3330000000E+03    -0.6000497629E+02
    0.3340000000E+03    -0.5880911810E+02
    0.3350000000E+03    -0.5761160277E+02
    0.3360000000E+03    -0.5642304850E+02
    0.3370000000E+03    -0.5523319555E+02
    0.3380000000E+03    -0.5405270743E+02
    0.3390000000E+03    -0.5286514703E+02
    0.3400000000E+03    -0.5168956228E+02
    0.3410000000E+03    -0.5051309843E+02
    0.3420000000E+03    -0.4933904729E+02
    0.3430000000E+03    -0.4818002512E+02
    0.3440000000E+03    -0.4702143411E+02
    0.3450000000E+03    -0.4586959097E+02
    0.3460000000E+03    -0.4472171696E+02
    0.3470000000E+03    -0.4358082247E+02
    0.3480000000E+03    -0.4244635705E+02
    0.3490000000E+03    -0.4131930370E+02
    0.3500000000E+03    -0.4019986435E+02
    0.3510000000E+03    -0.3909539348E+02
    0.3520000000E+03    -0.3799834220E+02
    0.3530000000E+03    -0.3690870054E+02
    0.3540000000E+03    -0.3583194251E+02
    0.3550000000E+03    -0.3475812410E+02
    0.3560000000E+03    -0.3369810154E+02
    0.3570000000E+03    -0.3264469443E+02
    0.3580000000E+03    -0.3160050003E+02
    0.3590000000E+03    -0.3057369766E+02
    0.3600000000E+03    -0.2955591385E+02
    0.3610000000E+03    -0.2854144725E+02
    0.3620000000E+03    -0.2753257117E+02
    0.3630000000E+03    -0.2654995910E+02
    0.3640000000E+03    -0.2557669946E+02
    0.3650000000E+03    -0.2461628100E+02
    0.3660000000E+03    -0.2367259133E+02
    0.3670000000E+03    -0.2274486823E+02
    0.3680000000E+03    -0.2183486520E+02
    0.3690000000E+03    -0.2093292166E+02
    0.3700000000E+03    -0.2005725762E+02
    0.3710000000E+03    -0.1919883422E+02
    0.3720000000E+03    -0.1836264963E+02
    0.3730000000E+03    -0.1753238563E+02
    0.3740000000E+03    -0.1671868436E+02
    0.3750000000E+03    -0.1590983056E+02
    0.3760000000E+03    -0.1512509962E+02
    0.3770000000E+03    -0.1436384345E+02
    0.3780000000E+03    -0.1361425519E+02
    0.3790000000E+03    -0.1288357989E+02
    0.3800000000E+03    -0.1216824986E+02
    0.3810000000E+03    -0.1150071356E+02
    0.3820000000E+03    -0.1083395568E+02
    0.3830000000E+03    -0.1019535328E+02
    0.3840000000E+03    -0.9581575173E+01
    0.3850000000E+03    -0.8986220400E+01
    0.3860000000E+03    -0.8422842953E+01
    0.3870000000E+03    -0.7882909848E+01
    0.3880000000E+03    -0.7358066389E+01
    0.3890000000E+03    -0.6863363630E+01
    0.3900000000E+03    -0.6390548061E+01
    0.3910000000E+03    -0.5932127504E+01
    0.3920000000E+03    -0.5516147728E+01
    0.3930000000E+03    -0.5120624628E+01
    0.3940000000E+03    -0.4748752469E+01
    0.3950000000E+03    -0.4413090106E+01
    0.3960000000E+03    -0.4098044404E+01
    0.3970000000E+03    -0.3812031572E+01
    0.3980000000E+03    -0.3571294918E+01
    0.3990000000E+03    -0.3348471543E+01
    0.4000000000E+03    -0.3140489376E+01
    0.4010000000E+03    -0.2973835617E+01
    0.4020000000E+03    -0.2825807935E+01
    0.4030000000E+03    -0.2702805248E+01
    0.4040000000E+03    -0.2640095034E+01
    0.4050000000E+03    -0.2595023480E+01
    0.4060000000E+03    -0.2589478288E+01
    0.4070000000E+03    -0.2633043037E+01
    0.4080000000E+03    -0.2694723586E+01
    0.4090000000E+03    -0.2798278078E+01
    0.4100000000E+03    -0.2946788765E+01
    0.4110000000E+03    -0.3125990799E+01
    0.4120000000E+03    -0.3356691874E+01
    0.4130000000E+03    -0.3604569731E+01
    0.4140000000E+03    -0.3895044647E+01
    0.4150000000E+03    -0.4245134670E+01
    0.4160000000E+03    -0.4632356871E+01
    0.4170000000E+03    -0.5096104686E+01
    0.4180000000E+03    -0.5540688590E+01
    0.4190000000E+03    -0.6044264258E+01
    0.4200000000E+03    -0.6589016857E+01
    0.4210000000E+03    -0.7131642654E+01
    0.4220000000E+03    -0.7716009183E+01
    0.4230000000E+03    -0.8353174625E+01
    0.4240000000E+03    -0.9062881053E+01
    0.4250000000E+03    -0.9852483265E+01
    0.4260000000E+03    -0.1066567313E+02
    0.4270000000E+03    -0.1152328474E+02
    0.4280000000E+03    -0.1239546524E+02
    0.4290000000E+03    -0.1328700142E+02
    0.4300000000E+03    -0.1424169247E+02
    0.4310000000E+03    -0.1522790204E+02
    0.4320000000E+03    -0.1627513174E+02
    0.4330000000E+03    -0.1739949417E+02
    0.4340000000E+03    -0.1860416629E+02
    0.4350000000E+03    -0.1982308071E+02
    0.4360000000E+03    -0.2109393890E+02
    0.4370000000E+03    -0.2242953732E+02
    0.4380000000E+03    -0.2381277458E+02
    0.4390000000E+03    -0.2524338949E+02
    0.4400000000E+03    -0.2672740009E+02
    0.4410000000E+03    -0.2824128365E+02
    0.4420000000E+03    -0.2986111493E+02
    0.4430000000E+03    -0.3156571253E+02
    0.4440000000E+03    -0.3326968765E+02
    0.4450000000E+03    -0.3511206006E+02
    0.4460000000E+03    -0.3692604175E+02
    0.4470000000E+03    -0.3880820355E+02
    0.4480000000E+03    -0.4072645199E+02
    0.4490000000E+03    -0.4272337163E+02
    0.4500000000E+03    -0.4475623528E+02
    0.4510000000E+03    -0.4688204871E+02
    0.4520000000E+03    -0.4906881992E+02
    0.4530000000E+03    -0.5125346718E+02
    0.4540000000E+03    -0.5364047377E+02
    0.4550000000E+03    -0.5606273244E+02
    0.4560000000E+03    -0.5853195169E+02
    0.4570000000E+03    -0.6117958116E+02
    0.4580000000E+03    -0.6374152735E+02
    0.4590000000E+03    -0.6640088607E+02
    0.4600000000E+03    -0.6906604668E+02
    0.4610000000E+03    -0.7197087778E+02
    0.4620000000E+03    -0.7488196794E+02
    0.4630000000E+03    -0.7772496661E+02
    0.4640000000E+03    -0.8066748643E+02
    0.4650000000E+03    -0.8377355327E+02
    0.4660000000E+03    -0.8687787556E+02
    0.4670000000E+03    -0.9009073558E+02
    0.4680000000E+03    -0.9345514276E+02
    0.4690000000E+03    -0.9685582448E+02
    0.4700000000E+03    -0.1004192915E+03
