    0.0000000000E+00    -0.1683112644E+02
    0.1000000000E+01    -0.1441507463E+02
    0.2000000000E+01    -0.1267176547E+02
    0.3000000000E+01    -0.1131309941E+02
    0.4000000000E+01    -0.1022263516E+02
    0.5000000000E+01    -0.9334642122E+01
    0.6000000000E+01    -0.8607951412E+01
    0.7000000000E+01    -0.8014402172E+01
    0.8000000000E+01    -0.7534100100E+01
    0.9000000000E+01    -0.7150731740E+01
    0.1000000000E+02    -0.6852842905E+01
    0.1100000000E+02    -0.6630341149E+01
    0.1200000000E+02    -0.6474505539E+01
    0.1300000000E+02    -0.6378382496E+01
    0.1400000000E+02    -0.6336062406E+01
    0.1500000000E+02    -0.6342467555E+01
    0.1600000000E+02    -0.6393438850E+01
    0.1700000000E+02    -0.6484929966E+01
    0.1800000000E+02    -0.6613858198E+01
    0.1900000000E+02    -0.6776826302E+01
    0.2000000000E+02    -0.6970747806E+01
    0.2100000000E+02    -0.7193981116E+01
    0.2200000000E+02    -0.7443683224E+01
    0.2300000000E+02    -0.7717474395E+01
    0.2400000000E+02    -0.8014908517E+01
    0.2500000000E+02    -0.8332428116E+01
    0.2600000000E+02    -0.8669363277E+01
    0.2700000000E+02    -0.9024195236E+01
    0.2800000000E+02    -0.9395890421E+01
    0.2900000000E+02    -0.9783080521E+01
    0.3000000000E+02    -0.1018464080E+02
    0.3100000000E+02    -0.1059933041E+02
    0.3200000000E+02    -0.1102570427E+02
    0.3300000000E+02    -0.1146277164E+02
    0.3400000000E+02    -0.1191098115E+02
    0.3500000000E+02    -0.1236858083E+02
    0.3600000000E+02    -0.1283442896E+02
    0.3700000000E+02    -0.1330824147E+02
    0.3800000000E+02    -0.1378922232E+02
    0.3900000000E+02    -0.1427761089E+02
    0.4000000000E+02    -0.1477188569E+02
    0.4100000000E+02    -0.1527148909E+02
    0.4200000000E+02    -0.1577545099E+02
    0.4300000000E+02    -0.1628416623E+02
    0.4400000000E+02    -0.1679657117E+02
    0.4500000000E+02    -0.1731229839E+02
    0.4600000000E+02    -0.1783078700E+02
    0.4700000000E+02    -0.1835246109E+02
    0.4800000000E+02    -0.1887692698E+02
    0.4900000000E+02    -0.1940275730E+02
    0.5000000000E+02    -0.1993015055E+02
    0.5100000000E+02    -0.2045781485E+02
    0.5200000000E+02    -0.2098696976E+02
    0.5300000000E+02    -0.2151656001E+02
    0.5400000000E+02    -0.2204575028E+02
    0.5500000000E+02    -0.2257508386E+02
    0.5600000000E+02    -0.2310439939E+02
    0.5700000000E+02    -0.2363289217E+02
    0.5800000000E+02    -0.2415982417E+02
    0.5900000000E+02    -0.2468613756E+02
    0.6000000000E+02    -0.2521119572E+02
    0.6100000000E+02    -0.2573396256E+02
    0.6200000000E+02    -0.2625475252E+02
    0.6300000000E+02    -0.2677437660E+02
    0.6400000000E+02    -0.2729102931E+02
    0.6500000000E+02    -0.2780487138E+02
    0.6600000000E+02    -0.2831681659E+02
    0.6700000000E+02    -0.2882696382E+02
    0.6800000000E+02    -0.2933320265E+02
    0.6900000000E+02    -0.2983576646E+02
    0.7000000000E+02    -0.3033601624E+02
    0.7100000000E+02    -0.3083271502E+02
    0.7200000000E+02    -0.3132596693E+02
    0.7300000000E+02    -0.3181572352E+02
    0.7400000000E+02    -0.3230142911E+02
    0.7500000000E+02    -0.3278473295E+02
    0.7600000000E+02    -0.3326404764E+02
    0.7700000000E+02    -0.3373920844E+02
    0.7800000000E+02    -0.3421024640E+02
    0.7900000000E+02    -0.3467746665E+02
    0.8000000000E+02    -0.3514104499E+02
    0.8100000000E+02    -0.3560022647E+02
    0.8200000000E+02    -0.3605429687E+02
    0.8300000000E+02    -0.3650471532E+02
    0.8400000000E+02    -0.3695024334E+02
    0.8500000000E+02    -0.3739176847E+02
    0.8600000000E+02    -0.3782776115E+02
    0.8700000000E+02    -0.3825857553E+02
    0.8800000000E+02    -0.3868600382E+02
    0.8900000000E+02    -0.3910853858E+02
    0.9000000000E+02    -0.3952686617E+02
    0.9100000000E+02    -0.3994057416E+02
    0.9200000000E+02    -0.4034890517E+02
    0.9300000000E+02    -0.4075303027E+02
    0.9400000000E+02    -0.4115212251E+02
    0.9500000000E+02    -0.4154652305E+02
    0.9600000000E+02    -0.4193564913E+02
    0.9700000000E+02    -0.4231935351E+02
    0.9800000000E+02    -0.4269871237E+02
    0.9900000000E+02    -0.4307363613E+02
    0.1000000000E+03    -0.4344334341E+02
    0.1010000000E+03    -0.4380925186E+02
    0.1020000000E+03    -0.4416951177E+02
    0.1030000000E+03    -0.4452490180E+02
    0.1040000000E+03    -0.4487556429E+02
    0.1050000000E+03    -0.4522113296E+02
    0.1060000000E+03    -0.4556182160E+02
    0.1070000000E+03    -0.4589784070E+02
    0.1080000000E+03    -0.4622847133E+02
    0.1090000000E+03    -0.4655400414E+02
    0.1100000000E+03    -0.4687414981E+02
    0.1110000000E+03    -0.4718995002E+02
    0.1120000000E+03    -0.4750040603E+02
    0.1130000000E+03    -0.4780655451E+02
    0.1140000000E+03    -0.4810773947E+02
    0.1150000000E+03    -0.4840380323E+02
    0.1160000000E+03    -0.4869470719E+02
    0.1170000000E+03    -0.4898051393E+02
    0.1180000000E+03    -0.4926099226E+02
    0.1190000000E+03    -0.4953646556E+02
    0.1200000000E+03    -0.4980741091E+02
    0.1210000000E+03    -0.5007335206E+02
    0.1220000000E+03    -0.5033400714E+02
    0.1230000000E+03    -0.5058929597E+02
    0.1240000000E+03    -0.5083951169E+02
    0.1250000000E+03    -0.5108546344E+02
    0.1260000000E+03    -0.5132595519E+02
    0.1270000000E+03    -0.5156112627E+02
    0.1280000000E+03    -0.5179241545E+02
    0.1290000000E+03    -0.5201706728E+02
    0.1300000000E+03    -0.5223864806E+02
    0.1310000000E+03    -0.5245405423E+02
    0.1320000000E+03    -0.5266473148E+02
    0.1330000000E+03    -0.5286954997E+02
    0.1340000000E+03    -0.5306985717E+02
    0.1350000000E+03    -0.5326602841E+02
    0.1360000000E+03    -0.5345711371E+02
    0.1370000000E+03    -0.5364339942E+02
    0.1380000000E+03    -0.5382523762E+02
    0.1390000000E+03    -0.5400226663E+02
    0.1400000000E+03    -0.5417302799E+02
    0.1410000000E+03    -0.5433924849E+02
    0.1420000000E+03    -0.5450143732E+02
    0.1430000000E+03    -0.5465872555E+02
    0.1440000000E+03    -0.5481066202E+02
    0.1450000000E+03    -0.5495925487E+02
    0.1460000000E+03    -0.5510052452E+02
    0.1470000000E+03    -0.5523727236E+02
    0.1480000000E+03    -0.5536866432E+02
    0.1490000000E+03    -0.5549551812E+02
    0.1500000000E+03    -0.5561845737E+02
    0.1510000000E+03    -0.5573671504E+02
    0.1520000000E+03    -0.5585016862E+02
    0.1530000000E+03    -0.5595912569E+02
    0.1540000000E+03    -0.5606305011E+02
    0.1550000000E+03    -0.5616123527E+02
    0.1560000000E+03    -0.5625515943E+02
    0.1570000000E+03    -0.5634324079E+02
    0.1580000000E+03    -0.5642758096E+02
    0.1590000000E+03    -0.5650750229E+02
    0.1600000000E+03    -0.5658162676E+02
    0.1610000000E+03    -0.5665194463E+02
    0.1620000000E+03    -0.5671712571E+02
    0.1630000000E+03    -0.5677907767E+02
    0.1640000000E+03    -0.5683631711E+02
    0.1650000000E+03    -0.5688741555E+02
    0.1660000000E+03    -0.5693402268E+02
    0.1670000000E+03    -0.5697442011E+02
    0.1680000000E+03    -0.5701222217E+02
    0.1690000000E+03    -0.5704435552E+02
    0.1700000000E+03    -0.5707193991E+02
    0.1710000000E+03    -0.5709521314E+02
    0.1720000000E+03    -0.5711415485E+02
    0.1730000000E+03    -0.5712722950E+02
    0.1740000000E+03    -0.5713673964E+02
    0.1750000000E+03    -0.5714018546E+02
    0.1760000000E+03    -0.5713967922E+02
    0.1770000000E+03    -0.5713293987E+02
    0.1780000000E+03    -0.5712224213E+02
    0.1790000000E+03    -0.5710665601E+02
    0.1800000000E+03    -0.5708664602E+02
    0.1810000000E+03    -0.5706092031E+02
    0.1820000000E+03    -0.5703144378E+02
    0.1830000000E+03    -0.5699754948E+02
    0.1840000000E+03    -0.5695813458E+02
    0.1850000000E+03    -0.5691403206E+02
    0.1860000000E+03    -0.5686595867E+02
    0.1870000000E+03    -0.5681254473E+02
    0.1880000000E+03    -0.5675503788E+02
    0.1890000000E+03    -0.5669428685E+02
    0.1900000000E+03    -0.5662699635E+02
    0.1910000000E+03    -0.5655577342E+02
    0.1920000000E+03    -0.5647991359E+02
    0.1930000000E+03    -0.5639833141E+02
    0.1940000000E+03    -0.5631221183E+02
    0.1950000000E+03    -0.5622164817E+02
    0.1960000000E+03    -0.5612558601E+02
    0.1970000000E+03    -0.5602485194E+02
    0.1980000000E+03    -0.5592014422E+02
    0.1990000000E+03    -0.5581075133E+02
    0.2000000000E+03    -0.5569578045E+02
    0.2010000000E+03    -0.5557654670E+02
    0.2020000000E+03    -0.5545197086E+02
    0.2030000000E+03    -0.5532329171E+02
    0.2040000000E+03    -0.5519041664E+02
    0.2050000000E+03    -0.5505219117E+02
    0.2060000000E+03    -0.5490712368E+02
    0.2070000000E+03    -0.5475969693E+02
    0.2080000000E+03    -0.5460687033E+02
    0.2090000000E+03    -0.5444941754E+02
    0.2100000000E+03    -0.5428741334E+02
    0.2110000000E+03    -0.5412005813E+02
    0.2120000000E+03    -0.5394894287E+02
    0.2130000000E+03    -0.5377348341E+02
    0.2140000000E+03    -0.5359240286E+02
    0.2150000000E+03    -0.5340669516E+02
    0.2160000000E+03    -0.5321564098E+02
    0.2170000000E+03    -0.5301904797E+02
    0.2180000000E+03    -0.5281816746E+02
    0.2190000000E+03    -0.5261216797E+02
    0.2200000000E+03    -0.5240161592E+02
    0.2210000000E+03    -0.5218416173E+02
    0.2220000000E+03    -0.5196333340E+02
    0.2230000000E+03    -0.5173794643E+02
    0.2240000000E+03    -0.5150709605E+02
    0.2250000000E+03    -0.5127131643E+02
    0.2260000000E+03    -0.5103176222E+02
    0.2270000000E+03    -0.5078706245E+02
    0.2280000000E+03    -0.5053603398E+02
    0.2290000000E+03    -0.5027968345E+02
    0.2300000000E+03    -0.5002007795E+02
    0.2310000000E+03    -0.4975701443E+02
    0.2320000000E+03    -0.4948676831E+02
    0.2330000000E+03    -0.4921354411E+02
    0.2340000000E+03    -0.4893587943E+02
    0.2350000000E+03    -0.4865214212E+02
    0.2360000000E+03    -0.4836286410E+02
    0.2370000000E+03    -0.4806969994E+02
    0.2380000000E+03    -0.4777308442E+02
    0.2390000000E+03    -0.4746857638E+02
    0.2400000000E+03    -0.4716007865E+02
    0.2410000000E+03    -0.4684823419E+02
    0.2420000000E+03    -0.4653257726E+02
    0.2430000000E+03    -0.4621127910E+02
    0.2440000000E+03    -0.4588556951E+02
    0.2450000000E+03    -0.4555565816E+02
    0.2460000000E+03    -0.4522234030E+02
    0.2470000000E+03    -0.4488360737E+02
    0.2480000000E+03    -0.4454155186E+02
    0.2490000000E+03    -0.4419256157E+02
    0.2500000000E+03    -0.4384028705E+02
    0.2510000000E+03    -0.4348354251E+02
    0.2520000000E+03    -0.4312147922E+02
    0.2530000000E+03    -0.4275695272E+02
    0.2540000000E+03    -0.4238723892E+02
    0.2550000000E+03    -0.4201291667E+02
    0.2560000000E+03    -0.4163315344E+02
    0.2570000000E+03    -0.4125028212E+02
    0.2580000000E+03    -0.4086261489E+02
    0.2590000000E+03    -0.4047099475E+02
    0.2600000000E+03    -0.4007593355E+02
    0.2610000000E+03    -0.3967685236E+02
    0.2620000000E+03    -0.3927590613E+02
    0.2630000000E+03    -0.3886970094E+02
    0.2640000000E+03    -0.3845969748E+02
    0.2650000000E+03    -0.3804546999E+02
    0.2660000000E+03    -0.3762675726E+02
    0.2670000000E+03    -0.3720387649E+02
    0.2680000000E+03    -0.3678006551E+02
    0.2690000000E+03    -0.3635321264E+02
    0.2700000000E+03    -0.3592076158E+02
    0.2710000000E+03    -0.3548611478E+02
    0.2720000000E+03    -0.3504928582E+02
    0.2730000000E+03    -0.3460832967E+02
    0.2740000000E+03    -0.3416404054E+02
    0.2750000000E+03    -0.3371896754E+02
    0.2760000000E+03    -0.3327267951E+02
    0.2770000000E+03    -0.3282308508E+02
    0.2780000000E+03    -0.3237117955E+02
    0.2790000000E+03    -0.3191446503E+02
    0.2800000000E+03    -0.3145709627E+02
    0.2810000000E+03    -0.3099627311E+02
    0.2820000000E+03    -0.3053531628E+02
    0.2830000000E+03    -0.3007057020E+02
    0.2840000000E+03    -0.2960400399E+02
    0.2850000000E+03    -0.2913531334E+02
    0.2860000000E+03    -0.2866609096E+02
    0.2870000000E+03    -0.2819447171E+02
    0.2880000000E+03    -0.2771882373E+02
    0.2890000000E+03    -0.2724341192E+02
    0.2900000000E+03    -0.2677041535E+02
    0.2910000000E+03    -0.2629453578E+02
    0.2920000000E+03    -0.2581998242E+02
    0.2930000000E+03    -0.2534277433E+02
    0.2940000000E+03    -0.2486712055E+02
    0.2950000000E+03    -0.2439188966E+02
    0.2960000000E+03    -0.2391771813E+02
    0.2970000000E+03    -0.2343860205E+02
    0.2980000000E+03    -0.2296351230E+02
    0.2990000000E+03    -0.2248528999E+02
    0.3000000000E+03    -0.2200985726E+02
    0.3010000000E+03    -0.2153391271E+02
    0.3020000000E+03    -0.2105993339E+02
    0.3030000000E+03    -0.2058900962E+02
    0.3040000000E+03    -0.2011898047E+02
    0.3050000000E+03    -0.1965034079E+02
    0.3060000000E+03    -0.1918209841E+02
    0.3070000000E+03    -0.1871690769E+02
    0.3080000000E+03    -0.1825328111E+02
    0.3090000000E+03    -0.1779019830E+02
    0.3100000000E+03    -0.1733021829E+02
    0.3110000000E+03    -0.1687636464E+02
    0.3120000000E+03    -0.1642423254E+02
    0.3130000000E+03    -0.1597109411E+02
    0.3140000000E+03    -0.1552585295E+02
    0.3150000000E+03    -0.1508432295E+02
    0.3160000000E+03    -0.1464298168E+02
    0.3170000000E+03    -0.1421056414E+02
    0.3180000000E+03    -0.1377899645E+02
    0.3190000000E+03    -0.1335140194E+02
    0.3200000000E+03    -0.1293331958E+02
    0.3210000000E+03    -0.1251971131E+02
    0.3220000000E+03    -0.1210930739E+02
    0.3230000000E+03    -0.1170655844E+02
    0.3240000000E+03    -0.1130833178E+02
    0.3250000000E+03    -0.1091691656E+02
    0.3260000000E+03    -0.1053050448E+02
    0.3270000000E+03    -0.1014793289E+02
    0.3280000000E+03    -0.9775093438E+01
    0.3290000000E+03    -0.9407429612E+01
    0.3300000000E+03    -0.9047206993E+01
    0.3310000000E+03    -0.8694282789E+01
    0.3320000000E+03    -0.8346688225E+01
    0.3330000000E+03    -0.8013764512E+01
    0.3340000000E+03    -0.7688109584E+01
    0.3350000000E+03    -0.7369554923E+01
    0.3360000000E+03    -0.7063564851E+01
    0.3370000000E+03    -0.6764512112E+01
    0.3380000000E+03    -0.6475714962E+01
    0.3390000000E+03    -0.6195574463E+01
    0.3400000000E+03    -0.5923616123E+01
    0.3410000000E+03    -0.5661017234E+01
    0.3420000000E+03    -0.5409122937E+01
    0.3430000000E+03    -0.5168240054E+01
    0.3440000000E+03    -0.4940153070E+01
    0.3450000000E+03    -0.4717928804E+01
    0.3460000000E+03    -0.4511374483E+01
    0.3470000000E+03    -0.4316611152E+01
    0.3480000000E+03    -0.4137621044E+01
    0.3490000000E+03    -0.3972303609E+01
    0.3500000000E+03    -0.3812740193E+01
    0.3510000000E+03    -0.3667981915E+01
    0.3520000000E+03    -0.3533435356E+01
    0.3530000000E+03    -0.3414815295E+01
    0.3540000000E+03    -0.3312538083E+01
    0.3550000000E+03    -0.3221385160E+01
    0.3560000000E+03    -0.3140571744E+01
    0.3570000000E+03    -0.3079446805E+01
    0.3580000000E+03    -0.3033322762E+01
    0.3590000000E+03    -0.3006442633E+01
    0.3600000000E+03    -0.2989328373E+01
    0.3610000000E+03    -0.2995227404E+01
    0.3620000000E+03    -0.3015617762E+01
    0.3630000000E+03    -0.3058791963E+01
    0.3640000000E+03    -0.3116504834E+01
    0.3650000000E+03    -0.3187715481E+01
    0.3660000000E+03    -0.3274109457E+01
    0.3670000000E+03    -0.3380857424E+01
    0.3680000000E+03    -0.3509901227E+01
    0.3690000000E+03    -0.3666584794E+01
    0.3700000000E+03    -0.3834974355E+01
    0.3710000000E+03    -0.4023179373E+01
    0.3720000000E+03    -0.4232314069E+01
    0.3730000000E+03    -0.4459867430E+01
    0.3740000000E+03    -0.4709626680E+01
    0.3750000000E+03    -0.4990193637E+01
    0.3760000000E+03    -0.5290355862E+01
    0.3770000000E+03    -0.5608902184E+01
    0.3780000000E+03    -0.5951737827E+01
    0.3790000000E+03    -0.6304672979E+01
    0.3800000000E+03    -0.6690331079E+01
    0.3810000000E+03    -0.7100287245E+01
    0.3820000000E+03    -0.7552309528E+01
    0.3830000000E+03    -0.8005546827E+01
    0.3840000000E+03    -0.8490861205E+01
    0.3850000000E+03    -0.9003038267E+01
    0.3860000000E+03    -0.9549299759E+01
    0.3870000000E+03    -0.1011899547E+02
    0.3880000000E+03    -0.1070182609E+02
    0.3890000000E+03    -0.1132389233E+02
    0.3900000000E+03    -0.1196678872E+02
    0.3910000000E+03    -0.1263105743E+02
    0.3920000000E+03    -0.1333473033E+02
    0.3930000000E+03    -0.1405683221E+02
    0.3940000000E+03    -0.1480520556E+02
    0.3950000000E+03    -0.1558498172E+02
    0.3960000000E+03    -0.1640239875E+02
    0.3970000000E+03    -0.1725438782E+02
    0.3980000000E+03    -0.1815356531E+02
    0.3990000000E+03    -0.1906622343E+02
    0.4000000000E+03    -0.2000740429E+02
    0.4010000000E+03    -0.2098907072E+02
    0.4020000000E+03    -0.2199543222E+02
    0.4030000000E+03    -0.2303218740E+02
    0.4040000000E+03    -0.2410946647E+02
    0.4050000000E+03    -0.2522542191E+02
    0.4060000000E+03    -0.2635423680E+02
    0.4070000000E+03    -0.2753909996E+02
    0.4080000000E+03    -0.2874900159E+02
    0.4090000000E+03    -0.3000608897E+02
    0.4100000000E+03    -0.3130566733E+02
    0.4110000000E+03    -0.3262070131E+02
    0.4120000000E+03    -0.3398618784E+02
    0.4130000000E+03    -0.3539480103E+02
    0.4140000000E+03    -0.3684734168E+02
    0.4150000000E+03    -0.3831449311E+02
    0.4160000000E+03    -0.3984458171E+02
    0.4170000000E+03    -0.4139941714E+02
    0.4180000000E+03    -0.4299966818E+02
    0.4190000000E+03    -0.4463603211E+02
    0.4200000000E+03    -0.4634622129E+02
    0.4210000000E+03    -0.4808821032E+02
    0.4220000000E+03    -0.4986716034E+02
    0.4230000000E+03    -0.5169017267E+02
    0.4240000000E+03    -0.5354989931E+02
    0.4250000000E+03    -0.5549271532E+02
