       0   -0.40227261E-09
       1   -0.60574040E-03
       2   -0.36671759E-01
       3   -0.10844187E+00
       4   -0.21576516E+00
       5   -0.35902568E+00
       6   -0.53827923E+00
       7   -0.75307003E+00
       8   -0.10037737E+01
       9   -0.12911187E+01
      10   -0.16139867E+01
      11   -0.19736059E+01
      12   -0.23698939E+01
      13   -0.28025246E+01
      14   -0.32703408E+01
      15   -0.37736360E+01
      16   -0.43144736E+01
      17   -0.48916581E+01
      18   -0.55044660E+01
      19   -0.61541259E+01
      20   -0.68406875E+01
      21   -0.75667298E+01
      22   -0.83307929E+01
      23   -0.91306211E+01
      24   -0.99679536E+01
      25   -0.10844062E+02
      26   -0.11755175E+02
      27   -0.12702671E+02
      28   -0.13688481E+02
      29   -0.14711013E+02
      30   -0.15772261E+02
      31   -0.16874773E+02
      32   -0.18014150E+02
      33   -0.19188585E+02
      34   -0.20403261E+02
      35   -0.21655129E+02
      36   -0.22941787E+02
      37   -0.24271847E+02
      38   -0.25640507E+02
      39   -0.27045955E+02
      40   -0.28487192E+02
      41   -0.29968791E+02
      42   -0.31493151E+02
      43   -0.33055462E+02
      44   -0.34663431E+02
      45   -0.36306534E+02
      46   -0.37980208E+02
      47   -0.39703517E+02
      48   -0.41460423E+02
      49   -0.43252605E+02
      50   -0.45093053E+02
      51   -0.46973634E+02
      52   -0.48886269E+02
      53   -0.50836429E+02
      54   -0.52825893E+02
      55   -0.54863243E+02
      56   -0.56931734E+02
      57   -0.59040483E+02
      58   -0.61184934E+02
      59   -0.63378160E+02
      60   -0.65610860E+02
      61   -0.67864734E+02
      62   -0.70175615E+02
      63   -0.72513914E+02
      64   -0.74890335E+02
      65   -0.77299309E+02
      66   -0.79764940E+02
      67   -0.82261145E+02
      68   -0.84794597E+02
      69   -0.87374039E+02
      70   -0.89987691E+02
      71   -0.92620699E+02
      72   -0.95302971E+02
      73   -0.98018334E+02
      74   -0.10078018E+03
      75   -0.10355911E+03
      76   -0.10637900E+03
      77   -0.10922442E+03
      78   -0.11210472E+03
      79   -0.11503377E+03
      80   -0.11799548E+03
      81   -0.12098116E+03
      82   -0.12398574E+03
      83   -0.12701787E+03
      84   -0.13008831E+03
      85   -0.13318397E+03
      86   -0.13632158E+03
      87   -0.13949371E+03
      88   -0.14267819E+03
      89   -0.14589647E+03
      90   -0.14916270E+03
      91   -0.15245912E+03
      92   -0.15578474E+03
      93   -0.15911374E+03
      94   -0.16249235E+03
      95   -0.16587027E+03
      96   -0.16928679E+03
      97   -0.17274252E+03
      98   -0.17621928E+03
      99   -0.17971053E+03
     100   -0.18323808E+03
     101   -0.18678256E+03
     102   -0.19035728E+03
     103   -0.19395573E+03
     104   -0.19757231E+03
     105   -0.20120872E+03
     106   -0.20486214E+03
     107   -0.20854431E+03
     108   -0.21223803E+03
     109   -0.21592470E+03
     110   -0.21965330E+03
     111   -0.22337810E+03
     112   -0.22714333E+03
     113   -0.23092409E+03
     114   -0.23475039E+03
     115   -0.23859883E+03
     116   -0.24247900E+03
     117   -0.24634801E+03
     118   -0.25022419E+03
     119   -0.25414157E+03
     120   -0.25806807E+03
     121   -0.26201910E+03
     122   -0.26600743E+03
     123   -0.27003990E+03
     124   -0.27407145E+03
     125   -0.27809572E+03
     126   -0.28213108E+03
     127   -0.28621029E+03
     128   -0.29029547E+03
     129   -0.29436348E+03
     130   -0.29847141E+03
     131   -0.30256333E+03
     132   -0.30672674E+03
     133   -0.31086880E+03
     134   -0.31507462E+03
     135   -0.31926714E+03
     136   -0.32349981E+03
     137   -0.32775854E+03
     138   -0.33200176E+03
     139   -0.33626685E+03
     140   -0.34053274E+03
     141   -0.34478275E+03
     142   -0.34907989E+03
     143   -0.35337759E+03
     144   -0.35766003E+03
     145   -0.36200997E+03
     146   -0.36636203E+03
     147   -0.37071467E+03
     148   -0.37509873E+03
     149   -0.37950874E+03
     150   -0.38390824E+03
     151   -0.38829672E+03
     152   -0.39272231E+03
     153   -0.39716718E+03
     154   -0.40167131E+03
     155   -0.40614133E+03
     156   -0.41066515E+03
     157   -0.41514905E+03
     158   -0.41966925E+03
     159   -0.42417544E+03
     160   -0.42873752E+03
     161   -0.43329000E+03
     162   -0.43787930E+03
     163   -0.44244244E+03
     164   -0.44702008E+03
     165   -0.45161880E+03
     166   -0.45625072E+03
     167   -0.46086225E+03
     168   -0.46554133E+03
     169   -0.47014607E+03
     170   -0.47485095E+03
     171   -0.47949286E+03
     172   -0.48421109E+03
     173   -0.48890179E+03
     174   -0.49361769E+03
     175   -0.49832654E+03
     176   -0.50306907E+03
     177   -0.50780399E+03
     178   -0.51258965E+03
     179   -0.51732463E+03
     180   -0.52206412E+03
     181   -0.52687409E+03
     182   -0.53168744E+03
     183   -0.53652954E+03
     184   -0.54136201E+03
     185   -0.54618040E+03
     186   -0.55098112E+03
     187   -0.55586244E+03
     188   -0.56070599E+03
     189   -0.56559050E+03
     190   -0.57047993E+03
     191   -0.57539637E+03
     192   -0.58031578E+03
     193   -0.58523427E+03
     194   -0.59014296E+03
     195   -0.59509454E+03
     196   -0.60007336E+03
     197   -0.60502643E+03
     198   -0.61003493E+03
     199   -0.61501838E+03
     200   -0.62002731E+03
     201   -0.62508247E+03
     202   -0.63014376E+03
     203   -0.63516798E+03
     204   -0.64025906E+03
     205   -0.64539052E+03
     206   -0.65051950E+03
     207   -0.65564767E+03
     208   -0.66077479E+03
     209   -0.66592345E+03
     210   -0.67114181E+03
     211   -0.67639005E+03
     212   -0.68165819E+03
     213   -0.68686013E+03
     214   -0.69206620E+03
     215   -0.69730050E+03
     216   -0.70257339E+03
     217   -0.70787971E+03
     218   -0.71317950E+03
     219   -0.71846050E+03
     220   -0.72378549E+03
     221   -0.72914469E+03
     222   -0.73449102E+03
     223   -0.73986926E+03
     224   -0.74527181E+03
     225   -0.75069712E+03
     226   -0.75615174E+03
     227   -0.76159191E+03
     228   -0.76701609E+03
     229   -0.77250162E+03
     230   -0.77805660E+03
     231   -0.78359898E+03
     232   -0.78913881E+03
     233   -0.79470921E+03
     234   -0.80032558E+03
     235   -0.80595753E+03
     236   -0.81157236E+03
     237   -0.81715856E+03
     238   -0.82281480E+03
     239   -0.82850014E+03
     240   -0.83416587E+03
     241   -0.83994317E+03
     242   -0.84571247E+03
     243   -0.85147263E+03
     244   -0.85731107E+03
     245   -0.86313131E+03
     246   -0.86904072E+03
     247   -0.87492906E+03
     248   -0.88084363E+03
     249   -0.88679606E+03
     250   -0.89281793E+03
     251   -0.89888445E+03
     252   -0.90497310E+03
     253   -0.91108011E+03
     254   -0.91722194E+03
     255   -0.92339730E+03
     256   -0.92961476E+03
     257   -0.93584391E+03
     258   -0.94209145E+03
     259   -0.94838308E+03
     260   -0.95469786E+03
     261   -0.96098563E+03
     262   -0.96731815E+03
     263   -0.97370530E+03
     264   -0.98016493E+03
     265   -0.98667073E+03
     266   -0.99314020E+03
     267   -0.99971013E+03
     268   -0.10063197E+04
     269   -0.10129442E+04
     270   -0.10196089E+04
     271   -0.10263309E+04
     272   -0.10330870E+04
     273   -0.10398921E+04
     274   -0.10466885E+04
     275   -0.10536552E+04
     276   -0.10605435E+04
     277   -0.10674757E+04
     278   -0.10744413E+04
     279   -0.10814059E+04
     280   -0.10884537E+04
     281   -0.10955132E+04
     282   -0.11027098E+04
     283   -0.11099112E+04
     284   -0.11171631E+04
     285   -0.11244233E+04
     286   -0.11317194E+04
     287   -0.11390505E+04
     288   -0.11465404E+04
     289   -0.11538785E+04
     290   -0.11613259E+04
     291   -0.11688123E+04
     292   -0.11763562E+04
     293   -0.11838564E+04
     294   -0.11914311E+04
     295   -0.11991184E+04
     296   -0.12068065E+04
     297   -0.12145112E+04
     298   -0.12222747E+04
     299   -0.12301558E+04
     300   -0.12379482E+04
     301   -0.12457845E+04
     302   -0.12536047E+04
     303   -0.12615526E+04
     304   -0.12695260E+04
     305   -0.12775012E+04
     306   -0.12855745E+04
     307   -0.12936062E+04
     308   -0.13016922E+04
     309   -0.13097949E+04
     310   -0.13179503E+04
     311   -0.13261260E+04
     312   -0.13343841E+04
     313   -0.13426965E+04
     314   -0.13510561E+04
     315   -0.13594307E+04
     316   -0.13678027E+04
     317   -0.13762548E+04
     318   -0.13847728E+04
     319   -0.13931873E+04
     320   -0.14017666E+04
     321   -0.14103106E+04
     322   -0.14188952E+04
     323   -0.14275947E+04
     324   -0.14361614E+04
     325   -0.14449102E+04
     326   -0.14535892E+04
     327   -0.14622812E+04
     328   -0.14711142E+04
     329   -0.14798972E+04
     330   -0.14886946E+04
     331   -0.14975669E+04
     332   -0.15065166E+04
     333   -0.15153814E+04
     334   -0.15243164E+04
     335   -0.15332755E+04
     336   -0.15422376E+04
     337   -0.15512761E+04
     338   -0.15601860E+04
     339   -0.15694301E+04
     340   -0.15786102E+04
     341   -0.15879047E+04
     342   -0.15972102E+04
     343   -0.16064332E+04
     344   -0.16158358E+04
     345   -0.16252443E+04
     346   -0.16344553E+04
     347   -0.16437199E+04
     348   -0.16531429E+04
     349   -0.16623856E+04
     350   -0.16717373E+04
     351   -0.16810919E+04
     352   -0.16906019E+04
     353   -0.17001861E+04
     354   -0.17096330E+04
     355   -0.17190384E+04
     356   -0.17285654E+04
     357   -0.17381937E+04
     358   -0.17477205E+04
     359   -0.17572240E+04
     360   -0.17668256E+04
     361   -0.17764971E+04
     362   -0.17861760E+04
     363   -0.17959889E+04
     364   -0.18057589E+04
     365   -0.18154710E+04
     366   -0.18251992E+04
     367   -0.18349655E+04
     368   -0.18448709E+04
     369   -0.18548704E+04
     370   -0.18646890E+04
     371   -0.18744678E+04
     372   -0.18841542E+04
     373   -0.18940391E+04
     374   -0.19039700E+04
     375   -0.19138520E+04
     376   -0.19240579E+04
     377   -0.19338376E+04
     378   -0.19437273E+04
     379   -0.19536346E+04
     380   -0.19637297E+04
     381   -0.19737641E+04
     382   -0.19839979E+04
     383   -0.19942859E+04
     384   -0.20042182E+04
     385   -0.20143814E+04
     386   -0.20243337E+04
     387   -0.20345489E+04
     388   -0.20448153E+04
     389   -0.20550240E+04
     390   -0.20650643E+04
     391   -0.20752836E+04
     392   -0.20853086E+04
     393   -0.20956580E+04
     394   -0.21055987E+04
     395   -0.21162478E+04
     396   -0.21266711E+04
     397   -0.21365551E+04
     398   -0.21467604E+04
     399   -0.21567955E+04
     400   -0.21673313E+04
     401   -0.21773919E+04
     402   -0.21872960E+04
     403   -0.21974959E+04
     404   -0.22078759E+04
     405   -0.22185152E+04
     406   -0.22289559E+04
     407   -0.22389031E+04
     408   -0.22493803E+04
     409   -0.22598939E+04
     410   -0.22704138E+04
     411   -0.22808195E+04
     412   -0.22914459E+04
     413   -0.23017615E+04
     414   -0.23121915E+04
     415   -0.23227687E+04
     416   -0.23327126E+04
     417   -0.23428205E+04
     418   -0.23534520E+04
     419   -0.23642487E+04
     420   -0.23751055E+04
     421   -0.23855868E+04
     422   -0.23953038E+04
     423   -0.24060821E+04
     424   -0.24165430E+04
     425   -0.24258182E+04
