    0.0000000000E+00    -0.6778176167E+02
    0.1000000000E+01    -0.6478815052E+02
    0.2000000000E+01    -0.6247077252E+02
    0.3000000000E+01    -0.6054103579E+02
    0.4000000000E+01    -0.5888142642E+02
    0.5000000000E+01    -0.5742832220E+02
    0.6000000000E+01    -0.5614058401E+02
    0.7000000000E+01    -0.5498896516E+02
    0.8000000000E+01    -0.5395374459E+02
    0.9000000000E+01    -0.5301927382E+02
    0.1000000000E+02    -0.5217291686E+02
    0.1100000000E+02    -0.5140529028E+02
    0.1200000000E+02    -0.5070687975E+02
    0.1300000000E+02    -0.5007141712E+02
    0.1400000000E+02    -0.4949358739E+02
    0.1500000000E+02    -0.4896752376E+02
    0.1600000000E+02    -0.4848900421E+02
    0.1700000000E+02    -0.4805460569E+02
    0.1800000000E+02    -0.4765981727E+02
    0.1900000000E+02    -0.4730254558E+02
    0.2000000000E+02    -0.4697992457E+02
    0.2100000000E+02    -0.4668942382E+02
    0.2200000000E+02    -0.4642810839E+02
    0.2300000000E+02    -0.4619513787E+02
    0.2400000000E+02    -0.4598762471E+02
    0.2500000000E+02    -0.4580414146E+02
    0.2600000000E+02    -0.4564334856E+02
    0.2700000000E+02    -0.4550361472E+02
    0.2800000000E+02    -0.4538395073E+02
    0.2900000000E+02    -0.4528256716E+02
    0.3000000000E+02    -0.4519886187E+02
    0.3100000000E+02    -0.4513158691E+02
    0.3200000000E+02    -0.4507918726E+02
    0.3300000000E+02    -0.4504186896E+02
    0.3400000000E+02    -0.4501823061E+02
    0.3500000000E+02    -0.4500713062E+02
    0.3600000000E+02    -0.4500827343E+02
    0.3700000000E+02    -0.4502024389E+02
    0.3800000000E+02    -0.4504272718E+02
    0.3900000000E+02    -0.4507568022E+02
    0.4000000000E+02    -0.4511735348E+02
    0.4100000000E+02    -0.4516836659E+02
    0.4200000000E+02    -0.4522771145E+02
    0.4300000000E+02    -0.4529387833E+02
    0.4400000000E+02    -0.4536715866E+02
    0.4500000000E+02    -0.4544750609E+02
    0.4600000000E+02    -0.4553413864E+02
    0.4700000000E+02    -0.4562656910E+02
    0.4800000000E+02    -0.4572511000E+02
    0.4900000000E+02    -0.4582857963E+02
    0.5000000000E+02    -0.4593684464E+02
    0.5100000000E+02    -0.4604909809E+02
    0.5200000000E+02    -0.4616511829E+02
    0.5300000000E+02    -0.4628534173E+02
    0.5400000000E+02    -0.4640882914E+02
    0.5500000000E+02    -0.4653541648E+02
    0.5600000000E+02    -0.4666459437E+02
    0.5700000000E+02    -0.4679602499E+02
    0.5800000000E+02    -0.4692944741E+02
    0.5900000000E+02    -0.4706560235E+02
    0.6000000000E+02    -0.4720330479E+02
    0.6100000000E+02    -0.4734229918E+02
    0.6200000000E+02    -0.4748305897E+02
    0.6300000000E+02    -0.4762436778E+02
    0.6400000000E+02    -0.4776676795E+02
    0.6500000000E+02    -0.4791001209E+02
    0.6600000000E+02    -0.4805448955E+02
    0.6700000000E+02    -0.4819910106E+02
    0.6800000000E+02    -0.4834378144E+02
    0.6900000000E+02    -0.4848758900E+02
    0.7000000000E+02    -0.4863177877E+02
    0.7100000000E+02    -0.4877539965E+02
    0.7200000000E+02    -0.4891894400E+02
    0.7300000000E+02    -0.4906297738E+02
    0.7400000000E+02    -0.4920583513E+02
    0.7500000000E+02    -0.4934835754E+02
    0.7600000000E+02    -0.4948951184E+02
    0.7700000000E+02    -0.4962967105E+02
    0.7800000000E+02    -0.4976932871E+02
    0.7900000000E+02    -0.4990733740E+02
    0.8000000000E+02    -0.5004400069E+02
    0.8100000000E+02    -0.5017962546E+02
    0.8200000000E+02    -0.5031423763E+02
    0.8300000000E+02    -0.5044692689E+02
    0.8400000000E+02    -0.5057734188E+02
    0.8500000000E+02    -0.5070613361E+02
    0.8600000000E+02    -0.5083329265E+02
    0.8700000000E+02    -0.5095896727E+02
    0.8800000000E+02    -0.5108231532E+02
    0.8900000000E+02    -0.5120324241E+02
    0.9000000000E+02    -0.5132272770E+02
    0.9100000000E+02    -0.5143949350E+02
    0.9200000000E+02    -0.5155345952E+02
    0.9300000000E+02    -0.5166586026E+02
    0.9400000000E+02    -0.5177634029E+02
    0.9500000000E+02    -0.5188467747E+02
    0.9600000000E+02    -0.5199007713E+02
    0.9700000000E+02    -0.5209248888E+02
    0.9800000000E+02    -0.5219266008E+02
    0.9900000000E+02    -0.5229003069E+02
    0.1000000000E+03    -0.5238398239E+02
    0.1010000000E+03    -0.5247573418E+02
    0.1020000000E+03    -0.5256514930E+02
    0.1030000000E+03    -0.5265244782E+02
    0.1040000000E+03    -0.5273578088E+02
    0.1050000000E+03    -0.5281689696E+02
    0.1060000000E+03    -0.5289520255E+02
    0.1070000000E+03    -0.5296993933E+02
    0.1080000000E+03    -0.5304191412E+02
    0.1090000000E+03    -0.5311138840E+02
    0.1100000000E+03    -0.5317814173E+02
    0.1110000000E+03    -0.5324225594E+02
    0.1120000000E+03    -0.5330208535E+02
    0.1130000000E+03    -0.5335947077E+02
    0.1140000000E+03    -0.5341329513E+02
    0.1150000000E+03    -0.5346432564E+02
    0.1160000000E+03    -0.5351160796E+02
    0.1170000000E+03    -0.5355673684E+02
    0.1180000000E+03    -0.5359870196E+02
    0.1190000000E+03    -0.5363702245E+02
    0.1200000000E+03    -0.5367227067E+02
    0.1210000000E+03    -0.5370418904E+02
    0.1220000000E+03    -0.5373375989E+02
    0.1230000000E+03    -0.5375998899E+02
    0.1240000000E+03    -0.5378295084E+02
    0.1250000000E+03    -0.5380264268E+02
    0.1260000000E+03    -0.5381907414E+02
    0.1270000000E+03    -0.5383096545E+02
    0.1280000000E+03    -0.5384105228E+02
    0.1290000000E+03    -0.5384794864E+02
    0.1300000000E+03    -0.5385034532E+02
    0.1310000000E+03    -0.5385020978E+02
    0.1320000000E+03    -0.5384604040E+02
    0.1330000000E+03    -0.5383891946E+02
    0.1340000000E+03    -0.5382836677E+02
    0.1350000000E+03    -0.5381454846E+02
    0.1360000000E+03    -0.5379789708E+02
    0.1370000000E+03    -0.5377744474E+02
    0.1380000000E+03    -0.5375471417E+02
    0.1390000000E+03    -0.5372804389E+02
    0.1400000000E+03    -0.5369742600E+02
    0.1410000000E+03    -0.5366407109E+02
    0.1420000000E+03    -0.5362689476E+02
    0.1430000000E+03    -0.5358696777E+02
    0.1440000000E+03    -0.5354293987E+02
    0.1450000000E+03    -0.5349546035E+02
    0.1460000000E+03    -0.5344339180E+02
    0.1470000000E+03    -0.5338896126E+02
    0.1480000000E+03    -0.5333079034E+02
    0.1490000000E+03    -0.5327039453E+02
    0.1500000000E+03    -0.5320518188E+02
    0.1510000000E+03    -0.5313795610E+02
    0.1520000000E+03    -0.5306640474E+02
    0.1530000000E+03    -0.5299153249E+02
    0.1540000000E+03    -0.5291305924E+02
    0.1550000000E+03    -0.5283240943E+02
    0.1560000000E+03    -0.5274683080E+02
    0.1570000000E+03    -0.5265785552E+02
    0.1580000000E+03    -0.5256476771E+02
    0.1590000000E+03    -0.5246949401E+02
    0.1600000000E+03    -0.5237095627E+02
    0.1610000000E+03    -0.5226919992E+02
    0.1620000000E+03    -0.5216489348E+02
    0.1630000000E+03    -0.5205556611E+02
    0.1640000000E+03    -0.5194413989E+02
    0.1650000000E+03    -0.5182884009E+02
    0.1660000000E+03    -0.5170926782E+02
    0.1670000000E+03    -0.5158621709E+02
    0.1680000000E+03    -0.5145993348E+02
    0.1690000000E+03    -0.5133072309E+02
    0.1700000000E+03    -0.5119750560E+02
    0.1710000000E+03    -0.5106186457E+02
    0.1720000000E+03    -0.5092313902E+02
    0.1730000000E+03    -0.5077895381E+02
    0.1740000000E+03    -0.5063347010E+02
    0.1750000000E+03    -0.5048414045E+02
    0.1760000000E+03    -0.5033055862E+02
    0.1770000000E+03    -0.5017408973E+02
    0.1780000000E+03    -0.5001447157E+02
    0.1790000000E+03    -0.4985191253E+02
    0.1800000000E+03    -0.4968544374E+02
    0.1810000000E+03    -0.4951592165E+02
    0.1820000000E+03    -0.4934266606E+02
    0.1830000000E+03    -0.4916692868E+02
    0.1840000000E+03    -0.4898545619E+02
    0.1850000000E+03    -0.4880211190E+02
    0.1860000000E+03    -0.4861403333E+02
    0.1870000000E+03    -0.4842309094E+02
    0.1880000000E+03    -0.4822922479E+02
    0.1890000000E+03    -0.4803163287E+02
    0.1900000000E+03    -0.4783129650E+02
    0.1910000000E+03    -0.4762736734E+02
    0.1920000000E+03    -0.4741995884E+02
    0.1930000000E+03    -0.4721063571E+02
    0.1940000000E+03    -0.4699738683E+02
    0.1950000000E+03    -0.4678031738E+02
    0.1960000000E+03    -0.4655880057E+02
    0.1970000000E+03    -0.4633526929E+02
    0.1980000000E+03    -0.4610822934E+02
    0.1990000000E+03    -0.4587805006E+02
    0.2000000000E+03    -0.4564365455E+02
    0.2010000000E+03    -0.4540642424E+02
    0.2020000000E+03    -0.4516628245E+02
    0.2030000000E+03    -0.4492322335E+02
    0.2040000000E+03    -0.4467516071E+02
    0.2050000000E+03    -0.4442503394E+02
    0.2060000000E+03    -0.4417293476E+02
    0.2070000000E+03    -0.4391664196E+02
    0.2080000000E+03    -0.4365777232E+02
    0.2090000000E+03    -0.4339417487E+02
    0.2100000000E+03    -0.4312871910E+02
    0.2110000000E+03    -0.4285976796E+02
    0.2120000000E+03    -0.4258755693E+02
    0.2130000000E+03    -0.4231360137E+02
    0.2140000000E+03    -0.4203545503E+02
    0.2150000000E+03    -0.4175395222E+02
    0.2160000000E+03    -0.4147052467E+02
    0.2170000000E+03    -0.4118402971E+02
    0.2180000000E+03    -0.4089506454E+02
    0.2190000000E+03    -0.4060091734E+02
    0.2200000000E+03    -0.4030526060E+02
    0.2210000000E+03    -0.4000648504E+02
    0.2220000000E+03    -0.3970403746E+02
    0.2230000000E+03    -0.3939854351E+02
    0.2240000000E+03    -0.3909158830E+02
    0.2250000000E+03    -0.3878292927E+02
    0.2260000000E+03    -0.3847013920E+02
    0.2270000000E+03    -0.3815435671E+02
    0.2280000000E+03    -0.3783386467E+02
    0.2290000000E+03    -0.3751265702E+02
    0.2300000000E+03    -0.3718971748E+02
    0.2310000000E+03    -0.3686281431E+02
    0.2320000000E+03    -0.3653328413E+02
    0.2330000000E+03    -0.3620121706E+02
    0.2340000000E+03    -0.3586656454E+02
    0.2350000000E+03    -0.3552821033E+02
    0.2360000000E+03    -0.3519008450E+02
    0.2370000000E+03    -0.3484942712E+02
    0.2380000000E+03    -0.3450367884E+02
    0.2390000000E+03    -0.3415626390E+02
    0.2400000000E+03    -0.3380756844E+02
    0.2410000000E+03    -0.3345521149E+02
    0.2420000000E+03    -0.3310260275E+02
    0.2430000000E+03    -0.3274622343E+02
    0.2440000000E+03    -0.3238958698E+02
    0.2450000000E+03    -0.3202820180E+02
    0.2460000000E+03    -0.3166555923E+02
    0.2470000000E+03    -0.3130154901E+02
    0.2480000000E+03    -0.3093655246E+02
    0.2490000000E+03    -0.3056875666E+02
    0.2500000000E+03    -0.3019846385E+02
    0.2510000000E+03    -0.2982730253E+02
    0.2520000000E+03    -0.2945421880E+02
    0.2530000000E+03    -0.2908095086E+02
    0.2540000000E+03    -0.2870576258E+02
    0.2550000000E+03    -0.2832919553E+02
    0.2560000000E+03    -0.2794829791E+02
    0.2570000000E+03    -0.2756934093E+02
    0.2580000000E+03    -0.2718804997E+02
    0.2590000000E+03    -0.2680693828E+02
    0.2600000000E+03    -0.2642441651E+02
    0.2610000000E+03    -0.2604169268E+02
    0.2620000000E+03    -0.2565603299E+02
    0.2630000000E+03    -0.2526977936E+02
    0.2640000000E+03    -0.2488405544E+02
    0.2650000000E+03    -0.2449784984E+02
    0.2660000000E+03    -0.2410899265E+02
    0.2670000000E+03    -0.2372154505E+02
    0.2680000000E+03    -0.2333046104E+02
    0.2690000000E+03    -0.2294226388E+02
    0.2700000000E+03    -0.2255267473E+02
    0.2710000000E+03    -0.2216027279E+02
    0.2720000000E+03    -0.2176969974E+02
    0.2730000000E+03    -0.2138020113E+02
    0.2740000000E+03    -0.2099327631E+02
    0.2750000000E+03    -0.2060744402E+02
    0.2760000000E+03    -0.2022051709E+02
    0.2770000000E+03    -0.1983301043E+02
    0.2780000000E+03    -0.1944607845E+02
    0.2790000000E+03    -0.1906098633E+02
    0.2800000000E+03    -0.1867733654E+02
    0.2810000000E+03    -0.1829316022E+02
    0.2820000000E+03    -0.1791076589E+02
    0.2830000000E+03    -0.1752717939E+02
    0.2840000000E+03    -0.1714636692E+02
    0.2850000000E+03    -0.1676618295E+02
    0.2860000000E+03    -0.1638766145E+02
    0.2870000000E+03    -0.1601235112E+02
    0.2880000000E+03    -0.1563930473E+02
    0.2890000000E+03    -0.1526707828E+02
    0.2900000000E+03    -0.1489797221E+02
    0.2910000000E+03    -0.1452816471E+02
    0.2920000000E+03    -0.1416247030E+02
    0.2930000000E+03    -0.1380257099E+02
    0.2940000000E+03    -0.1344514993E+02
    0.2950000000E+03    -0.1309115636E+02
    0.2960000000E+03    -0.1273878468E+02
    0.2970000000E+03    -0.1238779817E+02
    0.2980000000E+03    -0.1204135920E+02
    0.2990000000E+03    -0.1169823880E+02
    0.3000000000E+03    -0.1135671023E+02
    0.3010000000E+03    -0.1102196844E+02
    0.3020000000E+03    -0.1068917413E+02
    0.3030000000E+03    -0.1036200787E+02
    0.3040000000E+03    -0.1003881079E+02
    0.3050000000E+03    -0.9717654669E+01
    0.3060000000E+03    -0.9405242898E+01
    0.3070000000E+03    -0.9097264432E+01
    0.3080000000E+03    -0.8795997419E+01
    0.3090000000E+03    -0.8498097028E+01
    0.3100000000E+03    -0.8205217487E+01
    0.3110000000E+03    -0.7922495863E+01
    0.3120000000E+03    -0.7641775835E+01
    0.3130000000E+03    -0.7369966475E+01
    0.3140000000E+03    -0.7104038829E+01
    0.3150000000E+03    -0.6844806798E+01
    0.3160000000E+03    -0.6591528471E+01
    0.3170000000E+03    -0.6346970835E+01
    0.3180000000E+03    -0.6106558766E+01
    0.3190000000E+03    -0.5875565263E+01
    0.3200000000E+03    -0.5650340666E+01
    0.3210000000E+03    -0.5436701890E+01
    0.3220000000E+03    -0.5225238407E+01
    0.3230000000E+03    -0.5025192474E+01
    0.3240000000E+03    -0.4833459609E+01
    0.3250000000E+03    -0.4649401419E+01
    0.3260000000E+03    -0.4475329541E+01
    0.3270000000E+03    -0.4312072459E+01
    0.3280000000E+03    -0.4153077289E+01
    0.3290000000E+03    -0.4008097897E+01
    0.3300000000E+03    -0.3869456891E+01
    0.3310000000E+03    -0.3742919578E+01
    0.3320000000E+03    -0.3627486921E+01
    0.3330000000E+03    -0.3520406776E+01
    0.3340000000E+03    -0.3429745267E+01
    0.3350000000E+03    -0.3345145625E+01
    0.3360000000E+03    -0.3272724798E+01
    0.3370000000E+03    -0.3211510910E+01
    0.3380000000E+03    -0.3164702468E+01
    0.3390000000E+03    -0.3126206024E+01
    0.3400000000E+03    -0.3104727252E+01
    0.3410000000E+03    -0.3093595523E+01
    0.3420000000E+03    -0.3098962051E+01
    0.3430000000E+03    -0.3116931134E+01
    0.3440000000E+03    -0.3146051718E+01
    0.3450000000E+03    -0.3189298569E+01
    0.3460000000E+03    -0.3248574851E+01
    0.3470000000E+03    -0.3319119432E+01
    0.3480000000E+03    -0.3399465699E+01
    0.3490000000E+03    -0.3495134614E+01
    0.3500000000E+03    -0.3612995237E+01
    0.3510000000E+03    -0.3745939772E+01
    0.3520000000E+03    -0.3892211737E+01
    0.3530000000E+03    -0.4051314294E+01
    0.3540000000E+03    -0.4226711342E+01
    0.3550000000E+03    -0.4419853353E+01
    0.3560000000E+03    -0.4620553285E+01
    0.3570000000E+03    -0.4844480071E+01
    0.3580000000E+03    -0.5085408442E+01
    0.3590000000E+03    -0.5348407696E+01
    0.3600000000E+03    -0.5629025724E+01
    0.3610000000E+03    -0.5925311393E+01
    0.3620000000E+03    -0.6236286551E+01
    0.3630000000E+03    -0.6573734912E+01
    0.3640000000E+03    -0.6925231000E+01
    0.3650000000E+03    -0.7299615148E+01
    0.3660000000E+03    -0.7700519036E+01
    0.3670000000E+03    -0.8120491201E+01
    0.3680000000E+03    -0.8562261251E+01
    0.3690000000E+03    -0.9023577010E+01
    0.3700000000E+03    -0.9499776613E+01
    0.3710000000E+03    -0.9997962342E+01
    0.3720000000E+03    -0.1051137741E+02
    0.3730000000E+03    -0.1105340908E+02
    0.3740000000E+03    -0.1161822478E+02
    0.3750000000E+03    -0.1220850921E+02
    0.3760000000E+03    -0.1282999249E+02
    0.3770000000E+03    -0.1346768378E+02
    0.3780000000E+03    -0.1413375809E+02
    0.3790000000E+03    -0.1482228341E+02
    0.3800000000E+03    -0.1552848489E+02
    0.3810000000E+03    -0.1625917536E+02
    0.3820000000E+03    -0.1701510602E+02
    0.3830000000E+03    -0.1779818946E+02
    0.3840000000E+03    -0.1859402994E+02
    0.3850000000E+03    -0.1942948253E+02
    0.3860000000E+03    -0.2029894504E+02
    0.3870000000E+03    -0.2118052332E+02
    0.3880000000E+03    -0.2209388748E+02
    0.3890000000E+03    -0.2305294874E+02
    0.3900000000E+03    -0.2403542861E+02
    0.3910000000E+03    -0.2503980200E+02
    0.3920000000E+03    -0.2604907237E+02
    0.3930000000E+03    -0.2711380546E+02
    0.3940000000E+03    -0.2819466620E+02
    0.3950000000E+03    -0.2930874942E+02
    0.3960000000E+03    -0.3047163641E+02
    0.3970000000E+03    -0.3166055618E+02
    0.3980000000E+03    -0.3289076651E+02
    0.3990000000E+03    -0.3414270503E+02
    0.4000000000E+03    -0.3543978761E+02
