    0.0000000000E+00    -0.9993598475E+02
    0.1000000000E+01    -0.9756462529E+02
    0.2000000000E+01    -0.9586381978E+02
    0.3000000000E+01    -0.9454611437E+02
    0.4000000000E+01    -0.9349288343E+02
    0.5000000000E+01    -0.9264118819E+02
    0.6000000000E+01    -0.9194963172E+02
    0.7000000000E+01    -0.9138942221E+02
    0.8000000000E+01    -0.9094014883E+02
    0.9000000000E+01    -0.9058649270E+02
    0.1000000000E+02    -0.9031624804E+02
    0.1100000000E+02    -0.9011923187E+02
    0.1200000000E+02    -0.8998706635E+02
    0.1300000000E+02    -0.8991274825E+02
    0.1400000000E+02    -0.8988977695E+02
    0.1500000000E+02    -0.8991418136E+02
    0.1600000000E+02    -0.8998083210E+02
    0.1700000000E+02    -0.9008613110E+02
    0.1800000000E+02    -0.9022648116E+02
    0.1900000000E+02    -0.9039860359E+02
    0.2000000000E+02    -0.9060003098E+02
    0.2100000000E+02    -0.9082843493E+02
    0.2200000000E+02    -0.9108129214E+02
    0.2300000000E+02    -0.9135662153E+02
    0.2400000000E+02    -0.9165247803E+02
    0.2500000000E+02    -0.9196710448E+02
    0.2600000000E+02    -0.9229906612E+02
    0.2700000000E+02    -0.9264676233E+02
    0.2800000000E+02    -0.9300919743E+02
    0.2900000000E+02    -0.9338510676E+02
    0.3000000000E+02    -0.9377320837E+02
    0.3100000000E+02    -0.9417232449E+02
    0.3200000000E+02    -0.9458178641E+02
    0.3300000000E+02    -0.9499992628E+02
    0.3400000000E+02    -0.9542665556E+02
    0.3500000000E+02    -0.9586086058E+02
    0.3600000000E+02    -0.9630165997E+02
    0.3700000000E+02    -0.9674849574E+02
    0.3800000000E+02    -0.9720071093E+02
    0.3900000000E+02    -0.9765682998E+02
    0.4000000000E+02    -0.9811637092E+02
    0.4100000000E+02    -0.9857949952E+02
    0.4200000000E+02    -0.9904513664E+02
    0.4300000000E+02    -0.9951409162E+02
    0.4400000000E+02    -0.9998378595E+02
    0.4500000000E+02    -0.1004543138E+03
    0.4600000000E+02    -0.1009267930E+03
    0.4700000000E+02    -0.1013995288E+03
    0.4800000000E+02    -0.1018713014E+03
    0.4900000000E+02    -0.1023435397E+03
    0.5000000000E+02    -0.1028145861E+03
    0.5100000000E+02    -0.1032839403E+03
    0.5200000000E+02    -0.1037528385E+03
    0.5300000000E+02    -0.1042190034E+03
    0.5400000000E+02    -0.1046832493E+03
    0.5500000000E+02    -0.1051450716E+03
    0.5600000000E+02    -0.1056041332E+03
    0.5700000000E+02    -0.1060602784E+03
    0.5800000000E+02    -0.1065135559E+03
    0.5900000000E+02    -0.1069639105E+03
    0.6000000000E+02    -0.1074102271E+03
    0.6100000000E+02    -0.1078525996E+03
    0.6200000000E+02    -0.1082911787E+03
    0.6300000000E+02    -0.1087255441E+03
    0.6400000000E+02    -0.1091564377E+03
    0.6500000000E+02    -0.1095823160E+03
    0.6600000000E+02    -0.1100033083E+03
    0.6700000000E+02    -0.1104202728E+03
    0.6800000000E+02    -0.1108322070E+03
    0.6900000000E+02    -0.1112380964E+03
    0.7000000000E+02    -0.1116388954E+03
    0.7100000000E+02    -0.1120338336E+03
    0.7200000000E+02    -0.1124246051E+03
    0.7300000000E+02    -0.1128097395E+03
    0.7400000000E+02    -0.1131892320E+03
    0.7500000000E+02    -0.1135622639E+03
    0.7600000000E+02    -0.1139305870E+03
    0.7700000000E+02    -0.1142929762E+03
    0.7800000000E+02    -0.1146501605E+03
    0.7900000000E+02    -0.1150012094E+03
    0.8000000000E+02    -0.1153460962E+03
    0.8100000000E+02    -0.1156852390E+03
    0.8200000000E+02    -0.1160174972E+03
    0.8300000000E+02    -0.1163444427E+03
    0.8400000000E+02    -0.1166654705E+03
    0.8500000000E+02    -0.1169804478E+03
    0.8600000000E+02    -0.1172891262E+03
    0.8700000000E+02    -0.1175909802E+03
    0.8800000000E+02    -0.1178872158E+03
    0.8900000000E+02    -0.1181769489E+03
    0.9000000000E+02    -0.1184613915E+03
    0.9100000000E+02    -0.1187386485E+03
    0.9200000000E+02    -0.1190101385E+03
    0.9300000000E+02    -0.1192766874E+03
    0.9400000000E+02    -0.1195356201E+03
    0.9500000000E+02    -0.1197886853E+03
    0.9600000000E+02    -0.1200359075E+03
    0.9700000000E+02    -0.1202767155E+03
    0.9800000000E+02    -0.1205108734E+03
    0.9900000000E+02    -0.1207392998E+03
    0.1000000000E+03    -0.1209618793E+03
    0.1010000000E+03    -0.1211779966E+03
    0.1020000000E+03    -0.1213875883E+03
    0.1030000000E+03    -0.1215918337E+03
    0.1040000000E+03    -0.1217897153E+03
    0.1050000000E+03    -0.1219818257E+03
    0.1060000000E+03    -0.1221670241E+03
    0.1070000000E+03    -0.1223462551E+03
    0.1080000000E+03    -0.1225195985E+03
    0.1090000000E+03    -0.1226870590E+03
    0.1100000000E+03    -0.1228485631E+03
    0.1110000000E+03    -0.1230035691E+03
    0.1120000000E+03    -0.1231524435E+03
    0.1130000000E+03    -0.1232967975E+03
    0.1140000000E+03    -0.1234342035E+03
    0.1150000000E+03    -0.1235655694E+03
    0.1160000000E+03    -0.1236907742E+03
    0.1170000000E+03    -0.1238103726E+03
    0.1180000000E+03    -0.1239238902E+03
    0.1190000000E+03    -0.1240316469E+03
    0.1200000000E+03    -0.1241324006E+03
    0.1210000000E+03    -0.1242285719E+03
    0.1220000000E+03    -0.1243186244E+03
    0.1230000000E+03    -0.1244032023E+03
    0.1240000000E+03    -0.1244820083E+03
    0.1250000000E+03    -0.1245546886E+03
    0.1260000000E+03    -0.1246209779E+03
    0.1270000000E+03    -0.1246828381E+03
    0.1280000000E+03    -0.1247369761E+03
    0.1290000000E+03    -0.1247878591E+03
    0.1300000000E+03    -0.1248315780E+03
    0.1310000000E+03    -0.1248703774E+03
    0.1320000000E+03    -0.1249039374E+03
    0.1330000000E+03    -0.1249313037E+03
    0.1340000000E+03    -0.1249524181E+03
    0.1350000000E+03    -0.1249680145E+03
    0.1360000000E+03    -0.1249775731E+03
    0.1370000000E+03    -0.1249818843E+03
    0.1380000000E+03    -0.1249807468E+03
    0.1390000000E+03    -0.1249729169E+03
    0.1400000000E+03    -0.1249604088E+03
    0.1410000000E+03    -0.1249416658E+03
    0.1420000000E+03    -0.1249171359E+03
    0.1430000000E+03    -0.1248870787E+03
    0.1440000000E+03    -0.1248506876E+03
    0.1450000000E+03    -0.1248096732E+03
    0.1460000000E+03    -0.1247629271E+03
    0.1470000000E+03    -0.1247109875E+03
    0.1480000000E+03    -0.1246532863E+03
    0.1490000000E+03    -0.1245902440E+03
    0.1500000000E+03    -0.1245214623E+03
    0.1510000000E+03    -0.1244471457E+03
    0.1520000000E+03    -0.1243673804E+03
    0.1530000000E+03    -0.1242817726E+03
    0.1540000000E+03    -0.1241906564E+03
    0.1550000000E+03    -0.1240941294E+03
    0.1560000000E+03    -0.1239922917E+03
    0.1570000000E+03    -0.1238851697E+03
    0.1580000000E+03    -0.1237726634E+03
    0.1590000000E+03    -0.1236551033E+03
    0.1600000000E+03    -0.1235309339E+03
    0.1610000000E+03    -0.1234028728E+03
    0.1620000000E+03    -0.1232688527E+03
    0.1630000000E+03    -0.1231301304E+03
    0.1640000000E+03    -0.1229861516E+03
    0.1650000000E+03    -0.1228365556E+03
    0.1660000000E+03    -0.1226806516E+03
    0.1670000000E+03    -0.1225197364E+03
    0.1680000000E+03    -0.1223548516E+03
    0.1690000000E+03    -0.1221847829E+03
    0.1700000000E+03    -0.1220086396E+03
    0.1710000000E+03    -0.1218280216E+03
    0.1720000000E+03    -0.1216416603E+03
    0.1730000000E+03    -0.1214492291E+03
    0.1740000000E+03    -0.1212511655E+03
    0.1750000000E+03    -0.1210484070E+03
    0.1760000000E+03    -0.1208413074E+03
    0.1770000000E+03    -0.1206287943E+03
    0.1780000000E+03    -0.1204109976E+03
    0.1790000000E+03    -0.1201874721E+03
    0.1800000000E+03    -0.1199599199E+03
    0.1810000000E+03    -0.1197283006E+03
    0.1820000000E+03    -0.1194913008E+03
    0.1830000000E+03    -0.1192478606E+03
    0.1840000000E+03    -0.1189984874E+03
    0.1850000000E+03    -0.1187448825E+03
    0.1860000000E+03    -0.1184859123E+03
    0.1870000000E+03    -0.1182210521E+03
    0.1880000000E+03    -0.1179518162E+03
    0.1890000000E+03    -0.1176763146E+03
    0.1900000000E+03    -0.1173953199E+03
    0.1910000000E+03    -0.1171092115E+03
    0.1920000000E+03    -0.1168169366E+03
    0.1930000000E+03    -0.1165218918E+03
    0.1940000000E+03    -0.1162193657E+03
    0.1950000000E+03    -0.1159126392E+03
    0.1960000000E+03    -0.1156003157E+03
    0.1970000000E+03    -0.1152836635E+03
    0.1980000000E+03    -0.1149597747E+03
    0.1990000000E+03    -0.1146297444E+03
    0.2000000000E+03    -0.1142935640E+03
    0.2010000000E+03    -0.1139542706E+03
    0.2020000000E+03    -0.1136090938E+03
    0.2030000000E+03    -0.1132578124E+03
    0.2040000000E+03    -0.1129013658E+03
    0.2050000000E+03    -0.1125387420E+03
    0.2060000000E+03    -0.1121729485E+03
    0.2070000000E+03    -0.1118004582E+03
    0.2080000000E+03    -0.1114222646E+03
    0.2090000000E+03    -0.1110378663E+03
    0.2100000000E+03    -0.1106472373E+03
    0.2110000000E+03    -0.1102521910E+03
    0.2120000000E+03    -0.1098511409E+03
    0.2130000000E+03    -0.1094451496E+03
    0.2140000000E+03    -0.1090333461E+03
    0.2150000000E+03    -0.1086135861E+03
    0.2160000000E+03    -0.1081891360E+03
    0.2170000000E+03    -0.1077602459E+03
    0.2180000000E+03    -0.1073255153E+03
    0.2190000000E+03    -0.1068860909E+03
    0.2200000000E+03    -0.1064405746E+03
    0.2210000000E+03    -0.1059894526E+03
    0.2220000000E+03    -0.1055324216E+03
    0.2230000000E+03    -0.1050709437E+03
    0.2240000000E+03    -0.1046024448E+03
    0.2250000000E+03    -0.1041275557E+03
    0.2260000000E+03    -0.1036474217E+03
    0.2270000000E+03    -0.1031613234E+03
    0.2280000000E+03    -0.1026712938E+03
    0.2290000000E+03    -0.1021751689E+03
    0.2300000000E+03    -0.1016725842E+03
    0.2310000000E+03    -0.1011642684E+03
    0.2320000000E+03    -0.1006502360E+03
    0.2330000000E+03    -0.1001306338E+03
    0.2340000000E+03    -0.9960547611E+02
    0.2350000000E+03    -0.9907538179E+02
    0.2360000000E+03    -0.9853932582E+02
    0.2370000000E+03    -0.9799639225E+02
    0.2380000000E+03    -0.9744678600E+02
    0.2390000000E+03    -0.9689205444E+02
    0.2400000000E+03    -0.9633133089E+02
    0.2410000000E+03    -0.9576713106E+02
    0.2420000000E+03    -0.9519550099E+02
    0.2430000000E+03    -0.9461757363E+02
    0.2440000000E+03    -0.9403368855E+02
    0.2450000000E+03    -0.9344371024E+02
    0.2460000000E+03    -0.9284822518E+02
    0.2470000000E+03    -0.9224815865E+02
    0.2480000000E+03    -0.9164184600E+02
    0.2490000000E+03    -0.9103082749E+02
    0.2500000000E+03    -0.9041332260E+02
    0.2510000000E+03    -0.8978900875E+02
    0.2520000000E+03    -0.8915955723E+02
    0.2530000000E+03    -0.8852222528E+02
    0.2540000000E+03    -0.8788112579E+02
    0.2550000000E+03    -0.8723455056E+02
    0.2560000000E+03    -0.8658304470E+02
    0.2570000000E+03    -0.8592560113E+02
    0.2580000000E+03    -0.8526187781E+02
    0.2590000000E+03    -0.8459179331E+02
    0.2600000000E+03    -0.8391752443E+02
    0.2610000000E+03    -0.8323577051E+02
    0.2620000000E+03    -0.8254764150E+02
    0.2630000000E+03    -0.8185593787E+02
    0.2640000000E+03    -0.8115753382E+02
    0.2650000000E+03    -0.8045378624E+02
    0.2660000000E+03    -0.7974570910E+02
    0.2670000000E+03    -0.7902920859E+02
    0.2680000000E+03    -0.7830773624E+02
    0.2690000000E+03    -0.7758266798E+02
    0.2700000000E+03    -0.7685166521E+02
    0.2710000000E+03    -0.7611657405E+02
    0.2720000000E+03    -0.7537552314E+02
    0.2730000000E+03    -0.7462875970E+02
    0.2740000000E+03    -0.7387954966E+02
    0.2750000000E+03    -0.7312352313E+02
    0.2760000000E+03    -0.7236171609E+02
    0.2770000000E+03    -0.7159615401E+02
    0.2780000000E+03    -0.7082610121E+02
    0.2790000000E+03    -0.7005188121E+02
    0.2800000000E+03    -0.6927252274E+02
    0.2810000000E+03    -0.6848874731E+02
    0.2820000000E+03    -0.6770248234E+02
    0.2830000000E+03    -0.6691047257E+02
    0.2840000000E+03    -0.6611285168E+02
    0.2850000000E+03    -0.6531252590E+02
    0.2860000000E+03    -0.6450950899E+02
    0.2870000000E+03    -0.6370344970E+02
    0.2880000000E+03    -0.6289271853E+02
    0.2890000000E+03    -0.6207872017E+02
    0.2900000000E+03    -0.6126420192E+02
    0.2910000000E+03    -0.6044364327E+02
    0.2920000000E+03    -0.5962029061E+02
    0.2930000000E+03    -0.5879426992E+02
    0.2940000000E+03    -0.5796818930E+02
    0.2950000000E+03    -0.5713978448E+02
    0.2960000000E+03    -0.5630673132E+02
    0.2970000000E+03    -0.5547365163E+02
    0.2980000000E+03    -0.5463761189E+02
    0.2990000000E+03    -0.5380016079E+02
    0.3000000000E+03    -0.5296297253E+02
    0.3010000000E+03    -0.5212250313E+02
    0.3020000000E+03    -0.5127927075E+02
    0.3030000000E+03    -0.5043544414E+02
    0.3040000000E+03    -0.4959349472E+02
    0.3050000000E+03    -0.4875049528E+02
    0.3060000000E+03    -0.4790708276E+02
    0.3070000000E+03    -0.4706463923E+02
    0.3080000000E+03    -0.4622228231E+02
    0.3090000000E+03    -0.4537818177E+02
    0.3100000000E+03    -0.4453703636E+02
    0.3110000000E+03    -0.4369537035E+02
    0.3120000000E+03    -0.4285813833E+02
    0.3130000000E+03    -0.4201914008E+02
    0.3140000000E+03    -0.4118429631E+02
    0.3150000000E+03    -0.4034927564E+02
    0.3160000000E+03    -0.3951719088E+02
    0.3170000000E+03    -0.3868155569E+02
    0.3180000000E+03    -0.3785162375E+02
    0.3190000000E+03    -0.3702414846E+02
    0.3200000000E+03    -0.3620048628E+02
    0.3210000000E+03    -0.3538126234E+02
    0.3220000000E+03    -0.3456282357E+02
    0.3230000000E+03    -0.3374679969E+02
    0.3240000000E+03    -0.3293455534E+02
    0.3250000000E+03    -0.3213047566E+02
    0.3260000000E+03    -0.3132772006E+02
    0.3270000000E+03    -0.3053077256E+02
    0.3280000000E+03    -0.2973947913E+02
    0.3290000000E+03    -0.2895570064E+02
    0.3300000000E+03    -0.2817768905E+02
    0.3310000000E+03    -0.2740475306E+02
    0.3320000000E+03    -0.2663746182E+02
    0.3330000000E+03    -0.2587365894E+02
    0.3340000000E+03    -0.2511907636E+02
    0.3350000000E+03    -0.2437154251E+02
    0.3360000000E+03    -0.2362569938E+02
    0.3370000000E+03    -0.2289240042E+02
    0.3380000000E+03    -0.2216639400E+02
    0.3390000000E+03    -0.2144895117E+02
    0.3400000000E+03    -0.2073717766E+02
    0.3410000000E+03    -0.2003524085E+02
    0.3420000000E+03    -0.1934060307E+02
    0.3430000000E+03    -0.1865416319E+02
    0.3440000000E+03    -0.1798581225E+02
    0.3450000000E+03    -0.1732288753E+02
    0.3460000000E+03    -0.1667565228E+02
    0.3470000000E+03    -0.1603611978E+02
    0.3480000000E+03    -0.1540468048E+02
    0.3490000000E+03    -0.1478613858E+02
    0.3500000000E+03    -0.1417523807E+02
    0.3510000000E+03    -0.1358036294E+02
    0.3520000000E+03    -0.1299587189E+02
    0.3530000000E+03    -0.1242232946E+02
    0.3540000000E+03    -0.1186464740E+02
    0.3550000000E+03    -0.1131570789E+02
    0.3560000000E+03    -0.1077955062E+02
    0.3570000000E+03    -0.1025583491E+02
    0.3580000000E+03    -0.9751688803E+01
    0.3590000000E+03    -0.9257405960E+01
    0.3600000000E+03    -0.8791300952E+01
    0.3610000000E+03    -0.8333987467E+01
    0.3620000000E+03    -0.7893134096E+01
    0.3630000000E+03    -0.7457659664E+01
    0.3640000000E+03    -0.7044826661E+01
    0.3650000000E+03    -0.6642798935E+01
    0.3660000000E+03    -0.6257279874E+01
    0.3670000000E+03    -0.5896158144E+01
    0.3680000000E+03    -0.5545539391E+01
    0.3690000000E+03    -0.5218235134E+01
    0.3700000000E+03    -0.4909876746E+01
    0.3710000000E+03    -0.4625428662E+01
    0.3720000000E+03    -0.4366660489E+01
    0.3730000000E+03    -0.4115282567E+01
    0.3740000000E+03    -0.3886499100E+01
    0.3750000000E+03    -0.3681376119E+01
    0.3760000000E+03    -0.3492053675E+01
    0.3770000000E+03    -0.3319647584E+01
    0.3780000000E+03    -0.3170956816E+01
    0.3790000000E+03    -0.3048038378E+01
    0.3800000000E+03    -0.2940620681E+01
    0.3810000000E+03    -0.2864146090E+01
    0.3820000000E+03    -0.2807087261E+01
    0.3830000000E+03    -0.2781472587E+01
    0.3840000000E+03    -0.2764735757E+01
    0.3850000000E+03    -0.2787791007E+01
    0.3860000000E+03    -0.2836596904E+01
    0.3870000000E+03    -0.2905814801E+01
    0.3880000000E+03    -0.3007350882E+01
    0.3890000000E+03    -0.3124388493E+01
    0.3900000000E+03    -0.3283700568E+01
    0.3910000000E+03    -0.3454923795E+01
    0.3920000000E+03    -0.3657076174E+01
    0.3930000000E+03    -0.3886425799E+01
    0.3940000000E+03    -0.4128336613E+01
    0.3950000000E+03    -0.4421829021E+01
    0.3960000000E+03    -0.4729971516E+01
    0.3970000000E+03    -0.5059429828E+01
    0.3980000000E+03    -0.5416738822E+01
    0.3990000000E+03    -0.5818837918E+01
    0.4000000000E+03    -0.6252629016E+01
    0.4010000000E+03    -0.6726149085E+01
    0.4020000000E+03    -0.7231449044E+01
    0.4030000000E+03    -0.7772135803E+01
    0.4040000000E+03    -0.8349232203E+01
    0.4050000000E+03    -0.8953836391E+01
    0.4060000000E+03    -0.9601608958E+01
    0.4070000000E+03    -0.1025686722E+02
    0.4080000000E+03    -0.1095801629E+02
    0.4090000000E+03    -0.1168653574E+02
    0.4100000000E+03    -0.1247013861E+02
    0.4110000000E+03    -0.1330097822E+02
    0.4120000000E+03    -0.1417401857E+02
    0.4130000000E+03    -0.1505728859E+02
    0.4140000000E+03    -0.1598786721E+02
    0.4150000000E+03    -0.1694718028E+02
    0.4160000000E+03    -0.1794087904E+02
    0.4170000000E+03    -0.1899494942E+02
    0.4180000000E+03    -0.2008412770E+02
    0.4190000000E+03    -0.2120678451E+02
    0.4200000000E+03    -0.2238006817E+02
    0.4210000000E+03    -0.2360543629E+02
    0.4220000000E+03    -0.2484257992E+02
    0.4230000000E+03    -0.2612577747E+02
    0.4240000000E+03    -0.2746498649E+02
    0.4250000000E+03    -0.2886241804E+02
    0.4260000000E+03    -0.3030668127E+02
    0.4270000000E+03    -0.3181597864E+02
    0.4280000000E+03    -0.3334210828E+02
    0.4290000000E+03    -0.3492507471E+02
    0.4300000000E+03    -0.3655016872E+02
    0.4310000000E+03    -0.3823018049E+02
    0.4320000000E+03    -0.3996005988E+02
    0.4330000000E+03    -0.4174076936E+02
    0.4340000000E+03    -0.4359032327E+02
    0.4350000000E+03    -0.4546935811E+02
    0.4360000000E+03    -0.4738682731E+02
    0.4370000000E+03    -0.4935737677E+02
    0.4380000000E+03    -0.5138241426E+02
    0.4390000000E+03    -0.5346121948E+02
    0.4400000000E+03    -0.5560771515E+02
    0.4410000000E+03    -0.5779173976E+02
    0.4420000000E+03    -0.6005679257E+02
    0.4430000000E+03    -0.6235213915E+02
    0.4440000000E+03    -0.6471404966E+02
    0.4450000000E+03    -0.6716064226E+02
    0.4460000000E+03    -0.6961673332E+02
    0.4470000000E+03    -0.7220235365E+02
    0.4480000000E+03    -0.7481063705E+02
    0.4490000000E+03    -0.7746824032E+02
    0.4500000000E+03    -0.8019386582E+02
    0.4510000000E+03    -0.8292880665E+02
    0.4520000000E+03    -0.8574977510E+02
    0.4530000000E+03    -0.8864232633E+02
    0.4540000000E+03    -0.9155976717E+02
    0.4550000000E+03    -0.9454266368E+02
    0.4560000000E+03    -0.9763162165E+02
    0.4570000000E+03    -0.1007805029E+03
    0.4580000000E+03    -0.1040353995E+03
    0.4590000000E+03    -0.1073493883E+03
    0.4600000000E+03    -0.1107100324E+03
    0.4610000000E+03    -0.1140975547E+03
    0.4620000000E+03    -0.1175335585E+03
    0.4630000000E+03    -0.1211036097E+03
    0.4640000000E+03    -0.1247450578E+03
    0.4650000000E+03    -0.1284176445E+03
