    0.0000000000E+00    -0.6775905938E+02
    0.1000000000E+01    -0.6476618720E+02
    0.2000000000E+01    -0.6244864911E+02
    0.3000000000E+01    -0.6051860894E+02
    0.4000000000E+01    -0.5885907486E+02
    0.5000000000E+01    -0.5740570169E+02
    0.6000000000E+01    -0.5611739874E+02
    0.7000000000E+01    -0.5496583672E+02
    0.8000000000E+01    -0.5393045332E+02
    0.9000000000E+01    -0.5299552428E+02
    0.1000000000E+02    -0.5214897514E+02
    0.1100000000E+02    -0.5138050068E+02
    0.1200000000E+02    -0.5068150267E+02
    0.1300000000E+02    -0.5004602551E+02
    0.1400000000E+02    -0.4946775181E+02
    0.1500000000E+02    -0.4894138110E+02
    0.1600000000E+02    -0.4846250691E+02
    0.1700000000E+02    -0.4802755925E+02
    0.1800000000E+02    -0.4763298789E+02
    0.1900000000E+02    -0.4727605044E+02
    0.2000000000E+02    -0.4695300079E+02
    0.2100000000E+02    -0.4666229560E+02
    0.2200000000E+02    -0.4640043453E+02
    0.2300000000E+02    -0.4616644756E+02
    0.2400000000E+02    -0.4595905591E+02
    0.2500000000E+02    -0.4577587133E+02
    0.2600000000E+02    -0.4561545071E+02
    0.2700000000E+02    -0.4547633186E+02
    0.2800000000E+02    -0.4535645328E+02
    0.2900000000E+02    -0.4525483259E+02
    0.3000000000E+02    -0.4517104879E+02
    0.3100000000E+02    -0.4510406891E+02
    0.3200000000E+02    -0.4505198509E+02
    0.3300000000E+02    -0.4501486783E+02
    0.3400000000E+02    -0.4499138338E+02
    0.3500000000E+02    -0.4498073771E+02
    0.3600000000E+02    -0.4498172022E+02
    0.3700000000E+02    -0.4499467338E+02
    0.3800000000E+02    -0.4501868978E+02
    0.3900000000E+02    -0.4505136368E+02
    0.4000000000E+02    -0.4509368593E+02
    0.4100000000E+02    -0.4514471763E+02
    0.4200000000E+02    -0.4520370781E+02
    0.4300000000E+02    -0.4527063938E+02
    0.4400000000E+02    -0.4534418594E+02
    0.4500000000E+02    -0.4542510512E+02
    0.4600000000E+02    -0.4551160456E+02
    0.4700000000E+02    -0.4560424592E+02
    0.4800000000E+02    -0.4570206901E+02
    0.4900000000E+02    -0.4580499516E+02
    0.5000000000E+02    -0.4591239255E+02
    0.5100000000E+02    -0.4602439351E+02
    0.5200000000E+02    -0.4614041801E+02
    0.5300000000E+02    -0.4626024447E+02
    0.5400000000E+02    -0.4638333578E+02
    0.5500000000E+02    -0.4650933213E+02
    0.5600000000E+02    -0.4663805334E+02
    0.5700000000E+02    -0.4676935442E+02
    0.5800000000E+02    -0.4690303814E+02
    0.5900000000E+02    -0.4703852430E+02
    0.6000000000E+02    -0.4717580051E+02
    0.6100000000E+02    -0.4731487592E+02
    0.6200000000E+02    -0.4745543357E+02
    0.6300000000E+02    -0.4759667510E+02
    0.6400000000E+02    -0.4773899575E+02
    0.6500000000E+02    -0.4788246240E+02
    0.6600000000E+02    -0.4802626994E+02
    0.6700000000E+02    -0.4817023345E+02
    0.6800000000E+02    -0.4831577894E+02
    0.6900000000E+02    -0.4846052104E+02
    0.7000000000E+02    -0.4860571298E+02
    0.7100000000E+02    -0.4875004093E+02
    0.7200000000E+02    -0.4889367952E+02
    0.7300000000E+02    -0.4903644672E+02
    0.7400000000E+02    -0.4917878573E+02
    0.7500000000E+02    -0.4932071531E+02
    0.7600000000E+02    -0.4946230272E+02
    0.7700000000E+02    -0.4960253698E+02
    0.7800000000E+02    -0.4974219736E+02
    0.7900000000E+02    -0.4988001192E+02
    0.8000000000E+02    -0.5001629259E+02
    0.8100000000E+02    -0.5015207207E+02
    0.8200000000E+02    -0.5028561167E+02
    0.8300000000E+02    -0.5041736772E+02
    0.8400000000E+02    -0.5054749798E+02
    0.8500000000E+02    -0.5067625222E+02
    0.8600000000E+02    -0.5080293075E+02
    0.8700000000E+02    -0.5092783577E+02
    0.8800000000E+02    -0.5105004732E+02
    0.8900000000E+02    -0.5117154436E+02
    0.9000000000E+02    -0.5129064605E+02
    0.9100000000E+02    -0.5140710102E+02
    0.9200000000E+02    -0.5152156802E+02
    0.9300000000E+02    -0.5163378499E+02
    0.9400000000E+02    -0.5174393098E+02
    0.9500000000E+02    -0.5185073867E+02
    0.9600000000E+02    -0.5195470979E+02
    0.9700000000E+02    -0.5205684683E+02
    0.9800000000E+02    -0.5215622100E+02
    0.9900000000E+02    -0.5225425336E+02
    0.1000000000E+03    -0.5234945728E+02
    0.1010000000E+03    -0.5244168072E+02
    0.1020000000E+03    -0.5253119809E+02
    0.1030000000E+03    -0.5261710468E+02
    0.1040000000E+03    -0.5270062177E+02
    0.1050000000E+03    -0.5278104987E+02
    0.1060000000E+03    -0.5285936915E+02
    0.1070000000E+03    -0.5293510416E+02
    0.1080000000E+03    -0.5300765052E+02
    0.1090000000E+03    -0.5307603945E+02
    0.1100000000E+03    -0.5314258709E+02
    0.1110000000E+03    -0.5320582190E+02
    0.1120000000E+03    -0.5326692838E+02
    0.1130000000E+03    -0.5332348958E+02
    0.1140000000E+03    -0.5337724453E+02
    0.1150000000E+03    -0.5342739380E+02
    0.1160000000E+03    -0.5347526864E+02
    0.1170000000E+03    -0.5352035243E+02
    0.1180000000E+03    -0.5356141578E+02
    0.1190000000E+03    -0.5360027005E+02
    0.1200000000E+03    -0.5363573134E+02
    0.1210000000E+03    -0.5366855120E+02
    0.1220000000E+03    -0.5369733975E+02
    0.1230000000E+03    -0.5372325458E+02
    0.1240000000E+03    -0.5374642652E+02
    0.1250000000E+03    -0.5376614610E+02
    0.1260000000E+03    -0.5378209184E+02
    0.1270000000E+03    -0.5379493679E+02
    0.1280000000E+03    -0.5380411706E+02
    0.1290000000E+03    -0.5380968719E+02
    0.1300000000E+03    -0.5381280544E+02
    0.1310000000E+03    -0.5381141082E+02
    0.1320000000E+03    -0.5380704075E+02
    0.1330000000E+03    -0.5380072061E+02
    0.1340000000E+03    -0.5379107874E+02
    0.1350000000E+03    -0.5377721768E+02
    0.1360000000E+03    -0.5375868208E+02
    0.1370000000E+03    -0.5373807897E+02
    0.1380000000E+03    -0.5371329417E+02
    0.1390000000E+03    -0.5368689918E+02
    0.1400000000E+03    -0.5365622099E+02
    0.1410000000E+03    -0.5362233930E+02
    0.1420000000E+03    -0.5358669697E+02
    0.1430000000E+03    -0.5354646599E+02
    0.1440000000E+03    -0.5350358721E+02
    0.1450000000E+03    -0.5345642340E+02
    0.1460000000E+03    -0.5340514421E+02
    0.1470000000E+03    -0.5335112855E+02
    0.1480000000E+03    -0.5329352978E+02
    0.1490000000E+03    -0.5323280940E+02
    0.1500000000E+03    -0.5316806867E+02
    0.1510000000E+03    -0.5310025322E+02
    0.1520000000E+03    -0.5302839464E+02
    0.1530000000E+03    -0.5295431794E+02
    0.1540000000E+03    -0.5287627182E+02
    0.1550000000E+03    -0.5279569023E+02
    0.1560000000E+03    -0.5271110254E+02
    0.1570000000E+03    -0.5262341939E+02
    0.1580000000E+03    -0.5253196663E+02
    0.1590000000E+03    -0.5243791124E+02
    0.1600000000E+03    -0.5233850029E+02
    0.1610000000E+03    -0.5223560937E+02
    0.1620000000E+03    -0.5212949716E+02
    0.1630000000E+03    -0.5202039746E+02
    0.1640000000E+03    -0.5190836532E+02
    0.1650000000E+03    -0.5179225768E+02
    0.1660000000E+03    -0.5167440753E+02
    0.1670000000E+03    -0.5155210515E+02
    0.1680000000E+03    -0.5142598943E+02
    0.1690000000E+03    -0.5129744727E+02
    0.1700000000E+03    -0.5116444676E+02
    0.1710000000E+03    -0.5102804886E+02
    0.1720000000E+03    -0.5088789831E+02
    0.1730000000E+03    -0.5074329535E+02
    0.1740000000E+03    -0.5059670103E+02
    0.1750000000E+03    -0.5044785038E+02
    0.1760000000E+03    -0.5029357421E+02
    0.1770000000E+03    -0.5013830812E+02
    0.1780000000E+03    -0.4997904273E+02
    0.1790000000E+03    -0.4981546423E+02
    0.1800000000E+03    -0.4965001467E+02
    0.1810000000E+03    -0.4947999763E+02
    0.1820000000E+03    -0.4930622402E+02
    0.1830000000E+03    -0.4912965203E+02
    0.1840000000E+03    -0.4894948450E+02
    0.1850000000E+03    -0.4876591248E+02
    0.1860000000E+03    -0.4857882502E+02
    0.1870000000E+03    -0.4838977846E+02
    0.1880000000E+03    -0.4819620665E+02
    0.1890000000E+03    -0.4799779311E+02
    0.1900000000E+03    -0.4779593612E+02
    0.1910000000E+03    -0.4759163550E+02
    0.1920000000E+03    -0.4738470199E+02
    0.1930000000E+03    -0.4717461036E+02
    0.1940000000E+03    -0.4696208758E+02
    0.1950000000E+03    -0.4674402528E+02
    0.1960000000E+03    -0.4652288103E+02
    0.1970000000E+03    -0.4630036655E+02
    0.1980000000E+03    -0.4607394433E+02
    0.1990000000E+03    -0.4584458822E+02
    0.2000000000E+03    -0.4561214734E+02
    0.2010000000E+03    -0.4537540660E+02
    0.2020000000E+03    -0.4513541186E+02
    0.2030000000E+03    -0.4489127354E+02
    0.2040000000E+03    -0.4464546548E+02
    0.2050000000E+03    -0.4439578245E+02
    0.2060000000E+03    -0.4414372303E+02
    0.2070000000E+03    -0.4388805375E+02
    0.2080000000E+03    -0.4362866747E+02
    0.2090000000E+03    -0.4336588941E+02
    0.2100000000E+03    -0.4310060741E+02
    0.2110000000E+03    -0.4283125139E+02
    0.2120000000E+03    -0.4255880930E+02
    0.2130000000E+03    -0.4228471018E+02
    0.2140000000E+03    -0.4200666579E+02
    0.2150000000E+03    -0.4172428835E+02
    0.2160000000E+03    -0.4144144952E+02
    0.2170000000E+03    -0.4115477647E+02
    0.2180000000E+03    -0.4086613435E+02
    0.2190000000E+03    -0.4057353127E+02
    0.2200000000E+03    -0.4027812561E+02
    0.2210000000E+03    -0.3998038592E+02
    0.2220000000E+03    -0.3967941281E+02
    0.2230000000E+03    -0.3937540765E+02
    0.2240000000E+03    -0.3906882116E+02
    0.2250000000E+03    -0.3875789485E+02
    0.2260000000E+03    -0.3844370400E+02
    0.2270000000E+03    -0.3812907232E+02
    0.2280000000E+03    -0.3781138352E+02
    0.2290000000E+03    -0.3748980877E+02
    0.2300000000E+03    -0.3716466354E+02
    0.2310000000E+03    -0.3683723451E+02
    0.2320000000E+03    -0.3650818837E+02
    0.2330000000E+03    -0.3617741025E+02
    0.2340000000E+03    -0.3584221465E+02
    0.2350000000E+03    -0.3550535602E+02
    0.2360000000E+03    -0.3516625901E+02
    0.2370000000E+03    -0.3482486306E+02
    0.2380000000E+03    -0.3448011983E+02
    0.2390000000E+03    -0.3413257763E+02
    0.2400000000E+03    -0.3378474513E+02
    0.2410000000E+03    -0.3343541459E+02
    0.2420000000E+03    -0.3308192767E+02
    0.2430000000E+03    -0.3272650302E+02
    0.2440000000E+03    -0.3236883201E+02
    0.2450000000E+03    -0.3200903694E+02
    0.2460000000E+03    -0.3164738993E+02
    0.2470000000E+03    -0.3128361641E+02
    0.2480000000E+03    -0.3091838639E+02
    0.2490000000E+03    -0.3054964585E+02
    0.2500000000E+03    -0.3017831940E+02
    0.2510000000E+03    -0.2980727506E+02
    0.2520000000E+03    -0.2943405447E+02
    0.2530000000E+03    -0.2906093911E+02
    0.2540000000E+03    -0.2868523233E+02
    0.2550000000E+03    -0.2830741483E+02
    0.2560000000E+03    -0.2793079120E+02
    0.2570000000E+03    -0.2755283107E+02
    0.2580000000E+03    -0.2717258891E+02
    0.2590000000E+03    -0.2679212642E+02
    0.2600000000E+03    -0.2641136247E+02
    0.2610000000E+03    -0.2602895483E+02
    0.2620000000E+03    -0.2564467402E+02
    0.2630000000E+03    -0.2525837375E+02
    0.2640000000E+03    -0.2487146912E+02
    0.2650000000E+03    -0.2448504757E+02
    0.2660000000E+03    -0.2409872514E+02
    0.2670000000E+03    -0.2371325836E+02
    0.2680000000E+03    -0.2332622881E+02
    0.2690000000E+03    -0.2293740855E+02
    0.2700000000E+03    -0.2254947963E+02
    0.2710000000E+03    -0.2216019368E+02
    0.2720000000E+03    -0.2177028384E+02
    0.2730000000E+03    -0.2138189860E+02
    0.2740000000E+03    -0.2099272644E+02
    0.2750000000E+03    -0.2060477968E+02
    0.2760000000E+03    -0.2021706246E+02
    0.2770000000E+03    -0.1982982492E+02
    0.2780000000E+03    -0.1944633898E+02
    0.2790000000E+03    -0.1906101937E+02
    0.2800000000E+03    -0.1867594680E+02
    0.2810000000E+03    -0.1829437304E+02
    0.2820000000E+03    -0.1791291731E+02
    0.2830000000E+03    -0.1753243163E+02
    0.2840000000E+03    -0.1715210431E+02
    0.2850000000E+03    -0.1677421339E+02
    0.2860000000E+03    -0.1639876094E+02
    0.2870000000E+03    -0.1602257632E+02
    0.2880000000E+03    -0.1564811953E+02
    0.2890000000E+03    -0.1527781363E+02
    0.2900000000E+03    -0.1490845244E+02
    0.2910000000E+03    -0.1454300761E+02
    0.2920000000E+03    -0.1418187519E+02
    0.2930000000E+03    -0.1382087860E+02
    0.2940000000E+03    -0.1346018288E+02
    0.2950000000E+03    -0.1310584106E+02
    0.2960000000E+03    -0.1275317296E+02
    0.2970000000E+03    -0.1240326721E+02
    0.2980000000E+03    -0.1205719427E+02
    0.2990000000E+03    -0.1171339690E+02
    0.3000000000E+03    -0.1137627020E+02
    0.3010000000E+03    -0.1103982923E+02
    0.3020000000E+03    -0.1071141989E+02
    0.3030000000E+03    -0.1038272368E+02
    0.3040000000E+03    -0.1005860439E+02
    0.3050000000E+03    -0.9739426118E+01
    0.3060000000E+03    -0.9425469535E+01
    0.3070000000E+03    -0.9119019305E+01
    0.3080000000E+03    -0.8815849583E+01
    0.3090000000E+03    -0.8522015217E+01
    0.3100000000E+03    -0.8232041970E+01
    0.3110000000E+03    -0.7949461596E+01
    0.3120000000E+03    -0.7669063662E+01
    0.3130000000E+03    -0.7396770919E+01
    0.3140000000E+03    -0.7130364310E+01
    0.3150000000E+03    -0.6871447657E+01
    0.3160000000E+03    -0.6618859589E+01
    0.3170000000E+03    -0.6370874463E+01
    0.3180000000E+03    -0.6131767772E+01
    0.3190000000E+03    -0.5900687314E+01
    0.3200000000E+03    -0.5675712875E+01
    0.3210000000E+03    -0.5458435546E+01
    0.3220000000E+03    -0.5249685070E+01
    0.3230000000E+03    -0.5055101310E+01
    0.3240000000E+03    -0.4861694124E+01
    0.3250000000E+03    -0.4675215014E+01
    0.3260000000E+03    -0.4499941270E+01
    0.3270000000E+03    -0.4334360337E+01
    0.3280000000E+03    -0.4177367604E+01
    0.3290000000E+03    -0.4034044544E+01
    0.3300000000E+03    -0.3893695897E+01
    0.3310000000E+03    -0.3765171220E+01
    0.3320000000E+03    -0.3645776340E+01
    0.3330000000E+03    -0.3539809459E+01
    0.3340000000E+03    -0.3444589317E+01
    0.3350000000E+03    -0.3358092239E+01
    0.3360000000E+03    -0.3279739499E+01
    0.3370000000E+03    -0.3216992393E+01
    0.3380000000E+03    -0.3169580247E+01
    0.3390000000E+03    -0.3127350635E+01
    0.3400000000E+03    -0.3102319478E+01
    0.3410000000E+03    -0.3090906012E+01
    0.3420000000E+03    -0.3090848753E+01
    0.3430000000E+03    -0.3104225232E+01
    0.3440000000E+03    -0.3131304419E+01
    0.3450000000E+03    -0.3172537925E+01
    0.3460000000E+03    -0.3236572113E+01
    0.3470000000E+03    -0.3307566727E+01
    0.3480000000E+03    -0.3386509311E+01
    0.3490000000E+03    -0.3481628245E+01
    0.3500000000E+03    -0.3594958107E+01
    0.3510000000E+03    -0.3727973531E+01
    0.3520000000E+03    -0.3872890206E+01
    0.3530000000E+03    -0.4037723068E+01
    0.3540000000E+03    -0.4215721328E+01
    0.3550000000E+03    -0.4407546060E+01
    0.3560000000E+03    -0.4613773989E+01
    0.3570000000E+03    -0.4837001867E+01
    0.3580000000E+03    -0.5074027985E+01
    0.3590000000E+03    -0.5333566575E+01
    0.3600000000E+03    -0.5614835985E+01
    0.3610000000E+03    -0.5918514465E+01
    0.3620000000E+03    -0.6237449326E+01
    0.3630000000E+03    -0.6577727349E+01
    0.3640000000E+03    -0.6930521965E+01
    0.3650000000E+03    -0.7303120545E+01
    0.3660000000E+03    -0.7691450982E+01
    0.3670000000E+03    -0.8103168177E+01
    0.3680000000E+03    -0.8538312841E+01
    0.3690000000E+03    -0.8997206376E+01
    0.3700000000E+03    -0.9481496871E+01
    0.3710000000E+03    -0.9988273091E+01
    0.3720000000E+03    -0.1050955430E+02
    0.3730000000E+03    -0.1105425502E+02
    0.3740000000E+03    -0.1161267294E+02
    0.3750000000E+03    -0.1219715463E+02
    0.3760000000E+03    -0.1280735017E+02
    0.3770000000E+03    -0.1343309303E+02
    0.3780000000E+03    -0.1409433764E+02
    0.3790000000E+03    -0.1477176538E+02
    0.3800000000E+03    -0.1547522143E+02
    0.3810000000E+03    -0.1621168641E+02
    0.3820000000E+03    -0.1697563848E+02
    0.3830000000E+03    -0.1775919022E+02
    0.3840000000E+03    -0.1857018275E+02
    0.3850000000E+03    -0.1940997580E+02
    0.3860000000E+03    -0.2028148125E+02
    0.3870000000E+03    -0.2117107502E+02
    0.3880000000E+03    -0.2209363370E+02
    0.3890000000E+03    -0.2304483254E+02
    0.3900000000E+03    -0.2402353364E+02
    0.3910000000E+03    -0.2502831518E+02
    0.3920000000E+03    -0.2606945870E+02
    0.3930000000E+03    -0.2713019229E+02
    0.3940000000E+03    -0.2822669215E+02
    0.3950000000E+03    -0.2935124297E+02
    0.3960000000E+03    -0.3051039610E+02
    0.3970000000E+03    -0.3168985883E+02
    0.3980000000E+03    -0.3289986614E+02
    0.3990000000E+03    -0.3415948087E+02
    0.4000000000E+03    -0.3544460558E+02
