    0.0000000000E+00    -0.6262983450E+03
    0.1000000000E+01    -0.6208263933E+03
    0.2000000000E+01    -0.6160360980E+03
    0.3000000000E+01    -0.6116405288E+03
    0.4000000000E+01    -0.6075210938E+03
    0.5000000000E+01    -0.6036144133E+03
    0.6000000000E+01    -0.5998784603E+03
    0.7000000000E+01    -0.5962855195E+03
    0.8000000000E+01    -0.5928150320E+03
    0.9000000000E+01    -0.5894512631E+03
    0.1000000000E+02    -0.5861824755E+03
    0.1100000000E+02    -0.5829977879E+03
    0.1200000000E+02    -0.5798897415E+03
    0.1300000000E+02    -0.5768505075E+03
    0.1400000000E+02    -0.5738743275E+03
    0.1500000000E+02    -0.5709565766E+03
    0.1600000000E+02    -0.5680922732E+03
    0.1700000000E+02    -0.5652781652E+03
    0.1800000000E+02    -0.5625104252E+03
    0.1900000000E+02    -0.5597861519E+03
    0.2000000000E+02    -0.5571012930E+03
    0.2100000000E+02    -0.5544560039E+03
    0.2200000000E+02    -0.5518463951E+03
    0.2300000000E+02    -0.5492706393E+03
    0.2400000000E+02    -0.5467265120E+03
    0.2500000000E+02    -0.5442128450E+03
    0.2600000000E+02    -0.5417283772E+03
    0.2700000000E+02    -0.5392701313E+03
    0.2800000000E+02    -0.5368388635E+03
    0.2900000000E+02    -0.5344317443E+03
    0.3000000000E+02    -0.5320482786E+03
    0.3100000000E+02    -0.5296868042E+03
    0.3200000000E+02    -0.5273474234E+03
    0.3300000000E+02    -0.5250292183E+03
    0.3400000000E+02    -0.5227291574E+03
    0.3500000000E+02    -0.5204486845E+03
    0.3600000000E+02    -0.5181862598E+03
    0.3700000000E+02    -0.5159410371E+03
    0.3800000000E+02    -0.5137127268E+03
    0.3900000000E+02    -0.5115008081E+03
    0.4000000000E+02    -0.5093035737E+03
    0.4100000000E+02    -0.5071216731E+03
    0.4200000000E+02    -0.5049548634E+03
    0.4300000000E+02    -0.5028001058E+03
    0.4400000000E+02    -0.5006579626E+03
    0.4500000000E+02    -0.4985294289E+03
    0.4600000000E+02    -0.4964129643E+03
    0.4700000000E+02    -0.4943076430E+03
    0.4800000000E+02    -0.4922134127E+03
    0.4900000000E+02    -0.4901306697E+03
    0.5000000000E+02    -0.4880586326E+03
    0.5100000000E+02    -0.4859964476E+03
    0.5200000000E+02    -0.4839444964E+03
    0.5300000000E+02    -0.4819017253E+03
    0.5400000000E+02    -0.4798678034E+03
    0.5500000000E+02    -0.4778438420E+03
    0.5600000000E+02    -0.4758279058E+03
    0.5700000000E+02    -0.4738202590E+03
    0.5800000000E+02    -0.4718205797E+03
    0.5900000000E+02    -0.4698288428E+03
    0.6000000000E+02    -0.4678457335E+03
    0.6100000000E+02    -0.4658679543E+03
    0.6200000000E+02    -0.4638984959E+03
    0.6300000000E+02    -0.4619342007E+03
    0.6400000000E+02    -0.4599775921E+03
    0.6500000000E+02    -0.4580268053E+03
    0.6600000000E+02    -0.4560815890E+03
    0.6700000000E+02    -0.4541432542E+03
    0.6800000000E+02    -0.4522098574E+03
    0.6900000000E+02    -0.4502823444E+03
    0.7000000000E+02    -0.4483603755E+03
    0.7100000000E+02    -0.4464436494E+03
    0.7200000000E+02    -0.4445337911E+03
    0.7300000000E+02    -0.4426278392E+03
    0.7400000000E+02    -0.4407265893E+03
    0.7500000000E+02    -0.4388307028E+03
    0.7600000000E+02    -0.4369387723E+03
    0.7700000000E+02    -0.4350515679E+03
    0.7800000000E+02    -0.4331682830E+03
    0.7900000000E+02    -0.4312888586E+03
    0.8000000000E+02    -0.4294134059E+03
    0.8100000000E+02    -0.4275421032E+03
    0.8200000000E+02    -0.4256737409E+03
    0.8300000000E+02    -0.4238096536E+03
    0.8400000000E+02    -0.4219479383E+03
    0.8500000000E+02    -0.4200907102E+03
    0.8600000000E+02    -0.4182359374E+03
    0.8700000000E+02    -0.4163842948E+03
    0.8800000000E+02    -0.4145362935E+03
    0.8900000000E+02    -0.4126915281E+03
    0.9000000000E+02    -0.4108509298E+03
    0.9100000000E+02    -0.4090122655E+03
    0.9200000000E+02    -0.4071760393E+03
    0.9300000000E+02    -0.4053431249E+03
    0.9400000000E+02    -0.4035129535E+03
    0.9500000000E+02    -0.4016843872E+03
    0.9600000000E+02    -0.3998580042E+03
    0.9700000000E+02    -0.3980339583E+03
    0.9800000000E+02    -0.3962120939E+03
    0.9900000000E+02    -0.3943932418E+03
    0.1000000000E+03    -0.3925760291E+03
    0.1010000000E+03    -0.3907616898E+03
    0.1020000000E+03    -0.3889494424E+03
    0.1030000000E+03    -0.3871383085E+03
    0.1040000000E+03    -0.3853299985E+03
    0.1050000000E+03    -0.3835225688E+03
    0.1060000000E+03    -0.3817181953E+03
    0.1070000000E+03    -0.3799149306E+03
    0.1080000000E+03    -0.3781129373E+03
    0.1090000000E+03    -0.3763136239E+03
    0.1100000000E+03    -0.3745163226E+03
    0.1110000000E+03    -0.3727196084E+03
    0.1120000000E+03    -0.3709251928E+03
    0.1130000000E+03    -0.3691311183E+03
    0.1140000000E+03    -0.3673383450E+03
    0.1150000000E+03    -0.3655487354E+03
    0.1160000000E+03    -0.3637598333E+03
    0.1170000000E+03    -0.3619723756E+03
    0.1180000000E+03    -0.3601857054E+03
    0.1190000000E+03    -0.3584005226E+03
    0.1200000000E+03    -0.3566169613E+03
    0.1210000000E+03    -0.3548348244E+03
    0.1220000000E+03    -0.3530535954E+03
    0.1230000000E+03    -0.3512737316E+03
    0.1240000000E+03    -0.3494949674E+03
    0.1250000000E+03    -0.3477181046E+03
    0.1260000000E+03    -0.3459401475E+03
    0.1270000000E+03    -0.3441631997E+03
    0.1280000000E+03    -0.3423883191E+03
    0.1290000000E+03    -0.3406137571E+03
    0.1300000000E+03    -0.3388398829E+03
    0.1310000000E+03    -0.3370676267E+03
    0.1320000000E+03    -0.3352973526E+03
    0.1330000000E+03    -0.3335280477E+03
    0.1340000000E+03    -0.3317580613E+03
    0.1350000000E+03    -0.3299899874E+03
    0.1360000000E+03    -0.3282227328E+03
    0.1370000000E+03    -0.3264558380E+03
    0.1380000000E+03    -0.3246880664E+03
    0.1390000000E+03    -0.3229237952E+03
    0.1400000000E+03    -0.3211583734E+03
    0.1410000000E+03    -0.3193953202E+03
    0.1420000000E+03    -0.3176332407E+03
    0.1430000000E+03    -0.3158708027E+03
    0.1440000000E+03    -0.3141102058E+03
    0.1450000000E+03    -0.3123486066E+03
    0.1460000000E+03    -0.3105880478E+03
    0.1470000000E+03    -0.3088287546E+03
    0.1480000000E+03    -0.3070702231E+03
    0.1490000000E+03    -0.3053118048E+03
    0.1500000000E+03    -0.3035560338E+03
    0.1510000000E+03    -0.3017996272E+03
    0.1520000000E+03    -0.3000432314E+03
    0.1530000000E+03    -0.2982879278E+03
    0.1540000000E+03    -0.2965329066E+03
    0.1550000000E+03    -0.2947785851E+03
    0.1560000000E+03    -0.2930251707E+03
    0.1570000000E+03    -0.2912727047E+03
    0.1580000000E+03    -0.2895211046E+03
    0.1590000000E+03    -0.2877675010E+03
    0.1600000000E+03    -0.2860160849E+03
    0.1610000000E+03    -0.2842649365E+03
    0.1620000000E+03    -0.2825147528E+03
    0.1630000000E+03    -0.2807651515E+03
    0.1640000000E+03    -0.2790166302E+03
    0.1650000000E+03    -0.2772686029E+03
    0.1660000000E+03    -0.2755224334E+03
    0.1670000000E+03    -0.2737759483E+03
    0.1680000000E+03    -0.2720305897E+03
    0.1690000000E+03    -0.2702859529E+03
    0.1700000000E+03    -0.2685402543E+03
    0.1710000000E+03    -0.2667963239E+03
    0.1720000000E+03    -0.2650531993E+03
    0.1730000000E+03    -0.2633105667E+03
    0.1740000000E+03    -0.2615684237E+03
    0.1750000000E+03    -0.2598274354E+03
    0.1760000000E+03    -0.2580882041E+03
    0.1770000000E+03    -0.2563484243E+03
    0.1780000000E+03    -0.2546096731E+03
    0.1790000000E+03    -0.2528716436E+03
    0.1800000000E+03    -0.2511357039E+03
    0.1810000000E+03    -0.2493987215E+03
    0.1820000000E+03    -0.2476638443E+03
    0.1830000000E+03    -0.2459297740E+03
    0.1840000000E+03    -0.2441948884E+03
    0.1850000000E+03    -0.2424627647E+03
    0.1860000000E+03    -0.2407299514E+03
    0.1870000000E+03    -0.2389966709E+03
    0.1880000000E+03    -0.2372653061E+03
    0.1890000000E+03    -0.2355358811E+03
    0.1900000000E+03    -0.2338083614E+03
    0.1910000000E+03    -0.2320802203E+03
    0.1920000000E+03    -0.2303536187E+03
    0.1930000000E+03    -0.2286279117E+03
    0.1940000000E+03    -0.2269021007E+03
    0.1950000000E+03    -0.2251772893E+03
    0.1960000000E+03    -0.2234534810E+03
    0.1970000000E+03    -0.2217302050E+03
    0.1980000000E+03    -0.2200093789E+03
    0.1990000000E+03    -0.2182895734E+03
    0.2000000000E+03    -0.2165702932E+03
    0.2010000000E+03    -0.2148537653E+03
    0.2020000000E+03    -0.2131392418E+03
    0.2030000000E+03    -0.2114236108E+03
    0.2040000000E+03    -0.2097107791E+03
    0.2050000000E+03    -0.2080002761E+03
    0.2060000000E+03    -0.2062894276E+03
    0.2070000000E+03    -0.2045783703E+03
    0.2080000000E+03    -0.2028699772E+03
    0.2090000000E+03    -0.2011625203E+03
    0.2100000000E+03    -0.1994570817E+03
    0.2110000000E+03    -0.1977528337E+03
    0.2120000000E+03    -0.1960500420E+03
    0.2130000000E+03    -0.1943496234E+03
    0.2140000000E+03    -0.1926494449E+03
    0.2150000000E+03    -0.1909495042E+03
    0.2160000000E+03    -0.1892533737E+03
    0.2170000000E+03    -0.1875611724E+03
    0.2180000000E+03    -0.1858694920E+03
    0.2190000000E+03    -0.1841773565E+03
    0.2200000000E+03    -0.1824890696E+03
    0.2210000000E+03    -0.1808028740E+03
    0.2220000000E+03    -0.1791190968E+03
    0.2230000000E+03    -0.1774374252E+03
    0.2240000000E+03    -0.1757554911E+03
    0.2250000000E+03    -0.1740797997E+03
    0.2260000000E+03    -0.1724035994E+03
    0.2270000000E+03    -0.1707320486E+03
    0.2280000000E+03    -0.1690607376E+03
    0.2290000000E+03    -0.1673926217E+03
    0.2300000000E+03    -0.1657261571E+03
    0.2310000000E+03    -0.1640614659E+03
    0.2320000000E+03    -0.1624009602E+03
    0.2330000000E+03    -0.1607422195E+03
    0.2340000000E+03    -0.1590857086E+03
    0.2350000000E+03    -0.1574320347E+03
    0.2360000000E+03    -0.1557797608E+03
    0.2370000000E+03    -0.1541314455E+03
    0.2380000000E+03    -0.1524869882E+03
    0.2390000000E+03    -0.1508447372E+03
    0.2400000000E+03    -0.1492042728E+03
    0.2410000000E+03    -0.1475670740E+03
    0.2420000000E+03    -0.1459349441E+03
    0.2430000000E+03    -0.1443047241E+03
    0.2440000000E+03    -0.1426768764E+03
    0.2450000000E+03    -0.1410543472E+03
    0.2460000000E+03    -0.1394337843E+03
    0.2470000000E+03    -0.1378165692E+03
    0.2480000000E+03    -0.1362045228E+03
    0.2490000000E+03    -0.1345944433E+03
    0.2500000000E+03    -0.1329907584E+03
    0.2510000000E+03    -0.1313883963E+03
    0.2520000000E+03    -0.1297906267E+03
    0.2530000000E+03    -0.1281964804E+03
    0.2540000000E+03    -0.1266068103E+03
    0.2550000000E+03    -0.1250202703E+03
    0.2560000000E+03    -0.1234389078E+03
    0.2570000000E+03    -0.1218623212E+03
    0.2580000000E+03    -0.1202874688E+03
    0.2590000000E+03    -0.1187200635E+03
    0.2600000000E+03    -0.1171552965E+03
    0.2610000000E+03    -0.1155963756E+03
    0.2620000000E+03    -0.1140395716E+03
    0.2630000000E+03    -0.1124896882E+03
    0.2640000000E+03    -0.1109429830E+03
    0.2650000000E+03    -0.1094028916E+03
    0.2660000000E+03    -0.1078673002E+03
    0.2670000000E+03    -0.1063375800E+03
    0.2680000000E+03    -0.1048118253E+03
    0.2690000000E+03    -0.1032902228E+03
    0.2700000000E+03    -0.1017735227E+03
    0.2710000000E+03    -0.1002662990E+03
    0.2720000000E+03    -0.9876652387E+02
    0.2730000000E+03    -0.9727263222E+02
    0.2740000000E+03    -0.9577705241E+02
    0.2750000000E+03    -0.9429265167E+02
    0.2760000000E+03    -0.9281061373E+02
    0.2770000000E+03    -0.9133834831E+02
    0.2780000000E+03    -0.8986920400E+02
    0.2790000000E+03    -0.8840962311E+02
    0.2800000000E+03    -0.8695783236E+02
    0.2810000000E+03    -0.8551242942E+02
    0.2820000000E+03    -0.8406995227E+02
    0.2830000000E+03    -0.8263220740E+02
    0.2840000000E+03    -0.8120743728E+02
    0.2850000000E+03    -0.7978939951E+02
    0.2860000000E+03    -0.7838159200E+02
    0.2870000000E+03    -0.7697669865E+02
    0.2880000000E+03    -0.7557665863E+02
    0.2890000000E+03    -0.7418738962E+02
    0.2900000000E+03    -0.7280731845E+02
    0.2910000000E+03    -0.7143331149E+02
    0.2920000000E+03    -0.7006789267E+02
    0.2930000000E+03    -0.6871164895E+02
    0.2940000000E+03    -0.6736550816E+02
    0.2950000000E+03    -0.6602261660E+02
    0.2960000000E+03    -0.6469347457E+02
    0.2970000000E+03    -0.6336900003E+02
    0.2980000000E+03    -0.6205138578E+02
    0.2990000000E+03    -0.6074611268E+02
    0.3000000000E+03    -0.5944803583E+02
    0.3010000000E+03    -0.5816100027E+02
    0.3020000000E+03    -0.5688466169E+02
    0.3030000000E+03    -0.5561778776E+02
    0.3040000000E+03    -0.5436151933E+02
    0.3050000000E+03    -0.5311668043E+02
    0.3060000000E+03    -0.5188153645E+02
    0.3070000000E+03    -0.5065566821E+02
    0.3080000000E+03    -0.4943989157E+02
    0.3090000000E+03    -0.4823603002E+02
    0.3100000000E+03    -0.4703951066E+02
    0.3110000000E+03    -0.4585805051E+02
    0.3120000000E+03    -0.4468290282E+02
    0.3130000000E+03    -0.4352357282E+02
    0.3140000000E+03    -0.4237566305E+02
    0.3150000000E+03    -0.4123907138E+02
    0.3160000000E+03    -0.4011196677E+02
    0.3170000000E+03    -0.3900447316E+02
    0.3180000000E+03    -0.3790453564E+02
    0.3190000000E+03    -0.3681814211E+02
    0.3200000000E+03    -0.3574223459E+02
    0.3210000000E+03    -0.3467491970E+02
    0.3220000000E+03    -0.3362748606E+02
    0.3230000000E+03    -0.3258808587E+02
    0.3240000000E+03    -0.3156201604E+02
    0.3250000000E+03    -0.3055582361E+02
    0.3260000000E+03    -0.2956105749E+02
    0.3270000000E+03    -0.2857905615E+02
    0.3280000000E+03    -0.2760787087E+02
    0.3290000000E+03    -0.2665153363E+02
    0.3300000000E+03    -0.2571049519E+02
    0.3310000000E+03    -0.2478913723E+02
    0.3320000000E+03    -0.2388471156E+02
    0.3330000000E+03    -0.2299407828E+02
    0.3340000000E+03    -0.2211454985E+02
    0.3350000000E+03    -0.2125029692E+02
    0.3360000000E+03    -0.2039457453E+02
    0.3370000000E+03    -0.1955855776E+02
    0.3380000000E+03    -0.1873921370E+02
    0.3390000000E+03    -0.1793951329E+02
    0.3400000000E+03    -0.1715223959E+02
    0.3410000000E+03    -0.1638885716E+02
    0.3420000000E+03    -0.1564006287E+02
    0.3430000000E+03    -0.1490299436E+02
    0.3440000000E+03    -0.1418240461E+02
    0.3450000000E+03    -0.1347894038E+02
    0.3460000000E+03    -0.1279975391E+02
    0.3470000000E+03    -0.1213527593E+02
    0.3480000000E+03    -0.1149264980E+02
    0.3490000000E+03    -0.1086560735E+02
    0.3500000000E+03    -0.1025933705E+02
    0.3510000000E+03    -0.9675231524E+01
    0.3520000000E+03    -0.9095353136E+01
    0.3530000000E+03    -0.8547717494E+01
    0.3540000000E+03    -0.8019337871E+01
    0.3550000000E+03    -0.7510331654E+01
    0.3560000000E+03    -0.7019503751E+01
    0.3570000000E+03    -0.6558060226E+01
    0.3580000000E+03    -0.6108632324E+01
    0.3590000000E+03    -0.5684168068E+01
    0.3600000000E+03    -0.5276025774E+01
    0.3610000000E+03    -0.4888528102E+01
    0.3620000000E+03    -0.4528570203E+01
    0.3630000000E+03    -0.4199071697E+01
    0.3640000000E+03    -0.3876164702E+01
    0.3650000000E+03    -0.3592869246E+01
    0.3660000000E+03    -0.3322805650E+01
    0.3670000000E+03    -0.3066329018E+01
    0.3680000000E+03    -0.2849505789E+01
    0.3690000000E+03    -0.2653630742E+01
    0.3700000000E+03    -0.2471725335E+01
    0.3710000000E+03    -0.2320323861E+01
    0.3720000000E+03    -0.2190531457E+01
    0.3730000000E+03    -0.2089940199E+01
    0.3740000000E+03    -0.2014528594E+01
    0.3750000000E+03    -0.1955343413E+01
