    0.0000000000E+00    -0.9209284209E+02
    0.1000000000E+01    -0.9005371447E+02
    0.2000000000E+01    -0.8868308074E+02
    0.3000000000E+01    -0.8769306057E+02
    0.4000000000E+01    -0.8696662577E+02
    0.5000000000E+01    -0.8643829510E+02
    0.6000000000E+01    -0.8606722622E+02
    0.7000000000E+01    -0.8582604153E+02
    0.8000000000E+01    -0.8569341421E+02
    0.9000000000E+01    -0.8565463694E+02
    0.1000000000E+02    -0.8569658217E+02
    0.1100000000E+02    -0.8580986365E+02
    0.1200000000E+02    -0.8598514207E+02
    0.1300000000E+02    -0.8621617363E+02
    0.1400000000E+02    -0.8649699381E+02
    0.1500000000E+02    -0.8682200819E+02
    0.1600000000E+02    -0.8718720836E+02
    0.1700000000E+02    -0.8758819851E+02
    0.1800000000E+02    -0.8802231053E+02
    0.1900000000E+02    -0.8848603618E+02
    0.2000000000E+02    -0.8897673052E+02
    0.2100000000E+02    -0.8949221424E+02
    0.2200000000E+02    -0.9002955807E+02
    0.2300000000E+02    -0.9058705995E+02
    0.2400000000E+02    -0.9116325310E+02
    0.2500000000E+02    -0.9175619773E+02
    0.2600000000E+02    -0.9236360426E+02
    0.2700000000E+02    -0.9298388296E+02
    0.2800000000E+02    -0.9361655888E+02
    0.2900000000E+02    -0.9425971520E+02
    0.3000000000E+02    -0.9491198581E+02
    0.3100000000E+02    -0.9557342065E+02
    0.3200000000E+02    -0.9624287515E+02
    0.3300000000E+02    -0.9691840641E+02
    0.3400000000E+02    -0.9759911210E+02
    0.3500000000E+02    -0.9828463321E+02
    0.3600000000E+02    -0.9897406676E+02
    0.3700000000E+02    -0.9966723324E+02
    0.3800000000E+02    -0.1003627961E+03
    0.3900000000E+02    -0.1010594952E+03
    0.4000000000E+02    -0.1017579926E+03
    0.4100000000E+02    -0.1024577405E+03
    0.4200000000E+02    -0.1031568948E+03
    0.4300000000E+02    -0.1038559125E+03
    0.4400000000E+02    -0.1045533249E+03
    0.4500000000E+02    -0.1052490702E+03
    0.4600000000E+02    -0.1059418152E+03
    0.4700000000E+02    -0.1066321295E+03
    0.4800000000E+02    -0.1073195952E+03
    0.4900000000E+02    -0.1080043440E+03
    0.5000000000E+02    -0.1086850188E+03
    0.5100000000E+02    -0.1093614031E+03
    0.5200000000E+02    -0.1100336002E+03
    0.5300000000E+02    -0.1107013439E+03
    0.5400000000E+02    -0.1113637851E+03
    0.5500000000E+02    -0.1120210759E+03
    0.5600000000E+02    -0.1126729814E+03
    0.5700000000E+02    -0.1133182817E+03
    0.5800000000E+02    -0.1139571697E+03
    0.5900000000E+02    -0.1145891749E+03
    0.6000000000E+02    -0.1152155610E+03
    0.6100000000E+02    -0.1158342564E+03
    0.6200000000E+02    -0.1164469630E+03
    0.6300000000E+02    -0.1170528877E+03
    0.6400000000E+02    -0.1176511733E+03
    0.6500000000E+02    -0.1182421781E+03
    0.6600000000E+02    -0.1188276348E+03
    0.6700000000E+02    -0.1194046017E+03
    0.6800000000E+02    -0.1199737855E+03
    0.6900000000E+02    -0.1205359128E+03
    0.7000000000E+02    -0.1210905891E+03
    0.7100000000E+02    -0.1216369620E+03
    0.7200000000E+02    -0.1221768385E+03
    0.7300000000E+02    -0.1227079482E+03
    0.7400000000E+02    -0.1232317417E+03
    0.7500000000E+02    -0.1237473548E+03
    0.7600000000E+02    -0.1242552264E+03
    0.7700000000E+02    -0.1247559138E+03
    0.7800000000E+02    -0.1252485346E+03
    0.7900000000E+02    -0.1257332672E+03
    0.8000000000E+02    -0.1262103260E+03
    0.8100000000E+02    -0.1266797502E+03
    0.8200000000E+02    -0.1271410519E+03
    0.8300000000E+02    -0.1275937299E+03
    0.8400000000E+02    -0.1280400905E+03
    0.8500000000E+02    -0.1284774634E+03
    0.8600000000E+02    -0.1289072544E+03
    0.8700000000E+02    -0.1293291763E+03
    0.8800000000E+02    -0.1297436151E+03
    0.8900000000E+02    -0.1301508408E+03
    0.9000000000E+02    -0.1305499312E+03
    0.9100000000E+02    -0.1309417775E+03
    0.9200000000E+02    -0.1313265172E+03
    0.9300000000E+02    -0.1317036153E+03
    0.9400000000E+02    -0.1320728515E+03
    0.9500000000E+02    -0.1324347919E+03
    0.9600000000E+02    -0.1327895108E+03
    0.9700000000E+02    -0.1331362828E+03
    0.9800000000E+02    -0.1334764056E+03
    0.9900000000E+02    -0.1338097932E+03
    0.1000000000E+03    -0.1341355769E+03
    0.1010000000E+03    -0.1344535348E+03
    0.1020000000E+03    -0.1347653458E+03
    0.1030000000E+03    -0.1350701470E+03
    0.1040000000E+03    -0.1353680784E+03
    0.1050000000E+03    -0.1356590717E+03
    0.1060000000E+03    -0.1359427241E+03
    0.1070000000E+03    -0.1362192543E+03
    0.1080000000E+03    -0.1364890929E+03
    0.1090000000E+03    -0.1367514906E+03
    0.1100000000E+03    -0.1370068429E+03
    0.1110000000E+03    -0.1372556063E+03
    0.1120000000E+03    -0.1374963529E+03
    0.1130000000E+03    -0.1377305517E+03
    0.1140000000E+03    -0.1379586814E+03
    0.1150000000E+03    -0.1381800674E+03
    0.1160000000E+03    -0.1383934427E+03
    0.1170000000E+03    -0.1386000476E+03
    0.1180000000E+03    -0.1387997837E+03
    0.1190000000E+03    -0.1389924211E+03
    0.1200000000E+03    -0.1391792281E+03
    0.1210000000E+03    -0.1393600295E+03
    0.1220000000E+03    -0.1395324334E+03
    0.1230000000E+03    -0.1396990297E+03
    0.1240000000E+03    -0.1398605104E+03
    0.1250000000E+03    -0.1400145848E+03
    0.1260000000E+03    -0.1401599935E+03
    0.1270000000E+03    -0.1402998025E+03
    0.1280000000E+03    -0.1404322950E+03
    0.1290000000E+03    -0.1405587556E+03
    0.1300000000E+03    -0.1406765442E+03
    0.1310000000E+03    -0.1407888207E+03
    0.1320000000E+03    -0.1408949024E+03
    0.1330000000E+03    -0.1409938907E+03
    0.1340000000E+03    -0.1410878305E+03
    0.1350000000E+03    -0.1411737574E+03
    0.1360000000E+03    -0.1412537933E+03
    0.1370000000E+03    -0.1413267448E+03
    0.1380000000E+03    -0.1413938040E+03
    0.1390000000E+03    -0.1414549471E+03
    0.1400000000E+03    -0.1415090908E+03
    0.1410000000E+03    -0.1415558807E+03
    0.1420000000E+03    -0.1415964228E+03
    0.1430000000E+03    -0.1416309828E+03
    0.1440000000E+03    -0.1416586029E+03
    0.1450000000E+03    -0.1416800149E+03
    0.1460000000E+03    -0.1416952433E+03
    0.1470000000E+03    -0.1417047466E+03
    0.1480000000E+03    -0.1417066493E+03
    0.1490000000E+03    -0.1417038212E+03
    0.1500000000E+03    -0.1416949862E+03
    0.1510000000E+03    -0.1416792100E+03
    0.1520000000E+03    -0.1416569996E+03
    0.1530000000E+03    -0.1416277038E+03
    0.1540000000E+03    -0.1415930156E+03
    0.1550000000E+03    -0.1415540016E+03
    0.1560000000E+03    -0.1415063662E+03
    0.1570000000E+03    -0.1414527036E+03
    0.1580000000E+03    -0.1413938839E+03
    0.1590000000E+03    -0.1413276376E+03
    0.1600000000E+03    -0.1412567062E+03
    0.1610000000E+03    -0.1411791270E+03
    0.1620000000E+03    -0.1410974989E+03
    0.1630000000E+03    -0.1410091203E+03
    0.1640000000E+03    -0.1409142067E+03
    0.1650000000E+03    -0.1408137372E+03
    0.1660000000E+03    -0.1407089264E+03
    0.1670000000E+03    -0.1405982297E+03
    0.1680000000E+03    -0.1404804298E+03
    0.1690000000E+03    -0.1403566258E+03
    0.1700000000E+03    -0.1402280656E+03
    0.1710000000E+03    -0.1400934785E+03
    0.1720000000E+03    -0.1399545636E+03
    0.1730000000E+03    -0.1398093816E+03
    0.1740000000E+03    -0.1396598072E+03
    0.1750000000E+03    -0.1395042581E+03
    0.1760000000E+03    -0.1393426688E+03
    0.1770000000E+03    -0.1391761144E+03
    0.1780000000E+03    -0.1390046715E+03
    0.1790000000E+03    -0.1388270053E+03
    0.1800000000E+03    -0.1386440536E+03
    0.1810000000E+03    -0.1384572899E+03
    0.1820000000E+03    -0.1382654168E+03
    0.1830000000E+03    -0.1380671144E+03
    0.1840000000E+03    -0.1378634667E+03
    0.1850000000E+03    -0.1376534002E+03
    0.1860000000E+03    -0.1374383694E+03
    0.1870000000E+03    -0.1372179393E+03
    0.1880000000E+03    -0.1369926880E+03
    0.1890000000E+03    -0.1367607545E+03
    0.1900000000E+03    -0.1365242482E+03
    0.1910000000E+03    -0.1362817708E+03
    0.1920000000E+03    -0.1360337099E+03
    0.1930000000E+03    -0.1357800285E+03
    0.1940000000E+03    -0.1355217769E+03
    0.1950000000E+03    -0.1352551455E+03
    0.1960000000E+03    -0.1349845069E+03
    0.1970000000E+03    -0.1347076280E+03
    0.1980000000E+03    -0.1344246602E+03
    0.1990000000E+03    -0.1341362213E+03
    0.2000000000E+03    -0.1338406833E+03
    0.2010000000E+03    -0.1335411261E+03
    0.2020000000E+03    -0.1332361417E+03
    0.2030000000E+03    -0.1329248113E+03
    0.2040000000E+03    -0.1326055273E+03
    0.2050000000E+03    -0.1322807596E+03
    0.2060000000E+03    -0.1319488511E+03
    0.2070000000E+03    -0.1316104052E+03
    0.2080000000E+03    -0.1312675995E+03
    0.2090000000E+03    -0.1309172695E+03
    0.2100000000E+03    -0.1305612386E+03
    0.2110000000E+03    -0.1301993908E+03
    0.2120000000E+03    -0.1298322784E+03
    0.2130000000E+03    -0.1294584059E+03
    0.2140000000E+03    -0.1290768153E+03
    0.2150000000E+03    -0.1286891025E+03
    0.2160000000E+03    -0.1282952731E+03
    0.2170000000E+03    -0.1278957143E+03
    0.2180000000E+03    -0.1274896662E+03
    0.2190000000E+03    -0.1270765820E+03
    0.2200000000E+03    -0.1266588010E+03
    0.2210000000E+03    -0.1262348001E+03
    0.2220000000E+03    -0.1258018687E+03
    0.2230000000E+03    -0.1253620704E+03
    0.2240000000E+03    -0.1249177553E+03
    0.2250000000E+03    -0.1244649353E+03
    0.2260000000E+03    -0.1240064562E+03
    0.2270000000E+03    -0.1235413436E+03
    0.2280000000E+03    -0.1230700716E+03
    0.2290000000E+03    -0.1225930464E+03
    0.2300000000E+03    -0.1221083836E+03
    0.2310000000E+03    -0.1216187207E+03
    0.2320000000E+03    -0.1211231265E+03
    0.2330000000E+03    -0.1206200958E+03
    0.2340000000E+03    -0.1201101590E+03
    0.2350000000E+03    -0.1195933830E+03
    0.2360000000E+03    -0.1190701762E+03
    0.2370000000E+03    -0.1185399051E+03
    0.2380000000E+03    -0.1180037334E+03
    0.2390000000E+03    -0.1174578738E+03
    0.2400000000E+03    -0.1169080010E+03
    0.2410000000E+03    -0.1163524378E+03
    0.2420000000E+03    -0.1157886392E+03
    0.2430000000E+03    -0.1152195972E+03
    0.2440000000E+03    -0.1146436470E+03
    0.2450000000E+03    -0.1140600158E+03
    0.2460000000E+03    -0.1134700753E+03
    0.2470000000E+03    -0.1128740332E+03
    0.2480000000E+03    -0.1122715366E+03
    0.2490000000E+03    -0.1116608654E+03
    0.2500000000E+03    -0.1110431371E+03
    0.2510000000E+03    -0.1104197986E+03
    0.2520000000E+03    -0.1097894925E+03
    0.2530000000E+03    -0.1091522150E+03
    0.2540000000E+03    -0.1085094142E+03
    0.2550000000E+03    -0.1078590612E+03
    0.2560000000E+03    -0.1072018133E+03
    0.2570000000E+03    -0.1065376085E+03
    0.2580000000E+03    -0.1058656327E+03
    0.2590000000E+03    -0.1051882138E+03
    0.2600000000E+03    -0.1045012906E+03
    0.2610000000E+03    -0.1038092133E+03
    0.2620000000E+03    -0.1031102994E+03
    0.2630000000E+03    -0.1024033874E+03
    0.2640000000E+03    -0.1016893128E+03
    0.2650000000E+03    -0.1009689381E+03
    0.2660000000E+03    -0.1002413043E+03
    0.2670000000E+03    -0.9950453499E+02
    0.2680000000E+03    -0.9876224743E+02
    0.2690000000E+03    -0.9801262076E+02
    0.2700000000E+03    -0.9725460172E+02
    0.2710000000E+03    -0.9649147071E+02
    0.2720000000E+03    -0.9571767129E+02
    0.2730000000E+03    -0.9493921994E+02
    0.2740000000E+03    -0.9415192855E+02
    0.2750000000E+03    -0.9335766543E+02
    0.2760000000E+03    -0.9255876811E+02
    0.2770000000E+03    -0.9175158517E+02
    0.2780000000E+03    -0.9093580789E+02
    0.2790000000E+03    -0.9011393039E+02
    0.2800000000E+03    -0.8928553167E+02
    0.2810000000E+03    -0.8845086385E+02
    0.2820000000E+03    -0.8760925313E+02
    0.2830000000E+03    -0.8676074875E+02
    0.2840000000E+03    -0.8590514023E+02
    0.2850000000E+03    -0.8504139653E+02
    0.2860000000E+03    -0.8417086193E+02
    0.2870000000E+03    -0.8329313025E+02
    0.2880000000E+03    -0.8240968516E+02
    0.2890000000E+03    -0.8152027801E+02
    0.2900000000E+03    -0.8062500959E+02
    0.2910000000E+03    -0.7972462774E+02
    0.2920000000E+03    -0.7881451169E+02
    0.2930000000E+03    -0.7790197632E+02
    0.2940000000E+03    -0.7698246050E+02
    0.2950000000E+03    -0.7605865900E+02
    0.2960000000E+03    -0.7512645572E+02
    0.2970000000E+03    -0.7419270241E+02
    0.2980000000E+03    -0.7325607688E+02
    0.2990000000E+03    -0.7231184496E+02
    0.3000000000E+03    -0.7136249126E+02
    0.3010000000E+03    -0.7041058122E+02
    0.3020000000E+03    -0.6945336882E+02
    0.3030000000E+03    -0.6849076949E+02
    0.3040000000E+03    -0.6752692138E+02
    0.3050000000E+03    -0.6655897658E+02
    0.3060000000E+03    -0.6559298759E+02
    0.3070000000E+03    -0.6461873478E+02
    0.3080000000E+03    -0.6363718760E+02
    0.3090000000E+03    -0.6265723180E+02
    0.3100000000E+03    -0.6167637032E+02
    0.3110000000E+03    -0.6069258886E+02
    0.3120000000E+03    -0.5970715347E+02
    0.3130000000E+03    -0.5872209211E+02
    0.3140000000E+03    -0.5773644474E+02
    0.3150000000E+03    -0.5674905933E+02
    0.3160000000E+03    -0.5575948023E+02
    0.3170000000E+03    -0.5476966020E+02
    0.3180000000E+03    -0.5377734509E+02
    0.3190000000E+03    -0.5279166653E+02
    0.3200000000E+03    -0.5180261722E+02
    0.3210000000E+03    -0.5081353041E+02
    0.3220000000E+03    -0.4982760489E+02
    0.3230000000E+03    -0.4884382434E+02
    0.3240000000E+03    -0.4785747666E+02
    0.3250000000E+03    -0.4687499830E+02
    0.3260000000E+03    -0.4589468613E+02
    0.3270000000E+03    -0.4492190250E+02
    0.3280000000E+03    -0.4394704165E+02
    0.3290000000E+03    -0.4297800098E+02
    0.3300000000E+03    -0.4201232541E+02
    0.3310000000E+03    -0.4104683131E+02
    0.3320000000E+03    -0.4008850681E+02
    0.3330000000E+03    -0.3913175344E+02
    0.3340000000E+03    -0.3818179993E+02
    0.3350000000E+03    -0.3724176822E+02
    0.3360000000E+03    -0.3630108324E+02
    0.3370000000E+03    -0.3536674363E+02
    0.3380000000E+03    -0.3443312042E+02
    0.3390000000E+03    -0.3350809278E+02
    0.3400000000E+03    -0.3259332684E+02
    0.3410000000E+03    -0.3168674116E+02
    0.3420000000E+03    -0.3078575833E+02
    0.3430000000E+03    -0.2989316920E+02
    0.3440000000E+03    -0.2900980847E+02
    0.3450000000E+03    -0.2813245281E+02
    0.3460000000E+03    -0.2726307177E+02
    0.3470000000E+03    -0.2640017571E+02
    0.3480000000E+03    -0.2554703627E+02
    0.3490000000E+03    -0.2470397569E+02
    0.3500000000E+03    -0.2386733897E+02
    0.3510000000E+03    -0.2304790244E+02
    0.3520000000E+03    -0.2223988163E+02
    0.3530000000E+03    -0.2144093816E+02
    0.3540000000E+03    -0.2065482313E+02
    0.3550000000E+03    -0.1988484547E+02
    0.3560000000E+03    -0.1911481659E+02
    0.3570000000E+03    -0.1836407778E+02
    0.3580000000E+03    -0.1762706345E+02
    0.3590000000E+03    -0.1690168355E+02
    0.3600000000E+03    -0.1619374780E+02
    0.3610000000E+03    -0.1548710787E+02
    0.3620000000E+03    -0.1480251957E+02
    0.3630000000E+03    -0.1413027073E+02
    0.3640000000E+03    -0.1347192752E+02
    0.3650000000E+03    -0.1282315687E+02
    0.3660000000E+03    -0.1219478382E+02
    0.3670000000E+03    -0.1158531946E+02
    0.3680000000E+03    -0.1099659778E+02
    0.3690000000E+03    -0.1042232382E+02
    0.3700000000E+03    -0.9862167411E+01
    0.3710000000E+03    -0.9317518524E+01
    0.3720000000E+03    -0.8801203630E+01
    0.3730000000E+03    -0.8304398249E+01
    0.3740000000E+03    -0.7813461814E+01
    0.3750000000E+03    -0.7353390146E+01
    0.3760000000E+03    -0.6902061781E+01
    0.3770000000E+03    -0.6473591519E+01
    0.3780000000E+03    -0.6074504850E+01
    0.3790000000E+03    -0.5690411628E+01
    0.3800000000E+03    -0.5329598804E+01
    0.3810000000E+03    -0.4984580180E+01
    0.3820000000E+03    -0.4670135749E+01
    0.3830000000E+03    -0.4372071072E+01
    0.3840000000E+03    -0.4092604004E+01
    0.3850000000E+03    -0.3835249344E+01
    0.3860000000E+03    -0.3605613387E+01
    0.3870000000E+03    -0.3405364642E+01
    0.3880000000E+03    -0.3213138946E+01
    0.3890000000E+03    -0.3064192208E+01
    0.3900000000E+03    -0.2940745826E+01
    0.3910000000E+03    -0.2838900326E+01
    0.3920000000E+03    -0.2776406091E+01
    0.3930000000E+03    -0.2735629153E+01
    0.3940000000E+03    -0.2723040529E+01
    0.3950000000E+03    -0.2728531697E+01
    0.3960000000E+03    -0.2754326129E+01
    0.3970000000E+03    -0.2823046269E+01
    0.3980000000E+03    -0.2906416722E+01
    0.3990000000E+03    -0.3032080097E+01
    0.4000000000E+03    -0.3184714265E+01
    0.4010000000E+03    -0.3373309265E+01
    0.4020000000E+03    -0.3605875908E+01
    0.4030000000E+03    -0.3852472345E+01
    0.4040000000E+03    -0.4111856863E+01
    0.4050000000E+03    -0.4420265205E+01
    0.4060000000E+03    -0.4780526674E+01
    0.4070000000E+03    -0.5189036691E+01
    0.4080000000E+03    -0.5624409362E+01
    0.4090000000E+03    -0.6095925174E+01
    0.4100000000E+03    -0.6583530338E+01
    0.4110000000E+03    -0.7121159864E+01
    0.4120000000E+03    -0.7666850479E+01
    0.4130000000E+03    -0.8258370851E+01
    0.4140000000E+03    -0.8922669004E+01
    0.4150000000E+03    -0.9600314127E+01
    0.4160000000E+03    -0.1033024306E+02
    0.4170000000E+03    -0.1111422637E+02
    0.4180000000E+03    -0.1192738884E+02
    0.4190000000E+03    -0.1278573154E+02
    0.4200000000E+03    -0.1368063842E+02
    0.4210000000E+03    -0.1463008959E+02
    0.4220000000E+03    -0.1561361336E+02
    0.4230000000E+03    -0.1663428546E+02
    0.4240000000E+03    -0.1769874240E+02
    0.4250000000E+03    -0.1879304099E+02
    0.4260000000E+03    -0.1994570448E+02
    0.4270000000E+03    -0.2114727369E+02
    0.4280000000E+03    -0.2243793030E+02
    0.4290000000E+03    -0.2372394968E+02
    0.4300000000E+03    -0.2507094685E+02
    0.4310000000E+03    -0.2645613011E+02
    0.4320000000E+03    -0.2791083426E+02
    0.4330000000E+03    -0.2938978387E+02
    0.4340000000E+03    -0.3093262508E+02
    0.4350000000E+03    -0.3249911189E+02
    0.4360000000E+03    -0.3417218326E+02
    0.4370000000E+03    -0.3586812497E+02
    0.4380000000E+03    -0.3762404762E+02
    0.4390000000E+03    -0.3939436986E+02
    0.4400000000E+03    -0.4126044649E+02
    0.4410000000E+03    -0.4318184835E+02
    0.4420000000E+03    -0.4513596806E+02
    0.4430000000E+03    -0.4714597858E+02
    0.4440000000E+03    -0.4921343835E+02
    0.4450000000E+03    -0.5130931394E+02
    0.4460000000E+03    -0.5349700754E+02
    0.4470000000E+03    -0.5572615902E+02
    0.4480000000E+03    -0.5805836968E+02
    0.4490000000E+03    -0.6045836040E+02
    0.4500000000E+03    -0.6284233155E+02
    0.4510000000E+03    -0.6526506440E+02
    0.4520000000E+03    -0.6783034157E+02
    0.4530000000E+03    -0.7047478060E+02
    0.4540000000E+03    -0.7316649406E+02
    0.4550000000E+03    -0.7589858946E+02
    0.4560000000E+03    -0.7871338262E+02
    0.4570000000E+03    -0.8159952438E+02
    0.4580000000E+03    -0.8448079185E+02
    0.4590000000E+03    -0.8742764833E+02
    0.4600000000E+03    -0.9056399668E+02
    0.4610000000E+03    -0.9368817227E+02
    0.4620000000E+03    -0.9692290296E+02
    0.4630000000E+03    -0.1001860130E+03
    0.4640000000E+03    -0.1035735857E+03
    0.4650000000E+03    -0.1069650604E+03
