    0.0000000000E+00    -0.6777608564E+02
    0.1000000000E+01    -0.6460540330E+02
    0.2000000000E+01    -0.6211217423E+02
    0.3000000000E+01    -0.6000783941E+02
    0.4000000000E+01    -0.5817481681E+02
    0.5000000000E+01    -0.5654994258E+02
    0.6000000000E+01    -0.5509129244E+02
    0.7000000000E+01    -0.5377014244E+02
    0.8000000000E+01    -0.5256643296E+02
    0.9000000000E+01    -0.5146426348E+02
    0.1000000000E+02    -0.5045246004E+02
    0.1100000000E+02    -0.4951963042E+02
    0.1200000000E+02    -0.4865871580E+02
    0.1300000000E+02    -0.4786243178E+02
    0.1400000000E+02    -0.4712448392E+02
    0.1500000000E+02    -0.4643967959E+02
    0.1600000000E+02    -0.4580395070E+02
    0.1700000000E+02    -0.4521305479E+02
    0.1800000000E+02    -0.4466338670E+02
    0.1900000000E+02    -0.4415225535E+02
    0.2000000000E+02    -0.4367711767E+02
    0.2100000000E+02    -0.4323492485E+02
    0.2200000000E+02    -0.4282418451E+02
    0.2300000000E+02    -0.4244197462E+02
    0.2400000000E+02    -0.4208761349E+02
    0.2500000000E+02    -0.4175812149E+02
    0.2600000000E+02    -0.4145315359E+02
    0.2700000000E+02    -0.4117074407E+02
    0.2800000000E+02    -0.4090904433E+02
    0.2900000000E+02    -0.4066709092E+02
    0.3000000000E+02    -0.4044507451E+02
    0.3100000000E+02    -0.4024018358E+02
    0.3200000000E+02    -0.4005147695E+02
    0.3300000000E+02    -0.3987868453E+02
    0.3400000000E+02    -0.3972060641E+02
    0.3500000000E+02    -0.3957733679E+02
    0.3600000000E+02    -0.3944713313E+02
    0.3700000000E+02    -0.3932948749E+02
    0.3800000000E+02    -0.3922347134E+02
    0.3900000000E+02    -0.3912908818E+02
    0.4000000000E+02    -0.3904516435E+02
    0.4100000000E+02    -0.3897120687E+02
    0.4200000000E+02    -0.3890631736E+02
    0.4300000000E+02    -0.3885122345E+02
    0.4400000000E+02    -0.3880459877E+02
    0.4500000000E+02    -0.3876643628E+02
    0.4600000000E+02    -0.3873595895E+02
    0.4700000000E+02    -0.3871133244E+02
    0.4800000000E+02    -0.3869368864E+02
    0.4900000000E+02    -0.3868224766E+02
    0.5000000000E+02    -0.3867691992E+02
    0.5100000000E+02    -0.3867739673E+02
    0.5200000000E+02    -0.3868287950E+02
    0.5300000000E+02    -0.3869315965E+02
    0.5400000000E+02    -0.3870852390E+02
    0.5500000000E+02    -0.3872820974E+02
    0.5600000000E+02    -0.3875192806E+02
    0.5700000000E+02    -0.3877881850E+02
    0.5800000000E+02    -0.3880967257E+02
    0.5900000000E+02    -0.3884464698E+02
    0.6000000000E+02    -0.3888174530E+02
    0.6100000000E+02    -0.3892136582E+02
    0.6200000000E+02    -0.3896375960E+02
    0.6300000000E+02    -0.3900854490E+02
    0.6400000000E+02    -0.3905575736E+02
    0.6500000000E+02    -0.3910513103E+02
    0.6600000000E+02    -0.3915525684E+02
    0.6700000000E+02    -0.3920767491E+02
    0.6800000000E+02    -0.3926173122E+02
    0.6900000000E+02    -0.3931640216E+02
    0.7000000000E+02    -0.3937240653E+02
    0.7100000000E+02    -0.3943020660E+02
    0.7200000000E+02    -0.3948893076E+02
    0.7300000000E+02    -0.3954697978E+02
    0.7400000000E+02    -0.3960539226E+02
    0.7500000000E+02    -0.3966502619E+02
    0.7600000000E+02    -0.3972530532E+02
    0.7700000000E+02    -0.3978571943E+02
    0.7800000000E+02    -0.3984591718E+02
    0.7900000000E+02    -0.3990627613E+02
    0.8000000000E+02    -0.3996592269E+02
    0.8100000000E+02    -0.4002522967E+02
    0.8200000000E+02    -0.4008457012E+02
    0.8300000000E+02    -0.4014386465E+02
    0.8400000000E+02    -0.4020247654E+02
    0.8500000000E+02    -0.4026065158E+02
    0.8600000000E+02    -0.4031870296E+02
    0.8700000000E+02    -0.4037484369E+02
    0.8800000000E+02    -0.4043076327E+02
    0.8900000000E+02    -0.4048421539E+02
    0.9000000000E+02    -0.4053715486E+02
    0.9100000000E+02    -0.4058922919E+02
    0.9200000000E+02    -0.4064007778E+02
    0.9300000000E+02    -0.4068944433E+02
    0.9400000000E+02    -0.4073769919E+02
    0.9500000000E+02    -0.4078497715E+02
    0.9600000000E+02    -0.4083161885E+02
    0.9700000000E+02    -0.4087560196E+02
    0.9800000000E+02    -0.4091793830E+02
    0.9900000000E+02    -0.4095867563E+02
    0.1000000000E+03    -0.4099890887E+02
    0.1010000000E+03    -0.4103692275E+02
    0.1020000000E+03    -0.4107279971E+02
    0.1030000000E+03    -0.4110814518E+02
    0.1040000000E+03    -0.4113983339E+02
    0.1050000000E+03    -0.4117082176E+02
    0.1060000000E+03    -0.4119897331E+02
    0.1070000000E+03    -0.4122493829E+02
    0.1080000000E+03    -0.4124975670E+02
    0.1090000000E+03    -0.4127267582E+02
    0.1100000000E+03    -0.4129360749E+02
    0.1110000000E+03    -0.4131312973E+02
    0.1120000000E+03    -0.4132939763E+02
    0.1130000000E+03    -0.4134367694E+02
    0.1140000000E+03    -0.4135543515E+02
    0.1150000000E+03    -0.4136494276E+02
    0.1160000000E+03    -0.4137195105E+02
    0.1170000000E+03    -0.4137698426E+02
    0.1180000000E+03    -0.4137970503E+02
    0.1190000000E+03    -0.4137916649E+02
    0.1200000000E+03    -0.4137750716E+02
    0.1210000000E+03    -0.4137389409E+02
    0.1220000000E+03    -0.4136788675E+02
    0.1230000000E+03    -0.4135921542E+02
    0.1240000000E+03    -0.4134830466E+02
    0.1250000000E+03    -0.4133582248E+02
    0.1260000000E+03    -0.4132000073E+02
    0.1270000000E+03    -0.4130146690E+02
    0.1280000000E+03    -0.4128149792E+02
    0.1290000000E+03    -0.4125806189E+02
    0.1300000000E+03    -0.4123228375E+02
    0.1310000000E+03    -0.4120404682E+02
    0.1320000000E+03    -0.4117308842E+02
    0.1330000000E+03    -0.4113903935E+02
    0.1340000000E+03    -0.4110338488E+02
    0.1350000000E+03    -0.4106458034E+02
    0.1360000000E+03    -0.4102299597E+02
    0.1370000000E+03    -0.4097973457E+02
    0.1380000000E+03    -0.4093237291E+02
    0.1390000000E+03    -0.4088376855E+02
    0.1400000000E+03    -0.4083319551E+02
    0.1410000000E+03    -0.4077914432E+02
    0.1420000000E+03    -0.4072285679E+02
    0.1430000000E+03    -0.4066418920E+02
    0.1440000000E+03    -0.4060193350E+02
    0.1450000000E+03    -0.4053837604E+02
    0.1460000000E+03    -0.4047130388E+02
    0.1470000000E+03    -0.4040259459E+02
    0.1480000000E+03    -0.4033023795E+02
    0.1490000000E+03    -0.4025504024E+02
    0.1500000000E+03    -0.4017694504E+02
    0.1510000000E+03    -0.4009673807E+02
    0.1520000000E+03    -0.4001389631E+02
    0.1530000000E+03    -0.3992805962E+02
    0.1540000000E+03    -0.3983973415E+02
    0.1550000000E+03    -0.3974796580E+02
    0.1560000000E+03    -0.3965416660E+02
    0.1570000000E+03    -0.3955746615E+02
    0.1580000000E+03    -0.3945783211E+02
    0.1590000000E+03    -0.3935584136E+02
    0.1600000000E+03    -0.3925189103E+02
    0.1610000000E+03    -0.3914537358E+02
    0.1620000000E+03    -0.3903522943E+02
    0.1630000000E+03    -0.3892238201E+02
    0.1640000000E+03    -0.3880663026E+02
    0.1650000000E+03    -0.3868850109E+02
    0.1660000000E+03    -0.3856810495E+02
    0.1670000000E+03    -0.3844481817E+02
    0.1680000000E+03    -0.3831914376E+02
    0.1690000000E+03    -0.3818952799E+02
    0.1700000000E+03    -0.3805741161E+02
    0.1710000000E+03    -0.3792281126E+02
    0.1720000000E+03    -0.3778739837E+02
    0.1730000000E+03    -0.3764834516E+02
    0.1740000000E+03    -0.3750639338E+02
    0.1750000000E+03    -0.3736012269E+02
    0.1760000000E+03    -0.3721284155E+02
    0.1770000000E+03    -0.3706288489E+02
    0.1780000000E+03    -0.3691062107E+02
    0.1790000000E+03    -0.3675437887E+02
    0.1800000000E+03    -0.3659594714E+02
    0.1810000000E+03    -0.3643498930E+02
    0.1820000000E+03    -0.3627228786E+02
    0.1830000000E+03    -0.3610615758E+02
    0.1840000000E+03    -0.3593711658E+02
    0.1850000000E+03    -0.3576628383E+02
    0.1860000000E+03    -0.3559208660E+02
    0.1870000000E+03    -0.3541638880E+02
    0.1880000000E+03    -0.3523807529E+02
    0.1890000000E+03    -0.3505640665E+02
    0.1900000000E+03    -0.3487263937E+02
    0.1910000000E+03    -0.3468645727E+02
    0.1920000000E+03    -0.3449685031E+02
    0.1930000000E+03    -0.3430452921E+02
    0.1940000000E+03    -0.3411024145E+02
    0.1950000000E+03    -0.3391259651E+02
    0.1960000000E+03    -0.3371246047E+02
    0.1970000000E+03    -0.3351054521E+02
    0.1980000000E+03    -0.3330573859E+02
    0.1990000000E+03    -0.3309838445E+02
    0.2000000000E+03    -0.3288844908E+02
    0.2010000000E+03    -0.3267789589E+02
    0.2020000000E+03    -0.3246315432E+02
    0.2030000000E+03    -0.3224652998E+02
    0.2040000000E+03    -0.3202627909E+02
    0.2050000000E+03    -0.3180496788E+02
    0.2060000000E+03    -0.3158151643E+02
    0.2070000000E+03    -0.3135491560E+02
    0.2080000000E+03    -0.3112653017E+02
    0.2090000000E+03    -0.3089683593E+02
    0.2100000000E+03    -0.3066482149E+02
    0.2110000000E+03    -0.3042992820E+02
    0.2120000000E+03    -0.3019290096E+02
    0.2130000000E+03    -0.2995286102E+02
    0.2140000000E+03    -0.2971137450E+02
    0.2150000000E+03    -0.2946591019E+02
    0.2160000000E+03    -0.2922008864E+02
    0.2170000000E+03    -0.2897078581E+02
    0.2180000000E+03    -0.2871963001E+02
    0.2190000000E+03    -0.2846687161E+02
    0.2200000000E+03    -0.2821269550E+02
    0.2210000000E+03    -0.2795523108E+02
    0.2220000000E+03    -0.2769616437E+02
    0.2230000000E+03    -0.2743597930E+02
    0.2240000000E+03    -0.2717318320E+02
    0.2250000000E+03    -0.2690992462E+02
    0.2260000000E+03    -0.2664277821E+02
    0.2270000000E+03    -0.2637439413E+02
    0.2280000000E+03    -0.2610456939E+02
    0.2290000000E+03    -0.2583433640E+02
    0.2300000000E+03    -0.2556179111E+02
    0.2310000000E+03    -0.2528695659E+02
    0.2320000000E+03    -0.2501153005E+02
    0.2330000000E+03    -0.2473450213E+02
    0.2340000000E+03    -0.2445573109E+02
    0.2350000000E+03    -0.2417580511E+02
    0.2360000000E+03    -0.2389243902E+02
    0.2370000000E+03    -0.2360860369E+02
    0.2380000000E+03    -0.2332399988E+02
    0.2390000000E+03    -0.2303761640E+02
    0.2400000000E+03    -0.2275070578E+02
    0.2410000000E+03    -0.2246348026E+02
    0.2420000000E+03    -0.2217352839E+02
    0.2430000000E+03    -0.2188250954E+02
    0.2440000000E+03    -0.2159080684E+02
    0.2450000000E+03    -0.2129819385E+02
    0.2460000000E+03    -0.2100624039E+02
    0.2470000000E+03    -0.2071158614E+02
    0.2480000000E+03    -0.2041664108E+02
    0.2490000000E+03    -0.2012067401E+02
    0.2500000000E+03    -0.1982452737E+02
    0.2510000000E+03    -0.1952663468E+02
    0.2520000000E+03    -0.1923042802E+02
    0.2530000000E+03    -0.1893185236E+02
    0.2540000000E+03    -0.1863375938E+02
    0.2550000000E+03    -0.1833667147E+02
    0.2560000000E+03    -0.1803935790E+02
    0.2570000000E+03    -0.1774129563E+02
    0.2580000000E+03    -0.1744338188E+02
    0.2590000000E+03    -0.1714650706E+02
    0.2600000000E+03    -0.1684858303E+02
    0.2610000000E+03    -0.1654958721E+02
    0.2620000000E+03    -0.1625215390E+02
    0.2630000000E+03    -0.1595357274E+02
    0.2640000000E+03    -0.1565780480E+02
    0.2650000000E+03    -0.1536187540E+02
    0.2660000000E+03    -0.1506643427E+02
    0.2670000000E+03    -0.1477348241E+02
    0.2680000000E+03    -0.1447723051E+02
    0.2690000000E+03    -0.1418460526E+02
    0.2700000000E+03    -0.1389201833E+02
    0.2710000000E+03    -0.1360041446E+02
    0.2720000000E+03    -0.1330933705E+02
    0.2730000000E+03    -0.1302077624E+02
    0.2740000000E+03    -0.1273549031E+02
    0.2750000000E+03    -0.1245116928E+02
    0.2760000000E+03    -0.1216603460E+02
    0.2770000000E+03    -0.1188489367E+02
    0.2780000000E+03    -0.1160555523E+02
    0.2790000000E+03    -0.1132860743E+02
    0.2800000000E+03    -0.1105230373E+02
    0.2810000000E+03    -0.1077996916E+02
    0.2820000000E+03    -0.1050841148E+02
    0.2830000000E+03    -0.1023854883E+02
    0.2840000000E+03    -0.9971258471E+01
    0.2850000000E+03    -0.9707399094E+01
    0.2860000000E+03    -0.9445614050E+01
    0.2870000000E+03    -0.9187703883E+01
    0.2880000000E+03    -0.8932410010E+01
    0.2890000000E+03    -0.8679041106E+01
    0.2900000000E+03    -0.8431044350E+01
    0.2910000000E+03    -0.8187515236E+01
    0.2920000000E+03    -0.7948436905E+01
    0.2930000000E+03    -0.7716472989E+01
    0.2940000000E+03    -0.7485117559E+01
    0.2950000000E+03    -0.7258916156E+01
    0.2960000000E+03    -0.7036492166E+01
    0.2970000000E+03    -0.6817196021E+01
    0.2980000000E+03    -0.6603934364E+01
    0.2990000000E+03    -0.6395391305E+01
    0.3000000000E+03    -0.6189293829E+01
    0.3010000000E+03    -0.5989066030E+01
    0.3020000000E+03    -0.5793068605E+01
    0.3030000000E+03    -0.5607095647E+01
    0.3040000000E+03    -0.5426422031E+01
    0.3050000000E+03    -0.5250686994E+01
    0.3060000000E+03    -0.5080224088E+01
    0.3070000000E+03    -0.4918208165E+01
    0.3080000000E+03    -0.4762213422E+01
    0.3090000000E+03    -0.4611170744E+01
    0.3100000000E+03    -0.4464876299E+01
    0.3110000000E+03    -0.4328536644E+01
    0.3120000000E+03    -0.4198029676E+01
    0.3130000000E+03    -0.4073348863E+01
    0.3140000000E+03    -0.3954510772E+01
    0.3150000000E+03    -0.3845310257E+01
    0.3160000000E+03    -0.3743984239E+01
    0.3170000000E+03    -0.3652210726E+01
    0.3180000000E+03    -0.3566286096E+01
    0.3190000000E+03    -0.3488234658E+01
    0.3200000000E+03    -0.3421923992E+01
    0.3210000000E+03    -0.3364484735E+01
    0.3220000000E+03    -0.3317627130E+01
    0.3230000000E+03    -0.3281698063E+01
    0.3240000000E+03    -0.3250108659E+01
    0.3250000000E+03    -0.3230721150E+01
    0.3260000000E+03    -0.3218625178E+01
    0.3270000000E+03    -0.3217700419E+01
    0.3280000000E+03    -0.3225505783E+01
    0.3290000000E+03    -0.3247146810E+01
    0.3300000000E+03    -0.3280343585E+01
    0.3310000000E+03    -0.3322438743E+01
    0.3320000000E+03    -0.3374526589E+01
    0.3330000000E+03    -0.3440130860E+01
    0.3340000000E+03    -0.3519086184E+01
    0.3350000000E+03    -0.3603798161E+01
    0.3360000000E+03    -0.3709190051E+01
    0.3370000000E+03    -0.3820510172E+01
    0.3380000000E+03    -0.3946734938E+01
    0.3390000000E+03    -0.4078389210E+01
    0.3400000000E+03    -0.4228417327E+01
    0.3410000000E+03    -0.4392929470E+01
    0.3420000000E+03    -0.4572930298E+01
    0.3430000000E+03    -0.4763538111E+01
    0.3440000000E+03    -0.4971154300E+01
    0.3450000000E+03    -0.5194985929E+01
    0.3460000000E+03    -0.5437240876E+01
    0.3470000000E+03    -0.5686224648E+01
    0.3480000000E+03    -0.5951690037E+01
    0.3490000000E+03    -0.6233801694E+01
    0.3500000000E+03    -0.6528370542E+01
    0.3510000000E+03    -0.6843105943E+01
    0.3520000000E+03    -0.7167221319E+01
    0.3530000000E+03    -0.7507526033E+01
    0.3540000000E+03    -0.7865445212E+01
    0.3550000000E+03    -0.8248102235E+01
    0.3560000000E+03    -0.8647103517E+01
    0.3570000000E+03    -0.9063679622E+01
    0.3580000000E+03    -0.9498335169E+01
    0.3590000000E+03    -0.9950123075E+01
    0.3600000000E+03    -0.1041809766E+02
    0.3610000000E+03    -0.1090386920E+02
    0.3620000000E+03    -0.1140818055E+02
    0.3630000000E+03    -0.1194215706E+02
    0.3640000000E+03    -0.1249005419E+02
    0.3650000000E+03    -0.1305791887E+02
    0.3660000000E+03    -0.1365484887E+02
    0.3670000000E+03    -0.1427471171E+02
    0.3680000000E+03    -0.1490935595E+02
    0.3690000000E+03    -0.1556825954E+02
    0.3700000000E+03    -0.1624210832E+02
    0.3710000000E+03    -0.1693594176E+02
    0.3720000000E+03    -0.1765457909E+02
    0.3730000000E+03    -0.1840294230E+02
    0.3740000000E+03    -0.1917959273E+02
    0.3750000000E+03    -0.1996849560E+02
    0.3760000000E+03    -0.2078029600E+02
    0.3770000000E+03    -0.2161621227E+02
    0.3780000000E+03    -0.2247372350E+02
    0.3790000000E+03    -0.2336332033E+02
    0.3800000000E+03    -0.2427938361E+02
    0.3810000000E+03    -0.2521931077E+02
    0.3820000000E+03    -0.2618057698E+02
    0.3830000000E+03    -0.2716329903E+02
    0.3840000000E+03    -0.2818276816E+02
    0.3850000000E+03    -0.2923304277E+02
    0.3860000000E+03    -0.3030572899E+02
    0.3870000000E+03    -0.3141867161E+02
    0.3880000000E+03    -0.3254924198E+02
    0.3890000000E+03    -0.3371548069E+02
    0.3900000000E+03    -0.3490499014E+02
    0.3910000000E+03    -0.3612580429E+02
    0.3920000000E+03    -0.3736814967E+02
    0.3930000000E+03    -0.3864564954E+02
    0.3940000000E+03    -0.3995584894E+02
    0.3950000000E+03    -0.4129842273E+02
    0.3960000000E+03    -0.4267770192E+02
    0.3970000000E+03    -0.4409040672E+02
    0.3980000000E+03    -0.4552266404E+02
    0.3990000000E+03    -0.4698363228E+02
    0.4000000000E+03    -0.4849399762E+02
