       0   -0.91293380E-09
       1   -0.60574091E-03
       2   -0.35855186E-01
       3   -0.10573036E+00
       4   -0.20999274E+00
       5   -0.34936383E+00
       6   -0.52359573E+00
       7   -0.73277227E+00
       8   -0.97638993E+00
       9   -0.12540264E+01
      10   -0.15670456E+01
      11   -0.19154950E+01
      12   -0.22985682E+01
      13   -0.27166541E+01
      14   -0.31702476E+01
      15   -0.36569511E+01
      16   -0.41806191E+01
      17   -0.47400216E+01
      18   -0.53326576E+01
      19   -0.59629659E+01
      20   -0.66268363E+01
      21   -0.73260846E+01
      22   -0.80620363E+01
      23   -0.88330787E+01
      24   -0.96373648E+01
      25   -0.10473279E+02
      26   -0.11350661E+02
      27   -0.12262756E+02
      28   -0.13210868E+02
      29   -0.14195109E+02
      30   -0.15215382E+02
      31   -0.16271452E+02
      32   -0.17361818E+02
      33   -0.18482731E+02
      34   -0.19641635E+02
      35   -0.20841855E+02
      36   -0.22078001E+02
      37   -0.23350057E+02
      38   -0.24660345E+02
      39   -0.25998214E+02
      40   -0.27371189E+02
      41   -0.28780588E+02
      42   -0.30223060E+02
      43   -0.31710806E+02
      44   -0.33229697E+02
      45   -0.34784282E+02
      46   -0.36376130E+02
      47   -0.37999136E+02
      48   -0.39659494E+02
      49   -0.41357118E+02
      50   -0.43083401E+02
      51   -0.44856335E+02
      52   -0.46653538E+02
      53   -0.48500940E+02
      54   -0.50369911E+02
      55   -0.52272916E+02
      56   -0.54215940E+02
      57   -0.56190306E+02
      58   -0.58206783E+02
      59   -0.60267515E+02
      60   -0.62358752E+02
      61   -0.64486559E+02
      62   -0.66623826E+02
      63   -0.68806406E+02
      64   -0.71034889E+02
      65   -0.73292092E+02
      66   -0.75585535E+02
      67   -0.77903992E+02
      68   -0.80262483E+02
      69   -0.82658627E+02
      70   -0.85072426E+02
      71   -0.87527118E+02
      72   -0.90015219E+02
      73   -0.92534364E+02
      74   -0.95082932E+02
      75   -0.97666328E+02
      76   -0.10027939E+03
      77   -0.10292689E+03
      78   -0.10562911E+03
      79   -0.10834656E+03
      80   -0.11108410E+03
      81   -0.11384884E+03
      82   -0.11665032E+03
      83   -0.11947479E+03
      84   -0.12234473E+03
      85   -0.12524235E+03
      86   -0.12818373E+03
      87   -0.13113589E+03
      88   -0.13412130E+03
      89   -0.13712603E+03
      90   -0.14018074E+03
      91   -0.14324287E+03
      92   -0.14635056E+03
      93   -0.14947968E+03
      94   -0.15264681E+03
      95   -0.15581007E+03
      96   -0.15901844E+03
      97   -0.16224800E+03
      98   -0.16551355E+03
      99   -0.16878721E+03
     100   -0.17211313E+03
     101   -0.17543186E+03
     102   -0.17876512E+03
     103   -0.18214043E+03
     104   -0.18552115E+03
     105   -0.18895611E+03
     106   -0.19241334E+03
     107   -0.19589389E+03
     108   -0.19942257E+03
     109   -0.20294825E+03
     110   -0.20648372E+03
     111   -0.21004221E+03
     112   -0.21361663E+03
     113   -0.21722490E+03
     114   -0.22088705E+03
     115   -0.22454844E+03
     116   -0.22823615E+03
     117   -0.23191928E+03
     118   -0.23562577E+03
     119   -0.23936720E+03
     120   -0.24313017E+03
     121   -0.24690833E+03
     122   -0.25069882E+03
     123   -0.25450325E+03
     124   -0.25834013E+03
     125   -0.26217312E+03
     126   -0.26604526E+03
     127   -0.26994508E+03
     128   -0.27383523E+03
     129   -0.27777438E+03
     130   -0.28169073E+03
     131   -0.28566058E+03
     132   -0.28962700E+03
     133   -0.29361492E+03
     134   -0.29763184E+03
     135   -0.30168116E+03
     136   -0.30573471E+03
     137   -0.30980841E+03
     138   -0.31391431E+03
     139   -0.31804344E+03
     140   -0.32218697E+03
     141   -0.32634364E+03
     142   -0.33052343E+03
     143   -0.33466592E+03
     144   -0.33885694E+03
     145   -0.34305471E+03
     146   -0.34724395E+03
     147   -0.35148284E+03
     148   -0.35573746E+03
     149   -0.36000711E+03
     150   -0.36429787E+03
     151   -0.36856919E+03
     152   -0.37290418E+03
     153   -0.37726328E+03
     154   -0.38157010E+03
     155   -0.38592049E+03
     156   -0.39030441E+03
     157   -0.39470545E+03
     158   -0.39910461E+03
     159   -0.40347999E+03
     160   -0.40791416E+03
     161   -0.41230529E+03
     162   -0.41676566E+03
     163   -0.42122976E+03
     164   -0.42573302E+03
     165   -0.43027498E+03
     166   -0.43484407E+03
     167   -0.43938491E+03
     168   -0.44393889E+03
     169   -0.44848190E+03
     170   -0.45302373E+03
     171   -0.45766820E+03
     172   -0.46223305E+03
     173   -0.46686357E+03
     174   -0.47155116E+03
     175   -0.47620314E+03
     176   -0.48085991E+03
     177   -0.48551093E+03
     178   -0.49020676E+03
     179   -0.49490216E+03
     180   -0.49960532E+03
     181   -0.50438399E+03
     182   -0.50910850E+03
     183   -0.51387852E+03
     184   -0.51868862E+03
     185   -0.52348231E+03
     186   -0.52827842E+03
     187   -0.53317531E+03
     188   -0.53805128E+03
     189   -0.54289587E+03
     190   -0.54774784E+03
     191   -0.55267155E+03
     192   -0.55760447E+03
     193   -0.56254557E+03
     194   -0.56744085E+03
     195   -0.57241956E+03
     196   -0.57735567E+03
     197   -0.58234399E+03
     198   -0.58738752E+03
     199   -0.59240992E+03
     200   -0.59742555E+03
     201   -0.60252946E+03
     202   -0.60764927E+03
     203   -0.61277344E+03
     204   -0.61791136E+03
     205   -0.62304411E+03
     206   -0.62819597E+03
     207   -0.63338255E+03
     208   -0.63851699E+03
     209   -0.64374157E+03
     210   -0.64895270E+03
     211   -0.65420929E+03
     212   -0.65943488E+03
     213   -0.66468880E+03
     214   -0.67005074E+03
     215   -0.67537580E+03
     216   -0.68078590E+03
     217   -0.68614795E+03
     218   -0.69155628E+03
     219   -0.69696281E+03
     220   -0.70239453E+03
     221   -0.70783887E+03
     222   -0.71330298E+03
     223   -0.71879510E+03
     224   -0.72432314E+03
     225   -0.72989673E+03
     226   -0.73547314E+03
     227   -0.74101931E+03
     228   -0.74661215E+03
     229   -0.75227372E+03
     230   -0.75793556E+03
     231   -0.76364559E+03
     232   -0.76934437E+03
     233   -0.77505547E+03
     234   -0.78081523E+03
     235   -0.78658996E+03
     236   -0.79241886E+03
     237   -0.79821734E+03
     238   -0.80404672E+03
     239   -0.80986916E+03
     240   -0.81574393E+03
     241   -0.82165322E+03
     242   -0.82756727E+03
     243   -0.83355928E+03
     244   -0.83955462E+03
     245   -0.84554705E+03
     246   -0.85161165E+03
     247   -0.85772971E+03
     248   -0.86386097E+03
     249   -0.87008208E+03
     250   -0.87626662E+03
     251   -0.88250162E+03
     252   -0.88873009E+03
     253   -0.89498470E+03
     254   -0.90130159E+03
     255   -0.90760534E+03
     256   -0.91393350E+03
     257   -0.92035980E+03
     258   -0.92678146E+03
     259   -0.93326612E+03
     260   -0.93976395E+03
     261   -0.94631061E+03
     262   -0.95291223E+03
     263   -0.95951947E+03
     264   -0.96615684E+03
     265   -0.97280148E+03
     266   -0.97952066E+03
     267   -0.98622798E+03
     268   -0.99300806E+03
     269   -0.99982380E+03
     270   -0.10066543E+04
     271   -0.10135348E+04
     272   -0.10204680E+04
     273   -0.10273927E+04
     274   -0.10343792E+04
     275   -0.10413431E+04
     276   -0.10484128E+04
     277   -0.10554812E+04
     278   -0.10626164E+04
     279   -0.10697416E+04
     280   -0.10770042E+04
     281   -0.10843030E+04
     282   -0.10915062E+04
     283   -0.10987679E+04
     284   -0.11060696E+04
     285   -0.11134143E+04
     286   -0.11208444E+04
     287   -0.11281887E+04
     288   -0.11356382E+04
     289   -0.11430996E+04
     290   -0.11506108E+04
     291   -0.11581995E+04
     292   -0.11658049E+04
     293   -0.11734711E+04
     294   -0.11811190E+04
     295   -0.11888334E+04
     296   -0.11965317E+04
     297   -0.12042983E+04
     298   -0.12120440E+04
     299   -0.12199346E+04
     300   -0.12277964E+04
     301   -0.12357137E+04
     302   -0.12436487E+04
     303   -0.12516632E+04
     304   -0.12596054E+04
     305   -0.12676027E+04
     306   -0.12756340E+04
     307   -0.12837378E+04
     308   -0.12919083E+04
     309   -0.13000164E+04
     310   -0.13082106E+04
     311   -0.13164508E+04
     312   -0.13246210E+04
     313   -0.13328725E+04
     314   -0.13412132E+04
     315   -0.13495553E+04
     316   -0.13579422E+04
     317   -0.13663516E+04
     318   -0.13748037E+04
     319   -0.13832351E+04
     320   -0.13917408E+04
     321   -0.14003114E+04
     322   -0.14090017E+04
     323   -0.14175254E+04
     324   -0.14261869E+04
     325   -0.14348122E+04
     326   -0.14435543E+04
     327   -0.14522929E+04
     328   -0.14610603E+04
     329   -0.14698532E+04
     330   -0.14786524E+04
     331   -0.14874283E+04
     332   -0.14962876E+04
     333   -0.15051345E+04
     334   -0.15140784E+04
     335   -0.15230095E+04
     336   -0.15319310E+04
     337   -0.15408934E+04
     338   -0.15498402E+04
     339   -0.15589190E+04
     340   -0.15679246E+04
     341   -0.15770078E+04
     342   -0.15861210E+04
     343   -0.15952643E+04
     344   -0.16045294E+04
     345   -0.16138836E+04
     346   -0.16230987E+04
     347   -0.16322814E+04
     348   -0.16416376E+04
     349   -0.16509789E+04
     350   -0.16602772E+04
     351   -0.16697014E+04
     352   -0.16790173E+04
     353   -0.16883201E+04
     354   -0.16977472E+04
     355   -0.17072348E+04
     356   -0.17168520E+04
     357   -0.17262154E+04
     358   -0.17356463E+04
     359   -0.17451501E+04
     360   -0.17546462E+04
     361   -0.17644478E+04
     362   -0.17739437E+04
     363   -0.17833590E+04
     364   -0.17929189E+04
     365   -0.18026784E+04
     366   -0.18123659E+04
     367   -0.18220984E+04
     368   -0.18316622E+04
     369   -0.18416226E+04
     370   -0.18512644E+04
     371   -0.18610986E+04
     372   -0.18709721E+04
     373   -0.18808773E+04
     374   -0.18905637E+04
     375   -0.19005431E+04
     376   -0.19105220E+04
     377   -0.19204556E+04
     378   -0.19302117E+04
     379   -0.19401557E+04
     380   -0.19502845E+04
     381   -0.19599458E+04
     382   -0.19697515E+04
     383   -0.19795534E+04
     384   -0.19894614E+04
     385   -0.19995558E+04
     386   -0.20095297E+04
     387   -0.20195236E+04
     388   -0.20297342E+04
     389   -0.20394831E+04
     390   -0.20495251E+04
     391   -0.20598309E+04
     392   -0.20696261E+04
     393   -0.20795744E+04
     394   -0.20894906E+04
     395   -0.20996524E+04
     396   -0.21098884E+04
     397   -0.21201124E+04
     398   -0.21300413E+04
     399   -0.21401766E+04
     400   -0.21503123E+04
     401   -0.21603461E+04
     402   -0.21704443E+04
     403   -0.21810133E+04
     404   -0.21908619E+04
     405   -0.22009657E+04
     406   -0.22114667E+04
     407   -0.22217157E+04
     408   -0.22316758E+04
     409   -0.22419907E+04
     410   -0.22518562E+04
     411   -0.22625937E+04
     412   -0.22722084E+04
     413   -0.22827755E+04
     414   -0.22934530E+04
     415   -0.23032155E+04
