       0   -0.52713446E-09
       1   -0.60574053E-03
       2   -0.44333994E-01
       3   -0.13171883E+00
       4   -0.26307543E+00
       5   -0.43941439E+00
       6   -0.66136877E+00
       7   -0.92950014E+00
       8   -0.12431825E+01
       9   -0.16047526E+01
      10   -0.20137494E+01
      11   -0.24730247E+01
      12   -0.29828119E+01
      13   -0.35442234E+01
      14   -0.41570963E+01
      15   -0.48267483E+01
      16   -0.55548808E+01
      17   -0.63401335E+01
      18   -0.71851469E+01
      19   -0.80916058E+01
      20   -0.90645640E+01
      21   -0.10106286E+02
      22   -0.11225901E+02
      23   -0.12417139E+02
      24   -0.13690741E+02
      25   -0.15049501E+02
      26   -0.16498755E+02
      27   -0.18043336E+02
      28   -0.19687605E+02
      29   -0.21448496E+02
      30   -0.23312012E+02
      31   -0.25299915E+02
      32   -0.27423091E+02
      33   -0.29687328E+02
      34   -0.32098250E+02
      35   -0.34654148E+02
      36   -0.37329047E+02
      37   -0.40180959E+02
      38   -0.43195231E+02
      39   -0.46355124E+02
      40   -0.49622804E+02
      41   -0.53007230E+02
      42   -0.56517888E+02
      43   -0.60109133E+02
      44   -0.63794404E+02
      45   -0.67555324E+02
      46   -0.71363485E+02
      47   -0.75201926E+02
      48   -0.79040675E+02
      49   -0.82914685E+02
      50   -0.86802672E+02
      51   -0.90703480E+02
      52   -0.94600558E+02
      53   -0.98503614E+02
      54   -0.10239367E+03
      55   -0.10629016E+03
      56   -0.11016343E+03
      57   -0.11405859E+03
      58   -0.11798208E+03
      59   -0.12191124E+03
      60   -0.12583411E+03
      61   -0.12972010E+03
      62   -0.13365677E+03
      63   -0.13759484E+03
      64   -0.14157653E+03
      65   -0.14553856E+03
      66   -0.14953344E+03
      67   -0.15353019E+03
      68   -0.15756615E+03
      69   -0.16162045E+03
      70   -0.16568320E+03
      71   -0.16980947E+03
      72   -0.17395016E+03
      73   -0.17804602E+03
      74   -0.18220623E+03
      75   -0.18641402E+03
      76   -0.19059668E+03
      77   -0.19485064E+03
      78   -0.19910979E+03
      79   -0.20342509E+03
      80   -0.20768599E+03
      81   -0.21202771E+03
      82   -0.21636494E+03
      83   -0.22074762E+03
      84   -0.22516632E+03
      85   -0.22957621E+03
      86   -0.23399373E+03
      87   -0.23843046E+03
      88   -0.24287309E+03
      89   -0.24730970E+03
      90   -0.25176579E+03
      91   -0.25627281E+03
      92   -0.26073600E+03
      93   -0.26521630E+03
      94   -0.26972122E+03
      95   -0.27424435E+03
      96   -0.27874442E+03
      97   -0.28326874E+03
      98   -0.28778958E+03
      99   -0.29230492E+03
     100   -0.29681297E+03
     101   -0.30130169E+03
     102   -0.30580505E+03
     103   -0.31032651E+03
     104   -0.31486652E+03
     105   -0.31938774E+03
     106   -0.32387896E+03
     107   -0.32835775E+03
     108   -0.33286426E+03
     109   -0.33739896E+03
     110   -0.34187469E+03
     111   -0.34638091E+03
     112   -0.35087785E+03
     113   -0.35540192E+03
     114   -0.35990338E+03
     115   -0.36441143E+03
     116   -0.36896835E+03
     117   -0.37353364E+03
     118   -0.37802117E+03
     119   -0.38260074E+03
     120   -0.38716587E+03
     121   -0.39174829E+03
     122   -0.39634577E+03
     123   -0.40095272E+03
     124   -0.40558994E+03
     125   -0.41028580E+03
     126   -0.41500751E+03
     127   -0.41973118E+03
     128   -0.42446803E+03
     129   -0.42921375E+03
     130   -0.43400189E+03
     131   -0.43883415E+03
     132   -0.44370150E+03
     133   -0.44857947E+03
     134   -0.45359709E+03
     135   -0.45855305E+03
     136   -0.46349691E+03
     137   -0.46853754E+03
     138   -0.47364228E+03
     139   -0.47876518E+03
     140   -0.48398084E+03
     141   -0.48920557E+03
     142   -0.49451198E+03
     143   -0.49979446E+03
     144   -0.50523743E+03
     145   -0.51067058E+03
     146   -0.51623145E+03
     147   -0.52184466E+03
     148   -0.52742786E+03
     149   -0.53310159E+03
     150   -0.53886716E+03
     151   -0.54459200E+03
     152   -0.55037550E+03
     153   -0.55614373E+03
     154   -0.56192590E+03
     155   -0.56766122E+03
     156   -0.57343946E+03
     157   -0.57919784E+03
     158   -0.58497448E+03
     159   -0.59078169E+03
     160   -0.59657063E+03
     161   -0.60236917E+03
     162   -0.60818612E+03
     163   -0.61398617E+03
     164   -0.61975574E+03
     165   -0.62555546E+03
     166   -0.63138607E+03
     167   -0.63717454E+03
     168   -0.64300248E+03
     169   -0.64881440E+03
     170   -0.65461089E+03
     171   -0.66042543E+03
     172   -0.66620979E+03
     173   -0.67200547E+03
     174   -0.67777203E+03
     175   -0.68354396E+03
     176   -0.68932871E+03
     177   -0.69508963E+03
     178   -0.70086878E+03
     179   -0.70663531E+03
     180   -0.71237452E+03
     181   -0.71815496E+03
     182   -0.72395379E+03
     183   -0.72976456E+03
     184   -0.73551678E+03
     185   -0.74130906E+03
     186   -0.74706242E+03
     187   -0.75278954E+03
     188   -0.75857788E+03
     189   -0.76433252E+03
     190   -0.77010591E+03
     191   -0.77584307E+03
     192   -0.78155376E+03
     193   -0.78726671E+03
     194   -0.79292812E+03
     195   -0.79863153E+03
     196   -0.80436224E+03
     197   -0.81011995E+03
     198   -0.81585788E+03
     199   -0.82147543E+03
     200   -0.82715725E+03
     201   -0.83282062E+03
     202   -0.83857324E+03
     203   -0.84428004E+03
     204   -0.84989178E+03
     205   -0.85551963E+03
     206   -0.86125068E+03
     207   -0.86693004E+03
     208   -0.87259765E+03
     209   -0.87819972E+03
     210   -0.88374818E+03
     211   -0.88935002E+03
     212   -0.89482855E+03
     213   -0.90033552E+03
     214   -0.90589941E+03
     215   -0.91147246E+03
     216   -0.91692408E+03
     217   -0.92239055E+03
     218   -0.92783640E+03
     219   -0.93313659E+03
     220   -0.93842545E+03
     221   -0.94376598E+03
     222   -0.94909848E+03
     223   -0.95434059E+03
     224   -0.95957765E+03
     225   -0.96465133E+03
     226   -0.96970539E+03
     227   -0.97473007E+03
     228   -0.97963348E+03
     229   -0.98463337E+03
     230   -0.98959993E+03
     231   -0.99444498E+03
     232   -0.99917530E+03
     233   -0.10039055E+04
     234   -0.10086214E+04
     235   -0.10133271E+04
     236   -0.10179720E+04
     237   -0.10226050E+04
     238   -0.10271595E+04
     239   -0.10318827E+04
     240   -0.10365365E+04
     241   -0.10412067E+04
     242   -0.10458527E+04
     243   -0.10505876E+04
     244   -0.10554110E+04
     245   -0.10603621E+04
     246   -0.10653618E+04
     247   -0.10704938E+04
     248   -0.10757453E+04
     249   -0.10810911E+04
     250   -0.10864029E+04
     251   -0.10916906E+04
     252   -0.10970780E+04
     253   -0.11026152E+04
     254   -0.11081769E+04
     255   -0.11137470E+04
     256   -0.11193014E+04
     257   -0.11250548E+04
     258   -0.11308221E+04
     259   -0.11367159E+04
     260   -0.11426544E+04
     261   -0.11486228E+04
     262   -0.11545433E+04
     263   -0.11606470E+04
     264   -0.11666503E+04
     265   -0.11726495E+04
     266   -0.11787131E+04
     267   -0.11848393E+04
     268   -0.11911189E+04
     269   -0.11972915E+04
     270   -0.12034972E+04
     271   -0.12097804E+04
     272   -0.12159859E+04
     273   -0.12221201E+04
     274   -0.12284153E+04
     275   -0.12346066E+04
     276   -0.12407930E+04
     277   -0.12470865E+04
     278   -0.12533392E+04
     279   -0.12595512E+04
     280   -0.12658600E+04
     281   -0.12722052E+04
     282   -0.12784351E+04
     283   -0.12845594E+04
     284   -0.12907937E+04
     285   -0.12970460E+04
     286   -0.13031701E+04
     287   -0.13093100E+04
     288   -0.13154843E+04
     289   -0.13216307E+04
     290   -0.13277671E+04
     291   -0.13338766E+04
     292   -0.13399059E+04
     293   -0.13459731E+04
     294   -0.13519155E+04
     295   -0.13581160E+04
     296   -0.13642335E+04
     297   -0.13702444E+04
     298   -0.13763026E+04
     299   -0.13825107E+04
     300   -0.13886443E+04
     301   -0.13946270E+04
     302   -0.14006978E+04
     303   -0.14068141E+04
     304   -0.14128325E+04
     305   -0.14187799E+04
     306   -0.14248998E+04
     307   -0.14309586E+04
     308   -0.14370913E+04
     309   -0.14432486E+04
     310   -0.14495659E+04
     311   -0.14556545E+04
     312   -0.14617714E+04
     313   -0.14678638E+04
     314   -0.14738592E+04
     315   -0.14798408E+04
     316   -0.14858233E+04
     317   -0.14918827E+04
     318   -0.14979901E+04
     319   -0.15040579E+04
     320   -0.15098718E+04
     321   -0.15157072E+04
     322   -0.15215827E+04
     323   -0.15277221E+04
     324   -0.15337643E+04
     325   -0.15396415E+04
     326   -0.15457615E+04
     327   -0.15520344E+04
     328   -0.15581204E+04
     329   -0.15643502E+04
     330   -0.15708797E+04
     331   -0.15774802E+04
     332   -0.15843132E+04
     333   -0.15913483E+04
     334   -0.15987145E+04
     335   -0.16062369E+04
     336   -0.16138452E+04
     337   -0.16215856E+04
     338   -0.16294691E+04
     339   -0.16375608E+04
     340   -0.16458633E+04
     341   -0.16543076E+04
     342   -0.16628034E+04
     343   -0.16716986E+04
     344   -0.16806451E+04
     345   -0.16896339E+04
     346   -0.16986885E+04
     347   -0.17078868E+04
     348   -0.17168953E+04
     349   -0.17261943E+04
     350   -0.17357077E+04
     351   -0.17450402E+04
     352   -0.17546202E+04
     353   -0.17641993E+04
     354   -0.17739125E+04
     355   -0.17835914E+04
     356   -0.17933582E+04
     357   -0.18031903E+04
     358   -0.18130865E+04
     359   -0.18229781E+04
     360   -0.18328689E+04
     361   -0.18428228E+04
     362   -0.18527544E+04
     363   -0.18628212E+04
     364   -0.18728175E+04
     365   -0.18830936E+04
     366   -0.18931827E+04
     367   -0.19034153E+04
     368   -0.19135213E+04
     369   -0.19239002E+04
     370   -0.19340208E+04
     371   -0.19443744E+04
     372   -0.19545857E+04
     373   -0.19649724E+04
     374   -0.19752989E+04
     375   -0.19858951E+04
     376   -0.19965036E+04
     377   -0.20070791E+04
     378   -0.20170895E+04
     379   -0.20274452E+04
     380   -0.20382875E+04
     381   -0.20488235E+04
     382   -0.20595419E+04
     383   -0.20704282E+04
     384   -0.20813226E+04
     385   -0.20919368E+04
     386   -0.21022391E+04
     387   -0.21129922E+04
     388   -0.21241954E+04
     389   -0.21350886E+04
     390   -0.21459435E+04
     391   -0.21567895E+04
     392   -0.21676772E+04
     393   -0.21784317E+04
     394   -0.21890852E+04
     395   -0.21997485E+04
     396   -0.22110488E+04
     397   -0.22216204E+04
     398   -0.22327800E+04
     399   -0.22439591E+04
     400   -0.22555089E+04
     401   -0.22662203E+04
     402   -0.22771044E+04
     403   -0.22883137E+04
     404   -0.22991857E+04
     405   -0.23097688E+04
     406   -0.23212725E+04
     407   -0.23325144E+04
     408   -0.23433858E+04
     409   -0.23549447E+04
     410   -0.23657436E+04
     411   -0.23762782E+04
     412   -0.23877104E+04
     413   -0.23987612E+04
     414   -0.24099142E+04
     415   -0.24212583E+04
     416   -0.24325230E+04
     417   -0.24436267E+04
     418   -0.24546957E+04
     419   -0.24655156E+04
     420   -0.24767790E+04
     421   -0.24878231E+04
     422   -0.24992978E+04
     423   -0.25100836E+04
     424   -0.25216548E+04
     425   -0.25327600E+04
     426   -0.25434469E+04
     427   -0.25545184E+04
     428   -0.25655498E+04
     429   -0.25777859E+04
     430   -0.25898995E+04
     431   -0.26010778E+04
     432   -0.26115025E+04
     433   -0.26232120E+04
     434   -0.26348289E+04
     435   -0.26461218E+04
     436   -0.26574308E+04
     437   -0.26682178E+04
     438   -0.26792143E+04
     439   -0.26910188E+04
     440   -0.27023758E+04
     441   -0.27133580E+04
     442   -0.27242242E+04
     443   -0.27355711E+04
     444   -0.27457038E+04
     445   -0.27574124E+04
     446   -0.27703529E+04
     447   -0.27793820E+04
     448   -0.27907791E+04
     449   -0.28030835E+04
     450   -0.28146362E+04
     451   -0.28246792E+04
     452   -0.28355623E+04
     453   -0.28456849E+04
     454   -0.28587950E+04
     455   -0.28685162E+04
     456   -0.28779456E+04
     457   -0.28901507E+04
     458   -0.29028969E+04
     459   -0.29139747E+04
     460   -0.29249870E+04
     461   -0.29342624E+04
     462   -0.29457496E+04
     463   -0.29547364E+04
     464   -0.29679895E+04
     465   -0.29769310E+04
     466   -0.29882222E+04
     467   -0.29980917E+04
     468   -0.30096256E+04
     469   -0.30211874E+04
     470   -0.30323320E+04
     471   -0.30430360E+04
     472   -0.30533598E+04
     473   -0.30666722E+04
     474   -0.30745375E+04
     475   -0.30907807E+04
